t,px,py,pz,rx,ry,yaw_deg,pitch_deg,lap
0.0020,0.10000,0.05000,0.00000,0.00000,0.00000,0.000,-0.000,0
0.0520,0.09938,0.04967,-0.00000,0.00000,0.00000,-0.009,0.005,0
0.1020,0.09775,0.04882,-0.00001,0.00000,0.00000,-0.014,0.009,0
0.1520,0.09527,0.04752,-0.00002,0.00000,0.00000,-0.006,0.005,0
0.2020,0.09210,0.04584,-0.00004,0.00000,0.00000,0.008,0.001,0
0.2520,0.08837,0.04385,-0.00006,0.00000,0.00000,0.023,-0.002,0
0.3020,0.08420,0.04161,-0.00009,0.00000,0.00000,0.038,-0.005,0
0.3520,0.07969,0.03918,-0.00011,0.00000,0.00000,0.052,-0.006,0
0.4020,0.07494,0.03658,-0.00014,0.00000,0.00000,0.063,-0.007,0
0.4520,0.07003,0.03387,-0.00017,0.00000,0.00000,0.073,-0.007,0
0.5040,0.06483,0.03097,-0.00021,0.00000,0.00000,0.080,-0.007,0
0.5540,0.05982,0.02813,-0.00024,0.00000,0.00000,0.084,-0.007,0
0.6040,0.05485,0.02527,-0.00028,0.00000,0.00000,0.086,-0.006,0
0.6540,0.04996,0.02242,-0.00031,0.00000,0.00000,0.086,-0.006,0
0.7040,0.04519,0.01960,-0.00035,0.00000,0.00000,0.084,-0.005,0
0.7540,0.04058,0.01681,-0.00038,0.00000,0.00000,0.080,-0.005,0
0.8040,0.03616,0.01407,-0.00042,0.00000,0.00000,0.075,-0.004,0
0.8540,0.03194,0.01141,-0.00046,0.00000,0.00000,0.070,-0.004,0
0.9040,0.02793,0.00881,-0.00049,0.00000,0.00000,0.063,-0.003,0
0.9540,0.02416,0.00629,-0.00053,0.00000,0.00000,0.056,-0.003,0
1.0060,0.02049,0.00379,-0.00057,0.00000,0.00000,0.047,-0.002,0
1.0560,0.01721,0.00148,-0.00060,0.00000,0.00000,0.039,-0.002,0
1.1060,0.01417,-0.00073,-0.00063,0.00000,0.00000,0.031,-0.002,0
1.1560,0.01137,-0.00283,-0.00066,0.00000,0.00000,0.023,-0.002,0
1.2060,0.00881,-0.00482,-0.00070,0.00000,0.00000,0.015,-0.002,0
1.2560,0.00648,-0.00669,-0.00073,0.00000,0.00000,0.006,-0.001,0
1.3060,0.00437,-0.00845,-0.00076,0.00000,0.00000,-0.001,-0.001,0
1.3560,0.00247,-0.01010,-0.00078,0.00000,0.00000,-0.009,-0.002,0
1.4060,0.00078,-0.01165,-0.00081,0.00000,0.00000,-0.017,-0.002,0
1.4560,-0.00073,-0.01310,-0.00084,0.00000,0.00000,-0.024,-0.002,0
1.5060,-0.00206,-0.01444,-0.00086,0.00000,0.00000,-0.030,-0.002,0
1.5560,-0.00322,-0.01569,-0.00089,0.00000,0.00000,-0.037,-0.002,0
1.6060,-0.00423,-0.01684,-0.00091,0.00000,0.00000,-0.043,-0.003,0
1.6560,-0.00510,-0.01790,-0.00093,0.00000,0.00000,-0.049,-0.003,0
1.7060,-0.00584,-0.01887,-0.00095,0.00000,0.00000,-0.054,-0.003,0
1.7560,-0.00647,-0.01978,-0.00097,0.00000,0.00000,-0.060,-0.003,0
1.8060,-0.00698,-0.02059,-0.00099,0.00000,0.00000,-0.065,-0.004,0
1.8560,-0.00740,-0.02134,-0.00100,0.00000,0.00000,-0.069,-0.004,0
1.9060,-0.00774,-0.02200,-0.00102,0.00000,0.00000,-0.073,-0.004,0
1.9560,-0.00799,-0.02259,-0.00103,0.00000,0.00000,-0.077,-0.005,0
2.0080,-0.00818,-0.02312,-0.00105,0.00000,0.00000,-0.081,-0.005,0
2.0600,-0.00830,-0.02360,-0.00106,0.00000,0.00000,-0.084,-0.005,0
2.1120,-0.00837,-0.02402,-0.00108,0.00000,0.00000,-0.087,-0.006,0
2.1640,-0.00839,-0.02439,-0.00109,0.00000,0.00000,-0.090,-0.006,0
2.2160,-0.00837,-0.02471,-0.00110,0.00000,0.00000,-0.093,-0.006,0
2.2680,-0.00833,-0.02502,-0.00111,0.00000,0.00000,-0.095,-0.006,0
2.3200,-0.00826,-0.02529,-0.00112,0.00000,0.00000,-0.098,-0.007,0
2.3720,-0.00816,-0.02553,-0.00112,0.00000,0.00000,-0.100,-0.007,0
2.4240,-0.00805,-0.02574,-0.00113,0.00000,0.00000,-0.101,-0.007,0
2.4760,-0.00792,-0.02590,-0.00114,0.00000,0.00000,-0.103,-0.007,0
2.5280,-0.00779,-0.02604,-0.00114,0.00000,0.00000,-0.105,-0.007,0
2.5800,-0.00764,-0.02614,-0.00115,0.00000,0.00000,-0.106,-0.008,0
2.6320,-0.00749,-0.02624,-0.00115,0.00000,0.00000,-0.107,-0.008,0
2.6840,-0.00734,-0.02633,-0.00116,0.00000,0.00000,-0.108,-0.008,0
2.7360,-0.00720,-0.02641,-0.00116,0.00000,0.00000,-0.109,-0.008,0
2.7880,-0.00705,-0.02649,-0.00116,0.00000,0.00000,-0.110,-0.008,0
2.8400,-0.00691,-0.02655,-0.00117,0.00000,0.00000,-0.111,-0.008,0
2.8920,-0.00678,-0.02661,-0.00117,0.00000,0.00000,-0.111,-0.008,0
2.9440,-0.00665,-0.02665,-0.00117,0.00000,0.00000,-0.112,-0.008,0
2.9960,-0.00653,-0.02668,-0.00117,0.00000,0.00000,-0.112,-0.009,0
3.0480,-0.00641,-0.02670,-0.00117,0.00000,0.00000,-0.113,-0.009,0
3.1000,-0.00630,-0.02671,-0.00118,0.00000,0.00000,-0.113,-0.009,0
3.1520,-0.00619,-0.02672,-0.00118,0.00000,0.00000,-0.113,-0.009,0
3.2040,-0.00610,-0.02672,-0.00118,0.00000,0.00000,-0.114,-0.009,0
3.2560,-0.00601,-0.02673,-0.00118,0.00000,0.00000,-0.114,-0.009,0
3.3080,-0.00593,-0.02673,-0.00118,0.00000,0.00000,-0.114,-0.009,0
3.3600,-0.00585,-0.02672,-0.00118,0.00000,0.00000,-0.114,-0.009,0
3.4120,-0.00577,-0.02668,-0.00118,0.00000,0.00000,-0.114,-0.009,0
3.4640,-0.00570,-0.02664,-0.00118,0.00000,0.00000,-0.114,-0.009,0
3.5160,-0.00564,-0.02659,-0.00118,0.00000,0.00000,-0.114,-0.009,0
3.5680,-0.00558,-0.02654,-0.00118,0.00000,0.00000,-0.114,-0.009,0
3.6200,-0.00552,-0.02648,-0.00118,0.00000,0.00000,-0.114,-0.009,0
3.6720,-0.00547,-0.02642,-0.00117,0.00000,0.00000,-0.114,-0.009,0
3.7240,-0.00543,-0.02638,-0.00117,0.00000,0.00000,-0.114,-0.009,0
3.7760,-0.00539,-0.02634,-0.00117,0.00000,0.00000,-0.113,-0.009,0
3.8280,-0.00535,-0.02628,-0.00117,0.00000,0.00000,-0.113,-0.009,0
3.8800,-0.00532,-0.02622,-0.00117,0.00000,0.00000,-0.113,-0.009,0
3.9320,-0.00529,-0.02615,-0.00117,0.00000,0.00000,-0.113,-0.009,0
3.9840,-0.00526,-0.02608,-0.00117,0.00000,0.00000,-0.113,-0.009,0
4.0360,-0.00523,-0.02601,-0.00117,0.00000,0.00000,-0.112,-0.009,0
4.0880,-0.00521,-0.02594,-0.00117,0.00000,0.00000,-0.112,-0.009,0
4.1400,-0.00519,-0.02589,-0.00117,0.00000,0.00000,-0.112,-0.009,0
4.1920,-0.00518,-0.02584,-0.00116,0.00000,0.00000,-0.112,-0.009,0
4.2440,-0.00517,-0.02580,-0.00116,0.00000,0.00000,-0.111,-0.009,0
4.2960,-0.00516,-0.02575,-0.00116,0.00000,0.00000,-0.111,-0.009,0
4.3480,-0.00515,-0.02571,-0.00116,0.00000,0.00000,-0.111,-0.009,0
4.4000,-0.00514,-0.02567,-0.00116,0.00000,0.00000,-0.111,-0.009,0
4.4520,-0.00514,-0.02564,-0.00116,0.00000,0.00000,-0.111,-0.009,0
4.5040,-0.00513,-0.02560,-0.00116,0.00000,0.00000,-0.110,-0.009,0
4.5560,-0.00513,-0.02558,-0.00116,0.00000,0.00000,-0.110,-0.009,0
4.6080,-0.00513,-0.02555,-0.00116,0.00000,0.00000,-0.110,-0.009,0
4.6600,-0.00513,-0.02553,-0.00116,0.00000,0.00000,-0.110,-0.009,0
4.7120,-0.00513,-0.02550,-0.00116,0.00000,0.00000,-0.110,-0.009,0
4.7640,-0.00513,-0.02548,-0.00116,0.00000,0.00000,-0.110,-0.009,0
4.8160,-0.00513,-0.02546,-0.00115,0.00000,0.00000,-0.110,-0.009,0
4.8680,-0.00514,-0.02543,-0.00115,0.00000,0.00000,-0.110,-0.009,0
4.9200,-0.00514,-0.02541,-0.00115,0.00000,0.00000,-0.110,-0.009,0
4.9720,-0.00514,-0.02539,-0.00115,0.00000,0.00000,-0.110,-0.009,0
5.0240,-0.00514,-0.02536,-0.00115,0.00000,0.00000,-0.109,-0.009,0
5.0760,-0.00513,-0.02533,-0.00115,0.00000,0.00000,-0.109,-0.009,0
5.1280,-0.00513,-0.02528,-0.00115,0.00000,0.00000,-0.109,-0.009,0
5.1800,-0.00513,-0.02525,-0.00115,0.00000,0.00000,-0.109,-0.009,0
5.2320,-0.00513,-0.02524,-0.00115,0.00000,0.00000,-0.109,-0.009,0
5.2840,-0.00513,-0.02522,-0.00115,0.00000,0.00000,-0.109,-0.009,0
5.3360,-0.00513,-0.02520,-0.00115,0.00000,0.00000,-0.109,-0.009,0
5.3880,-0.00513,-0.02518,-0.00115,0.00000,0.00000,-0.108,-0.009,0
5.4400,-0.00513,-0.02516,-0.00115,0.00000,0.00000,-0.108,-0.009,0
5.4920,-0.00513,-0.02514,-0.00115,0.00000,0.00000,-0.108,-0.009,0
5.5440,-0.00512,-0.02511,-0.00115,0.00000,0.00000,-0.108,-0.009,0
5.5960,-0.00512,-0.02508,-0.00115,0.00000,0.00000,-0.108,-0.009,0
5.6480,-0.00512,-0.02506,-0.00115,0.00000,0.00000,-0.108,-0.009,0
5.7000,-0.00512,-0.02505,-0.00115,0.00000,0.00000,-0.108,-0.009,0
5.7520,-0.00512,-0.02503,-0.00115,0.00000,0.00000,-0.108,-0.009,0
5.8040,-0.00511,-0.02500,-0.00115,0.00000,0.00000,-0.107,-0.009,0
5.8560,-0.00511,-0.02496,-0.00115,0.00000,0.00000,-0.107,-0.009,0
5.9080,-0.00510,-0.02492,-0.00115,0.00000,0.00000,-0.107,-0.009,0
5.9600,-0.00510,-0.02489,-0.00115,0.00000,0.00000,-0.107,-0.009,0
6.0120,-0.00509,-0.02488,-0.00115,0.00000,0.00000,-0.107,-0.009,0
6.0640,-0.00509,-0.02487,-0.00115,0.00000,0.00000,-0.107,-0.009,0
6.1160,-0.00509,-0.02487,-0.00115,0.00000,0.00000,-0.107,-0.009,0
6.1680,-0.00510,-0.02487,-0.00115,0.00000,0.00000,-0.107,-0.009,0
6.2200,-0.00510,-0.02486,-0.00115,0.00000,0.00000,-0.107,-0.009,0
6.2720,-0.00510,-0.02485,-0.00115,0.00000,0.00000,-0.107,-0.009,0
6.3240,-0.00510,-0.02486,-0.00115,0.00000,0.00000,-0.107,-0.009,0
6.3760,-0.00510,-0.02486,-0.00115,0.00000,0.00000,-0.107,-0.009,0
6.4280,-0.00511,-0.02487,-0.00115,0.00000,0.00000,-0.107,-0.009,0
6.4800,-0.00511,-0.02489,-0.00115,0.00000,0.00000,-0.107,-0.009,0
6.5320,-0.00512,-0.02492,-0.00115,0.00000,0.00000,-0.107,-0.009,0
6.5840,-0.00513,-0.02496,-0.00115,0.00000,0.00000,-0.107,-0.009,0
6.6360,-0.00513,-0.02498,-0.00115,0.00000,0.00000,-0.107,-0.009,0
6.6880,-0.00514,-0.02501,-0.00115,0.00000,0.00000,-0.107,-0.009,0
6.7400,-0.00515,-0.02503,-0.00115,0.00000,0.00000,-0.107,-0.009,0
6.7920,-0.00515,-0.02506,-0.00115,0.00000,0.00000,-0.107,-0.009,0
6.8440,-0.00516,-0.02509,-0.00115,0.00000,0.00000,-0.107,-0.009,0
6.8960,-0.00516,-0.02511,-0.00115,0.00000,0.00000,-0.107,-0.009,0
6.9480,-0.00517,-0.02514,-0.00115,0.00000,0.00000,-0.107,-0.009,0
7.0000,-0.00517,-0.02516,-0.00115,0.00000,0.00000,-0.107,-0.009,0
7.0520,-0.00518,-0.02517,-0.00115,0.00000,0.00000,-0.108,-0.009,0
7.1040,-0.00518,-0.02519,-0.00115,0.00000,0.00000,-0.108,-0.009,0
7.1560,-0.00518,-0.02519,-0.00115,0.00000,0.00000,-0.108,-0.009,0
7.2080,-0.00518,-0.02520,-0.00115,0.00000,0.00000,-0.108,-0.009,0
7.2600,-0.00518,-0.02520,-0.00115,0.00000,0.00000,-0.108,-0.009,0
7.3120,-0.00518,-0.02521,-0.00115,0.00000,0.00000,-0.108,-0.009,0
7.3640,-0.00518,-0.02520,-0.00115,0.00000,0.00000,-0.108,-0.009,0
7.4160,-0.00517,-0.02519,-0.00115,0.00000,0.00000,-0.108,-0.009,0
7.4680,-0.00517,-0.02517,-0.00115,0.00000,0.00000,-0.108,-0.009,0
7.5200,-0.00516,-0.02515,-0.00115,0.00000,0.00000,-0.107,-0.009,0
7.5720,-0.00516,-0.02515,-0.00115,0.00000,0.00000,-0.107,-0.009,0
7.6240,-0.00516,-0.02516,-0.00115,0.00000,0.00000,-0.107,-0.009,0
7.6760,-0.00517,-0.02518,-0.00115,0.00000,0.00000,-0.108,-0.009,0
7.7280,-0.00517,-0.02520,-0.00115,0.00000,0.00000,-0.108,-0.009,0
7.7800,-0.00518,-0.02524,-0.00115,0.00000,0.00000,-0.108,-0.009,0
7.8320,-0.00519,-0.02529,-0.00115,0.00000,0.00000,-0.108,-0.009,0
7.8840,-0.00520,-0.02533,-0.00115,0.00000,0.00000,-0.108,-0.009,0
7.9360,-0.00521,-0.02536,-0.00115,0.00000,0.00000,-0.108,-0.009,0
7.9880,-0.00521,-0.02539,-0.00115,0.00000,0.00000,-0.108,-0.009,0
8.0380,-0.00522,-0.02541,-0.00115,0.00000,0.00000,-0.109,-0.009,0
8.0880,-0.00522,-0.02544,-0.00115,0.00000,0.00000,-0.109,-0.009,0
8.1380,-0.00522,-0.02545,-0.00115,0.00000,0.00000,-0.109,-0.009,0
8.1880,-0.00522,-0.02545,-0.00115,0.00000,0.00000,-0.109,-0.009,0
8.2380,-0.00522,-0.02546,-0.00115,0.00000,0.00000,-0.109,-0.009,0
8.2880,-0.00523,-0.02547,-0.00115,0.00000,0.00000,-0.109,-0.009,0
8.3380,-0.00523,-0.02549,-0.00115,0.00000,0.00000,-0.109,-0.009,0
8.3880,-0.00524,-0.02552,-0.00115,0.00000,0.00000,-0.109,-0.009,0
8.4380,-0.00524,-0.02554,-0.00115,0.00000,0.00000,-0.109,-0.009,0
8.4880,-0.00525,-0.02557,-0.00115,0.00000,0.00000,-0.109,-0.009,0
8.5380,-0.00525,-0.02559,-0.00115,0.00000,0.00000,-0.109,-0.009,0
8.5880,-0.00525,-0.02561,-0.00115,0.00000,0.00000,-0.110,-0.009,0
8.6380,-0.00526,-0.02563,-0.00115,0.00000,0.00000,-0.110,-0.009,0
8.6880,-0.00526,-0.02564,-0.00115,0.00000,0.00000,-0.110,-0.009,0
8.7380,-0.00526,-0.02566,-0.00115,0.00000,0.00000,-0.110,-0.009,0
8.7880,-0.00527,-0.02568,-0.00115,0.00000,0.00000,-0.110,-0.009,0
8.8380,-0.00527,-0.02570,-0.00115,0.00000,0.00000,-0.110,-0.009,0
8.8880,-0.00528,-0.02573,-0.00115,0.00000,0.00000,-0.110,-0.009,0
8.9380,-0.00528,-0.02575,-0.00115,0.00000,0.00000,-0.110,-0.009,0
8.9880,-0.00528,-0.02576,-0.00115,0.00000,0.00000,-0.110,-0.009,0
9.0380,-0.00528,-0.02576,-0.00115,0.00000,0.00000,-0.110,-0.009,0
9.0880,-0.00528,-0.02575,-0.00115,0.00000,0.00000,-0.110,-0.009,0
9.1380,-0.00528,-0.02575,-0.00115,0.00000,0.00000,-0.110,-0.009,0
9.1880,-0.00527,-0.02575,-0.00115,0.00000,0.00000,-0.111,-0.009,0
9.2380,-0.00528,-0.02576,-0.00115,0.00000,0.00000,-0.111,-0.009,0
9.2880,-0.00528,-0.02578,-0.00115,0.00000,0.00000,-0.111,-0.009,0
9.3380,-0.00528,-0.02579,-0.00115,0.00000,0.00000,-0.111,-0.009,0
9.3880,-0.00528,-0.02580,-0.00115,0.00000,0.00000,-0.111,-0.009,0
9.4380,-0.00528,-0.02580,-0.00115,0.00000,0.00000,-0.111,-0.009,0
9.4880,-0.00528,-0.02580,-0.00115,0.00000,0.00000,-0.111,-0.009,0
9.5380,-0.00528,-0.02582,-0.00115,0.00000,0.00000,-0.111,-0.009,0
9.5880,-0.00529,-0.02584,-0.00115,0.00000,0.00000,-0.111,-0.009,0
9.6380,-0.00529,-0.02586,-0.00115,0.00000,0.00000,-0.111,-0.009,0
9.6880,-0.00530,-0.02590,-0.00115,0.00000,0.00000,-0.111,-0.009,0
9.7380,-0.00531,-0.02594,-0.00115,0.00000,0.00000,-0.112,-0.009,0
9.7880,-0.00532,-0.02596,-0.00115,0.00000,0.00000,-0.112,-0.009,0
9.8380,-0.00532,-0.02597,-0.00115,0.00000,0.00000,-0.112,-0.009,0
9.8880,-0.00531,-0.02596,-0.00115,0.00000,0.00000,-0.112,-0.009,0
9.9380,-0.00531,-0.02597,-0.00115,0.00000,0.00000,-0.112,-0.009,0
9.9880,-0.00532,-0.02598,-0.00115,0.00000,0.00000,-0.112,-0.009,0
10.0380,-0.00532,-0.02599,-0.00115,0.00000,0.00000,-0.112,-0.009,0
10.0880,-0.00532,-0.02600,-0.00115,0.00000,0.00000,-0.112,-0.009,0
10.1380,-0.00532,-0.02601,-0.00115,0.00000,0.00000,-0.112,-0.009,0
10.1880,-0.00533,-0.02603,-0.00115,0.00000,0.00000,-0.112,-0.009,0
10.2380,-0.00533,-0.02605,-0.00115,0.00000,0.00000,-0.112,-0.009,0
10.2880,-0.00533,-0.02607,-0.00115,0.00000,0.00000,-0.112,-0.009,0
10.3380,-0.00534,-0.02608,-0.00115,0.00000,0.00000,-0.113,-0.009,0
10.3880,-0.00534,-0.02609,-0.00115,0.00000,0.00000,-0.113,-0.009,0
10.4380,-0.00534,-0.02610,-0.00115,0.00000,0.00000,-0.113,-0.009,0
10.4880,-0.00534,-0.02610,-0.00115,0.00000,0.00000,-0.113,-0.009,0
10.5380,-0.00534,-0.02610,-0.00115,0.00000,0.00000,-0.113,-0.009,0
10.5880,-0.00534,-0.02610,-0.00115,0.00000,0.00000,-0.113,-0.009,0
10.6380,-0.00533,-0.02608,-0.00115,0.00000,0.00000,-0.113,-0.009,0
10.6880,-0.00533,-0.02606,-0.00115,0.00000,0.00000,-0.113,-0.009,0
10.7380,-0.00532,-0.02603,-0.00115,0.00000,0.00000,-0.113,-0.009,0
10.7880,-0.00531,-0.02600,-0.00115,0.00000,0.00000,-0.112,-0.009,0
10.8380,-0.00531,-0.02598,-0.00115,0.00000,0.00000,-0.112,-0.009,0
10.8880,-0.00530,-0.02597,-0.00115,0.00000,0.00000,-0.112,-0.009,0
10.9380,-0.00530,-0.02596,-0.00115,0.00000,0.00000,-0.112,-0.009,0
10.9880,-0.00530,-0.02594,-0.00115,0.00000,0.00000,-0.112,-0.009,0
11.0380,-0.00529,-0.02592,-0.00115,0.00000,0.00000,-0.112,-0.009,0
11.0880,-0.00529,-0.02591,-0.00115,0.00000,0.00000,-0.112,-0.009,0
11.1380,-0.00529,-0.02591,-0.00115,0.00000,0.00000,-0.112,-0.009,0
11.1880,-0.00529,-0.02590,-0.00115,0.00000,0.00000,-0.112,-0.009,0
11.2380,-0.00529,-0.02589,-0.00115,0.00000,0.00000,-0.112,-0.009,0
11.2880,-0.00529,-0.02589,-0.00115,0.00000,0.00000,-0.112,-0.009,0
11.3380,-0.00529,-0.02588,-0.00115,0.00000,0.00000,-0.112,-0.009,0
11.3880,-0.00528,-0.02587,-0.00115,0.00000,0.00000,-0.112,-0.009,0
11.4380,-0.00528,-0.02586,-0.00115,0.00000,0.00000,-0.112,-0.009,0
11.4880,-0.00528,-0.02584,-0.00115,0.00000,0.00000,-0.112,-0.009,0
11.5380,-0.00527,-0.02581,-0.00115,0.00000,0.00000,-0.112,-0.009,0
11.5880,-0.00527,-0.02580,-0.00115,0.00000,0.00000,-0.112,-0.009,0
11.6380,-0.00527,-0.02578,-0.00115,0.00000,0.00000,-0.112,-0.009,0
11.6880,-0.00526,-0.02578,-0.00115,0.00000,0.00000,-0.112,-0.009,0
11.7380,-0.00527,-0.02579,-0.00115,0.00000,0.00000,-0.112,-0.009,0
11.7880,-0.00527,-0.02579,-0.00115,0.00000,0.00000,-0.112,-0.009,0
11.8380,-0.00527,-0.02579,-0.00115,0.00000,0.00000,-0.112,-0.009,0
11.8880,-0.00527,-0.02579,-0.00115,0.00000,0.00000,-0.112,-0.009,0
11.9380,-0.00527,-0.02580,-0.00115,0.00000,0.00000,-0.112,-0.009,0
11.9880,-0.00528,-0.02583,-0.00115,0.00000,0.00000,-0.112,-0.009,0
12.0380,-0.00529,-0.02587,-0.00115,0.00000,0.00000,-0.112,-0.009,0
12.0880,-0.00530,-0.02591,-0.00115,0.00000,0.00000,-0.112,-0.009,0
12.1380,-0.00531,-0.02593,-0.00115,0.00000,0.00000,-0.112,-0.009,0
12.1880,-0.00531,-0.02594,-0.00115,0.00000,0.00000,-0.112,-0.009,0
12.2380,-0.00531,-0.02595,-0.00115,0.00000,0.00000,-0.112,-0.009,0
12.2880,-0.00531,-0.02596,-0.00115,0.00000,0.00000,-0.112,-0.009,0
12.3380,-0.00532,-0.02597,-0.00115,0.00000,0.00000,-0.112,-0.009,0
12.3880,-0.00532,-0.02598,-0.00115,0.00000,0.00000,-0.112,-0.009,0
12.4380,-0.00532,-0.02599,-0.00115,0.00000,0.00000,-0.113,-0.009,0
12.4880,-0.00532,-0.02601,-0.00115,0.00000,0.00000,-0.113,-0.009,0
12.5380,-0.00533,-0.02604,-0.00115,0.00000,0.00000,-0.113,-0.009,0
12.5880,-0.00534,-0.02608,-0.00115,0.00000,0.00000,-0.113,-0.009,0
12.6380,-0.00535,-0.02611,-0.00115,0.00000,0.00000,-0.113,-0.009,0
12.6880,-0.00535,-0.02613,-0.00115,0.00000,0.00000,-0.113,-0.009,0
12.7380,-0.00535,-0.02615,-0.00115,0.00000,0.00000,-0.113,-0.009,0
12.7880,-0.00536,-0.02616,-0.00115,0.00000,0.00000,-0.113,-0.009,0
12.8380,-0.00536,-0.02617,-0.00115,0.00000,0.00000,-0.113,-0.009,0
12.8880,-0.00536,-0.02618,-0.00115,0.00000,0.00000,-0.113,-0.009,0
12.9380,-0.00536,-0.02620,-0.00115,0.00000,0.00000,-0.113,-0.009,0
12.9880,-0.00536,-0.02622,-0.00115,0.00000,0.00000,-0.114,-0.009,0
13.0380,-0.00536,-0.02621,-0.00115,0.00000,0.00000,-0.114,-0.009,0
13.0880,-0.00536,-0.02621,-0.00115,0.00000,0.00000,-0.114,-0.009,0
13.1380,-0.00536,-0.02620,-0.00115,0.00000,0.00000,-0.114,-0.009,0
13.1880,-0.00536,-0.02619,-0.00115,0.00000,0.00000,-0.114,-0.009,0
13.2380,-0.00536,-0.02620,-0.00115,0.00000,0.00000,-0.114,-0.009,0
13.2880,-0.00536,-0.02620,-0.00115,0.00000,0.00000,-0.114,-0.009,0
13.3380,-0.00535,-0.02619,-0.00115,0.00000,0.00000,-0.114,-0.009,0
13.3880,-0.00535,-0.02618,-0.00115,0.00000,0.00000,-0.114,-0.009,0
13.4380,-0.00535,-0.02617,-0.00115,0.00000,0.00000,-0.114,-0.009,0
13.4880,-0.00535,-0.02617,-0.00115,0.00000,0.00000,-0.114,-0.009,0
13.5380,-0.00534,-0.02616,-0.00115,0.00000,0.00000,-0.114,-0.009,0
13.5880,-0.00534,-0.02614,-0.00115,0.00000,0.00000,-0.113,-0.009,0
13.6380,-0.00534,-0.02613,-0.00115,0.00000,0.00000,-0.113,-0.009,0
13.6880,-0.00534,-0.02614,-0.00115,0.00000,0.00000,-0.113,-0.009,0
13.7380,-0.00534,-0.02615,-0.00115,0.00000,0.00000,-0.113,-0.009,0
13.7880,-0.00534,-0.02615,-0.00115,0.00000,0.00000,-0.114,-0.009,0
13.8380,-0.00534,-0.02616,-0.00115,0.00000,0.00000,-0.114,-0.009,0
13.8880,-0.00535,-0.02617,-0.00115,0.00000,0.00000,-0.114,-0.009,0
13.9380,-0.00535,-0.02619,-0.00115,0.00000,0.00000,-0.114,-0.009,0
13.9880,-0.00536,-0.02621,-0.00115,0.00000,0.00000,-0.114,-0.009,0
14.0380,-0.00536,-0.02624,-0.00115,0.00000,0.00000,-0.114,-0.009,0
14.0880,-0.00537,-0.02626,-0.00115,0.00000,0.00000,-0.114,-0.009,0
14.1380,-0.00537,-0.02629,-0.00115,0.00000,0.00000,-0.114,-0.009,0
14.1880,-0.00537,-0.02629,-0.00115,0.00000,0.00000,-0.114,-0.009,0
14.2380,-0.00537,-0.02628,-0.00115,0.00000,0.00000,-0.114,-0.009,0
14.2880,-0.00537,-0.02627,-0.00115,0.00000,0.00000,-0.114,-0.009,0
14.3380,-0.00536,-0.02626,-0.00115,0.00000,0.00000,-0.114,-0.009,0
14.3880,-0.00536,-0.02626,-0.00115,0.00000,0.00000,-0.114,-0.009,0
14.4380,-0.00537,-0.02628,-0.00115,0.00000,0.00000,-0.114,-0.009,0
14.4880,-0.00537,-0.02630,-0.00115,0.00000,0.00000,-0.114,-0.009,0
14.5380,-0.00538,-0.02633,-0.00115,0.00000,0.00000,-0.114,-0.009,0
14.5880,-0.00538,-0.02635,-0.00115,0.00000,0.00000,-0.114,-0.009,0
14.6380,-0.00539,-0.02637,-0.00115,0.00000,0.00000,-0.115,-0.009,0
14.6880,-0.00539,-0.02636,-0.00115,0.00000,0.00000,-0.115,-0.009,0
14.7380,-0.00538,-0.02635,-0.00115,0.00000,0.00000,-0.115,-0.009,0
14.7880,-0.00538,-0.02634,-0.00115,0.00000,0.00000,-0.115,-0.009,0
14.8380,-0.00537,-0.02632,-0.00115,0.00000,0.00000,-0.114,-0.009,0
14.8880,-0.00537,-0.02629,-0.00115,0.00000,0.00000,-0.114,-0.009,0
14.9380,-0.00536,-0.02627,-0.00115,0.00000,0.00000,-0.114,-0.009,0
14.9880,-0.00536,-0.02626,-0.00115,0.00000,0.00000,-0.114,-0.009,0
15.0380,-0.00536,-0.02624,-0.00115,0.00000,0.00000,-0.114,-0.009,0
15.0880,-0.00535,-0.02620,-0.00115,0.00000,0.00000,-0.114,-0.009,0
15.1380,-0.00534,-0.02617,-0.00115,0.00000,0.00000,-0.114,-0.009,0
15.1880,-0.00533,-0.02614,-0.00115,0.00000,0.00000,-0.114,-0.009,0
15.2380,-0.00533,-0.02611,-0.00115,0.00000,0.00000,-0.114,-0.009,0
15.2880,-0.00532,-0.02609,-0.00115,0.00000,0.00000,-0.114,-0.009,0
15.3380,-0.00532,-0.02607,-0.00115,0.00000,0.00000,-0.113,-0.009,0
15.3880,-0.00531,-0.02606,-0.00115,0.00000,0.00000,-0.113,-0.009,0
15.4380,-0.00531,-0.02604,-0.00115,0.00000,0.00000,-0.113,-0.009,0
15.4880,-0.00531,-0.02604,-0.00115,0.00000,0.00000,-0.113,-0.009,0
15.5380,-0.00531,-0.02602,-0.00115,0.00000,0.00000,-0.113,-0.009,0
15.5880,-0.00530,-0.02600,-0.00115,0.00000,0.00000,-0.113,-0.009,0
15.6380,-0.00530,-0.02598,-0.00115,0.00000,0.00000,-0.113,-0.009,0
15.6880,-0.00530,-0.02596,-0.00115,0.00000,0.00000,-0.113,-0.009,0
15.7380,-0.00529,-0.02594,-0.00115,0.00000,0.00000,-0.113,-0.009,0
15.7880,-0.00529,-0.02593,-0.00115,0.00000,0.00000,-0.113,-0.009,0
15.8380,-0.00529,-0.02593,-0.00115,0.00000,0.00000,-0.113,-0.009,0
15.8880,-0.00530,-0.02595,-0.00115,0.00000,0.00000,-0.113,-0.009,0
15.9380,-0.00531,-0.02599,-0.00115,0.00000,0.00000,-0.113,-0.009,0
15.9880,-0.00531,-0.02602,-0.00115,0.00000,0.00000,-0.113,-0.009,0
16.0400,-0.00532,-0.02605,-0.00115,0.00000,0.00000,-0.113,-0.009,0
16.0920,-0.00533,-0.02608,-0.00115,0.00000,0.00000,-0.113,-0.009,0
16.1440,-0.00534,-0.02611,-0.00115,0.00000,0.00000,-0.113,-0.009,0
16.1960,-0.00534,-0.02614,-0.00115,0.00000,0.00000,-0.114,-0.009,0
16.2480,-0.00535,-0.02616,-0.00115,0.00000,0.00000,-0.114,-0.009,0
16.3000,-0.00536,-0.02619,-0.00115,0.00000,0.00000,-0.114,-0.009,0
16.3520,-0.00537,-0.02623,-0.00115,0.00000,0.00000,-0.114,-0.009,0
16.4040,-0.00537,-0.02627,-0.00115,0.00000,0.00000,-0.114,-0.009,0
16.4560,-0.00539,-0.02631,-0.00115,0.00000,0.00000,-0.114,-0.009,0
16.5080,-0.00539,-0.02636,-0.00115,0.00000,0.00000,-0.114,-0.009,0
16.5600,-0.00540,-0.02640,-0.00115,0.00000,0.00000,-0.115,-0.009,0
16.6120,-0.00541,-0.02643,-0.00115,0.00000,0.00000,-0.115,-0.009,0
16.6640,-0.00542,-0.02646,-0.00115,0.00000,0.00000,-0.115,-0.009,0
16.7160,-0.00542,-0.02646,-0.00115,0.00000,0.00000,-0.115,-0.009,0
16.7680,-0.00542,-0.02647,-0.00115,0.00000,0.00000,-0.115,-0.009,0
16.8200,-0.00541,-0.02646,-0.00115,0.00000,0.00000,-0.115,-0.009,0
16.8720,-0.00541,-0.02644,-0.00115,0.00000,0.00000,-0.115,-0.009,0
16.9240,-0.00540,-0.02644,-0.00115,0.00000,0.00000,-0.115,-0.009,0
16.9760,-0.00541,-0.02644,-0.00115,0.00000,0.00000,-0.115,-0.009,0
17.0280,-0.00540,-0.02644,-0.00115,0.00000,0.00000,-0.115,-0.009,0
17.0800,-0.00540,-0.02644,-0.00115,0.00000,0.00000,-0.115,-0.009,0
17.1320,-0.00540,-0.02645,-0.00115,0.00000,0.00000,-0.115,-0.009,0
17.1840,-0.00540,-0.02646,-0.00115,0.00000,0.00000,-0.115,-0.009,0
17.2360,-0.00540,-0.02646,-0.00115,0.00000,0.00000,-0.115,-0.009,0
17.2880,-0.00541,-0.02648,-0.00115,0.00000,0.00000,-0.115,-0.009,0
17.3400,-0.00541,-0.02651,-0.00115,0.00000,0.00000,-0.115,-0.009,0
17.3920,-0.00542,-0.02652,-0.00115,0.00000,0.00000,-0.115,-0.009,0
17.4440,-0.00542,-0.02653,-0.00115,0.00000,0.00000,-0.116,-0.009,0
17.4960,-0.00542,-0.02654,-0.00115,0.00000,0.00000,-0.116,-0.009,0
17.5480,-0.00542,-0.02655,-0.00115,0.00000,0.00000,-0.116,-0.009,0
17.6000,-0.00542,-0.02655,-0.00115,0.00000,0.00000,-0.116,-0.009,0
17.6520,-0.00542,-0.02656,-0.00115,0.00000,0.00000,-0.116,-0.009,0
17.7040,-0.00542,-0.02657,-0.00115,0.00000,0.00000,-0.116,-0.009,0
17.7560,-0.00542,-0.02657,-0.00115,0.00000,0.00000,-0.116,-0.009,0
17.8080,-0.00543,-0.02659,-0.00115,0.00000,0.00000,-0.116,-0.009,0
17.8600,-0.00543,-0.02661,-0.00115,0.00000,0.00000,-0.116,-0.009,0
17.9120,-0.00544,-0.02665,-0.00115,0.00000,0.00000,-0.116,-0.009,0
17.9640,-0.00545,-0.02669,-0.00115,0.00000,0.00000,-0.116,-0.009,0
18.0160,-0.00546,-0.02674,-0.00115,0.00000,0.00000,-0.117,-0.009,0
18.0680,-0.00547,-0.02679,-0.00115,0.00000,0.00000,-0.117,-0.009,0
18.1200,-0.00548,-0.02684,-0.00115,0.00000,0.00000,-0.117,-0.009,0
18.1720,-0.00550,-0.02690,-0.00115,0.00000,0.00000,-0.117,-0.009,0
18.2240,-0.00551,-0.02696,-0.00115,0.00000,0.00000,-0.118,-0.009,0
18.2760,-0.00552,-0.02701,-0.00115,0.00000,0.00000,-0.118,-0.009,0
18.3280,-0.00552,-0.02703,-0.00115,0.00000,0.00000,-0.118,-0.009,0
18.3800,-0.00552,-0.02704,-0.00115,0.00000,0.00000,-0.118,-0.009,0
18.4320,-0.00552,-0.02704,-0.00115,0.00000,0.00000,-0.118,-0.009,0
18.4840,-0.00552,-0.02704,-0.00115,0.00000,0.00000,-0.118,-0.009,0
18.5360,-0.00552,-0.02706,-0.00115,0.00000,0.00000,-0.118,-0.009,0
18.5880,-0.00552,-0.02706,-0.00115,0.00000,0.00000,-0.118,-0.009,0
18.6400,-0.00552,-0.02707,-0.00115,0.00000,0.00000,-0.118,-0.009,0
18.6920,-0.00552,-0.02708,-0.00115,0.00000,0.00000,-0.119,-0.009,0
18.7440,-0.00553,-0.02710,-0.00115,0.00000,0.00000,-0.119,-0.009,0
18.7960,-0.00553,-0.02712,-0.00115,0.00000,0.00000,-0.119,-0.009,0
18.8480,-0.00553,-0.02715,-0.00115,0.00000,0.00000,-0.119,-0.009,0
18.9000,-0.00554,-0.02717,-0.00115,0.00000,0.00000,-0.119,-0.009,0
18.9520,-0.00554,-0.02719,-0.00115,0.00000,0.00000,-0.119,-0.009,0
19.0040,-0.00555,-0.02721,-0.00115,0.00000,0.00000,-0.119,-0.009,0
19.0560,-0.00555,-0.02723,-0.00115,0.00000,0.00000,-0.119,-0.009,0
19.1080,-0.00556,-0.02726,-0.00115,0.00000,0.00000,-0.120,-0.009,0
19.1600,-0.00556,-0.02729,-0.00115,0.00000,0.00000,-0.120,-0.009,0
19.2120,-0.00557,-0.02732,-0.00115,0.00000,0.00000,-0.120,-0.009,0
19.2640,-0.00557,-0.02733,-0.00115,0.00000,0.00000,-0.120,-0.009,0
19.3160,-0.00557,-0.02732,-0.00115,0.00000,0.00000,-0.120,-0.009,0
19.3680,-0.00556,-0.02731,-0.00115,0.00000,0.00000,-0.120,-0.009,0
19.4200,-0.00556,-0.02730,-0.00115,0.00000,0.00000,-0.120,-0.009,0
19.4720,-0.00555,-0.02729,-0.00115,0.00000,0.00000,-0.120,-0.009,0
19.5240,-0.00555,-0.02728,-0.00115,0.00000,0.00000,-0.120,-0.009,0
19.5760,-0.00555,-0.02728,-0.00115,0.00000,0.00000,-0.120,-0.009,0
19.6280,-0.00555,-0.02728,-0.00115,0.00000,0.00000,-0.120,-0.009,0
19.6800,-0.00555,-0.02728,-0.00115,0.00000,0.00000,-0.120,-0.009,0
19.7320,-0.00555,-0.02728,-0.00115,0.00000,0.00000,-0.120,-0.009,0
19.7840,-0.00555,-0.02728,-0.00115,0.00000,0.00000,-0.120,-0.009,0
19.8360,-0.00555,-0.02728,-0.00115,0.00000,0.00000,-0.120,-0.009,0
19.8880,-0.00554,-0.02726,-0.00115,0.00000,0.00000,-0.120,-0.009,0
19.9400,-0.00554,-0.02725,-0.00115,0.00000,0.00000,-0.120,-0.009,0
19.9920,-0.00554,-0.02723,-0.00115,0.00000,0.00000,-0.120,-0.009,0
20.0440,-0.00553,-0.02721,-0.00115,0.00000,0.00000,-0.120,-0.009,0
20.0960,-0.00553,-0.02720,-0.00115,0.00000,0.00000,-0.120,-0.009,0
20.1480,-0.00552,-0.02718,-0.00115,0.00000,0.00000,-0.120,-0.009,0
20.2000,-0.00552,-0.02715,-0.00115,0.00000,0.00000,-0.120,-0.009,0
20.2520,-0.00551,-0.02712,-0.00115,0.00000,0.00000,-0.120,-0.009,0
20.3040,-0.00550,-0.02710,-0.00115,0.00000,0.00000,-0.120,-0.009,0
20.3560,-0.00550,-0.02707,-0.00115,0.00000,0.00000,-0.119,-0.009,0
20.4080,-0.00550,-0.02706,-0.00115,0.00000,0.00000,-0.119,-0.009,0
20.4600,-0.00550,-0.02706,-0.00115,0.00000,0.00000,-0.119,-0.009,0
20.5120,-0.00550,-0.02706,-0.00115,0.00000,0.00000,-0.119,-0.009,0
20.5640,-0.00550,-0.02707,-0.00115,0.00000,0.00000,-0.119,-0.009,0
20.6160,-0.00550,-0.02706,-0.00115,0.00000,0.00000,-0.119,-0.009,0
20.6680,-0.00550,-0.02705,-0.00115,0.00000,0.00000,-0.119,-0.009,0
20.7200,-0.00550,-0.02704,-0.00115,0.00000,0.00000,-0.119,-0.009,0
20.7720,-0.00549,-0.02702,-0.00115,0.00000,0.00000,-0.119,-0.009,0
20.8240,-0.00549,-0.02700,-0.00115,0.00000,0.00000,-0.119,-0.009,0
20.8760,-0.00548,-0.02698,-0.00115,0.00000,0.00000,-0.119,-0.009,0
20.9280,-0.00548,-0.02696,-0.00115,0.00000,0.00000,-0.119,-0.009,0
20.9800,-0.00548,-0.02694,-0.00115,0.00000,0.00000,-0.119,-0.009,0
21.0320,-0.00548,-0.02694,-0.00115,0.00000,0.00000,-0.119,-0.009,0
21.0840,-0.00548,-0.02694,-0.00115,0.00000,0.00000,-0.119,-0.009,0
21.1360,-0.00548,-0.02694,-0.00115,0.00000,0.00000,-0.119,-0.009,0
21.1880,-0.00548,-0.02693,-0.00115,0.00000,0.00000,-0.119,-0.009,0
21.2400,-0.00548,-0.02695,-0.00115,0.00000,0.00000,-0.119,-0.009,0
21.2920,-0.00549,-0.02696,-0.00115,0.00000,0.00000,-0.119,-0.009,0
21.3440,-0.00549,-0.02697,-0.00115,0.00000,0.00000,-0.119,-0.009,0
21.3960,-0.00549,-0.02698,-0.00115,0.00000,0.00000,-0.119,-0.009,0
21.4480,-0.00549,-0.02698,-0.00115,0.00000,0.00000,-0.119,-0.009,0
21.5000,-0.00549,-0.02699,-0.00115,0.00000,0.00000,-0.119,-0.009,0
21.5520,-0.00550,-0.02700,-0.00115,0.00000,0.00000,-0.119,-0.009,0
21.6040,-0.00550,-0.02702,-0.00115,0.00000,0.00000,-0.119,-0.009,0
21.6560,-0.00551,-0.02704,-0.00115,0.00000,0.00000,-0.119,-0.009,0
21.7080,-0.00551,-0.02705,-0.00115,0.00000,0.00000,-0.119,-0.009,0
21.7600,-0.00551,-0.02704,-0.00115,0.00000,0.00000,-0.119,-0.009,0
21.8120,-0.00550,-0.02702,-0.00115,0.00000,0.00000,-0.119,-0.009,0
21.8640,-0.00550,-0.02699,-0.00115,0.00000,0.00000,-0.119,-0.009,0
21.9160,-0.00549,-0.02696,-0.00115,0.00000,0.00000,-0.119,-0.009,0
21.9680,-0.00548,-0.02692,-0.00115,0.00000,0.00000,-0.119,-0.009,0
22.0200,-0.00547,-0.02689,-0.00115,0.00000,0.00000,-0.118,-0.009,0
22.0720,-0.00547,-0.02686,-0.00115,0.00000,0.00000,-0.118,-0.009,0
22.1240,-0.00546,-0.02683,-0.00115,0.00000,0.00000,-0.118,-0.009,0
22.1760,-0.00545,-0.02681,-0.00115,0.00000,0.00000,-0.118,-0.009,0
22.2280,-0.00545,-0.02681,-0.00115,0.00000,0.00000,-0.118,-0.009,0
22.2800,-0.00546,-0.02681,-0.00115,0.00000,0.00000,-0.118,-0.009,0
22.3320,-0.00546,-0.02681,-0.00115,0.00000,0.00000,-0.118,-0.009,0
22.3840,-0.00546,-0.02682,-0.00115,0.00000,0.00000,-0.118,-0.009,0
22.4360,-0.00546,-0.02683,-0.00115,0.00000,0.00000,-0.118,-0.009,0
22.4880,-0.00546,-0.02683,-0.00115,0.00000,0.00000,-0.118,-0.009,0
22.5400,-0.00546,-0.02682,-0.00115,0.00000,0.00000,-0.118,-0.009,0
22.5920,-0.00546,-0.02682,-0.00115,0.00000,0.00000,-0.118,-0.009,0
22.6440,-0.00546,-0.02682,-0.00115,0.00000,0.00000,-0.118,-0.009,0
22.6960,-0.00546,-0.02682,-0.00115,0.00000,0.00000,-0.118,-0.009,0
22.7480,-0.00546,-0.02682,-0.00115,0.00000,0.00000,-0.118,-0.009,0
22.8000,-0.00546,-0.02681,-0.00115,0.00000,0.00000,-0.118,-0.009,0
22.8520,-0.00546,-0.02681,-0.00115,0.00000,0.00000,-0.118,-0.009,0
22.9040,-0.00546,-0.02680,-0.00115,0.00000,0.00000,-0.118,-0.009,0
22.9560,-0.00546,-0.02680,-0.00115,0.00000,0.00000,-0.118,-0.009,0
23.0080,-0.00546,-0.02679,-0.00115,0.00000,0.00000,-0.118,-0.009,0
23.0600,-0.00546,-0.02680,-0.00115,0.00000,0.00000,-0.118,-0.009,0
23.1120,-0.00546,-0.02681,-0.00115,0.00000,0.00000,-0.118,-0.009,0
23.1640,-0.00547,-0.02683,-0.00115,0.00000,0.00000,-0.118,-0.009,0
23.2160,-0.00547,-0.02686,-0.00115,0.00000,0.00000,-0.118,-0.009,0
23.2680,-0.00548,-0.02687,-0.00115,0.00000,0.00000,-0.118,-0.009,0
23.3200,-0.00548,-0.02689,-0.00115,0.00000,0.00000,-0.118,-0.009,0
23.3720,-0.00548,-0.02691,-0.00115,0.00000,0.00000,-0.118,-0.009,0
23.4240,-0.00549,-0.02693,-0.00115,0.00000,0.00000,-0.118,-0.009,0
23.4760,-0.00549,-0.02695,-0.00115,0.00000,0.00000,-0.118,-0.009,0
23.5280,-0.00550,-0.02697,-0.00115,0.00000,0.00000,-0.119,-0.009,0
23.5800,-0.00550,-0.02698,-0.00115,0.00000,0.00000,-0.119,-0.009,0
23.6320,-0.00551,-0.02700,-0.00115,0.00000,0.00000,-0.119,-0.009,0
23.6840,-0.00551,-0.02701,-0.00115,0.00000,0.00000,-0.119,-0.009,0
23.7360,-0.00551,-0.02703,-0.00115,0.00000,0.00000,-0.119,-0.009,0
23.7880,-0.00551,-0.02703,-0.00115,0.00000,0.00000,-0.119,-0.009,0
23.8400,-0.00551,-0.02703,-0.00115,0.00000,0.00000,-0.119,-0.009,0
23.8920,-0.00551,-0.02705,-0.00115,0.00000,0.00000,-0.119,-0.009,0
23.9440,-0.00552,-0.02706,-0.00115,0.00000,0.00000,-0.119,-0.009,0
23.9960,-0.00552,-0.02707,-0.00115,0.00000,0.00000,-0.119,-0.009,0
24.0480,-0.00552,-0.02707,-0.00115,0.00000,0.00000,-0.119,-0.009,0
24.1000,-0.00552,-0.02706,-0.00115,0.00000,0.00000,-0.119,-0.009,0
24.1520,-0.00551,-0.02706,-0.00115,0.00000,0.00000,-0.119,-0.009,0
24.2040,-0.00551,-0.02705,-0.00115,0.00000,0.00000,-0.119,-0.009,0
24.2560,-0.00551,-0.02705,-0.00115,0.00000,0.00000,-0.119,-0.009,0
24.3080,-0.00551,-0.02706,-0.00115,0.00000,0.00000,-0.119,-0.009,0
24.3600,-0.00551,-0.02706,-0.00115,0.00000,0.00000,-0.119,-0.009,0
24.4120,-0.00552,-0.02708,-0.00115,0.00000,0.00000,-0.119,-0.009,0
24.4640,-0.00552,-0.02711,-0.00115,0.00000,0.00000,-0.119,-0.009,0
24.5160,-0.00553,-0.02713,-0.00115,0.00000,0.00000,-0.119,-0.009,0
24.5680,-0.00553,-0.02715,-0.00115,0.00000,0.00000,-0.120,-0.009,0
24.6200,-0.00554,-0.02717,-0.00115,0.00000,0.00000,-0.120,-0.009,0
24.6720,-0.00554,-0.02718,-0.00115,0.00000,0.00000,-0.120,-0.009,0
24.7240,-0.00554,-0.02719,-0.00115,0.00000,0.00000,-0.120,-0.009,0
24.7760,-0.00554,-0.02720,-0.00115,0.00000,0.00000,-0.120,-0.009,0
24.8280,-0.00554,-0.02721,-0.00115,0.00000,0.00000,-0.120,-0.009,0
24.8800,-0.00554,-0.02722,-0.00115,0.00000,0.00000,-0.120,-0.009,0
24.9320,-0.00555,-0.02723,-0.00115,0.00000,0.00000,-0.120,-0.009,0
24.9840,-0.00555,-0.02726,-0.00115,0.00000,0.00000,-0.120,-0.009,0
25.0360,-0.00556,-0.02729,-0.00115,0.00000,0.00000,-0.120,-0.009,0
25.0880,-0.00556,-0.02731,-0.00115,0.00000,0.00000,-0.120,-0.009,0
25.1400,-0.00556,-0.02731,-0.00115,0.00000,0.00000,-0.120,-0.009,0
25.1920,-0.00556,-0.02732,-0.00115,0.00000,0.00000,-0.120,-0.009,0
25.2440,-0.00556,-0.02733,-0.00115,0.00000,0.00000,-0.121,-0.009,0
25.2960,-0.00556,-0.02733,-0.00115,0.00000,0.00000,-0.121,-0.009,0
25.3480,-0.00556,-0.02732,-0.00115,0.00000,0.00000,-0.121,-0.009,0
25.4000,-0.00555,-0.02729,-0.00115,0.00000,0.00000,-0.120,-0.009,0
25.4520,-0.00554,-0.02725,-0.00115,0.00000,0.00000,-0.120,-0.009,0
25.5040,-0.00553,-0.02720,-0.00115,0.00000,0.00000,-0.120,-0.009,0
25.5560,-0.00552,-0.02716,-0.00115,0.00000,0.00000,-0.120,-0.009,0
25.6080,-0.00551,-0.02711,-0.00115,0.00000,0.00000,-0.120,-0.009,0
25.6600,-0.00550,-0.02707,-0.00115,0.00000,0.00000,-0.120,-0.009,0
25.7120,-0.00549,-0.02703,-0.00115,0.00000,0.00000,-0.119,-0.009,0
25.7640,-0.00549,-0.02700,-0.00115,0.00000,0.00000,-0.119,-0.009,0
25.8160,-0.00548,-0.02699,-0.00115,0.00000,0.00000,-0.119,-0.009,0
25.8680,-0.00548,-0.02699,-0.00115,0.00000,0.00000,-0.119,-0.009,0
25.9200,-0.00549,-0.02700,-0.00115,0.00000,0.00000,-0.119,-0.009,0
25.9720,-0.00549,-0.02700,-0.00115,0.00000,0.00000,-0.119,-0.009,0
26.0240,-0.00549,-0.02700,-0.00115,0.00000,0.00000,-0.119,-0.009,0
26.0760,-0.00549,-0.02699,-0.00115,0.00000,0.00000,-0.119,-0.009,0
26.1280,-0.00549,-0.02699,-0.00115,0.00000,0.00000,-0.119,-0.009,0
26.1800,-0.00549,-0.02699,-0.00115,0.00000,0.00000,-0.119,-0.009,0
26.2320,-0.00549,-0.02700,-0.00115,0.00000,0.00000,-0.119,-0.009,0
26.2840,-0.00549,-0.02700,-0.00115,0.00000,0.00000,-0.119,-0.009,0
26.3360,-0.00549,-0.02700,-0.00115,0.00000,0.00000,-0.119,-0.009,0
26.3880,-0.00549,-0.02698,-0.00115,0.00000,0.00000,-0.119,-0.009,0
26.4400,-0.00548,-0.02695,-0.00115,0.00000,0.00000,-0.119,-0.009,0
26.4920,-0.00548,-0.02694,-0.00115,0.00000,0.00000,-0.119,-0.009,0
26.5440,-0.00547,-0.02691,-0.00115,0.00000,0.00000,-0.119,-0.009,0
26.5960,-0.00547,-0.02690,-0.00115,0.00000,0.00000,-0.119,-0.009,0
26.6480,-0.00547,-0.02691,-0.00115,0.00000,0.00000,-0.119,-0.009,0
26.7000,-0.00547,-0.02690,-0.00115,0.00000,0.00000,-0.119,-0.009,0
26.7520,-0.00547,-0.02688,-0.00115,0.00000,0.00000,-0.119,-0.009,0
26.8040,-0.00546,-0.02685,-0.00115,0.00000,0.00000,-0.118,-0.009,0
26.8560,-0.00546,-0.02682,-0.00115,0.00000,0.00000,-0.118,-0.009,0
26.9080,-0.00545,-0.02679,-0.00115,0.00000,0.00000,-0.118,-0.009,0
26.9600,-0.00544,-0.02676,-0.00115,0.00000,0.00000,-0.118,-0.009,0
27.0120,-0.00544,-0.02674,-0.00115,0.00000,0.00000,-0.118,-0.009,0
27.0640,-0.00543,-0.02671,-0.00115,0.00000,0.00000,-0.118,-0.009,0
27.1160,-0.00543,-0.02668,-0.00115,0.00000,0.00000,-0.118,-0.009,0
27.1680,-0.00542,-0.02665,-0.00115,0.00000,0.00000,-0.117,-0.009,0
27.2200,-0.00542,-0.02663,-0.00115,0.00000,0.00000,-0.117,-0.009,0
27.2720,-0.00541,-0.02660,-0.00115,0.00000,0.00000,-0.117,-0.009,0
27.3240,-0.00541,-0.02658,-0.00115,0.00000,0.00000,-0.117,-0.009,0
27.3760,-0.00541,-0.02658,-0.00115,0.00000,0.00000,-0.117,-0.009,0
27.4280,-0.00541,-0.02659,-0.00115,0.00000,0.00000,-0.117,-0.009,0
27.4800,-0.00541,-0.02658,-0.00115,0.00000,0.00000,-0.117,-0.009,0
27.5320,-0.00541,-0.02658,-0.00115,0.00000,0.00000,-0.117,-0.009,0
27.5840,-0.00541,-0.02657,-0.00115,0.00000,0.00000,-0.117,-0.009,0
27.6360,-0.00541,-0.02658,-0.00115,0.00000,0.00000,-0.117,-0.009,0
27.6880,-0.00542,-0.02659,-0.00115,0.00000,0.00000,-0.117,-0.009,0
27.7400,-0.00542,-0.02660,-0.00115,0.00000,0.00000,-0.117,-0.009,0
27.7920,-0.00542,-0.02660,-0.00115,0.00000,0.00000,-0.117,-0.009,0
27.8440,-0.00542,-0.02661,-0.00115,0.00000,0.00000,-0.117,-0.009,0
27.8960,-0.00543,-0.02664,-0.00115,0.00000,0.00000,-0.117,-0.009,0
27.9480,-0.00544,-0.02668,-0.00115,0.00000,0.00000,-0.117,-0.009,0
28.0000,-0.00545,-0.02672,-0.00115,0.00000,0.00000,-0.117,-0.009,0
28.0520,-0.00546,-0.02676,-0.00115,0.00000,0.00000,-0.117,-0.009,0
28.1040,-0.00547,-0.02680,-0.00115,0.00000,0.00000,-0.118,-0.009,0
28.1560,-0.00548,-0.02684,-0.00115,0.00000,0.00000,-0.118,-0.009,0
28.2080,-0.00549,-0.02687,-0.00115,0.00000,0.00000,-0.118,-0.009,0
28.2600,-0.00549,-0.02691,-0.00115,0.00000,0.00000,-0.118,-0.009,0
28.3120,-0.00550,-0.02695,-0.00115,0.00000,0.00000,-0.118,-0.009,0
28.3640,-0.00551,-0.02699,-0.00115,0.00000,0.00000,-0.118,-0.009,0
28.4160,-0.00552,-0.02704,-0.00115,0.00000,0.00000,-0.119,-0.009,0
28.4680,-0.00553,-0.02709,-0.00115,0.00000,0.00000,-0.119,-0.009,0
28.5200,-0.00554,-0.02712,-0.00115,0.00000,0.00000,-0.119,-0.009,0
28.5720,-0.00555,-0.02716,-0.00115,0.00000,0.00000,-0.119,-0.009,0
28.6240,-0.00555,-0.02719,-0.00115,0.00000,0.00000,-0.119,-0.009,0
28.6760,-0.00556,-0.02723,-0.00115,0.00000,0.00000,-0.120,-0.009,0
28.7280,-0.00557,-0.02727,-0.00115,0.00000,0.00000,-0.120,-0.009,0
28.7800,-0.00558,-0.02732,-0.00115,0.00000,0.00000,-0.120,-0.009,0
28.8320,-0.00559,-0.02736,-0.00115,0.00000,0.00000,-0.120,-0.009,0
28.8840,-0.00560,-0.02740,-0.00115,0.00000,0.00000,-0.120,-0.009,0
28.9360,-0.00560,-0.02743,-0.00115,0.00000,0.00000,-0.121,-0.009,0
28.9880,-0.00560,-0.02746,-0.00115,0.00000,0.00000,-0.121,-0.009,0
29.0400,-0.00561,-0.02749,-0.00115,0.00000,0.00000,-0.121,-0.009,0
29.0920,-0.00562,-0.02752,-0.00115,0.00000,0.00000,-0.121,-0.009,0
29.1440,-0.00562,-0.02755,-0.00115,0.00000,0.00000,-0.121,-0.009,0
29.1960,-0.00562,-0.02757,-0.00115,0.00000,0.00000,-0.121,-0.009,0
29.2480,-0.00562,-0.02758,-0.00115,0.00000,0.00000,-0.121,-0.009,0
29.3000,-0.00562,-0.02760,-0.00115,0.00000,0.00000,-0.122,-0.009,0
29.3520,-0.00562,-0.02761,-0.00115,0.00000,0.00000,-0.122,-0.009,0
29.4040,-0.00563,-0.02762,-0.00115,0.00000,0.00000,-0.122,-0.009,0
29.4560,-0.00563,-0.02764,-0.00115,0.00000,0.00000,-0.122,-0.009,0
29.5080,-0.00563,-0.02767,-0.00115,0.00000,0.00000,-0.122,-0.009,0
29.5600,-0.00564,-0.02771,-0.00115,0.00000,0.00000,-0.122,-0.009,0
29.6120,-0.00565,-0.02776,-0.00115,0.00000,0.00000,-0.123,-0.009,0
29.6640,-0.00566,-0.02780,-0.00115,0.00000,0.00000,-0.123,-0.009,0
29.7160,-0.00567,-0.02784,-0.00115,0.00000,0.00000,-0.123,-0.009,0
29.7680,-0.00568,-0.02788,-0.00115,0.00000,0.00000,-0.123,-0.009,0
29.8200,-0.00568,-0.02791,-0.00115,0.00000,0.00000,-0.123,-0.009,0
29.8720,-0.00568,-0.02793,-0.00115,0.00000,0.00000,-0.124,-0.009,0
29.9240,-0.00568,-0.02793,-0.00115,0.00000,0.00000,-0.124,-0.009,0
29.9760,-0.00568,-0.02792,-0.00115,0.00000,0.00000,-0.124,-0.009,0
30.0280,-0.00568,-0.02792,-0.00115,0.00000,0.00000,-0.124,-0.009,0
30.0800,-0.00567,-0.02790,-0.00115,0.00000,0.00000,-0.124,-0.009,0
30.1320,-0.00566,-0.02788,-0.00115,0.00000,0.00000,-0.124,-0.009,0
30.1840,-0.00566,-0.02785,-0.00115,0.00000,0.00000,-0.124,-0.009,0
30.2360,-0.00565,-0.02783,-0.00115,0.00000,0.00000,-0.123,-0.009,0
30.2880,-0.00564,-0.02780,-0.00115,0.00000,0.00000,-0.123,-0.009,0
30.3400,-0.00563,-0.02777,-0.00115,0.00000,0.00000,-0.123,-0.009,0
30.3920,-0.00563,-0.02774,-0.00115,0.00000,0.00000,-0.123,-0.009,0
30.4440,-0.00562,-0.02772,-0.00115,0.00000,0.00000,-0.123,-0.009,0
30.4960,-0.00561,-0.02769,-0.00115,0.00000,0.00000,-0.123,-0.009,0
30.5480,-0.00561,-0.02768,-0.00115,0.00000,0.00000,-0.123,-0.009,0
30.6000,-0.00561,-0.02767,-0.00115,0.00000,0.00000,-0.123,-0.009,0
30.6520,-0.00561,-0.02767,-0.00115,0.00000,0.00000,-0.123,-0.009,0
30.7040,-0.00561,-0.02768,-0.00115,0.00000,0.00000,-0.123,-0.009,0
30.7560,-0.00561,-0.02768,-0.00115,0.00000,0.00000,-0.123,-0.009,0
30.8080,-0.00561,-0.02767,-0.00115,0.00000,0.00000,-0.123,-0.009,0
30.8600,-0.00560,-0.02764,-0.00115,0.00000,0.00000,-0.123,-0.009,0
30.9120,-0.00560,-0.02761,-0.00115,0.00000,0.00000,-0.123,-0.009,0
30.9640,-0.00559,-0.02759,-0.00115,0.00000,0.00000,-0.123,-0.009,0
31.0160,-0.00559,-0.02757,-0.00115,0.00000,0.00000,-0.123,-0.009,0
31.0680,-0.00559,-0.02755,-0.00115,0.00000,0.00000,-0.123,-0.009,0
31.1200,-0.00558,-0.02752,-0.00115,0.00000,0.00000,-0.122,-0.009,0
31.1720,-0.00557,-0.02749,-0.00115,0.00000,0.00000,-0.122,-0.009,0
31.2240,-0.00557,-0.02746,-0.00115,0.00000,0.00000,-0.122,-0.009,0
31.2760,-0.00556,-0.02744,-0.00115,0.00000,0.00000,-0.122,-0.009,0
31.3280,-0.00556,-0.02742,-0.00115,0.00000,0.00000,-0.122,-0.009,0
31.3800,-0.00555,-0.02739,-0.00115,0.00000,0.00000,-0.122,-0.009,0
31.4320,-0.00555,-0.02737,-0.00115,0.00000,0.00000,-0.122,-0.009,0
31.4840,-0.00554,-0.02734,-0.00115,0.00000,0.00000,-0.122,-0.009,0
31.5360,-0.00554,-0.02733,-0.00115,0.00000,0.00000,-0.121,-0.009,0
31.5880,-0.00554,-0.02731,-0.00115,0.00000,0.00000,-0.121,-0.009,0
31.6400,-0.00554,-0.02729,-0.00115,0.00000,0.00000,-0.121,-0.009,0
31.6920,-0.00553,-0.02728,-0.00115,0.00000,0.00000,-0.121,-0.009,0
31.7440,-0.00553,-0.02727,-0.00115,0.00000,0.00000,-0.121,-0.009,0
31.7960,-0.00553,-0.02726,-0.00115,0.00000,0.00000,-0.121,-0.009,0
31.8480,-0.00553,-0.02725,-0.00115,0.00000,0.00000,-0.121,-0.009,0
31.9000,-0.00553,-0.02725,-0.00115,0.00000,0.00000,-0.121,-0.009,0
31.9520,-0.00553,-0.02724,-0.00115,0.00000,0.00000,-0.121,-0.009,0
32.0040,-0.00553,-0.02723,-0.00115,0.00000,0.00000,-0.121,-0.009,0
32.0540,-0.00553,-0.02723,-0.00115,0.00000,0.00000,-0.121,-0.009,0
32.1040,-0.00553,-0.02721,-0.00115,0.00000,0.00000,-0.121,-0.009,0
32.1540,-0.00553,-0.02721,-0.00115,0.00000,0.00000,-0.121,-0.009,0
32.2040,-0.00553,-0.02721,-0.00115,0.00000,0.00000,-0.121,-0.009,0
32.2540,-0.00553,-0.02722,-0.00115,0.00000,0.00000,-0.121,-0.009,0
32.3040,-0.00554,-0.02724,-0.00115,0.00000,0.00000,-0.121,-0.009,0
32.3540,-0.00555,-0.02727,-0.00115,0.00000,0.00000,-0.121,-0.009,0
32.4040,-0.00555,-0.02730,-0.00115,0.00000,0.00000,-0.121,-0.009,0
32.4540,-0.00556,-0.02733,-0.00115,0.00000,0.00000,-0.121,-0.009,0
32.5040,-0.00557,-0.02736,-0.00115,0.00000,0.00000,-0.121,-0.009,0
32.5540,-0.00557,-0.02738,-0.00115,0.00000,0.00000,-0.121,-0.009,0
32.6040,-0.00558,-0.02741,-0.00115,0.00000,0.00000,-0.121,-0.009,0
32.6540,-0.00559,-0.02743,-0.00115,0.00000,0.00000,-0.122,-0.009,0
32.7040,-0.00559,-0.02745,-0.00115,0.00000,0.00000,-0.122,-0.009,0
32.7540,-0.00559,-0.02746,-0.00115,0.00000,0.00000,-0.122,-0.009,0
32.8040,-0.00559,-0.02747,-0.00115,0.00000,0.00000,-0.122,-0.009,0
32.8540,-0.00559,-0.02746,-0.00115,0.00000,0.00000,-0.122,-0.009,0
32.9040,-0.00559,-0.02746,-0.00115,0.00000,0.00000,-0.122,-0.009,0
32.9540,-0.00559,-0.02745,-0.00115,0.00000,0.00000,-0.122,-0.009,0
33.0040,-0.00559,-0.02745,-0.00115,0.00000,0.00000,-0.122,-0.009,0
33.0540,-0.00559,-0.02746,-0.00115,0.00000,0.00000,-0.122,-0.009,0
33.1040,-0.00559,-0.02748,-0.00115,0.00000,0.00000,-0.122,-0.009,0
33.1540,-0.00559,-0.02748,-0.00115,0.00000,0.00000,-0.122,-0.009,0
33.2040,-0.00559,-0.02747,-0.00115,0.00000,0.00000,-0.122,-0.009,0
33.2540,-0.00559,-0.02747,-0.00115,0.00000,0.00000,-0.122,-0.009,0
33.3040,-0.00559,-0.02748,-0.00115,0.00000,0.00000,-0.122,-0.009,0
33.3540,-0.00559,-0.02748,-0.00115,0.00000,0.00000,-0.122,-0.009,0
33.4040,-0.00559,-0.02750,-0.00115,0.00000,0.00000,-0.122,-0.009,0
33.4540,-0.00560,-0.02751,-0.00115,0.00000,0.00000,-0.122,-0.009,0
33.5040,-0.00560,-0.02754,-0.00115,0.00000,0.00000,-0.122,-0.009,0
33.5540,-0.00561,-0.02756,-0.00115,0.00000,0.00000,-0.122,-0.009,0
33.6040,-0.00561,-0.02757,-0.00115,0.00000,0.00000,-0.122,-0.009,0
33.6540,-0.00561,-0.02758,-0.00115,0.00000,0.00000,-0.122,-0.009,0
33.7040,-0.00561,-0.02758,-0.00115,0.00000,0.00000,-0.122,-0.009,0
33.7540,-0.00561,-0.02758,-0.00115,0.00000,0.00000,-0.122,-0.009,0
33.8040,-0.00560,-0.02756,-0.00115,0.00000,0.00000,-0.122,-0.009,0
33.8540,-0.00560,-0.02755,-0.00115,0.00000,0.00000,-0.122,-0.009,0
33.9040,-0.00560,-0.02755,-0.00115,0.00000,0.00000,-0.122,-0.009,0
33.9540,-0.00560,-0.02754,-0.00115,0.00000,0.00000,-0.122,-0.009,0
34.0040,-0.00559,-0.02753,-0.00115,0.00000,0.00000,-0.122,-0.009,0
34.0540,-0.00559,-0.02752,-0.00115,0.00000,0.00000,-0.122,-0.009,0
34.1040,-0.00559,-0.02752,-0.00115,0.00000,0.00000,-0.122,-0.009,0
34.1540,-0.00559,-0.02753,-0.00115,0.00000,0.00000,-0.122,-0.009,0
34.2040,-0.00560,-0.02755,-0.00115,0.00000,0.00000,-0.122,-0.009,0
34.2540,-0.00560,-0.02758,-0.00115,0.00000,0.00000,-0.122,-0.009,0
34.3040,-0.00561,-0.02760,-0.00115,0.00000,0.00000,-0.122,-0.009,0
34.3540,-0.00561,-0.02762,-0.00115,0.00000,0.00000,-0.122,-0.009,0
34.4040,-0.00562,-0.02762,-0.00115,0.00000,0.00000,-0.123,-0.009,0
34.4540,-0.00561,-0.02762,-0.00115,0.00000,0.00000,-0.123,-0.009,0
34.5040,-0.00561,-0.02761,-0.00115,0.00000,0.00000,-0.122,-0.009,0
34.5540,-0.00561,-0.02760,-0.00115,0.00000,0.00000,-0.122,-0.009,0
34.6040,-0.00560,-0.02758,-0.00115,0.00000,0.00000,-0.122,-0.009,0
34.6540,-0.00560,-0.02757,-0.00115,0.00000,0.00000,-0.122,-0.009,0
34.7040,-0.00560,-0.02755,-0.00115,0.00000,0.00000,-0.122,-0.009,0
34.7540,-0.00559,-0.02753,-0.00115,0.00000,0.00000,-0.122,-0.009,0
34.8040,-0.00559,-0.02751,-0.00115,0.00000,0.00000,-0.122,-0.009,0
34.8540,-0.00558,-0.02749,-0.00115,0.00000,0.00000,-0.122,-0.009,0
34.9040,-0.00558,-0.02747,-0.00115,0.00000,0.00000,-0.122,-0.009,0
34.9540,-0.00557,-0.02744,-0.00115,0.00000,0.00000,-0.122,-0.009,0
35.0040,-0.00556,-0.02740,-0.00115,0.00000,0.00000,-0.122,-0.009,0
35.0540,-0.00555,-0.02736,-0.00115,0.00000,0.00000,-0.122,-0.009,0
35.1040,-0.00554,-0.02733,-0.00115,0.00000,0.00000,-0.121,-0.009,0
35.1540,-0.00554,-0.02730,-0.00115,0.00000,0.00000,-0.121,-0.009,0
35.2040,-0.00554,-0.02728,-0.00115,0.00000,0.00000,-0.121,-0.009,0
35.2540,-0.00553,-0.02727,-0.00115,0.00000,0.00000,-0.121,-0.009,0
35.3040,-0.00553,-0.02725,-0.00115,0.00000,0.00000,-0.121,-0.009,0
35.3540,-0.00553,-0.02723,-0.00115,0.00000,0.00000,-0.121,-0.009,0
35.4040,-0.00552,-0.02722,-0.00115,0.00000,0.00000,-0.121,-0.009,0
35.4540,-0.00553,-0.02722,-0.00115,0.00000,0.00000,-0.121,-0.009,0
35.5040,-0.00553,-0.02723,-0.00115,0.00000,0.00000,-0.121,-0.009,0
35.5540,-0.00553,-0.02724,-0.00115,0.00000,0.00000,-0.121,-0.009,0
35.6040,-0.00554,-0.02726,-0.00115,0.00000,0.00000,-0.121,-0.009,0
35.6540,-0.00554,-0.02727,-0.00115,0.00000,0.00000,-0.121,-0.009,0
35.7040,-0.00555,-0.02730,-0.00115,0.00000,0.00000,-0.121,-0.009,0
35.7540,-0.00555,-0.02731,-0.00115,0.00000,0.00000,-0.121,-0.009,0
35.8040,-0.00556,-0.02732,-0.00115,0.00000,0.00000,-0.121,-0.009,0
35.8540,-0.00556,-0.02734,-0.00115,0.00000,0.00000,-0.121,-0.009,0
35.9040,-0.00557,-0.02736,-0.00115,0.00000,0.00000,-0.121,-0.009,0
35.9540,-0.00557,-0.02738,-0.00115,0.00000,0.00000,-0.121,-0.009,0
36.0040,-0.00558,-0.02741,-0.00115,0.00000,0.00000,-0.121,-0.009,0
36.0540,-0.00558,-0.02744,-0.00115,0.00000,0.00000,-0.122,-0.009,0
36.1040,-0.00559,-0.02746,-0.00115,0.00000,0.00000,-0.122,-0.009,0
36.1540,-0.00559,-0.02748,-0.00115,0.00000,0.00000,-0.122,-0.009,0
36.2040,-0.00559,-0.02748,-0.00115,0.00000,0.00000,-0.122,-0.009,0
36.2540,-0.00560,-0.02750,-0.00115,0.00000,0.00000,-0.122,-0.009,0
36.3040,-0.00560,-0.02750,-0.00115,0.00000,0.00000,-0.122,-0.009,0
36.3540,-0.00560,-0.02752,-0.00115,0.00000,0.00000,-0.122,-0.009,0
36.4040,-0.00560,-0.02753,-0.00115,0.00000,0.00000,-0.122,-0.009,0
36.4540,-0.00561,-0.02755,-0.00115,0.00000,0.00000,-0.122,-0.009,0
36.5040,-0.00561,-0.02756,-0.00115,0.00000,0.00000,-0.122,-0.009,0
36.5540,-0.00561,-0.02756,-0.00115,0.00000,0.00000,-0.122,-0.009,0
36.6040,-0.00561,-0.02758,-0.00115,0.00000,0.00000,-0.122,-0.009,0
36.6540,-0.00562,-0.02760,-0.00115,0.00000,0.00000,-0.122,-0.009,0
36.7040,-0.00562,-0.02763,-0.00115,0.00000,0.00000,-0.122,-0.009,0
36.7540,-0.00563,-0.02766,-0.00115,0.00000,0.00000,-0.123,-0.009,0
36.8040,-0.00563,-0.02768,-0.00115,0.00000,0.00000,-0.123,-0.009,0
36.8540,-0.00564,-0.02772,-0.00115,0.00000,0.00000,-0.123,-0.009,0
36.9040,-0.00565,-0.02776,-0.00115,0.00000,0.00000,-0.123,-0.009,0
36.9540,-0.00566,-0.02779,-0.00115,0.00000,0.00000,-0.123,-0.009,0
37.0040,-0.00567,-0.02784,-0.00115,0.00000,0.00000,-0.123,-0.009,0
37.0540,-0.00568,-0.02789,-0.00115,0.00000,0.00000,-0.124,-0.009,0
37.1040,-0.00569,-0.02794,-0.00115,0.00000,0.00000,-0.124,-0.009,0
37.1540,-0.00570,-0.02799,-0.00115,0.00000,0.00000,-0.124,-0.009,0
37.2040,-0.00570,-0.02802,-0.00115,0.00000,0.00000,-0.124,-0.009,0
37.2540,-0.00571,-0.02805,-0.00115,0.00000,0.00000,-0.124,-0.009,0
37.3040,-0.00571,-0.02807,-0.00115,0.00000,0.00000,-0.125,-0.009,0
37.3540,-0.00571,-0.02808,-0.00115,0.00000,0.00000,-0.125,-0.009,0
37.4040,-0.00572,-0.02810,-0.00115,0.00000,0.00000,-0.125,-0.009,0
37.4540,-0.00572,-0.02811,-0.00115,0.00000,0.00000,-0.125,-0.009,0
37.5040,-0.00572,-0.02812,-0.00115,0.00000,0.00000,-0.125,-0.009,0
37.5540,-0.00572,-0.02814,-0.00115,0.00000,0.00000,-0.125,-0.009,0
37.6040,-0.00572,-0.02816,-0.00115,0.00000,0.00000,-0.125,-0.009,0
37.6540,-0.00573,-0.02819,-0.00115,0.00000,0.00000,-0.125,-0.009,0
37.7040,-0.00574,-0.02824,-0.00115,0.00000,0.00000,-0.126,-0.009,0
37.7540,-0.00575,-0.02827,-0.00115,0.00000,0.00000,-0.126,-0.009,0
37.8040,-0.00575,-0.02828,-0.00115,0.00000,0.00000,-0.126,-0.009,0
37.8540,-0.00575,-0.02831,-0.00115,0.00000,0.00000,-0.126,-0.009,0
37.9040,-0.00576,-0.02833,-0.00115,0.00000,0.00000,-0.126,-0.009,0
37.9540,-0.00576,-0.02835,-0.00115,0.00000,0.00000,-0.126,-0.009,0
38.0040,-0.00576,-0.02837,-0.00115,0.00000,0.00000,-0.126,-0.009,0
38.0540,-0.00576,-0.02837,-0.00115,0.00000,0.00000,-0.127,-0.009,0
38.1040,-0.00576,-0.02837,-0.00115,0.00000,0.00000,-0.127,-0.009,0
38.1540,-0.00576,-0.02837,-0.00115,0.00000,0.00000,-0.127,-0.009,0
38.2040,-0.00575,-0.02835,-0.00115,0.00000,0.00000,-0.127,-0.009,0
38.2540,-0.00575,-0.02834,-0.00115,0.00000,0.00000,-0.127,-0.009,0
38.3040,-0.00575,-0.02833,-0.00115,0.00000,0.00000,-0.127,-0.009,0
38.3540,-0.00574,-0.02832,-0.00115,0.00000,0.00000,-0.127,-0.009,0
38.4040,-0.00574,-0.02831,-0.00115,0.00000,0.00000,-0.127,-0.009,0
38.4540,-0.00573,-0.02829,-0.00115,0.00000,0.00000,-0.127,-0.009,0
38.5040,-0.00573,-0.02828,-0.00115,0.00000,0.00000,-0.126,-0.009,0
38.5540,-0.00572,-0.02826,-0.00115,0.00000,0.00000,-0.126,-0.009,0
38.6040,-0.00572,-0.02825,-0.00115,0.00000,0.00000,-0.126,-0.009,0
38.6540,-0.00572,-0.02823,-0.00115,0.00000,0.00000,-0.126,-0.009,0
38.7040,-0.00571,-0.02821,-0.00115,0.00000,0.00000,-0.126,-0.009,0
38.7540,-0.00571,-0.02820,-0.00115,0.00000,0.00000,-0.126,-0.009,0
38.8040,-0.00570,-0.02818,-0.00115,0.00000,0.00000,-0.126,-0.009,0
38.8540,-0.00570,-0.02815,-0.00115,0.00000,0.00000,-0.126,-0.009,0
38.9040,-0.00570,-0.02815,-0.00115,0.00000,0.00000,-0.126,-0.009,0
38.9540,-0.00570,-0.02814,-0.00115,0.00000,0.00000,-0.126,-0.009,0
39.0040,-0.00569,-0.02813,-0.00115,0.00000,0.00000,-0.126,-0.009,0
39.0540,-0.00570,-0.02813,-0.00115,0.00000,0.00000,-0.126,-0.009,0
39.1040,-0.00570,-0.02814,-0.00115,0.00000,0.00000,-0.126,-0.009,0
39.1540,-0.00570,-0.02814,-0.00115,0.00000,0.00000,-0.126,-0.009,0
39.2040,-0.00570,-0.02814,-0.00115,0.00000,0.00000,-0.126,-0.009,0
39.2540,-0.00570,-0.02813,-0.00115,0.00000,0.00000,-0.126,-0.009,0
39.3040,-0.00569,-0.02812,-0.00115,0.00000,0.00000,-0.126,-0.009,0
39.3540,-0.00569,-0.02811,-0.00115,0.00000,0.00000,-0.126,-0.009,0
39.4040,-0.00569,-0.02808,-0.00115,0.00000,0.00000,-0.126,-0.009,0
39.4540,-0.00568,-0.02805,-0.00115,0.00000,0.00000,-0.126,-0.009,0
39.5040,-0.00567,-0.02802,-0.00115,0.00000,0.00000,-0.126,-0.009,0
39.5540,-0.00567,-0.02800,-0.00115,0.00000,0.00000,-0.125,-0.009,0
39.6040,-0.00566,-0.02797,-0.00115,0.00000,0.00000,-0.125,-0.009,0
39.6540,-0.00565,-0.02792,-0.00115,0.00000,0.00000,-0.125,-0.009,0
39.7040,-0.00564,-0.02788,-0.00115,0.00000,0.00000,-0.125,-0.009,0
39.7540,-0.00563,-0.02784,-0.00115,0.00000,0.00000,-0.125,-0.009,0
39.8040,-0.00563,-0.02780,-0.00115,0.00000,0.00000,-0.125,-0.009,0
39.8540,-0.00562,-0.02776,-0.00115,0.00000,0.00000,-0.124,-0.009,0
39.9040,-0.00561,-0.02771,-0.00115,0.00000,0.00000,-0.124,-0.009,0
39.9540,-0.00560,-0.02766,-0.00115,0.00000,0.00000,-0.124,-0.009,0
40.0040,-0.00559,-0.02761,-0.00115,0.00000,0.00000,-0.124,-0.009,0
40.0540,-0.00558,-0.02758,-0.00115,0.00000,0.00000,-0.123,-0.009,0
40.1040,-0.00558,-0.02756,-0.00115,0.00000,0.00000,-0.123,-0.009,0
40.1540,-0.00558,-0.02755,-0.00115,0.00000,0.00000,-0.123,-0.009,0
40.2040,-0.00558,-0.02754,-0.00115,0.00000,0.00000,-0.123,-0.009,0
40.2540,-0.00558,-0.02754,-0.00115,0.00000,0.00000,-0.123,-0.009,0
40.3040,-0.00558,-0.02753,-0.00115,0.00000,0.00000,-0.123,-0.009,0
40.3540,-0.00557,-0.02750,-0.00115,0.00000,0.00000,-0.123,-0.009,0
40.4040,-0.00557,-0.02748,-0.00115,0.00000,0.00000,-0.123,-0.009,0
40.4540,-0.00557,-0.02747,-0.00115,0.00000,0.00000,-0.123,-0.009,0
40.5040,-0.00556,-0.02745,-0.00115,0.00000,0.00000,-0.123,-0.009,0
40.5540,-0.00556,-0.02743,-0.00115,0.00000,0.00000,-0.122,-0.009,0
40.6040,-0.00556,-0.02743,-0.00115,0.00000,0.00000,-0.122,-0.009,0
40.6540,-0.00556,-0.02743,-0.00115,0.00000,0.00000,-0.122,-0.009,0
40.7040,-0.00557,-0.02743,-0.00115,0.00000,0.00000,-0.122,-0.009,0
40.7540,-0.00557,-0.02745,-0.00115,0.00000,0.00000,-0.122,-0.009,0
40.8040,-0.00558,-0.02748,-0.00115,0.00000,0.00000,-0.122,-0.009,0
40.8540,-0.00558,-0.02749,-0.00115,0.00000,0.00000,-0.123,-0.009,0
40.9040,-0.00558,-0.02749,-0.00115,0.00000,0.00000,-0.123,-0.009,0
40.9540,-0.00558,-0.02748,-0.00115,0.00000,0.00000,-0.122,-0.009,0
41.0040,-0.00558,-0.02746,-0.00115,0.00000,0.00000,-0.122,-0.009,0
41.0540,-0.00558,-0.02745,-0.00115,0.00000,0.00000,-0.122,-0.009,0
41.1040,-0.00557,-0.02744,-0.00115,0.00000,0.00000,-0.122,-0.009,0
41.1540,-0.00557,-0.02744,-0.00115,0.00000,0.00000,-0.122,-0.009,0
41.2040,-0.00557,-0.02743,-0.00115,0.00000,0.00000,-0.122,-0.009,0
41.2540,-0.00557,-0.02743,-0.00115,0.00000,0.00000,-0.122,-0.009,0
41.3040,-0.00557,-0.02743,-0.00115,0.00000,0.00000,-0.122,-0.009,0
41.3540,-0.00558,-0.02743,-0.00115,0.00000,0.00000,-0.122,-0.009,0
41.4040,-0.00557,-0.02742,-0.00115,0.00000,0.00000,-0.122,-0.009,0
41.4540,-0.00557,-0.02740,-0.00115,0.00000,0.00000,-0.122,-0.009,0
41.5040,-0.00557,-0.02739,-0.00115,0.00000,0.00000,-0.122,-0.009,0
41.5540,-0.00556,-0.02738,-0.00115,0.00000,0.00000,-0.122,-0.009,0
41.6040,-0.00556,-0.02736,-0.00115,0.00000,0.00000,-0.122,-0.009,0
41.6540,-0.00555,-0.02734,-0.00115,0.00000,0.00000,-0.121,-0.009,0
41.7040,-0.00555,-0.02731,-0.00115,0.00000,0.00000,-0.121,-0.009,0
41.7540,-0.00555,-0.02730,-0.00115,0.00000,0.00000,-0.121,-0.009,0
41.8040,-0.00554,-0.02729,-0.00115,0.00000,0.00000,-0.121,-0.009,0
41.8540,-0.00554,-0.02728,-0.00115,0.00000,0.00000,-0.121,-0.009,0
41.9040,-0.00554,-0.02728,-0.00115,0.00000,0.00000,-0.121,-0.009,0
41.9540,-0.00554,-0.02726,-0.00115,0.00000,0.00000,-0.121,-0.009,0
42.0040,-0.00554,-0.02725,-0.00115,0.00000,0.00000,-0.121,-0.009,0
42.0540,-0.00553,-0.02724,-0.00115,0.00000,0.00000,-0.121,-0.009,0
42.1040,-0.00553,-0.02723,-0.00115,0.00000,0.00000,-0.121,-0.009,0
42.1540,-0.00553,-0.02723,-0.00115,0.00000,0.00000,-0.121,-0.009,0
42.2040,-0.00553,-0.02723,-0.00115,0.00000,0.00000,-0.121,-0.009,0
42.2540,-0.00553,-0.02722,-0.00115,0.00000,0.00000,-0.121,-0.009,0
42.3040,-0.00553,-0.02722,-0.00115,0.00000,0.00000,-0.121,-0.009,0
42.3540,-0.00553,-0.02721,-0.00115,0.00000,0.00000,-0.121,-0.009,0
42.4040,-0.00553,-0.02719,-0.00115,0.00000,0.00000,-0.121,-0.009,0
42.4540,-0.00552,-0.02717,-0.00115,0.00000,0.00000,-0.120,-0.009,0
42.5040,-0.00552,-0.02715,-0.00115,0.00000,0.00000,-0.120,-0.009,0
42.5540,-0.00552,-0.02714,-0.00115,0.00000,0.00000,-0.120,-0.009,0
42.6040,-0.00551,-0.02712,-0.00115,0.00000,0.00000,-0.120,-0.009,0
42.6540,-0.00551,-0.02710,-0.00115,0.00000,0.00000,-0.120,-0.009,0
42.7040,-0.00551,-0.02709,-0.00115,0.00000,0.00000,-0.120,-0.009,0
42.7540,-0.00551,-0.02709,-0.00115,0.00000,0.00000,-0.120,-0.009,0
42.8040,-0.00551,-0.02708,-0.00115,0.00000,0.00000,-0.120,-0.009,0
42.8540,-0.00551,-0.02708,-0.00115,0.00000,0.00000,-0.120,-0.009,0
42.9040,-0.00551,-0.02708,-0.00115,0.00000,0.00000,-0.120,-0.009,0
42.9540,-0.00551,-0.02707,-0.00115,0.00000,0.00000,-0.120,-0.009,0
43.0040,-0.00550,-0.02706,-0.00115,0.00000,0.00000,-0.120,-0.009,0
43.0540,-0.00551,-0.02707,-0.00115,0.00000,0.00000,-0.120,-0.009,0
43.1040,-0.00551,-0.02708,-0.00115,0.00000,0.00000,-0.120,-0.009,0
43.1540,-0.00551,-0.02708,-0.00115,0.00000,0.00000,-0.120,-0.009,0
43.2040,-0.00551,-0.02707,-0.00115,0.00000,0.00000,-0.120,-0.009,0
43.2540,-0.00551,-0.02707,-0.00115,0.00000,0.00000,-0.120,-0.009,0
43.3040,-0.00551,-0.02706,-0.00115,0.00000,0.00000,-0.120,-0.009,0
43.3540,-0.00551,-0.02706,-0.00115,0.00000,0.00000,-0.120,-0.009,0
43.4040,-0.00551,-0.02705,-0.00115,0.00000,0.00000,-0.120,-0.009,0
43.4540,-0.00550,-0.02705,-0.00115,0.00000,0.00000,-0.119,-0.009,0
43.5040,-0.00550,-0.02705,-0.00115,0.00000,0.00000,-0.119,-0.009,0
43.5540,-0.00550,-0.02704,-0.00115,0.00000,0.00000,-0.119,-0.009,0
43.6040,-0.00550,-0.02704,-0.00115,0.00000,0.00000,-0.119,-0.009,0
43.6540,-0.00550,-0.02704,-0.00115,0.00000,0.00000,-0.119,-0.009,0
43.7040,-0.00550,-0.02705,-0.00115,0.00000,0.00000,-0.119,-0.009,0
43.7540,-0.00551,-0.02706,-0.00115,0.00000,0.00000,-0.119,-0.009,0
43.8040,-0.00551,-0.02706,-0.00115,0.00000,0.00000,-0.119,-0.009,0
43.8540,-0.00551,-0.02706,-0.00115,0.00000,0.00000,-0.119,-0.009,0
43.9040,-0.00551,-0.02705,-0.00115,0.00000,0.00000,-0.119,-0.009,0
43.9540,-0.00551,-0.02705,-0.00115,0.00000,0.00000,-0.119,-0.009,0
44.0040,-0.00551,-0.02705,-0.00115,0.00000,0.00000,-0.119,-0.009,0
44.0540,-0.00551,-0.02706,-0.00115,0.00000,0.00000,-0.119,-0.009,0
44.1040,-0.00551,-0.02706,-0.00115,0.00000,0.00000,-0.119,-0.009,0
44.1540,-0.00551,-0.02706,-0.00115,0.00000,0.00000,-0.119,-0.009,0
44.2040,-0.00551,-0.02705,-0.00115,0.00000,0.00000,-0.119,-0.009,0
44.2540,-0.00551,-0.02706,-0.00115,0.00000,0.00000,-0.119,-0.009,0
44.3040,-0.00551,-0.02706,-0.00115,0.00000,0.00000,-0.119,-0.009,0
44.3540,-0.00551,-0.02707,-0.00115,0.00000,0.00000,-0.119,-0.009,0
44.4040,-0.00551,-0.02707,-0.00115,0.00000,0.00000,-0.119,-0.009,0
44.4540,-0.00551,-0.02708,-0.00115,0.00000,0.00000,-0.119,-0.009,0
44.5040,-0.00552,-0.02710,-0.00115,0.00000,0.00000,-0.120,-0.009,0
44.5540,-0.00552,-0.02711,-0.00115,0.00000,0.00000,-0.120,-0.009,0
44.6040,-0.00552,-0.02713,-0.00115,0.00000,0.00000,-0.120,-0.009,0
44.6540,-0.00553,-0.02714,-0.00115,0.00000,0.00000,-0.120,-0.009,0
44.7040,-0.00553,-0.02716,-0.00115,0.00000,0.00000,-0.120,-0.009,0
44.7540,-0.00554,-0.02718,-0.00115,0.00000,0.00000,-0.120,-0.009,0
44.8040,-0.00554,-0.02720,-0.00115,0.00000,0.00000,-0.120,-0.009,0
44.8540,-0.00554,-0.02721,-0.00115,0.00000,0.00000,-0.120,-0.009,0
44.9040,-0.00554,-0.02722,-0.00115,0.00000,0.00000,-0.120,-0.009,0
44.9540,-0.00554,-0.02722,-0.00115,0.00000,0.00000,-0.120,-0.009,0
45.0040,-0.00554,-0.02721,-0.00115,0.00000,0.00000,-0.120,-0.009,0
45.0540,-0.00554,-0.02719,-0.00115,0.00000,0.00000,-0.120,-0.009,0
45.1040,-0.00554,-0.02720,-0.00115,0.00000,0.00000,-0.120,-0.009,0
45.1540,-0.00554,-0.02721,-0.00115,0.00000,0.00000,-0.120,-0.009,0
45.2040,-0.00554,-0.02721,-0.00115,0.00000,0.00000,-0.120,-0.009,0
45.2540,-0.00554,-0.02721,-0.00115,0.00000,0.00000,-0.120,-0.009,0
45.3040,-0.00554,-0.02722,-0.00115,0.00000,0.00000,-0.120,-0.009,0
45.3540,-0.00554,-0.02723,-0.00115,0.00000,0.00000,-0.120,-0.009,0
45.4040,-0.00554,-0.02723,-0.00115,0.00000,0.00000,-0.120,-0.009,0
45.4540,-0.00554,-0.02724,-0.00115,0.00000,0.00000,-0.120,-0.009,0
45.5040,-0.00555,-0.02725,-0.00115,0.00000,0.00000,-0.120,-0.009,0
45.5540,-0.00555,-0.02725,-0.00115,0.00000,0.00000,-0.120,-0.009,0
45.6040,-0.00555,-0.02726,-0.00115,0.00000,0.00000,-0.120,-0.009,0
45.6540,-0.00555,-0.02727,-0.00115,0.00000,0.00000,-0.120,-0.009,0
45.7040,-0.00555,-0.02727,-0.00115,0.00000,0.00000,-0.120,-0.009,0
45.7540,-0.00555,-0.02726,-0.00115,0.00000,0.00000,-0.120,-0.009,0
45.8040,-0.00554,-0.02725,-0.00115,0.00000,0.00000,-0.120,-0.009,0
45.8540,-0.00554,-0.02724,-0.00115,0.00000,0.00000,-0.120,-0.009,0
45.9040,-0.00554,-0.02722,-0.00115,0.00000,0.00000,-0.120,-0.009,0
45.9540,-0.00554,-0.02722,-0.00115,0.00000,0.00000,-0.120,-0.009,0
46.0040,-0.00553,-0.02721,-0.00115,0.00000,0.00000,-0.120,-0.009,0
46.0540,-0.00553,-0.02721,-0.00115,0.00000,0.00000,-0.120,-0.009,0
46.1040,-0.00554,-0.02722,-0.00115,0.00000,0.00000,-0.120,-0.009,0
46.1540,-0.00554,-0.02722,-0.00115,0.00000,0.00000,-0.120,-0.009,0
46.2040,-0.00554,-0.02722,-0.00115,0.00000,0.00000,-0.120,-0.009,0
46.2540,-0.00554,-0.02722,-0.00115,0.00000,0.00000,-0.120,-0.009,0
46.3040,-0.00554,-0.02722,-0.00115,0.00000,0.00000,-0.120,-0.009,0
46.3540,-0.00554,-0.02722,-0.00115,0.00000,0.00000,-0.120,-0.009,0
46.4040,-0.00554,-0.02723,-0.00115,0.00000,0.00000,-0.120,-0.009,0
46.4540,-0.00554,-0.02724,-0.00115,0.00000,0.00000,-0.120,-0.009,0
46.5040,-0.00554,-0.02724,-0.00115,0.00000,0.00000,-0.120,-0.009,0
46.5540,-0.00554,-0.02724,-0.00115,0.00000,0.00000,-0.120,-0.009,0
46.6040,-0.00554,-0.02725,-0.00115,0.00000,0.00000,-0.120,-0.009,0
46.6540,-0.00554,-0.02725,-0.00115,0.00000,0.00000,-0.120,-0.009,0
46.7040,-0.00555,-0.02727,-0.00115,0.00000,0.00000,-0.120,-0.009,0
46.7540,-0.00555,-0.02727,-0.00115,0.00000,0.00000,-0.120,-0.009,0
46.8040,-0.00555,-0.02727,-0.00115,0.00000,0.00000,-0.120,-0.009,0
46.8540,-0.00555,-0.02726,-0.00115,0.00000,0.00000,-0.120,-0.009,0
46.9040,-0.00555,-0.02727,-0.00115,0.00000,0.00000,-0.120,-0.009,0
46.9540,-0.00555,-0.02727,-0.00115,0.00000,0.00000,-0.120,-0.009,0
47.0040,-0.00555,-0.02727,-0.00115,0.00000,0.00000,-0.120,-0.009,0
47.0540,-0.00555,-0.02729,-0.00115,0.00000,0.00000,-0.121,-0.009,0
47.1040,-0.00556,-0.02731,-0.00115,0.00000,0.00000,-0.121,-0.009,0
47.1540,-0.00556,-0.02732,-0.00115,0.00000,0.00000,-0.121,-0.009,0
47.2040,-0.00556,-0.02733,-0.00115,0.00000,0.00000,-0.121,-0.009,0
47.2540,-0.00556,-0.02733,-0.00115,0.00000,0.00000,-0.121,-0.009,0
47.3040,-0.00556,-0.02732,-0.00115,0.00000,0.00000,-0.121,-0.009,0
47.3540,-0.00555,-0.02730,-0.00115,0.00000,0.00000,-0.121,-0.009,0
47.4040,-0.00555,-0.02728,-0.00115,0.00000,0.00000,-0.121,-0.009,0
47.4540,-0.00555,-0.02728,-0.00115,0.00000,0.00000,-0.121,-0.009,0
47.5040,-0.00555,-0.02728,-0.00115,0.00000,0.00000,-0.121,-0.009,0
47.5540,-0.00555,-0.02729,-0.00115,0.00000,0.00000,-0.121,-0.009,0
47.6040,-0.00555,-0.02730,-0.00115,0.00000,0.00000,-0.121,-0.009,0
47.6540,-0.00555,-0.02731,-0.00115,0.00000,0.00000,-0.121,-0.009,0
47.7040,-0.00556,-0.02732,-0.00115,0.00000,0.00000,-0.121,-0.009,0
47.7540,-0.00556,-0.02733,-0.00115,0.00000,0.00000,-0.121,-0.009,0
47.8040,-0.00556,-0.02733,-0.00115,0.00000,0.00000,-0.121,-0.009,0
47.8540,-0.00556,-0.02734,-0.00115,0.00000,0.00000,-0.121,-0.009,0
47.9040,-0.00556,-0.02735,-0.00115,0.00000,0.00000,-0.121,-0.009,0
47.9540,-0.00556,-0.02734,-0.00115,0.00000,0.00000,-0.121,-0.009,0
48.0040,-0.00556,-0.02733,-0.00115,0.00000,0.00000,-0.121,-0.009,0
48.0540,-0.00556,-0.02733,-0.00115,0.00000,0.00000,-0.121,-0.009,0
48.1040,-0.00556,-0.02732,-0.00115,0.00000,0.00000,-0.121,-0.009,0
48.1540,-0.00555,-0.02731,-0.00115,0.00000,0.00000,-0.121,-0.009,0
48.2040,-0.00555,-0.02730,-0.00115,0.00000,0.00000,-0.121,-0.009,0
48.2540,-0.00555,-0.02730,-0.00115,0.00000,0.00000,-0.121,-0.009,0
48.3040,-0.00555,-0.02730,-0.00115,0.00000,0.00000,-0.121,-0.009,0
48.3540,-0.00555,-0.02730,-0.00115,0.00000,0.00000,-0.121,-0.009,0
48.4040,-0.00555,-0.02731,-0.00115,0.00000,0.00000,-0.121,-0.009,0
48.4540,-0.00556,-0.02733,-0.00115,0.00000,0.00000,-0.121,-0.009,0
48.5040,-0.00556,-0.02734,-0.00115,0.00000,0.00000,-0.121,-0.009,0
48.5540,-0.00556,-0.02736,-0.00115,0.00000,0.00000,-0.121,-0.009,0
48.6040,-0.00557,-0.02737,-0.00115,0.00000,0.00000,-0.121,-0.009,0
48.6540,-0.00557,-0.02740,-0.00115,0.00000,0.00000,-0.121,-0.009,0
48.7040,-0.00558,-0.02743,-0.00115,0.00000,0.00000,-0.121,-0.009,0
48.7540,-0.00559,-0.02746,-0.00115,0.00000,0.00000,-0.121,-0.009,0
48.8040,-0.00560,-0.02750,-0.00115,0.00000,0.00000,-0.122,-0.009,0
48.8540,-0.00561,-0.02754,-0.00115,0.00000,0.00000,-0.122,-0.009,0
48.9040,-0.00561,-0.02758,-0.00115,0.00000,0.00000,-0.122,-0.009,0
48.9540,-0.00562,-0.02760,-0.00115,0.00000,0.00000,-0.122,-0.009,0
49.0040,-0.00562,-0.02762,-0.00115,0.00000,0.00000,-0.122,-0.009,0
49.0540,-0.00562,-0.02762,-0.00115,0.00000,0.00000,-0.122,-0.009,0
49.1040,-0.00562,-0.02763,-0.00115,0.00000,0.00000,-0.122,-0.009,0
49.1540,-0.00562,-0.02763,-0.00115,0.00000,0.00000,-0.122,-0.009,0
49.2040,-0.00562,-0.02762,-0.00115,0.00000,0.00000,-0.122,-0.009,0
49.2540,-0.00562,-0.02762,-0.00115,0.00000,0.00000,-0.122,-0.009,0
49.3040,-0.00562,-0.02762,-0.00115,0.00000,0.00000,-0.122,-0.009,0
49.3540,-0.00562,-0.02762,-0.00115,0.00000,0.00000,-0.122,-0.009,0
49.4040,-0.00562,-0.02763,-0.00115,0.00000,0.00000,-0.122,-0.009,0
49.4540,-0.00562,-0.02763,-0.00115,0.00000,0.00000,-0.122,-0.009,0
49.5040,-0.00562,-0.02764,-0.00115,0.00000,0.00000,-0.123,-0.009,0
49.5540,-0.00562,-0.02766,-0.00115,0.00000,0.00000,-0.123,-0.009,0
49.6040,-0.00563,-0.02769,-0.00115,0.00000,0.00000,-0.123,-0.009,0
49.6540,-0.00563,-0.02771,-0.00115,0.00000,0.00000,-0.123,-0.009,0
49.7040,-0.00564,-0.02774,-0.00115,0.00000,0.00000,-0.123,-0.009,0
49.7540,-0.00565,-0.02776,-0.00115,0.00000,0.00000,-0.123,-0.009,0
49.8040,-0.00565,-0.02778,-0.00115,0.00000,0.00000,-0.123,-0.009,0
49.8540,-0.00565,-0.02779,-0.00115,0.00000,0.00000,-0.123,-0.009,0
49.9040,-0.00565,-0.02781,-0.00115,0.00000,0.00000,-0.123,-0.009,0
49.9540,-0.00566,-0.02782,-0.00115,0.00000,0.00000,-0.124,-0.009,0
50.0040,-0.00566,-0.02784,-0.00115,0.00000,0.00000,-0.124,-0.009,0
50.0540,-0.00566,-0.02785,-0.00115,0.00000,0.00000,-0.124,-0.009,0
50.1040,-0.00566,-0.02786,-0.00115,0.00000,0.00000,-0.124,-0.009,0
50.1540,-0.00567,-0.02788,-0.00115,0.00000,0.00000,-0.124,-0.009,0
50.2040,-0.00567,-0.02790,-0.00115,0.00000,0.00000,-0.124,-0.009,0
50.2540,-0.00568,-0.02793,-0.00115,0.00000,0.00000,-0.124,-0.009,0
50.3040,-0.00568,-0.02796,-0.00115,0.00000,0.00000,-0.124,-0.009,0
50.3540,-0.00569,-0.02799,-0.00115,0.00000,0.00000,-0.124,-0.009,0
50.4040,-0.00569,-0.02801,-0.00115,0.00000,0.00000,-0.125,-0.009,0
50.4540,-0.00569,-0.02801,-0.00115,0.00000,0.00000,-0.125,-0.009,0
50.5040,-0.00569,-0.02802,-0.00115,0.00000,0.00000,-0.125,-0.009,0
50.5540,-0.00569,-0.02801,-0.00115,0.00000,0.00000,-0.125,-0.009,0
50.6040,-0.00569,-0.02801,-0.00115,0.00000,0.00000,-0.125,-0.009,0
50.6540,-0.00569,-0.02801,-0.00115,0.00000,0.00000,-0.125,-0.009,0
50.7040,-0.00569,-0.02800,-0.00115,0.00000,0.00000,-0.125,-0.009,0
50.7540,-0.00568,-0.02800,-0.00115,0.00000,0.00000,-0.125,-0.009,0
50.8040,-0.00568,-0.02799,-0.00115,0.00000,0.00000,-0.125,-0.009,0
50.8540,-0.00568,-0.02799,-0.00115,0.00000,0.00000,-0.125,-0.009,0
50.9040,-0.00568,-0.02799,-0.00115,0.00000,0.00000,-0.125,-0.009,0
50.9540,-0.00568,-0.02798,-0.00115,0.00000,0.00000,-0.125,-0.009,0
51.0040,-0.00567,-0.02796,-0.00115,0.00000,0.00000,-0.125,-0.009,0
51.0540,-0.00567,-0.02794,-0.00115,0.00000,0.00000,-0.124,-0.009,0
51.1040,-0.00566,-0.02793,-0.00115,0.00000,0.00000,-0.124,-0.009,0
51.1540,-0.00566,-0.02792,-0.00115,0.00000,0.00000,-0.124,-0.009,0
51.2040,-0.00566,-0.02791,-0.00115,0.00000,0.00000,-0.124,-0.009,0
51.2540,-0.00566,-0.02790,-0.00115,0.00000,0.00000,-0.124,-0.009,0
51.3040,-0.00565,-0.02789,-0.00115,0.00000,0.00000,-0.124,-0.009,0
51.3540,-0.00565,-0.02788,-0.00115,0.00000,0.00000,-0.124,-0.009,0
51.4040,-0.00565,-0.02788,-0.00115,0.00000,0.00000,-0.124,-0.009,0
51.4540,-0.00565,-0.02786,-0.00115,0.00000,0.00000,-0.124,-0.009,0
51.5040,-0.00565,-0.02786,-0.00115,0.00000,0.00000,-0.124,-0.009,0
51.5540,-0.00565,-0.02786,-0.00115,0.00000,0.00000,-0.124,-0.009,0
51.6040,-0.00565,-0.02785,-0.00115,0.00000,0.00000,-0.124,-0.009,0
51.6540,-0.00564,-0.02783,-0.00115,0.00000,0.00000,-0.124,-0.009,0
51.7040,-0.00564,-0.02781,-0.00115,0.00000,0.00000,-0.124,-0.009,0
51.7540,-0.00563,-0.02777,-0.00115,0.00000,0.00000,-0.124,-0.009,0
51.8040,-0.00562,-0.02773,-0.00115,0.00000,0.00000,-0.124,-0.009,0
51.8540,-0.00561,-0.02770,-0.00115,0.00000,0.00000,-0.124,-0.009,0
51.9040,-0.00561,-0.02767,-0.00115,0.00000,0.00000,-0.123,-0.009,0
51.9540,-0.00560,-0.02764,-0.00115,0.00000,0.00000,-0.123,-0.009,0
52.0040,-0.00560,-0.02762,-0.00115,0.00000,0.00000,-0.123,-0.009,0
52.0540,-0.00559,-0.02760,-0.00115,0.00000,0.00000,-0.123,-0.009,0
52.1040,-0.00559,-0.02758,-0.00115,0.00000,0.00000,-0.123,-0.009,0
52.1540,-0.00559,-0.02756,-0.00115,0.00000,0.00000,-0.123,-0.009,0
52.2040,-0.00558,-0.02755,-0.00115,0.00000,0.00000,-0.123,-0.009,0
52.2540,-0.00558,-0.02753,-0.00115,0.00000,0.00000,-0.123,-0.009,0
52.3040,-0.00558,-0.02752,-0.00115,0.00000,0.00000,-0.123,-0.009,0
52.3540,-0.00558,-0.02752,-0.00115,0.00000,0.00000,-0.123,-0.009,0
52.4040,-0.00558,-0.02752,-0.00115,0.00000,0.00000,-0.123,-0.009,0
52.4540,-0.00558,-0.02752,-0.00115,0.00000,0.00000,-0.123,-0.009,0
52.5040,-0.00558,-0.02752,-0.00115,0.00000,0.00000,-0.123,-0.009,0
52.5540,-0.00558,-0.02751,-0.00115,0.00000,0.00000,-0.123,-0.009,0
52.6040,-0.00558,-0.02750,-0.00115,0.00000,0.00000,-0.123,-0.009,0
52.6540,-0.00558,-0.02749,-0.00115,0.00000,0.00000,-0.122,-0.009,0
52.7040,-0.00558,-0.02747,-0.00115,0.00000,0.00000,-0.122,-0.009,0
52.7540,-0.00557,-0.02745,-0.00115,0.00000,0.00000,-0.122,-0.009,0
52.8040,-0.00556,-0.02742,-0.00115,0.00000,0.00000,-0.122,-0.009,0
52.8540,-0.00556,-0.02739,-0.00115,0.00000,0.00000,-0.122,-0.009,0
52.9040,-0.00555,-0.02737,-0.00115,0.00000,0.00000,-0.122,-0.009,0
52.9540,-0.00555,-0.02736,-0.00115,0.00000,0.00000,-0.122,-0.009,0
53.0040,-0.00555,-0.02736,-0.00115,0.00000,0.00000,-0.122,-0.009,0
53.0540,-0.00555,-0.02735,-0.00115,0.00000,0.00000,-0.122,-0.009,0
53.1040,-0.00555,-0.02733,-0.00115,0.00000,0.00000,-0.122,-0.009,0
53.1540,-0.00555,-0.02732,-0.00115,0.00000,0.00000,-0.121,-0.009,0
53.2040,-0.00554,-0.02729,-0.00115,0.00000,0.00000,-0.121,-0.009,0
53.2540,-0.00553,-0.02725,-0.00115,0.00000,0.00000,-0.121,-0.009,0
53.3040,-0.00552,-0.02720,-0.00115,0.00000,0.00000,-0.121,-0.009,0
53.3540,-0.00551,-0.02716,-0.00115,0.00000,0.00000,-0.121,-0.009,0
53.4040,-0.00550,-0.02711,-0.00115,0.00000,0.00000,-0.120,-0.009,0
53.4540,-0.00549,-0.02707,-0.00115,0.00000,0.00000,-0.120,-0.009,0
53.5040,-0.00549,-0.02704,-0.00115,0.00000,0.00000,-0.120,-0.009,0
53.5540,-0.00549,-0.02702,-0.00115,0.00000,0.00000,-0.120,-0.009,0
53.6040,-0.00548,-0.02701,-0.00115,0.00000,0.00000,-0.120,-0.009,0
53.6540,-0.00548,-0.02698,-0.00115,0.00000,0.00000,-0.120,-0.009,0
53.7040,-0.00547,-0.02695,-0.00115,0.00000,0.00000,-0.120,-0.009,0
53.7540,-0.00546,-0.02691,-0.00115,0.00000,0.00000,-0.119,-0.009,0
53.8040,-0.00546,-0.02687,-0.00115,0.00000,0.00000,-0.119,-0.009,0
53.8540,-0.00545,-0.02683,-0.00115,0.00000,0.00000,-0.119,-0.009,0
53.9040,-0.00544,-0.02679,-0.00115,0.00000,0.00000,-0.119,-0.009,0
53.9540,-0.00544,-0.02677,-0.00115,0.00000,0.00000,-0.119,-0.009,0
54.0040,-0.00544,-0.02676,-0.00115,0.00000,0.00000,-0.118,-0.009,0
54.0540,-0.00544,-0.02676,-0.00115,0.00000,0.00000,-0.118,-0.009,0
54.1040,-0.00544,-0.02677,-0.00115,0.00000,0.00000,-0.118,-0.009,0
54.1540,-0.00545,-0.02678,-0.00115,0.00000,0.00000,-0.118,-0.009,0
54.2040,-0.00545,-0.02680,-0.00115,0.00000,0.00000,-0.118,-0.009,0
54.2540,-0.00546,-0.02683,-0.00115,0.00000,0.00000,-0.119,-0.009,0
54.3040,-0.00546,-0.02684,-0.00115,0.00000,0.00000,-0.119,-0.009,0
54.3540,-0.00547,-0.02685,-0.00115,0.00000,0.00000,-0.119,-0.009,0
54.4040,-0.00547,-0.02686,-0.00115,0.00000,0.00000,-0.119,-0.009,0
54.4540,-0.00548,-0.02688,-0.00115,0.00000,0.00000,-0.119,-0.009,0
54.5040,-0.00548,-0.02690,-0.00115,0.00000,0.00000,-0.119,-0.009,0
54.5540,-0.00549,-0.02693,-0.00115,0.00000,0.00000,-0.119,-0.009,0
54.6040,-0.00550,-0.02696,-0.00115,0.00000,0.00000,-0.119,-0.009,0
54.6540,-0.00550,-0.02699,-0.00115,0.00000,0.00000,-0.119,-0.009,0
54.7040,-0.00551,-0.02702,-0.00115,0.00000,0.00000,-0.119,-0.009,0
54.7540,-0.00551,-0.02702,-0.00115,0.00000,0.00000,-0.119,-0.009,0
54.8040,-0.00551,-0.02704,-0.00115,0.00000,0.00000,-0.119,-0.009,0
54.8540,-0.00551,-0.02704,-0.00115,0.00000,0.00000,-0.119,-0.009,0
54.9040,-0.00552,-0.02705,-0.00115,0.00000,0.00000,-0.119,-0.009,0
54.9540,-0.00552,-0.02706,-0.00115,0.00000,0.00000,-0.119,-0.009,0
55.0040,-0.00552,-0.02708,-0.00115,0.00000,0.00000,-0.119,-0.009,0
55.0540,-0.00553,-0.02710,-0.00115,0.00000,0.00000,-0.119,-0.009,0
55.1040,-0.00553,-0.02713,-0.00115,0.00000,0.00000,-0.119,-0.009,0
55.1540,-0.00554,-0.02715,-0.00115,0.00000,0.00000,-0.120,-0.009,0
55.2040,-0.00554,-0.02718,-0.00115,0.00000,0.00000,-0.120,-0.009,0
55.2540,-0.00555,-0.02721,-0.00115,0.00000,0.00000,-0.120,-0.009,0
55.3040,-0.00556,-0.02725,-0.00115,0.00000,0.00000,-0.120,-0.009,0
55.3540,-0.00557,-0.02729,-0.00115,0.00000,0.00000,-0.120,-0.009,0
55.4040,-0.00558,-0.02733,-0.00115,0.00000,0.00000,-0.120,-0.009,0
55.4540,-0.00558,-0.02737,-0.00115,0.00000,0.00000,-0.121,-0.009,0
55.5040,-0.00560,-0.02743,-0.00115,0.00000,0.00000,-0.121,-0.009,0
55.5540,-0.00561,-0.02748,-0.00115,0.00000,0.00000,-0.121,-0.009,0
55.6040,-0.00562,-0.02754,-0.00115,0.00000,0.00000,-0.121,-0.009,0
55.6540,-0.00563,-0.02760,-0.00115,0.00000,0.00000,-0.122,-0.009,0
55.7040,-0.00565,-0.02766,-0.00115,0.00000,0.00000,-0.122,-0.009,0
55.7540,-0.00566,-0.02773,-0.00115,0.00000,0.00000,-0.122,-0.009,0
55.8040,-0.00567,-0.02778,-0.00115,0.00000,0.00000,-0.123,-0.009,0
55.8540,-0.00568,-0.02782,-0.00115,0.00000,0.00000,-0.123,-0.009,0
55.9040,-0.00568,-0.02786,-0.00115,0.00000,0.00000,-0.123,-0.009,0
55.9540,-0.00569,-0.02790,-0.00115,0.00000,0.00000,-0.123,-0.009,0
56.0040,-0.00569,-0.02792,-0.00115,0.00000,0.00000,-0.123,-0.009,0
56.0540,-0.00570,-0.02796,-0.00115,0.00000,0.00000,-0.124,-0.009,0
56.1040,-0.00571,-0.02799,-0.00115,0.00000,0.00000,-0.124,-0.009,0
56.1540,-0.00571,-0.02801,-0.00115,0.00000,0.00000,-0.124,-0.009,0
56.2040,-0.00571,-0.02802,-0.00115,0.00000,0.00000,-0.124,-0.009,0
56.2540,-0.00571,-0.02803,-0.00115,0.00000,0.00000,-0.124,-0.009,0
56.3040,-0.00571,-0.02805,-0.00115,0.00000,0.00000,-0.124,-0.009,0
56.3540,-0.00571,-0.02808,-0.00115,0.00000,0.00000,-0.124,-0.009,0
56.4040,-0.00572,-0.02811,-0.00115,0.00000,0.00000,-0.125,-0.009,0
56.4540,-0.00573,-0.02815,-0.00115,0.00000,0.00000,-0.125,-0.009,0
56.5040,-0.00573,-0.02818,-0.00115,0.00000,0.00000,-0.125,-0.009,0
56.5540,-0.00574,-0.02821,-0.00115,0.00000,0.00000,-0.125,-0.009,0
56.6040,-0.00574,-0.02824,-0.00115,0.00000,0.00000,-0.125,-0.009,0
56.6540,-0.00575,-0.02826,-0.00115,0.00000,0.00000,-0.125,-0.009,0
56.7040,-0.00575,-0.02829,-0.00115,0.00000,0.00000,-0.126,-0.009,0
56.7540,-0.00575,-0.02831,-0.00115,0.00000,0.00000,-0.126,-0.009,0
56.8040,-0.00576,-0.02834,-0.00115,0.00000,0.00000,-0.126,-0.009,0
56.8540,-0.00576,-0.02836,-0.00115,0.00000,0.00000,-0.126,-0.009,0
56.9040,-0.00576,-0.02838,-0.00115,0.00000,0.00000,-0.126,-0.009,0
56.9540,-0.00577,-0.02840,-0.00115,0.00000,0.00000,-0.126,-0.009,0
57.0040,-0.00577,-0.02841,-0.00115,0.00000,0.00000,-0.127,-0.009,0
57.0540,-0.00577,-0.02842,-0.00115,0.00000,0.00000,-0.127,-0.009,0
57.1040,-0.00577,-0.02843,-0.00115,0.00000,0.00000,-0.127,-0.009,0
57.1540,-0.00577,-0.02844,-0.00115,0.00000,0.00000,-0.127,-0.009,0
57.2040,-0.00577,-0.02844,-0.00115,0.00000,0.00000,-0.127,-0.009,0
57.2540,-0.00576,-0.02843,-0.00115,0.00000,0.00000,-0.127,-0.009,0
57.3040,-0.00576,-0.02841,-0.00115,0.00000,0.00000,-0.127,-0.009,0
57.3540,-0.00576,-0.02840,-0.00115,0.00000,0.00000,-0.127,-0.009,0
57.4040,-0.00575,-0.02838,-0.00115,0.00000,0.00000,-0.127,-0.009,0
57.4540,-0.00574,-0.02835,-0.00115,0.00000,0.00000,-0.127,-0.009,0
57.5040,-0.00573,-0.02832,-0.00115,0.00000,0.00000,-0.127,-0.009,0
57.5540,-0.00573,-0.02829,-0.00115,0.00000,0.00000,-0.127,-0.009,0
57.6040,-0.00572,-0.02827,-0.00115,0.00000,0.00000,-0.126,-0.009,0
57.6540,-0.00572,-0.02827,-0.00115,0.00000,0.00000,-0.126,-0.009,0
57.7040,-0.00572,-0.02826,-0.00115,0.00000,0.00000,-0.126,-0.009,0
57.7540,-0.00571,-0.02824,-0.00115,0.00000,0.00000,-0.126,-0.009,0
57.8040,-0.00571,-0.02821,-0.00115,0.00000,0.00000,-0.126,-0.009,0
57.8540,-0.00570,-0.02818,-0.00115,0.00000,0.00000,-0.126,-0.009,0
57.9040,-0.00570,-0.02817,-0.00115,0.00000,0.00000,-0.126,-0.009,0
57.9540,-0.00570,-0.02816,-0.00115,0.00000,0.00000,-0.126,-0.009,0
58.0040,-0.00569,-0.02814,-0.00115,0.00000,0.00000,-0.126,-0.009,0
58.0540,-0.00569,-0.02813,-0.00115,0.00000,0.00000,-0.126,-0.009,0
58.1040,-0.00569,-0.02811,-0.00115,0.00000,0.00000,-0.126,-0.009,0
58.1540,-0.00568,-0.02809,-0.00115,0.00000,0.00000,-0.126,-0.009,0
58.2040,-0.00568,-0.02807,-0.00115,0.00000,0.00000,-0.126,-0.009,0
58.2540,-0.00568,-0.02805,-0.00115,0.00000,0.00000,-0.126,-0.009,0
58.3040,-0.00568,-0.02804,-0.00115,0.00000,0.00000,-0.126,-0.009,0
58.3540,-0.00568,-0.02804,-0.00115,0.00000,0.00000,-0.126,-0.009,0
58.4040,-0.00568,-0.02805,-0.00115,0.00000,0.00000,-0.126,-0.009,0
58.4540,-0.00568,-0.02807,-0.00115,0.00000,0.00000,-0.126,-0.009,0
58.5040,-0.00569,-0.02807,-0.00115,0.00000,0.00000,-0.126,-0.009,0
58.5540,-0.00569,-0.02808,-0.00115,0.00000,0.00000,-0.126,-0.009,0
58.6040,-0.00569,-0.02808,-0.00115,0.00000,0.00000,-0.126,-0.009,0
58.6540,-0.00569,-0.02808,-0.00115,0.00000,0.00000,-0.126,-0.009,0
58.7040,-0.00570,-0.02811,-0.00115,0.00000,0.00000,-0.126,-0.009,0
58.7540,-0.00570,-0.02813,-0.00115,0.00000,0.00000,-0.126,-0.009,0
58.8040,-0.00570,-0.02813,-0.00115,0.00000,0.00000,-0.126,-0.009,0
58.8540,-0.00570,-0.02813,-0.00115,0.00000,0.00000,-0.126,-0.009,0
58.9040,-0.00570,-0.02812,-0.00115,0.00000,0.00000,-0.126,-0.009,0
58.9540,-0.00570,-0.02811,-0.00115,0.00000,0.00000,-0.126,-0.009,0
59.0040,-0.00569,-0.02809,-0.00115,0.00000,0.00000,-0.126,-0.009,0
59.0540,-0.00569,-0.02806,-0.00115,0.00000,0.00000,-0.126,-0.009,0
59.1040,-0.00569,-0.02805,-0.00115,0.00000,0.00000,-0.126,-0.009,0
59.1540,-0.00568,-0.02803,-0.00115,0.00000,0.00000,-0.125,-0.009,0
59.2040,-0.00568,-0.02802,-0.00115,0.00000,0.00000,-0.125,-0.009,0
59.2540,-0.00568,-0.02802,-0.00115,0.00000,0.00000,-0.125,-0.009,0
59.3040,-0.00568,-0.02800,-0.00115,0.00000,0.00000,-0.125,-0.009,0
59.3540,-0.00567,-0.02797,-0.00115,0.00000,0.00000,-0.125,-0.009,0
59.4040,-0.00566,-0.02795,-0.00115,0.00000,0.00000,-0.125,-0.009,0
59.4540,-0.00566,-0.02792,-0.00115,0.00000,0.00000,-0.125,-0.009,0
59.5040,-0.00565,-0.02788,-0.00115,0.00000,0.00000,-0.125,-0.009,0
59.5540,-0.00565,-0.02786,-0.00115,0.00000,0.00000,-0.125,-0.009,0
59.6040,-0.00564,-0.02784,-0.00115,0.00000,0.00000,-0.125,-0.009,0
59.6540,-0.00564,-0.02783,-0.00115,0.00000,0.00000,-0.125,-0.009,0
59.7040,-0.00563,-0.02781,-0.00115,0.00000,0.00000,-0.124,-0.009,0
59.7540,-0.00563,-0.02779,-0.00115,0.00000,0.00000,-0.124,-0.009,0
59.8040,-0.00563,-0.02777,-0.00115,0.00000,0.00000,-0.124,-0.009,0
59.8540,-0.00563,-0.02777,-0.00115,0.00000,0.00000,-0.124,-0.009,0
59.9040,-0.00563,-0.02777,-0.00115,0.00000,0.00000,-0.124,-0.009,0
59.9540,-0.00563,-0.02777,-0.00115,0.00000,0.00000,-0.124,-0.009,0
60.0040,-0.00563,-0.02776,-0.00115,0.00000,0.00000,-0.124,-0.009,0
60.0540,-0.00563,-0.02775,-0.00115,0.00000,0.00000,-0.124,-0.009,0
60.1040,-0.00563,-0.02774,-0.00115,0.00000,0.00000,-0.124,-0.009,0
60.1540,-0.00563,-0.02775,-0.00115,0.00000,0.00000,-0.124,-0.009,0
60.2040,-0.00563,-0.02775,-0.00115,0.00000,0.00000,-0.124,-0.009,0
60.2540,-0.00563,-0.02774,-0.00115,0.00000,0.00000,-0.124,-0.009,0
60.3040,-0.00563,-0.02774,-0.00115,0.00000,0.00000,-0.124,-0.009,0
60.3540,-0.00563,-0.02774,-0.00115,0.00000,0.00000,-0.124,-0.009,0
60.4040,-0.00563,-0.02773,-0.00115,0.00000,0.00000,-0.124,-0.009,0
60.4540,-0.00563,-0.02773,-0.00115,0.00000,0.00000,-0.124,-0.009,0
60.5040,-0.00563,-0.02772,-0.00115,0.00000,0.00000,-0.124,-0.009,0
60.5540,-0.00562,-0.02771,-0.00115,0.00000,0.00000,-0.124,-0.009,0
60.6040,-0.00563,-0.02772,-0.00115,0.00000,0.00000,-0.124,-0.009,0
60.6540,-0.00563,-0.02772,-0.00115,0.00000,0.00000,-0.124,-0.009,0
60.7040,-0.00563,-0.02772,-0.00115,0.00000,0.00000,-0.124,-0.009,0
60.7540,-0.00563,-0.02772,-0.00115,0.00000,0.00000,-0.124,-0.009,0
60.8040,-0.00563,-0.02774,-0.00115,0.00000,0.00000,-0.124,-0.009,0
60.8540,-0.00564,-0.02775,-0.00115,0.00000,0.00000,-0.124,-0.009,0
60.9040,-0.00564,-0.02776,-0.00115,0.00000,0.00000,-0.124,-0.009,0
60.9540,-0.00564,-0.02777,-0.00115,0.00000,0.00000,-0.124,-0.009,0
61.0040,-0.00564,-0.02778,-0.00115,0.00000,0.00000,-0.124,-0.009,0
61.0540,-0.00564,-0.02777,-0.00115,0.00000,0.00000,-0.124,-0.009,0
61.1040,-0.00564,-0.02776,-0.00115,0.00000,0.00000,-0.124,-0.009,0
61.1540,-0.00563,-0.02774,-0.00115,0.00000,0.00000,-0.124,-0.009,0
61.2040,-0.00563,-0.02773,-0.00115,0.00000,0.00000,-0.124,-0.009,0
61.2540,-0.00563,-0.02772,-0.00115,0.00000,0.00000,-0.124,-0.009,0
61.3040,-0.00563,-0.02771,-0.00115,0.00000,0.00000,-0.123,-0.009,0
61.3540,-0.00562,-0.02770,-0.00115,0.00000,0.00000,-0.123,-0.009,0
61.4040,-0.00562,-0.02770,-0.00115,0.00000,0.00000,-0.123,-0.009,0
61.4540,-0.00562,-0.02769,-0.00115,0.00000,0.00000,-0.123,-0.009,0
61.5040,-0.00562,-0.02767,-0.00115,0.00000,0.00000,-0.123,-0.009,0
61.5540,-0.00561,-0.02765,-0.00115,0.00000,0.00000,-0.123,-0.009,0
61.6040,-0.00561,-0.02763,-0.00115,0.00000,0.00000,-0.123,-0.009,0
61.6540,-0.00561,-0.02763,-0.00115,0.00000,0.00000,-0.123,-0.009,0
61.7040,-0.00561,-0.02762,-0.00115,0.00000,0.00000,-0.123,-0.009,0
61.7540,-0.00560,-0.02761,-0.00115,0.00000,0.00000,-0.123,-0.009,0
61.8040,-0.00560,-0.02760,-0.00115,0.00000,0.00000,-0.123,-0.009,0
61.8540,-0.00560,-0.02760,-0.00115,0.00000,0.00000,-0.123,-0.009,0
61.9040,-0.00560,-0.02761,-0.00115,0.00000,0.00000,-0.123,-0.009,0
61.9540,-0.00561,-0.02761,-0.00115,0.00000,0.00000,-0.123,-0.009,0
62.0040,-0.00561,-0.02762,-0.00115,0.00000,0.00000,-0.123,-0.009,0
62.0540,-0.00561,-0.02762,-0.00115,0.00000,0.00000,-0.123,-0.009,0
62.1040,-0.00561,-0.02763,-0.00115,0.00000,0.00000,-0.123,-0.009,0
62.1540,-0.00561,-0.02762,-0.00115,0.00000,0.00000,-0.123,-0.009,0
62.2040,-0.00561,-0.02761,-0.00115,0.00000,0.00000,-0.123,-0.009,0
62.2540,-0.00561,-0.02761,-0.00115,0.00000,0.00000,-0.123,-0.009,0
62.3040,-0.00560,-0.02759,-0.00115,0.00000,0.00000,-0.123,-0.009,0
62.3540,-0.00560,-0.02759,-0.00115,0.00000,0.00000,-0.123,-0.009,0
62.4040,-0.00560,-0.02759,-0.00115,0.00000,0.00000,-0.123,-0.009,0
62.4540,-0.00560,-0.02758,-0.00115,0.00000,0.00000,-0.123,-0.009,0
62.5040,-0.00560,-0.02757,-0.00115,0.00000,0.00000,-0.123,-0.009,0
62.5540,-0.00560,-0.02756,-0.00115,0.00000,0.00000,-0.123,-0.009,0
62.6040,-0.00559,-0.02755,-0.00115,0.00000,0.00000,-0.123,-0.009,0
62.6540,-0.00559,-0.02753,-0.00115,0.00000,0.00000,-0.122,-0.009,0
62.7040,-0.00558,-0.02751,-0.00115,0.00000,0.00000,-0.122,-0.009,0
62.7540,-0.00558,-0.02748,-0.00115,0.00000,0.00000,-0.122,-0.009,0
62.8040,-0.00557,-0.02743,-0.00115,0.00000,0.00000,-0.122,-0.009,0
62.8540,-0.00556,-0.02739,-0.00115,0.00000,0.00000,-0.122,-0.009,0
62.9040,-0.00555,-0.02735,-0.00115,0.00000,0.00000,-0.122,-0.009,0
62.9540,-0.00554,-0.02731,-0.00115,0.00000,0.00000,-0.121,-0.009,0
63.0040,-0.00553,-0.02726,-0.00115,0.00000,0.00000,-0.121,-0.009,0
63.0540,-0.00552,-0.02722,-0.00115,0.00000,0.00000,-0.121,-0.009,0
63.1040,-0.00551,-0.02717,-0.00115,0.00000,0.00000,-0.121,-0.009,0
63.1540,-0.00550,-0.02712,-0.00115,0.00000,0.00000,-0.120,-0.009,0
63.2040,-0.00549,-0.02709,-0.00115,0.00000,0.00000,-0.120,-0.009,0
63.2540,-0.00548,-0.02704,-0.00115,0.00000,0.00000,-0.120,-0.009,0
63.3040,-0.00548,-0.02700,-0.00115,0.00000,0.00000,-0.120,-0.009,0
63.3540,-0.00547,-0.02696,-0.00115,0.00000,0.00000,-0.120,-0.009,0
63.4040,-0.00546,-0.02693,-0.00115,0.00000,0.00000,-0.120,-0.009,0
63.4540,-0.00546,-0.02692,-0.00115,0.00000,0.00000,-0.119,-0.009,0
63.5040,-0.00546,-0.02691,-0.00115,0.00000,0.00000,-0.119,-0.009,0
63.5540,-0.00546,-0.02690,-0.00115,0.00000,0.00000,-0.119,-0.009,0
63.6040,-0.00546,-0.02690,-0.00115,0.00000,0.00000,-0.119,-0.009,0
63.6540,-0.00547,-0.02691,-0.00115,0.00000,0.00000,-0.119,-0.009,0
63.7040,-0.00547,-0.02693,-0.00115,0.00000,0.00000,-0.119,-0.009,0
63.7540,-0.00548,-0.02694,-0.00115,0.00000,0.00000,-0.119,-0.009,0
63.8040,-0.00548,-0.02696,-0.00115,0.00000,0.00000,-0.119,-0.009,0
63.8540,-0.00549,-0.02698,-0.00115,0.00000,0.00000,-0.119,-0.009,0
63.9040,-0.00549,-0.02699,-0.00115,0.00000,0.00000,-0.119,-0.009,0
63.9540,-0.00550,-0.02700,-0.00115,0.00000,0.00000,-0.119,-0.009,0
64.0040,-0.00550,-0.02703,-0.00115,0.00000,0.00000,-0.120,-0.009,0
64.0560,-0.00551,-0.02705,-0.00115,0.00000,0.00000,-0.120,-0.009,0
64.1080,-0.00552,-0.02709,-0.00115,0.00000,0.00000,-0.120,-0.009,0
64.1600,-0.00553,-0.02713,-0.00115,0.00000,0.00000,-0.120,-0.009,0
64.2120,-0.00554,-0.02718,-0.00115,0.00000,0.00000,-0.120,-0.009,0
64.2640,-0.00555,-0.02723,-0.00115,0.00000,0.00000,-0.120,-0.009,0
64.3160,-0.00556,-0.02727,-0.00115,0.00000,0.00000,-0.120,-0.009,0
64.3680,-0.00557,-0.02732,-0.00115,0.00000,0.00000,-0.121,-0.009,0
64.4200,-0.00558,-0.02736,-0.00115,0.00000,0.00000,-0.121,-0.009,0
64.4720,-0.00559,-0.02740,-0.00115,0.00000,0.00000,-0.121,-0.009,0
64.5240,-0.00560,-0.02745,-0.00115,0.00000,0.00000,-0.121,-0.009,0
64.5760,-0.00561,-0.02750,-0.00115,0.00000,0.00000,-0.121,-0.009,0
64.6280,-0.00562,-0.02753,-0.00115,0.00000,0.00000,-0.122,-0.009,0
64.6800,-0.00562,-0.02756,-0.00115,0.00000,0.00000,-0.122,-0.009,0
64.7320,-0.00563,-0.02760,-0.00115,0.00000,0.00000,-0.122,-0.009,0
64.7840,-0.00564,-0.02764,-0.00115,0.00000,0.00000,-0.122,-0.009,0
64.8360,-0.00565,-0.02769,-0.00115,0.00000,0.00000,-0.122,-0.009,0
64.8880,-0.00565,-0.02772,-0.00115,0.00000,0.00000,-0.123,-0.009,0
64.9400,-0.00566,-0.02774,-0.00115,0.00000,0.00000,-0.123,-0.009,0
64.9920,-0.00566,-0.02777,-0.00115,0.00000,0.00000,-0.123,-0.009,0
65.0440,-0.00566,-0.02778,-0.00115,0.00000,0.00000,-0.123,-0.009,0
65.0960,-0.00566,-0.02778,-0.00115,0.00000,0.00000,-0.123,-0.009,0
65.1480,-0.00566,-0.02778,-0.00115,0.00000,0.00000,-0.123,-0.009,0
65.2000,-0.00566,-0.02779,-0.00115,0.00000,0.00000,-0.123,-0.009,0
65.2520,-0.00566,-0.02779,-0.00115,0.00000,0.00000,-0.123,-0.009,0
65.3040,-0.00565,-0.02778,-0.00115,0.00000,0.00000,-0.123,-0.009,0
65.3560,-0.00565,-0.02778,-0.00115,0.00000,0.00000,-0.123,-0.009,0
65.4080,-0.00565,-0.02778,-0.00115,0.00000,0.00000,-0.123,-0.009,0
65.4600,-0.00564,-0.02777,-0.00115,0.00000,0.00000,-0.123,-0.009,0
65.5120,-0.00564,-0.02777,-0.00115,0.00000,0.00000,-0.123,-0.009,0
65.5640,-0.00564,-0.02777,-0.00115,0.00000,0.00000,-0.123,-0.009,0
65.6160,-0.00564,-0.02776,-0.00115,0.00000,0.00000,-0.123,-0.009,0
65.6680,-0.00564,-0.02776,-0.00115,0.00000,0.00000,-0.123,-0.009,0
65.7200,-0.00564,-0.02775,-0.00115,0.00000,0.00000,-0.123,-0.009,0
65.7720,-0.00563,-0.02775,-0.00115,0.00000,0.00000,-0.123,-0.009,0
65.8240,-0.00563,-0.02774,-0.00115,0.00000,0.00000,-0.123,-0.009,0
65.8760,-0.00563,-0.02775,-0.00115,0.00000,0.00000,-0.123,-0.009,0
65.9280,-0.00564,-0.02777,-0.00115,0.00000,0.00000,-0.123,-0.009,0
65.9800,-0.00564,-0.02779,-0.00115,0.00000,0.00000,-0.123,-0.009,0
66.0320,-0.00565,-0.02782,-0.00115,0.00000,0.00000,-0.123,-0.009,0
66.0840,-0.00565,-0.02784,-0.00115,0.00000,0.00000,-0.124,-0.009,0
66.1360,-0.00566,-0.02788,-0.00115,0.00000,0.00000,-0.124,-0.009,0
66.1880,-0.00567,-0.02791,-0.00115,0.00000,0.00000,-0.124,-0.009,0
66.2400,-0.00567,-0.02793,-0.00115,0.00000,0.00000,-0.124,-0.009,0
66.2920,-0.00567,-0.02793,-0.00115,0.00000,0.00000,-0.124,-0.009,0
66.3440,-0.00567,-0.02792,-0.00115,0.00000,0.00000,-0.124,-0.009,0
66.3960,-0.00566,-0.02790,-0.00115,0.00000,0.00000,-0.124,-0.009,0
66.4480,-0.00566,-0.02787,-0.00115,0.00000,0.00000,-0.124,-0.009,0
66.5000,-0.00565,-0.02785,-0.00115,0.00000,0.00000,-0.124,-0.009,0
66.5520,-0.00564,-0.02781,-0.00115,0.00000,0.00000,-0.124,-0.009,0
66.6040,-0.00564,-0.02778,-0.00115,0.00000,0.00000,-0.124,-0.009,0
66.6560,-0.00563,-0.02775,-0.00115,0.00000,0.00000,-0.124,-0.009,0
66.7080,-0.00562,-0.02773,-0.00115,0.00000,0.00000,-0.123,-0.009,0
66.7600,-0.00562,-0.02771,-0.00115,0.00000,0.00000,-0.123,-0.009,0
66.8120,-0.00562,-0.02771,-0.00115,0.00000,0.00000,-0.123,-0.009,0
66.8640,-0.00562,-0.02770,-0.00115,0.00000,0.00000,-0.123,-0.009,0
66.9160,-0.00562,-0.02770,-0.00115,0.00000,0.00000,-0.123,-0.009,0
66.9680,-0.00562,-0.02771,-0.00115,0.00000,0.00000,-0.123,-0.009,0
67.0200,-0.00562,-0.02772,-0.00115,0.00000,0.00000,-0.123,-0.009,0
67.0720,-0.00563,-0.02775,-0.00115,0.00000,0.00000,-0.123,-0.009,0
67.1240,-0.00564,-0.02779,-0.00115,0.00000,0.00000,-0.124,-0.009,0
67.1760,-0.00565,-0.02783,-0.00115,0.00000,0.00000,-0.124,-0.009,0
67.2280,-0.00566,-0.02787,-0.00115,0.00000,0.00000,-0.124,-0.009,0
67.2800,-0.00567,-0.02791,-0.00115,0.00000,0.00000,-0.124,-0.009,0
67.3320,-0.00567,-0.02792,-0.00115,0.00000,0.00000,-0.124,-0.009,0
67.3840,-0.00567,-0.02793,-0.00115,0.00000,0.00000,-0.124,-0.009,0
67.4360,-0.00568,-0.02794,-0.00115,0.00000,0.00000,-0.124,-0.009,0
67.4880,-0.00568,-0.02794,-0.00115,0.00000,0.00000,-0.124,-0.009,0
67.5400,-0.00568,-0.02795,-0.00115,0.00000,0.00000,-0.125,-0.009,0
67.5920,-0.00568,-0.02797,-0.00115,0.00000,0.00000,-0.125,-0.009,0
67.6440,-0.00568,-0.02798,-0.00115,0.00000,0.00000,-0.125,-0.009,0
67.6960,-0.00569,-0.02799,-0.00115,0.00000,0.00000,-0.125,-0.009,0
67.7480,-0.00569,-0.02800,-0.00115,0.00000,0.00000,-0.125,-0.009,0
67.8000,-0.00569,-0.02801,-0.00115,0.00000,0.00000,-0.125,-0.009,0
67.8520,-0.00569,-0.02802,-0.00115,0.00000,0.00000,-0.125,-0.009,0
67.9040,-0.00569,-0.02802,-0.00115,0.00000,0.00000,-0.125,-0.009,0
67.9560,-0.00569,-0.02803,-0.00115,0.00000,0.00000,-0.125,-0.009,0
68.0080,-0.00569,-0.02804,-0.00115,0.00000,0.00000,-0.125,-0.009,0
68.0600,-0.00569,-0.02805,-0.00115,0.00000,0.00000,-0.125,-0.009,0
68.1120,-0.00570,-0.02806,-0.00115,0.00000,0.00000,-0.125,-0.009,0
68.1640,-0.00570,-0.02808,-0.00115,0.00000,0.00000,-0.125,-0.009,0
68.2160,-0.00570,-0.02808,-0.00115,0.00000,0.00000,-0.125,-0.009,0
68.2680,-0.00569,-0.02805,-0.00115,0.00000,0.00000,-0.125,-0.009,0
68.3200,-0.00569,-0.02803,-0.00115,0.00000,0.00000,-0.125,-0.009,0
68.3720,-0.00569,-0.02802,-0.00115,0.00000,0.00000,-0.125,-0.009,0
68.4240,-0.00569,-0.02803,-0.00115,0.00000,0.00000,-0.125,-0.009,0
68.4760,-0.00569,-0.02804,-0.00115,0.00000,0.00000,-0.125,-0.009,0
68.5280,-0.00569,-0.02805,-0.00115,0.00000,0.00000,-0.125,-0.009,0
68.5800,-0.00569,-0.02805,-0.00115,0.00000,0.00000,-0.125,-0.009,0
68.6320,-0.00569,-0.02804,-0.00115,0.00000,0.00000,-0.125,-0.009,0
68.6840,-0.00569,-0.02804,-0.00115,0.00000,0.00000,-0.125,-0.009,0
68.7360,-0.00569,-0.02805,-0.00115,0.00000,0.00000,-0.125,-0.009,0
68.7880,-0.00570,-0.02809,-0.00115,0.00000,0.00000,-0.125,-0.009,0
68.8400,-0.00571,-0.02812,-0.00115,0.00000,0.00000,-0.125,-0.009,0
68.8920,-0.00571,-0.02816,-0.00115,0.00000,0.00000,-0.126,-0.009,0
68.9440,-0.00572,-0.02819,-0.00115,0.00000,0.00000,-0.126,-0.009,0
68.9960,-0.00573,-0.02823,-0.00115,0.00000,0.00000,-0.126,-0.009,0
69.0480,-0.00574,-0.02825,-0.00115,0.00000,0.00000,-0.126,-0.009,0
69.1000,-0.00574,-0.02826,-0.00115,0.00000,0.00000,-0.126,-0.009,0
69.1520,-0.00574,-0.02826,-0.00115,0.00000,0.00000,-0.126,-0.009,0
69.2040,-0.00574,-0.02827,-0.00115,0.00000,0.00000,-0.126,-0.009,0
69.2560,-0.00574,-0.02828,-0.00115,0.00000,0.00000,-0.126,-0.009,0
69.3080,-0.00574,-0.02828,-0.00115,0.00000,0.00000,-0.126,-0.009,0
69.3600,-0.00574,-0.02827,-0.00115,0.00000,0.00000,-0.126,-0.009,0
69.4120,-0.00574,-0.02827,-0.00115,0.00000,0.00000,-0.126,-0.009,0
69.4640,-0.00574,-0.02828,-0.00115,0.00000,0.00000,-0.126,-0.009,0
69.5160,-0.00574,-0.02829,-0.00115,0.00000,0.00000,-0.127,-0.009,0
69.5680,-0.00574,-0.02828,-0.00115,0.00000,0.00000,-0.127,-0.009,0
69.6200,-0.00574,-0.02829,-0.00115,0.00000,0.00000,-0.127,-0.009,0
69.6720,-0.00574,-0.02830,-0.00115,0.00000,0.00000,-0.127,-0.009,0
69.7240,-0.00574,-0.02831,-0.00115,0.00000,0.00000,-0.127,-0.009,0
69.7760,-0.00574,-0.02833,-0.00115,0.00000,0.00000,-0.127,-0.009,0
69.8280,-0.00575,-0.02836,-0.00115,0.00000,0.00000,-0.127,-0.009,0
69.8800,-0.00576,-0.02839,-0.00115,0.00000,0.00000,-0.127,-0.009,0
69.9320,-0.00577,-0.02843,-0.00115,0.00000,0.00000,-0.127,-0.009,0
69.9840,-0.00577,-0.02846,-0.00115,0.00000,0.00000,-0.127,-0.009,0
70.0360,-0.00578,-0.02848,-0.00115,0.00000,0.00000,-0.128,-0.009,0
70.0880,-0.00578,-0.02849,-0.00115,0.00000,0.00000,-0.128,-0.009,0
70.1400,-0.00578,-0.02849,-0.00115,0.00000,0.00000,-0.128,-0.009,0
70.1920,-0.00578,-0.02849,-0.00115,0.00000,0.00000,-0.128,-0.009,0
70.2440,-0.00578,-0.02851,-0.00115,0.00000,0.00000,-0.128,-0.009,0
70.2960,-0.00578,-0.02852,-0.00115,0.00000,0.00000,-0.128,-0.009,0
70.3480,-0.00579,-0.02854,-0.00115,0.00000,0.00000,-0.128,-0.009,0
70.4000,-0.00579,-0.02856,-0.00115,0.00000,0.00000,-0.128,-0.009,0
70.4520,-0.00579,-0.02857,-0.00115,0.00000,0.00000,-0.128,-0.009,0
70.5040,-0.00579,-0.02857,-0.00115,0.00000,0.00000,-0.128,-0.009,0
70.5560,-0.00579,-0.02857,-0.00115,0.00000,0.00000,-0.128,-0.009,0
70.6080,-0.00579,-0.02856,-0.00115,0.00000,0.00000,-0.128,-0.009,0
70.6600,-0.00578,-0.02854,-0.00115,0.00000,0.00000,-0.128,-0.009,0
70.7120,-0.00577,-0.02851,-0.00115,0.00000,0.00000,-0.128,-0.009,0
70.7640,-0.00576,-0.02847,-0.00115,0.00000,0.00000,-0.128,-0.009,0
70.8160,-0.00575,-0.02841,-0.00115,0.00000,0.00000,-0.128,-0.009,0
70.8680,-0.00574,-0.02837,-0.00115,0.00000,0.00000,-0.127,-0.009,0
70.9200,-0.00573,-0.02831,-0.00115,0.00000,0.00000,-0.127,-0.009,0
70.9720,-0.00571,-0.02826,-0.00115,0.00000,0.00000,-0.127,-0.009,0
71.0240,-0.00570,-0.02821,-0.00115,0.00000,0.00000,-0.127,-0.009,0
71.0760,-0.00569,-0.02816,-0.00115,0.00000,0.00000,-0.127,-0.009,0
71.1280,-0.00568,-0.02813,-0.00115,0.00000,0.00000,-0.126,-0.009,0
71.1800,-0.00568,-0.02810,-0.00115,0.00000,0.00000,-0.126,-0.009,0
71.2320,-0.00568,-0.02809,-0.00115,0.00000,0.00000,-0.126,-0.009,0
71.2840,-0.00567,-0.02807,-0.00115,0.00000,0.00000,-0.126,-0.009,0
71.3360,-0.00567,-0.02806,-0.00115,0.00000,0.00000,-0.126,-0.009,0
71.3880,-0.00567,-0.02806,-0.00115,0.00000,0.00000,-0.126,-0.009,0
71.4400,-0.00567,-0.02805,-0.00115,0.00000,0.00000,-0.126,-0.009,0
71.4920,-0.00567,-0.02805,-0.00115,0.00000,0.00000,-0.126,-0.009,0
71.5440,-0.00568,-0.02805,-0.00115,0.00000,0.00000,-0.126,-0.009,0
71.5960,-0.00568,-0.02805,-0.00115,0.00000,0.00000,-0.126,-0.009,0
71.6480,-0.00568,-0.02805,-0.00115,0.00000,0.00000,-0.126,-0.009,0
71.7000,-0.00568,-0.02804,-0.00115,0.00000,0.00000,-0.126,-0.009,0
71.7520,-0.00568,-0.02803,-0.00115,0.00000,0.00000,-0.126,-0.009,0
71.8040,-0.00568,-0.02803,-0.00115,0.00000,0.00000,-0.126,-0.009,0
71.8560,-0.00568,-0.02803,-0.00115,0.00000,0.00000,-0.126,-0.009,0
71.9080,-0.00568,-0.02802,-0.00115,0.00000,0.00000,-0.126,-0.009,0
71.9600,-0.00568,-0.02802,-0.00115,0.00000,0.00000,-0.126,-0.009,0
72.0120,-0.00568,-0.02801,-0.00115,0.00000,0.00000,-0.126,-0.009,0
72.0640,-0.00567,-0.02799,-0.00115,0.00000,0.00000,-0.126,-0.009,0
72.1160,-0.00567,-0.02797,-0.00115,0.00000,0.00000,-0.125,-0.009,0
72.1680,-0.00566,-0.02794,-0.00115,0.00000,0.00000,-0.125,-0.009,0
72.2200,-0.00566,-0.02794,-0.00115,0.00000,0.00000,-0.125,-0.009,0
72.2720,-0.00566,-0.02794,-0.00115,0.00000,0.00000,-0.125,-0.009,0
72.3240,-0.00567,-0.02795,-0.00115,0.00000,0.00000,-0.125,-0.009,0
72.3760,-0.00566,-0.02794,-0.00115,0.00000,0.00000,-0.125,-0.009,0
72.4280,-0.00566,-0.02792,-0.00115,0.00000,0.00000,-0.125,-0.009,0
72.4800,-0.00565,-0.02789,-0.00115,0.00000,0.00000,-0.125,-0.009,0
72.5320,-0.00565,-0.02786,-0.00115,0.00000,0.00000,-0.125,-0.009,0
72.5840,-0.00564,-0.02782,-0.00115,0.00000,0.00000,-0.125,-0.009,0
72.6360,-0.00563,-0.02778,-0.00115,0.00000,0.00000,-0.124,-0.009,0
72.6880,-0.00562,-0.02773,-0.00115,0.00000,0.00000,-0.124,-0.009,0
72.7400,-0.00560,-0.02766,-0.00115,0.00000,0.00000,-0.124,-0.009,0
72.7920,-0.00559,-0.02759,-0.00115,0.00000,0.00000,-0.123,-0.009,0
72.8440,-0.00557,-0.02753,-0.00115,0.00000,0.00000,-0.123,-0.009,0
72.8960,-0.00556,-0.02747,-0.00115,0.00000,0.00000,-0.123,-0.009,0
72.9480,-0.00555,-0.02742,-0.00115,0.00000,0.00000,-0.123,-0.009,0
73.0000,-0.00554,-0.02737,-0.00115,0.00000,0.00000,-0.122,-0.009,0
73.0520,-0.00553,-0.02731,-0.00115,0.00000,0.00000,-0.122,-0.009,0
73.1040,-0.00552,-0.02725,-0.00115,0.00000,0.00000,-0.122,-0.009,0
73.1560,-0.00551,-0.02720,-0.00115,0.00000,0.00000,-0.121,-0.009,0
73.2080,-0.00550,-0.02715,-0.00115,0.00000,0.00000,-0.121,-0.009,0
73.2600,-0.00549,-0.02711,-0.00115,0.00000,0.00000,-0.121,-0.009,0
73.3120,-0.00548,-0.02708,-0.00115,0.00000,0.00000,-0.121,-0.009,0
73.3640,-0.00548,-0.02705,-0.00115,0.00000,0.00000,-0.121,-0.009,0
73.4160,-0.00548,-0.02703,-0.00115,0.00000,0.00000,-0.120,-0.009,0
73.4680,-0.00547,-0.02699,-0.00115,0.00000,0.00000,-0.120,-0.009,0
73.5200,-0.00547,-0.02696,-0.00115,0.00000,0.00000,-0.120,-0.009,0
73.5720,-0.00546,-0.02694,-0.00115,0.00000,0.00000,-0.120,-0.009,0
73.6240,-0.00546,-0.02693,-0.00115,0.00000,0.00000,-0.120,-0.009,0
73.6760,-0.00547,-0.02693,-0.00115,0.00000,0.00000,-0.120,-0.009,0
73.7280,-0.00547,-0.02695,-0.00115,0.00000,0.00000,-0.120,-0.009,0
73.7800,-0.00548,-0.02697,-0.00115,0.00000,0.00000,-0.120,-0.009,0
73.8320,-0.00549,-0.02699,-0.00115,0.00000,0.00000,-0.120,-0.009,0
73.8840,-0.00549,-0.02700,-0.00115,0.00000,0.00000,-0.120,-0.009,0
73.9360,-0.00549,-0.02701,-0.00115,0.00000,0.00000,-0.120,-0.009,0
73.9880,-0.00550,-0.02703,-0.00115,0.00000,0.00000,-0.120,-0.009,0
74.0400,-0.00551,-0.02705,-0.00115,0.00000,0.00000,-0.120,-0.009,0
74.0920,-0.00551,-0.02708,-0.00115,0.00000,0.00000,-0.120,-0.009,0
74.1440,-0.00552,-0.02711,-0.00115,0.00000,0.00000,-0.120,-0.009,0
74.1960,-0.00553,-0.02716,-0.00115,0.00000,0.00000,-0.120,-0.009,0
74.2480,-0.00555,-0.02721,-0.00115,0.00000,0.00000,-0.120,-0.009,0
74.3000,-0.00556,-0.02727,-0.00115,0.00000,0.00000,-0.121,-0.009,0
74.3520,-0.00558,-0.02734,-0.00115,0.00000,0.00000,-0.121,-0.009,0
74.4040,-0.00559,-0.02741,-0.00115,0.00000,0.00000,-0.121,-0.009,0
74.4560,-0.00561,-0.02748,-0.00115,0.00000,0.00000,-0.121,-0.009,0
74.5080,-0.00562,-0.02753,-0.00115,0.00000,0.00000,-0.122,-0.009,0
74.5600,-0.00563,-0.02757,-0.00115,0.00000,0.00000,-0.122,-0.009,0
74.6120,-0.00563,-0.02760,-0.00115,0.00000,0.00000,-0.122,-0.009,0
74.6640,-0.00564,-0.02763,-0.00115,0.00000,0.00000,-0.122,-0.009,0
74.7160,-0.00564,-0.02764,-0.00115,0.00000,0.00000,-0.122,-0.009,0
74.7680,-0.00564,-0.02763,-0.00115,0.00000,0.00000,-0.122,-0.009,0
74.8200,-0.00563,-0.02763,-0.00115,0.00000,0.00000,-0.122,-0.009,0
74.8720,-0.00563,-0.02762,-0.00115,0.00000,0.00000,-0.122,-0.009,0
74.9240,-0.00563,-0.02761,-0.00115,0.00000,0.00000,-0.122,-0.009,0
74.9760,-0.00562,-0.02761,-0.00115,0.00000,0.00000,-0.122,-0.009,0
75.0280,-0.00562,-0.02760,-0.00115,0.00000,0.00000,-0.122,-0.009,0
75.0800,-0.00562,-0.02761,-0.00115,0.00000,0.00000,-0.122,-0.009,0
75.1320,-0.00562,-0.02763,-0.00115,0.00000,0.00000,-0.122,-0.009,0
75.1840,-0.00563,-0.02765,-0.00115,0.00000,0.00000,-0.122,-0.009,0
75.2360,-0.00563,-0.02767,-0.00115,0.00000,0.00000,-0.123,-0.009,0
75.2880,-0.00563,-0.02769,-0.00115,0.00000,0.00000,-0.123,-0.009,0
75.3400,-0.00564,-0.02772,-0.00115,0.00000,0.00000,-0.123,-0.009,0
75.3920,-0.00564,-0.02773,-0.00115,0.00000,0.00000,-0.123,-0.009,0
75.4440,-0.00564,-0.02774,-0.00115,0.00000,0.00000,-0.123,-0.009,0
75.4960,-0.00564,-0.02775,-0.00115,0.00000,0.00000,-0.123,-0.009,0
75.5480,-0.00564,-0.02775,-0.00115,0.00000,0.00000,-0.123,-0.009,0
75.6000,-0.00564,-0.02774,-0.00115,0.00000,0.00000,-0.123,-0.009,0
75.6520,-0.00564,-0.02773,-0.00115,0.00000,0.00000,-0.123,-0.009,0
75.7040,-0.00563,-0.02772,-0.00115,0.00000,0.00000,-0.123,-0.009,0
75.7560,-0.00563,-0.02771,-0.00115,0.00000,0.00000,-0.123,-0.009,0
75.8080,-0.00562,-0.02769,-0.00115,0.00000,0.00000,-0.123,-0.009,0
75.8600,-0.00562,-0.02768,-0.00115,0.00000,0.00000,-0.123,-0.009,0
75.9120,-0.00562,-0.02767,-0.00115,0.00000,0.00000,-0.123,-0.009,0
75.9640,-0.00562,-0.02767,-0.00115,0.00000,0.00000,-0.123,-0.009,0
76.0160,-0.00562,-0.02768,-0.00115,0.00000,0.00000,-0.123,-0.009,0
76.0680,-0.00562,-0.02769,-0.00115,0.00000,0.00000,-0.123,-0.009,0
76.1200,-0.00562,-0.02769,-0.00115,0.00000,0.00000,-0.123,-0.009,0
76.1720,-0.00562,-0.02770,-0.00115,0.00000,0.00000,-0.123,-0.009,0
76.2240,-0.00563,-0.02772,-0.00115,0.00000,0.00000,-0.123,-0.009,0
76.2760,-0.00563,-0.02773,-0.00115,0.00000,0.00000,-0.123,-0.009,0
76.3280,-0.00564,-0.02775,-0.00115,0.00000,0.00000,-0.123,-0.009,0
76.3800,-0.00564,-0.02775,-0.00115,0.00000,0.00000,-0.123,-0.009,0
76.4320,-0.00564,-0.02776,-0.00115,0.00000,0.00000,-0.123,-0.009,0
76.4840,-0.00564,-0.02776,-0.00115,0.00000,0.00000,-0.123,-0.009,0
76.5360,-0.00564,-0.02778,-0.00115,0.00000,0.00000,-0.124,-0.009,0
76.5880,-0.00565,-0.02781,-0.00115,0.00000,0.00000,-0.124,-0.009,0
76.6400,-0.00565,-0.02783,-0.00115,0.00000,0.00000,-0.124,-0.009,0
76.6920,-0.00566,-0.02785,-0.00115,0.00000,0.00000,-0.124,-0.009,0
76.7440,-0.00566,-0.02786,-0.00115,0.00000,0.00000,-0.124,-0.009,0
76.7960,-0.00566,-0.02785,-0.00115,0.00000,0.00000,-0.124,-0.009,0
76.8480,-0.00565,-0.02783,-0.00115,0.00000,0.00000,-0.124,-0.009,0
76.9000,-0.00565,-0.02783,-0.00115,0.00000,0.00000,-0.124,-0.009,0
76.9520,-0.00565,-0.02783,-0.00115,0.00000,0.00000,-0.124,-0.009,0
77.0040,-0.00565,-0.02782,-0.00115,0.00000,0.00000,-0.124,-0.009,0
77.0560,-0.00565,-0.02781,-0.00115,0.00000,0.00000,-0.124,-0.009,0
77.1080,-0.00564,-0.02780,-0.00115,0.00000,0.00000,-0.124,-0.009,0
77.1600,-0.00564,-0.02778,-0.00115,0.00000,0.00000,-0.124,-0.009,0
77.2120,-0.00563,-0.02776,-0.00115,0.00000,0.00000,-0.124,-0.009,0
77.2640,-0.00563,-0.02773,-0.00115,0.00000,0.00000,-0.123,-0.009,0
77.3160,-0.00562,-0.02770,-0.00115,0.00000,0.00000,-0.123,-0.009,0
77.3680,-0.00561,-0.02768,-0.00115,0.00000,0.00000,-0.123,-0.009,0
77.4200,-0.00561,-0.02767,-0.00115,0.00000,0.00000,-0.123,-0.009,0
77.4720,-0.00561,-0.02767,-0.00115,0.00000,0.00000,-0.123,-0.009,0
77.5240,-0.00562,-0.02769,-0.00115,0.00000,0.00000,-0.123,-0.009,0
77.5760,-0.00562,-0.02771,-0.00115,0.00000,0.00000,-0.123,-0.009,0
77.6280,-0.00563,-0.02774,-0.00115,0.00000,0.00000,-0.123,-0.009,0
77.6800,-0.00564,-0.02776,-0.00115,0.00000,0.00000,-0.124,-0.009,0
77.7320,-0.00564,-0.02776,-0.00115,0.00000,0.00000,-0.124,-0.009,0
77.7840,-0.00563,-0.02775,-0.00115,0.00000,0.00000,-0.124,-0.009,0
77.8360,-0.00563,-0.02774,-0.00115,0.00000,0.00000,-0.123,-0.009,0
77.8880,-0.00563,-0.02774,-0.00115,0.00000,0.00000,-0.123,-0.009,0
77.9400,-0.00563,-0.02773,-0.00115,0.00000,0.00000,-0.123,-0.009,0
77.9920,-0.00563,-0.02773,-0.00115,0.00000,0.00000,-0.123,-0.009,0
78.0440,-0.00563,-0.02773,-0.00115,0.00000,0.00000,-0.123,-0.009,0
78.0960,-0.00563,-0.02773,-0.00115,0.00000,0.00000,-0.123,-0.009,0
78.1480,-0.00563,-0.02774,-0.00115,0.00000,0.00000,-0.123,-0.009,0
78.2000,-0.00563,-0.02774,-0.00115,0.00000,0.00000,-0.123,-0.009,0
78.2520,-0.00563,-0.02773,-0.00115,0.00000,0.00000,-0.123,-0.009,0
78.3040,-0.00563,-0.02772,-0.00115,0.00000,0.00000,-0.123,-0.009,0
78.3560,-0.00563,-0.02772,-0.00115,0.00000,0.00000,-0.123,-0.009,0
78.4080,-0.00563,-0.02772,-0.00115,0.00000,0.00000,-0.123,-0.009,0
78.4600,-0.00563,-0.02772,-0.00115,0.00000,0.00000,-0.123,-0.009,0
78.5120,-0.00562,-0.02770,-0.00115,0.00000,0.00000,-0.123,-0.009,0
78.5640,-0.00562,-0.02769,-0.00115,0.00000,0.00000,-0.123,-0.009,0
78.6160,-0.00562,-0.02768,-0.00115,0.00000,0.00000,-0.123,-0.009,0
78.6680,-0.00562,-0.02767,-0.00115,0.00000,0.00000,-0.123,-0.009,0
78.7200,-0.00561,-0.02765,-0.00115,0.00000,0.00000,-0.123,-0.009,0
78.7720,-0.00561,-0.02765,-0.00115,0.00000,0.00000,-0.123,-0.009,0
78.8240,-0.00561,-0.02766,-0.00115,0.00000,0.00000,-0.123,-0.009,0
78.8760,-0.00562,-0.02766,-0.00115,0.00000,0.00000,-0.123,-0.009,0
78.9280,-0.00562,-0.02767,-0.00115,0.00000,0.00000,-0.123,-0.009,0
78.9800,-0.00562,-0.02767,-0.00115,0.00000,0.00000,-0.123,-0.009,0
79.0320,-0.00562,-0.02767,-0.00115,0.00000,0.00000,-0.123,-0.009,0
79.0840,-0.00562,-0.02767,-0.00115,0.00000,0.00000,-0.123,-0.009,0
79.1360,-0.00562,-0.02767,-0.00115,0.00000,0.00000,-0.123,-0.009,0
79.1880,-0.00562,-0.02766,-0.00115,0.00000,0.00000,-0.123,-0.009,0
79.2400,-0.00562,-0.02766,-0.00115,0.00000,0.00000,-0.123,-0.009,0
79.2920,-0.00562,-0.02766,-0.00115,0.00000,0.00000,-0.123,-0.009,0
79.3440,-0.00561,-0.02764,-0.00115,0.00000,0.00000,-0.123,-0.009,0
79.3960,-0.00561,-0.02761,-0.00115,0.00000,0.00000,-0.123,-0.009,0
79.4480,-0.00560,-0.02759,-0.00115,0.00000,0.00000,-0.123,-0.009,0
79.5000,-0.00560,-0.02758,-0.00115,0.00000,0.00000,-0.123,-0.009,0
79.5520,-0.00559,-0.02756,-0.00115,0.00000,0.00000,-0.123,-0.009,0
79.6040,-0.00558,-0.02751,-0.00115,0.00000,0.00000,-0.122,-0.009,0
79.6560,-0.00557,-0.02746,-0.00115,0.00000,0.00000,-0.122,-0.009,0
79.7080,-0.00556,-0.02741,-0.00115,0.00000,0.00000,-0.122,-0.009,0
79.7600,-0.00555,-0.02736,-0.00115,0.00000,0.00000,-0.122,-0.009,0
79.8120,-0.00554,-0.02730,-0.00115,0.00000,0.00000,-0.121,-0.009,0
79.8640,-0.00553,-0.02727,-0.00115,0.00000,0.00000,-0.121,-0.009,0
79.9160,-0.00553,-0.02725,-0.00115,0.00000,0.00000,-0.121,-0.009,0
79.9680,-0.00553,-0.02724,-0.00115,0.00000,0.00000,-0.121,-0.009,0
80.0200,-0.00552,-0.02723,-0.00115,0.00000,0.00000,-0.121,-0.009,0
80.0720,-0.00552,-0.02722,-0.00115,0.00000,0.00000,-0.121,-0.009,0
80.1240,-0.00552,-0.02720,-0.00115,0.00000,0.00000,-0.121,-0.009,0
80.1760,-0.00552,-0.02718,-0.00115,0.00000,0.00000,-0.121,-0.009,0
80.2280,-0.00552,-0.02718,-0.00115,0.00000,0.00000,-0.121,-0.009,0
80.2800,-0.00552,-0.02717,-0.00115,0.00000,0.00000,-0.121,-0.009,0
80.3320,-0.00552,-0.02717,-0.00115,0.00000,0.00000,-0.121,-0.009,0
80.3840,-0.00551,-0.02715,-0.00115,0.00000,0.00000,-0.120,-0.009,0
80.4360,-0.00551,-0.02713,-0.00115,0.00000,0.00000,-0.120,-0.009,0
80.4880,-0.00551,-0.02713,-0.00115,0.00000,0.00000,-0.120,-0.009,0
80.5400,-0.00551,-0.02712,-0.00115,0.00000,0.00000,-0.120,-0.009,0
80.5920,-0.00551,-0.02710,-0.00115,0.00000,0.00000,-0.120,-0.009,0
80.6440,-0.00551,-0.02710,-0.00115,0.00000,0.00000,-0.120,-0.009,0
80.6960,-0.00551,-0.02710,-0.00115,0.00000,0.00000,-0.120,-0.009,0
80.7480,-0.00551,-0.02709,-0.00115,0.00000,0.00000,-0.120,-0.009,0
80.8000,-0.00551,-0.02709,-0.00115,0.00000,0.00000,-0.120,-0.009,0
80.8520,-0.00551,-0.02709,-0.00115,0.00000,0.00000,-0.120,-0.009,0
80.9040,-0.00551,-0.02708,-0.00115,0.00000,0.00000,-0.120,-0.009,0
80.9560,-0.00551,-0.02708,-0.00115,0.00000,0.00000,-0.120,-0.009,0
81.0080,-0.00551,-0.02709,-0.00115,0.00000,0.00000,-0.120,-0.009,0
81.0600,-0.00551,-0.02710,-0.00115,0.00000,0.00000,-0.120,-0.009,0
81.1120,-0.00552,-0.02712,-0.00115,0.00000,0.00000,-0.120,-0.009,0
81.1640,-0.00553,-0.02715,-0.00115,0.00000,0.00000,-0.120,-0.009,0
81.2160,-0.00554,-0.02719,-0.00115,0.00000,0.00000,-0.120,-0.009,0
81.2680,-0.00555,-0.02723,-0.00115,0.00000,0.00000,-0.120,-0.009,0
81.3200,-0.00555,-0.02726,-0.00115,0.00000,0.00000,-0.120,-0.009,0
81.3720,-0.00556,-0.02727,-0.00115,0.00000,0.00000,-0.121,-0.009,0
81.4240,-0.00556,-0.02728,-0.00115,0.00000,0.00000,-0.121,-0.009,0
81.4760,-0.00556,-0.02729,-0.00115,0.00000,0.00000,-0.121,-0.009,0
81.5280,-0.00556,-0.02729,-0.00115,0.00000,0.00000,-0.121,-0.009,0
81.5800,-0.00556,-0.02728,-0.00115,0.00000,0.00000,-0.121,-0.009,0
81.6320,-0.00555,-0.02727,-0.00115,0.00000,0.00000,-0.121,-0.009,0
81.6840,-0.00555,-0.02724,-0.00115,0.00000,0.00000,-0.120,-0.009,0
81.7360,-0.00554,-0.02723,-0.00115,0.00000,0.00000,-0.120,-0.009,0
81.7880,-0.00554,-0.02721,-0.00115,0.00000,0.00000,-0.120,-0.009,0
81.8400,-0.00553,-0.02720,-0.00115,0.00000,0.00000,-0.120,-0.009,0
81.8920,-0.00553,-0.02720,-0.00115,0.00000,0.00000,-0.120,-0.009,0
81.9440,-0.00553,-0.02720,-0.00115,0.00000,0.00000,-0.120,-0.009,0
81.9960,-0.00553,-0.02720,-0.00115,0.00000,0.00000,-0.120,-0.009,0
82.0480,-0.00554,-0.02721,-0.00115,0.00000,0.00000,-0.120,-0.009,0
82.1000,-0.00554,-0.02721,-0.00115,0.00000,0.00000,-0.120,-0.009,0
82.1520,-0.00554,-0.02721,-0.00115,0.00000,0.00000,-0.120,-0.009,0
82.2040,-0.00554,-0.02721,-0.00115,0.00000,0.00000,-0.120,-0.009,0
82.2560,-0.00553,-0.02720,-0.00115,0.00000,0.00000,-0.120,-0.009,0
82.3080,-0.00553,-0.02719,-0.00115,0.00000,0.00000,-0.120,-0.009,0
82.3600,-0.00553,-0.02719,-0.00115,0.00000,0.00000,-0.120,-0.009,0
82.4120,-0.00553,-0.02719,-0.00115,0.00000,0.00000,-0.120,-0.009,0
82.4640,-0.00553,-0.02720,-0.00115,0.00000,0.00000,-0.120,-0.009,0
82.5160,-0.00554,-0.02721,-0.00115,0.00000,0.00000,-0.120,-0.009,0
82.5680,-0.00554,-0.02723,-0.00115,0.00000,0.00000,-0.120,-0.009,0
82.6200,-0.00554,-0.02725,-0.00115,0.00000,0.00000,-0.120,-0.009,0
82.6720,-0.00555,-0.02727,-0.00115,0.00000,0.00000,-0.120,-0.009,0
82.7240,-0.00555,-0.02728,-0.00115,0.00000,0.00000,-0.121,-0.009,0
82.7760,-0.00555,-0.02728,-0.00115,0.00000,0.00000,-0.121,-0.009,0
82.8280,-0.00555,-0.02729,-0.00115,0.00000,0.00000,-0.121,-0.009,0
82.8800,-0.00556,-0.02730,-0.00115,0.00000,0.00000,-0.121,-0.009,0
82.9320,-0.00556,-0.02730,-0.00115,0.00000,0.00000,-0.121,-0.009,0
82.9840,-0.00555,-0.02730,-0.00115,0.00000,0.00000,-0.121,-0.009,0
83.0360,-0.00555,-0.02729,-0.00115,0.00000,0.00000,-0.121,-0.009,0
83.0880,-0.00556,-0.02730,-0.00115,0.00000,0.00000,-0.121,-0.009,0
83.1400,-0.00556,-0.02730,-0.00115,0.00000,0.00000,-0.121,-0.009,0
83.1920,-0.00555,-0.02730,-0.00115,0.00000,0.00000,-0.121,-0.009,0
83.2440,-0.00556,-0.02730,-0.00115,0.00000,0.00000,-0.121,-0.009,0
83.2960,-0.00556,-0.02731,-0.00115,0.00000,0.00000,-0.121,-0.009,0
83.3480,-0.00556,-0.02731,-0.00115,0.00000,0.00000,-0.121,-0.009,0
83.4000,-0.00555,-0.02729,-0.00115,0.00000,0.00000,-0.121,-0.009,0
83.4520,-0.00555,-0.02727,-0.00115,0.00000,0.00000,-0.121,-0.009,0
83.5040,-0.00554,-0.02725,-0.00115,0.00000,0.00000,-0.121,-0.009,0
83.5560,-0.00554,-0.02723,-0.00115,0.00000,0.00000,-0.120,-0.009,0
83.6080,-0.00553,-0.02722,-0.00115,0.00000,0.00000,-0.120,-0.009,0
83.6600,-0.00553,-0.02721,-0.00115,0.00000,0.00000,-0.120,-0.009,0
83.7120,-0.00553,-0.02718,-0.00115,0.00000,0.00000,-0.120,-0.009,0
83.7640,-0.00552,-0.02716,-0.00115,0.00000,0.00000,-0.120,-0.009,0
83.8160,-0.00551,-0.02713,-0.00115,0.00000,0.00000,-0.120,-0.009,0
83.8680,-0.00551,-0.02710,-0.00115,0.00000,0.00000,-0.120,-0.009,0
83.9200,-0.00550,-0.02708,-0.00115,0.00000,0.00000,-0.120,-0.009,0
83.9720,-0.00550,-0.02706,-0.00115,0.00000,0.00000,-0.120,-0.009,0
84.0240,-0.00550,-0.02706,-0.00115,0.00000,0.00000,-0.120,-0.009,0
84.0760,-0.00550,-0.02706,-0.00115,0.00000,0.00000,-0.120,-0.009,0
84.1280,-0.00550,-0.02707,-0.00115,0.00000,0.00000,-0.120,-0.009,0
84.1800,-0.00550,-0.02708,-0.00115,0.00000,0.00000,-0.120,-0.009,0
84.2320,-0.00550,-0.02707,-0.00115,0.00000,0.00000,-0.120,-0.009,0
84.2840,-0.00550,-0.02705,-0.00115,0.00000,0.00000,-0.120,-0.009,0
84.3360,-0.00550,-0.02704,-0.00115,0.00000,0.00000,-0.119,-0.009,0
84.3880,-0.00550,-0.02703,-0.00115,0.00000,0.00000,-0.119,-0.009,0
84.4400,-0.00550,-0.02703,-0.00115,0.00000,0.00000,-0.119,-0.009,0
84.4920,-0.00550,-0.02703,-0.00115,0.00000,0.00000,-0.119,-0.009,0
84.5440,-0.00550,-0.02702,-0.00115,0.00000,0.00000,-0.119,-0.009,0
84.5960,-0.00549,-0.02700,-0.00115,0.00000,0.00000,-0.119,-0.009,0
84.6480,-0.00549,-0.02698,-0.00115,0.00000,0.00000,-0.119,-0.009,0
84.7000,-0.00548,-0.02696,-0.00115,0.00000,0.00000,-0.119,-0.009,0
84.7520,-0.00548,-0.02693,-0.00115,0.00000,0.00000,-0.119,-0.009,0
84.8040,-0.00547,-0.02690,-0.00115,0.00000,0.00000,-0.119,-0.009,0
84.8560,-0.00546,-0.02687,-0.00115,0.00000,0.00000,-0.119,-0.009,0
84.9080,-0.00546,-0.02685,-0.00115,0.00000,0.00000,-0.118,-0.009,0
84.9600,-0.00545,-0.02683,-0.00115,0.00000,0.00000,-0.118,-0.009,0
85.0120,-0.00545,-0.02681,-0.00115,0.00000,0.00000,-0.118,-0.009,0
85.0640,-0.00545,-0.02681,-0.00115,0.00000,0.00000,-0.118,-0.009,0
85.1160,-0.00545,-0.02680,-0.00115,0.00000,0.00000,-0.118,-0.009,0
85.1680,-0.00545,-0.02678,-0.00115,0.00000,0.00000,-0.118,-0.009,0
85.2200,-0.00544,-0.02676,-0.00115,0.00000,0.00000,-0.118,-0.009,0
85.2720,-0.00544,-0.02674,-0.00115,0.00000,0.00000,-0.118,-0.009,0
85.3240,-0.00544,-0.02673,-0.00115,0.00000,0.00000,-0.118,-0.009,0
85.3760,-0.00544,-0.02674,-0.00115,0.00000,0.00000,-0.118,-0.009,0
85.4280,-0.00544,-0.02673,-0.00115,0.00000,0.00000,-0.118,-0.009,0
85.4800,-0.00544,-0.02674,-0.00115,0.00000,0.00000,-0.118,-0.009,0
85.5320,-0.00545,-0.02675,-0.00115,0.00000,0.00000,-0.118,-0.009,0
85.5840,-0.00545,-0.02675,-0.00115,0.00000,0.00000,-0.118,-0.009,0
85.6360,-0.00545,-0.02675,-0.00115,0.00000,0.00000,-0.118,-0.009,0
85.6880,-0.00545,-0.02676,-0.00115,0.00000,0.00000,-0.118,-0.009,0
85.7400,-0.00546,-0.02678,-0.00115,0.00000,0.00000,-0.118,-0.009,0
85.7920,-0.00546,-0.02680,-0.00115,0.00000,0.00000,-0.118,-0.009,0
85.8440,-0.00547,-0.02682,-0.00115,0.00000,0.00000,-0.118,-0.009,0
85.8960,-0.00547,-0.02686,-0.00115,0.00000,0.00000,-0.118,-0.009,0
85.9480,-0.00548,-0.02690,-0.00115,0.00000,0.00000,-0.118,-0.009,0
86.0000,-0.00550,-0.02695,-0.00115,0.00000,0.00000,-0.118,-0.009,0
86.0520,-0.00551,-0.02700,-0.00115,0.00000,0.00000,-0.119,-0.009,0
86.1040,-0.00552,-0.02707,-0.00115,0.00000,0.00000,-0.119,-0.009,0
86.1560,-0.00554,-0.02713,-0.00115,0.00000,0.00000,-0.119,-0.009,0
86.2080,-0.00555,-0.02718,-0.00115,0.00000,0.00000,-0.119,-0.009,0
86.2600,-0.00556,-0.02722,-0.00115,0.00000,0.00000,-0.120,-0.009,0
86.3120,-0.00557,-0.02727,-0.00115,0.00000,0.00000,-0.120,-0.009,0
86.3640,-0.00558,-0.02732,-0.00115,0.00000,0.00000,-0.120,-0.009,0
86.4160,-0.00559,-0.02737,-0.00115,0.00000,0.00000,-0.120,-0.009,0
86.4680,-0.00560,-0.02741,-0.00115,0.00000,0.00000,-0.121,-0.009,0
86.5200,-0.00560,-0.02744,-0.00115,0.00000,0.00000,-0.121,-0.009,0
86.5720,-0.00560,-0.02745,-0.00115,0.00000,0.00000,-0.121,-0.009,0
86.6240,-0.00560,-0.02746,-0.00115,0.00000,0.00000,-0.121,-0.009,0
86.6760,-0.00560,-0.02745,-0.00115,0.00000,0.00000,-0.121,-0.009,0
86.7280,-0.00560,-0.02745,-0.00115,0.00000,0.00000,-0.121,-0.009,0
86.7800,-0.00559,-0.02745,-0.00115,0.00000,0.00000,-0.121,-0.009,0
86.8320,-0.00559,-0.02745,-0.00115,0.00000,0.00000,-0.121,-0.009,0
86.8840,-0.00559,-0.02746,-0.00115,0.00000,0.00000,-0.121,-0.009,0
86.9360,-0.00559,-0.02747,-0.00115,0.00000,0.00000,-0.121,-0.009,0
86.9880,-0.00559,-0.02746,-0.00115,0.00000,0.00000,-0.121,-0.009,0
87.0400,-0.00559,-0.02744,-0.00115,0.00000,0.00000,-0.121,-0.009,0
87.0920,-0.00558,-0.02742,-0.00115,0.00000,0.00000,-0.121,-0.009,0
87.1440,-0.00557,-0.02739,-0.00115,0.00000,0.00000,-0.121,-0.009,0
87.1960,-0.00556,-0.02735,-0.00115,0.00000,0.00000,-0.121,-0.009,0
87.2480,-0.00555,-0.02732,-0.00115,0.00000,0.00000,-0.121,-0.009,0
87.3000,-0.00554,-0.02728,-0.00115,0.00000,0.00000,-0.120,-0.009,0
87.3520,-0.00553,-0.02724,-0.00115,0.00000,0.00000,-0.120,-0.009,0
87.4040,-0.00553,-0.02721,-0.00115,0.00000,0.00000,-0.120,-0.009,0
87.4560,-0.00552,-0.02717,-0.00115,0.00000,0.00000,-0.120,-0.009,0
87.5080,-0.00551,-0.02712,-0.00115,0.00000,0.00000,-0.120,-0.009,0
87.5600,-0.00550,-0.02708,-0.00115,0.00000,0.00000,-0.120,-0.009,0
87.6120,-0.00549,-0.02704,-0.00115,0.00000,0.00000,-0.119,-0.009,0
87.6640,-0.00549,-0.02703,-0.00115,0.00000,0.00000,-0.119,-0.009,0
87.7160,-0.00548,-0.02701,-0.00115,0.00000,0.00000,-0.119,-0.009,0
87.7680,-0.00548,-0.02700,-0.00115,0.00000,0.00000,-0.119,-0.009,0
87.8200,-0.00548,-0.02699,-0.00115,0.00000,0.00000,-0.119,-0.009,0
87.8720,-0.00548,-0.02700,-0.00115,0.00000,0.00000,-0.119,-0.009,0
87.9240,-0.00548,-0.02699,-0.00115,0.00000,0.00000,-0.119,-0.009,0
87.9760,-0.00548,-0.02698,-0.00115,0.00000,0.00000,-0.119,-0.009,0
88.0280,-0.00548,-0.02699,-0.00115,0.00000,0.00000,-0.119,-0.009,0
88.0800,-0.00549,-0.02700,-0.00115,0.00000,0.00000,-0.119,-0.009,0
88.1320,-0.00549,-0.02701,-0.00115,0.00000,0.00000,-0.119,-0.009,0
88.1840,-0.00549,-0.02702,-0.00115,0.00000,0.00000,-0.119,-0.009,0
88.2360,-0.00550,-0.02703,-0.00115,0.00000,0.00000,-0.119,-0.009,0
88.2880,-0.00550,-0.02703,-0.00115,0.00000,0.00000,-0.119,-0.009,0
88.3400,-0.00550,-0.02702,-0.00115,0.00000,0.00000,-0.119,-0.009,0
88.3920,-0.00549,-0.02701,-0.00115,0.00000,0.00000,-0.119,-0.009,0
88.4440,-0.00549,-0.02699,-0.00115,0.00000,0.00000,-0.119,-0.009,0
88.4960,-0.00549,-0.02697,-0.00115,0.00000,0.00000,-0.119,-0.009,0
88.5480,-0.00548,-0.02695,-0.00115,0.00000,0.00000,-0.119,-0.009,0
88.6000,-0.00548,-0.02693,-0.00115,0.00000,0.00000,-0.119,-0.009,0
88.6520,-0.00547,-0.02690,-0.00115,0.00000,0.00000,-0.119,-0.009,0
88.7040,-0.00547,-0.02688,-0.00115,0.00000,0.00000,-0.118,-0.009,0
88.7560,-0.00546,-0.02686,-0.00115,0.00000,0.00000,-0.118,-0.009,0
88.8080,-0.00546,-0.02684,-0.00115,0.00000,0.00000,-0.118,-0.009,0
88.8600,-0.00546,-0.02682,-0.00115,0.00000,0.00000,-0.118,-0.009,0
88.9120,-0.00545,-0.02680,-0.00115,0.00000,0.00000,-0.118,-0.009,0
88.9640,-0.00545,-0.02679,-0.00115,0.00000,0.00000,-0.118,-0.009,0
89.0160,-0.00545,-0.02680,-0.00115,0.00000,0.00000,-0.118,-0.009,0
89.0680,-0.00545,-0.02679,-0.00115,0.00000,0.00000,-0.118,-0.009,0
89.1200,-0.00545,-0.02679,-0.00115,0.00000,0.00000,-0.118,-0.009,0
89.1720,-0.00545,-0.02679,-0.00115,0.00000,0.00000,-0.118,-0.009,0
89.2240,-0.00545,-0.02679,-0.00115,0.00000,0.00000,-0.118,-0.009,0
89.2760,-0.00545,-0.02677,-0.00115,0.00000,0.00000,-0.118,-0.009,0
89.3280,-0.00544,-0.02674,-0.00115,0.00000,0.00000,-0.118,-0.009,0
89.3800,-0.00544,-0.02671,-0.00115,0.00000,0.00000,-0.118,-0.009,0
89.4320,-0.00543,-0.02667,-0.00115,0.00000,0.00000,-0.117,-0.009,0
89.4840,-0.00542,-0.02662,-0.00115,0.00000,0.00000,-0.117,-0.009,0
89.5360,-0.00541,-0.02658,-0.00115,0.00000,0.00000,-0.117,-0.009,0
89.5880,-0.00540,-0.02652,-0.00115,0.00000,0.00000,-0.117,-0.009,0
89.6400,-0.00539,-0.02647,-0.00115,0.00000,0.00000,-0.116,-0.009,0
89.6920,-0.00538,-0.02644,-0.00115,0.00000,0.00000,-0.116,-0.009,0
89.7440,-0.00537,-0.02640,-0.00115,0.00000,0.00000,-0.116,-0.009,0
89.7960,-0.00537,-0.02638,-0.00115,0.00000,0.00000,-0.116,-0.009,0
89.8480,-0.00536,-0.02636,-0.00115,0.00000,0.00000,-0.116,-0.009,0
89.9000,-0.00536,-0.02634,-0.00115,0.00000,0.00000,-0.116,-0.009,0
89.9520,-0.00536,-0.02634,-0.00115,0.00000,0.00000,-0.116,-0.009,0
90.0040,-0.00536,-0.02634,-0.00115,0.00000,0.00000,-0.116,-0.009,0
90.0560,-0.00536,-0.02633,-0.00115,0.00000,0.00000,-0.116,-0.009,0
90.1080,-0.00536,-0.02630,-0.00115,0.00000,0.00000,-0.115,-0.009,0
90.1600,-0.00535,-0.02626,-0.00115,0.00000,0.00000,-0.115,-0.009,0
90.2120,-0.00534,-0.02622,-0.00115,0.00000,0.00000,-0.115,-0.009,0
90.2640,-0.00534,-0.02619,-0.00115,0.00000,0.00000,-0.115,-0.009,0
90.3160,-0.00533,-0.02615,-0.00115,0.00000,0.00000,-0.115,-0.009,0
90.3680,-0.00532,-0.02610,-0.00115,0.00000,0.00000,-0.114,-0.009,0
90.4200,-0.00531,-0.02606,-0.00115,0.00000,0.00000,-0.114,-0.009,0
90.4720,-0.00530,-0.02601,-0.00115,0.00000,0.00000,-0.114,-0.009,0
90.5240,-0.00529,-0.02595,-0.00115,0.00000,0.00000,-0.114,-0.009,0
90.5760,-0.00528,-0.02590,-0.00115,0.00000,0.00000,-0.113,-0.009,0
90.6280,-0.00527,-0.02585,-0.00115,0.00000,0.00000,-0.113,-0.009,0
90.6800,-0.00526,-0.02581,-0.00115,0.00000,0.00000,-0.113,-0.009,0
90.7320,-0.00525,-0.02577,-0.00115,0.00000,0.00000,-0.113,-0.009,0
90.7840,-0.00524,-0.02574,-0.00115,0.00000,0.00000,-0.112,-0.009,0
90.8360,-0.00524,-0.02570,-0.00115,0.00000,0.00000,-0.112,-0.009,0
90.8880,-0.00523,-0.02567,-0.00115,0.00000,0.00000,-0.112,-0.009,0
90.9400,-0.00523,-0.02565,-0.00115,0.00000,0.00000,-0.112,-0.009,0
90.9920,-0.00523,-0.02563,-0.00115,0.00000,0.00000,-0.112,-0.009,0
91.0440,-0.00522,-0.02560,-0.00115,0.00000,0.00000,-0.112,-0.009,0
91.0960,-0.00522,-0.02557,-0.00115,0.00000,0.00000,-0.112,-0.009,0
91.1480,-0.00521,-0.02555,-0.00115,0.00000,0.00000,-0.111,-0.009,0
91.2000,-0.00521,-0.02553,-0.00115,0.00000,0.00000,-0.111,-0.009,0
91.2520,-0.00521,-0.02551,-0.00115,0.00000,0.00000,-0.111,-0.009,0
91.3040,-0.00521,-0.02550,-0.00115,0.00000,0.00000,-0.111,-0.009,0
91.3560,-0.00520,-0.02547,-0.00115,0.00000,0.00000,-0.111,-0.009,0
91.4080,-0.00520,-0.02545,-0.00115,0.00000,0.00000,-0.111,-0.009,0
91.4600,-0.00520,-0.02543,-0.00115,0.00000,0.00000,-0.111,-0.009,0
91.5120,-0.00519,-0.02541,-0.00115,0.00000,0.00000,-0.110,-0.009,0
91.5640,-0.00519,-0.02539,-0.00115,0.00000,0.00000,-0.110,-0.009,0
91.6160,-0.00518,-0.02535,-0.00115,0.00000,0.00000,-0.110,-0.009,0
91.6680,-0.00518,-0.02533,-0.00115,0.00000,0.00000,-0.110,-0.009,0
91.7200,-0.00518,-0.02532,-0.00115,0.00000,0.00000,-0.110,-0.009,0
91.7720,-0.00517,-0.02530,-0.00115,0.00000,0.00000,-0.110,-0.009,0
91.8240,-0.00517,-0.02528,-0.00115,0.00000,0.00000,-0.109,-0.009,0
91.8760,-0.00517,-0.02527,-0.00115,0.00000,0.00000,-0.109,-0.009,0
91.9280,-0.00517,-0.02527,-0.00115,0.00000,0.00000,-0.109,-0.009,0
91.9800,-0.00518,-0.02529,-0.00115,0.00000,0.00000,-0.109,-0.009,0
92.0320,-0.00518,-0.02531,-0.00115,0.00000,0.00000,-0.109,-0.009,0
92.0840,-0.00519,-0.02532,-0.00115,0.00000,0.00000,-0.109,-0.009,0
92.1360,-0.00519,-0.02534,-0.00115,0.00000,0.00000,-0.109,-0.009,0
92.1880,-0.00520,-0.02536,-0.00115,0.00000,0.00000,-0.109,-0.009,0
92.2400,-0.00520,-0.02537,-0.00115,0.00000,0.00000,-0.110,-0.009,0
92.2920,-0.00521,-0.02540,-0.00115,0.00000,0.00000,-0.110,-0.009,0
92.3440,-0.00522,-0.02544,-0.00115,0.00000,0.00000,-0.110,-0.009,0
92.3960,-0.00523,-0.02548,-0.00115,0.00000,0.00000,-0.110,-0.009,0
92.4480,-0.00524,-0.02554,-0.00115,0.00000,0.00000,-0.110,-0.009,0
92.5000,-0.00525,-0.02559,-0.00115,0.00000,0.00000,-0.110,-0.009,0
92.5520,-0.00527,-0.02565,-0.00115,0.00000,0.00000,-0.110,-0.009,0
92.6040,-0.00528,-0.02570,-0.00115,0.00000,0.00000,-0.111,-0.009,0
92.6560,-0.00529,-0.02575,-0.00115,0.00000,0.00000,-0.111,-0.009,0
92.7080,-0.00530,-0.02579,-0.00115,0.00000,0.00000,-0.111,-0.009,0
92.7600,-0.00530,-0.02583,-0.00115,0.00000,0.00000,-0.111,-0.009,0
92.8120,-0.00531,-0.02587,-0.00115,0.00000,0.00000,-0.111,-0.009,0
92.8640,-0.00532,-0.02590,-0.00115,0.00000,0.00000,-0.112,-0.009,0
92.9160,-0.00533,-0.02594,-0.00115,0.00000,0.00000,-0.112,-0.009,0
92.9680,-0.00533,-0.02597,-0.00115,0.00000,0.00000,-0.112,-0.009,0
93.0200,-0.00533,-0.02599,-0.00115,0.00000,0.00000,-0.112,-0.009,0
93.0720,-0.00533,-0.02599,-0.00115,0.00000,0.00000,-0.112,-0.009,0
93.1240,-0.00533,-0.02599,-0.00115,0.00000,0.00000,-0.112,-0.009,0
93.1760,-0.00533,-0.02598,-0.00115,0.00000,0.00000,-0.112,-0.009,0
93.2280,-0.00532,-0.02598,-0.00115,0.00000,0.00000,-0.112,-0.009,0
93.2800,-0.00532,-0.02598,-0.00115,0.00000,0.00000,-0.112,-0.009,0
93.3320,-0.00533,-0.02600,-0.00115,0.00000,0.00000,-0.112,-0.009,0
93.3840,-0.00533,-0.02602,-0.00115,0.00000,0.00000,-0.112,-0.009,0
93.4360,-0.00533,-0.02604,-0.00115,0.00000,0.00000,-0.112,-0.009,0
93.4880,-0.00534,-0.02606,-0.00115,0.00000,0.00000,-0.112,-0.009,0
93.5400,-0.00533,-0.02605,-0.00115,0.00000,0.00000,-0.112,-0.009,0
93.5920,-0.00533,-0.02603,-0.00115,0.00000,0.00000,-0.112,-0.009,0
93.6440,-0.00532,-0.02602,-0.00115,0.00000,0.00000,-0.112,-0.009,0
93.6960,-0.00532,-0.02603,-0.00115,0.00000,0.00000,-0.112,-0.009,0
93.7480,-0.00532,-0.02603,-0.00115,0.00000,0.00000,-0.112,-0.009,0
93.8000,-0.00533,-0.02604,-0.00115,0.00000,0.00000,-0.112,-0.009,0
93.8520,-0.00533,-0.02604,-0.00115,0.00000,0.00000,-0.113,-0.009,0
93.9040,-0.00533,-0.02605,-0.00115,0.00000,0.00000,-0.113,-0.009,0
93.9560,-0.00533,-0.02605,-0.00115,0.00000,0.00000,-0.113,-0.009,0
94.0080,-0.00533,-0.02605,-0.00115,0.00000,0.00000,-0.113,-0.009,0
94.0600,-0.00532,-0.02604,-0.00115,0.00000,0.00000,-0.113,-0.009,0
94.1120,-0.00532,-0.02603,-0.00115,0.00000,0.00000,-0.113,-0.009,0
94.1640,-0.00532,-0.02602,-0.00115,0.00000,0.00000,-0.113,-0.009,0
94.2160,-0.00531,-0.02601,-0.00115,0.00000,0.00000,-0.112,-0.009,0
94.2680,-0.00531,-0.02600,-0.00115,0.00000,0.00000,-0.112,-0.009,0
94.3200,-0.00531,-0.02600,-0.00115,0.00000,0.00000,-0.112,-0.009,0
94.3720,-0.00531,-0.02600,-0.00115,0.00000,0.00000,-0.113,-0.009,0
94.4240,-0.00531,-0.02601,-0.00115,0.00000,0.00000,-0.113,-0.009,0
94.4760,-0.00531,-0.02601,-0.00115,0.00000,0.00000,-0.113,-0.009,0
94.5280,-0.00531,-0.02601,-0.00115,0.00000,0.00000,-0.113,-0.009,0
94.5800,-0.00531,-0.02600,-0.00115,0.00000,0.00000,-0.113,-0.009,0
94.6320,-0.00531,-0.02600,-0.00115,0.00000,0.00000,-0.113,-0.009,0
94.6840,-0.00531,-0.02599,-0.00115,0.00000,0.00000,-0.113,-0.009,0
94.7360,-0.00531,-0.02599,-0.00115,0.00000,0.00000,-0.113,-0.009,0
94.7880,-0.00531,-0.02598,-0.00115,0.00000,0.00000,-0.113,-0.009,0
94.8400,-0.00530,-0.02596,-0.00115,0.00000,0.00000,-0.112,-0.009,0
94.8920,-0.00530,-0.02595,-0.00115,0.00000,0.00000,-0.112,-0.009,0
94.9440,-0.00530,-0.02596,-0.00115,0.00000,0.00000,-0.112,-0.009,0
94.9960,-0.00530,-0.02596,-0.00115,0.00000,0.00000,-0.112,-0.009,0
95.0480,-0.00530,-0.02596,-0.00115,0.00000,0.00000,-0.112,-0.009,0
95.1000,-0.00530,-0.02595,-0.00115,0.00000,0.00000,-0.112,-0.009,0
95.1520,-0.00530,-0.02594,-0.00115,0.00000,0.00000,-0.112,-0.009,0
95.2040,-0.00529,-0.02591,-0.00115,0.00000,0.00000,-0.112,-0.009,0
95.2560,-0.00529,-0.02588,-0.00115,0.00000,0.00000,-0.112,-0.009,0
95.3080,-0.00528,-0.02586,-0.00115,0.00000,0.00000,-0.112,-0.009,0
95.3600,-0.00528,-0.02583,-0.00115,0.00000,0.00000,-0.112,-0.009,0
95.4120,-0.00527,-0.02582,-0.00115,0.00000,0.00000,-0.112,-0.009,0
95.4640,-0.00527,-0.02582,-0.00115,0.00000,0.00000,-0.112,-0.009,0
95.5160,-0.00527,-0.02581,-0.00115,0.00000,0.00000,-0.112,-0.009,0
95.5680,-0.00528,-0.02582,-0.00115,0.00000,0.00000,-0.112,-0.009,0
95.6200,-0.00528,-0.02583,-0.00115,0.00000,0.00000,-0.112,-0.009,0
95.6720,-0.00528,-0.02583,-0.00115,0.00000,0.00000,-0.112,-0.009,0
95.7240,-0.00528,-0.02583,-0.00115,0.00000,0.00000,-0.112,-0.009,0
95.7760,-0.00528,-0.02582,-0.00115,0.00000,0.00000,-0.112,-0.009,0
95.8280,-0.00528,-0.02582,-0.00115,0.00000,0.00000,-0.112,-0.009,0
95.8800,-0.00528,-0.02582,-0.00115,0.00000,0.00000,-0.112,-0.009,0
95.9320,-0.00528,-0.02582,-0.00115,0.00000,0.00000,-0.112,-0.009,0
95.9840,-0.00528,-0.02582,-0.00115,0.00000,0.00000,-0.112,-0.009,0
96.0360,-0.00528,-0.02583,-0.00115,0.00000,0.00000,-0.112,-0.009,0
96.0880,-0.00529,-0.02585,-0.00115,0.00000,0.00000,-0.112,-0.009,0
96.1400,-0.00529,-0.02587,-0.00115,0.00000,0.00000,-0.112,-0.009,0
96.1920,-0.00529,-0.02587,-0.00115,0.00000,0.00000,-0.112,-0.009,0
96.2440,-0.00529,-0.02588,-0.00115,0.00000,0.00000,-0.112,-0.009,0
96.2960,-0.00529,-0.02588,-0.00115,0.00000,0.00000,-0.112,-0.009,0
96.3480,-0.00529,-0.02587,-0.00115,0.00000,0.00000,-0.112,-0.009,0
96.4000,-0.00529,-0.02586,-0.00115,0.00000,0.00000,-0.112,-0.009,0
96.4520,-0.00529,-0.02584,-0.00115,0.00000,0.00000,-0.112,-0.009,0
96.5040,-0.00528,-0.02582,-0.00115,0.00000,0.00000,-0.112,-0.009,0
96.5560,-0.00527,-0.02579,-0.00115,0.00000,0.00000,-0.112,-0.009,0
96.6080,-0.00527,-0.02577,-0.00115,0.00000,0.00000,-0.112,-0.009,0
96.6600,-0.00527,-0.02576,-0.00115,0.00000,0.00000,-0.111,-0.009,0
96.7120,-0.00527,-0.02578,-0.00115,0.00000,0.00000,-0.111,-0.009,0
96.7640,-0.00528,-0.02580,-0.00115,0.00000,0.00000,-0.112,-0.009,0
96.8160,-0.00528,-0.02583,-0.00115,0.00000,0.00000,-0.112,-0.009,0
96.8680,-0.00529,-0.02586,-0.00115,0.00000,0.00000,-0.112,-0.009,0
96.9200,-0.00530,-0.02590,-0.00115,0.00000,0.00000,-0.112,-0.009,0
96.9720,-0.00531,-0.02595,-0.00115,0.00000,0.00000,-0.112,-0.009,0
97.0240,-0.00532,-0.02599,-0.00115,0.00000,0.00000,-0.112,-0.009,0
97.0760,-0.00533,-0.02603,-0.00115,0.00000,0.00000,-0.113,-0.009,0
97.1280,-0.00533,-0.02604,-0.00115,0.00000,0.00000,-0.113,-0.009,0
97.1800,-0.00534,-0.02606,-0.00115,0.00000,0.00000,-0.113,-0.009,0
97.2320,-0.00534,-0.02606,-0.00115,0.00000,0.00000,-0.113,-0.009,0
97.2840,-0.00534,-0.02608,-0.00115,0.00000,0.00000,-0.113,-0.009,0
97.3360,-0.00534,-0.02608,-0.00115,0.00000,0.00000,-0.113,-0.009,0
97.3880,-0.00534,-0.02609,-0.00115,0.00000,0.00000,-0.113,-0.009,0
97.4400,-0.00534,-0.02609,-0.00115,0.00000,0.00000,-0.113,-0.009,0
97.4920,-0.00534,-0.02608,-0.00115,0.00000,0.00000,-0.113,-0.009,0
97.5440,-0.00533,-0.02607,-0.00115,0.00000,0.00000,-0.113,-0.009,0
97.5960,-0.00533,-0.02607,-0.00115,0.00000,0.00000,-0.113,-0.009,0
97.6480,-0.00533,-0.02606,-0.00115,0.00000,0.00000,-0.113,-0.009,0
97.7000,-0.00532,-0.02604,-0.00115,0.00000,0.00000,-0.113,-0.009,0
97.7520,-0.00532,-0.02603,-0.00115,0.00000,0.00000,-0.113,-0.009,0
97.8040,-0.00532,-0.02601,-0.00115,0.00000,0.00000,-0.113,-0.009,0
97.8560,-0.00531,-0.02600,-0.00115,0.00000,0.00000,-0.113,-0.009,0
97.9080,-0.00531,-0.02599,-0.00115,0.00000,0.00000,-0.113,-0.009,0
97.9600,-0.00531,-0.02598,-0.00115,0.00000,0.00000,-0.113,-0.009,0
98.0120,-0.00531,-0.02600,-0.00115,0.00000,0.00000,-0.113,-0.009,0
98.0640,-0.00532,-0.02601,-0.00115,0.00000,0.00000,-0.113,-0.009,0
98.1160,-0.00532,-0.02602,-0.00115,0.00000,0.00000,-0.113,-0.009,0
98.1680,-0.00532,-0.02604,-0.00115,0.00000,0.00000,-0.113,-0.009,0
98.2200,-0.00533,-0.02606,-0.00115,0.00000,0.00000,-0.113,-0.009,0
98.2720,-0.00533,-0.02609,-0.00115,0.00000,0.00000,-0.113,-0.009,0
98.3240,-0.00534,-0.02612,-0.00115,0.00000,0.00000,-0.113,-0.009,0
98.3760,-0.00534,-0.02614,-0.00115,0.00000,0.00000,-0.113,-0.009,0
98.4280,-0.00535,-0.02615,-0.00115,0.00000,0.00000,-0.113,-0.009,0
98.4800,-0.00535,-0.02617,-0.00115,0.00000,0.00000,-0.113,-0.009,0
98.5320,-0.00535,-0.02617,-0.00115,0.00000,0.00000,-0.113,-0.009,0
98.5840,-0.00535,-0.02617,-0.00115,0.00000,0.00000,-0.113,-0.009,0
98.6360,-0.00535,-0.02617,-0.00115,0.00000,0.00000,-0.113,-0.009,0
98.6880,-0.00535,-0.02615,-0.00115,0.00000,0.00000,-0.113,-0.009,0
98.7400,-0.00534,-0.02614,-0.00115,0.00000,0.00000,-0.113,-0.009,0
98.7920,-0.00534,-0.02611,-0.00115,0.00000,0.00000,-0.113,-0.009,0
98.8440,-0.00533,-0.02610,-0.00115,0.00000,0.00000,-0.113,-0.009,0
98.8960,-0.00533,-0.02609,-0.00115,0.00000,0.00000,-0.113,-0.009,0
98.9480,-0.00533,-0.02610,-0.00115,0.00000,0.00000,-0.113,-0.009,0
99.0000,-0.00534,-0.02612,-0.00115,0.00000,0.00000,-0.113,-0.009,0
99.0520,-0.00534,-0.02614,-0.00115,0.00000,0.00000,-0.113,-0.009,0
99.1040,-0.00534,-0.02615,-0.00115,0.00000,0.00000,-0.113,-0.009,0
99.1560,-0.00535,-0.02616,-0.00115,0.00000,0.00000,-0.113,-0.009,0
99.2080,-0.00535,-0.02619,-0.00115,0.00000,0.00000,-0.114,-0.009,0
99.2600,-0.00536,-0.02621,-0.00115,0.00000,0.00000,-0.114,-0.009,0
99.3120,-0.00536,-0.02622,-0.00115,0.00000,0.00000,-0.114,-0.009,0
99.3640,-0.00536,-0.02624,-0.00115,0.00000,0.00000,-0.114,-0.009,0
99.4160,-0.00537,-0.02626,-0.00115,0.00000,0.00000,-0.114,-0.009,0
99.4680,-0.00538,-0.02629,-0.00115,0.00000,0.00000,-0.114,-0.009,0
99.5200,-0.00538,-0.02631,-0.00115,0.00000,0.00000,-0.114,-0.009,0
99.5720,-0.00538,-0.02633,-0.00115,0.00000,0.00000,-0.114,-0.009,0
99.6240,-0.00538,-0.02634,-0.00115,0.00000,0.00000,-0.114,-0.009,0
99.6760,-0.00539,-0.02635,-0.00115,0.00000,0.00000,-0.114,-0.009,0
99.7280,-0.00539,-0.02638,-0.00115,0.00000,0.00000,-0.115,-0.009,0
99.7800,-0.00540,-0.02642,-0.00115,0.00000,0.00000,-0.115,-0.009,0
99.8320,-0.00541,-0.02645,-0.00115,0.00000,0.00000,-0.115,-0.009,0
99.8840,-0.00541,-0.02647,-0.00115,0.00000,0.00000,-0.115,-0.009,0
99.9360,-0.00542,-0.02649,-0.00115,0.00000,0.00000,-0.115,-0.009,0
99.9880,-0.00542,-0.02651,-0.00115,0.00000,0.00000,-0.115,-0.009,0
100.0400,-0.00542,-0.02653,-0.00115,0.00000,0.00000,-0.115,-0.009,0
100.0920,-0.00542,-0.02654,-0.00115,0.00000,0.00000,-0.115,-0.009,0
100.1440,-0.00543,-0.02655,-0.00115,0.00000,0.00000,-0.115,-0.009,0
100.1960,-0.00543,-0.02655,-0.00115,0.00000,0.00000,-0.115,-0.009,0
100.2480,-0.00542,-0.02655,-0.00115,0.00000,0.00000,-0.116,-0.009,0
100.3000,-0.00542,-0.02654,-0.00115,0.00000,0.00000,-0.115,-0.009,0
100.3520,-0.00542,-0.02654,-0.00115,0.00000,0.00000,-0.116,-0.009,0
100.4040,-0.00542,-0.02654,-0.00115,0.00000,0.00000,-0.116,-0.009,0
100.4560,-0.00542,-0.02654,-0.00115,0.00000,0.00000,-0.116,-0.009,0
100.5080,-0.00542,-0.02654,-0.00115,0.00000,0.00000,-0.116,-0.009,0
100.5600,-0.00542,-0.02655,-0.00115,0.00000,0.00000,-0.116,-0.009,0
100.6120,-0.00542,-0.02655,-0.00115,0.00000,0.00000,-0.116,-0.009,0
100.6640,-0.00542,-0.02656,-0.00115,0.00000,0.00000,-0.116,-0.009,0
100.7160,-0.00542,-0.02655,-0.00115,0.00000,0.00000,-0.116,-0.009,0
100.7680,-0.00541,-0.02653,-0.00115,0.00000,0.00000,-0.116,-0.009,0
100.8200,-0.00540,-0.02650,-0.00115,0.00000,0.00000,-0.116,-0.009,0
100.8720,-0.00540,-0.02647,-0.00115,0.00000,0.00000,-0.115,-0.009,0
100.9240,-0.00539,-0.02644,-0.00115,0.00000,0.00000,-0.115,-0.009,0
100.9760,-0.00538,-0.02641,-0.00115,0.00000,0.00000,-0.115,-0.009,0
101.0280,-0.00538,-0.02638,-0.00115,0.00000,0.00000,-0.115,-0.009,0
101.0800,-0.00537,-0.02637,-0.00115,0.00000,0.00000,-0.115,-0.009,0
101.1320,-0.00537,-0.02634,-0.00115,0.00000,0.00000,-0.115,-0.009,0
101.1840,-0.00537,-0.02633,-0.00115,0.00000,0.00000,-0.115,-0.009,0
101.2360,-0.00536,-0.02633,-0.00115,0.00000,0.00000,-0.115,-0.009,0
101.2880,-0.00536,-0.02633,-0.00115,0.00000,0.00000,-0.115,-0.009,0
101.3400,-0.00536,-0.02632,-0.00115,0.00000,0.00000,-0.115,-0.009,0
101.3920,-0.00536,-0.02630,-0.00115,0.00000,0.00000,-0.115,-0.009,0
101.4440,-0.00536,-0.02630,-0.00115,0.00000,0.00000,-0.115,-0.009,0
101.4960,-0.00536,-0.02629,-0.00115,0.00000,0.00000,-0.115,-0.009,0
101.5480,-0.00536,-0.02629,-0.00115,0.00000,0.00000,-0.115,-0.009,0
101.6000,-0.00536,-0.02627,-0.00115,0.00000,0.00000,-0.115,-0.009,0
101.6520,-0.00535,-0.02626,-0.00115,0.00000,0.00000,-0.115,-0.009,0
101.7040,-0.00535,-0.02623,-0.00115,0.00000,0.00000,-0.114,-0.009,0
101.7560,-0.00534,-0.02619,-0.00115,0.00000,0.00000,-0.114,-0.009,0
101.8080,-0.00533,-0.02614,-0.00115,0.00000,0.00000,-0.114,-0.009,0
101.8600,-0.00532,-0.02609,-0.00115,0.00000,0.00000,-0.114,-0.009,0
101.9120,-0.00531,-0.02606,-0.00115,0.00000,0.00000,-0.114,-0.009,0
101.9640,-0.00530,-0.02602,-0.00115,0.00000,0.00000,-0.113,-0.009,0
102.0160,-0.00529,-0.02598,-0.00115,0.00000,0.00000,-0.113,-0.009,0
102.0680,-0.00529,-0.02596,-0.00115,0.00000,0.00000,-0.113,-0.009,0
102.1200,-0.00529,-0.02595,-0.00115,0.00000,0.00000,-0.113,-0.009,0
102.1720,-0.00529,-0.02594,-0.00115,0.00000,0.00000,-0.113,-0.009,0
102.2240,-0.00529,-0.02593,-0.00115,0.00000,0.00000,-0.113,-0.009,0
102.2760,-0.00529,-0.02592,-0.00115,0.00000,0.00000,-0.113,-0.009,0
102.3280,-0.00529,-0.02591,-0.00115,0.00000,0.00000,-0.113,-0.009,0
102.3800,-0.00529,-0.02590,-0.00115,0.00000,0.00000,-0.113,-0.009,0
102.4320,-0.00528,-0.02589,-0.00115,0.00000,0.00000,-0.113,-0.009,0
102.4840,-0.00528,-0.02587,-0.00115,0.00000,0.00000,-0.113,-0.009,0
102.5360,-0.00528,-0.02586,-0.00115,0.00000,0.00000,-0.113,-0.009,0
102.5880,-0.00528,-0.02585,-0.00115,0.00000,0.00000,-0.112,-0.009,0
102.6400,-0.00528,-0.02584,-0.00115,0.00000,0.00000,-0.112,-0.009,0
102.6920,-0.00527,-0.02583,-0.00115,0.00000,0.00000,-0.112,-0.009,0
102.7440,-0.00527,-0.02582,-0.00115,0.00000,0.00000,-0.112,-0.009,0
102.7960,-0.00527,-0.02581,-0.00115,0.00000,0.00000,-0.112,-0.009,0
102.8480,-0.00527,-0.02580,-0.00115,0.00000,0.00000,-0.112,-0.009,0
102.9000,-0.00527,-0.02579,-0.00115,0.00000,0.00000,-0.112,-0.009,0
102.9520,-0.00527,-0.02577,-0.00115,0.00000,0.00000,-0.112,-0.009,0
103.0040,-0.00526,-0.02575,-0.00115,0.00000,0.00000,-0.112,-0.009,0
103.0560,-0.00526,-0.02572,-0.00115,0.00000,0.00000,-0.112,-0.009,0
103.1080,-0.00525,-0.02570,-0.00115,0.00000,0.00000,-0.112,-0.009,0
103.1600,-0.00524,-0.02566,-0.00115,0.00000,0.00000,-0.111,-0.009,0
103.2120,-0.00524,-0.02562,-0.00115,0.00000,0.00000,-0.111,-0.009,0
103.2640,-0.00523,-0.02560,-0.00115,0.00000,0.00000,-0.111,-0.009,0
103.3160,-0.00523,-0.02558,-0.00115,0.00000,0.00000,-0.111,-0.009,0
103.3680,-0.00522,-0.02557,-0.00115,0.00000,0.00000,-0.111,-0.009,0
103.4200,-0.00522,-0.02555,-0.00115,0.00000,0.00000,-0.111,-0.009,0
103.4720,-0.00522,-0.02554,-0.00115,0.00000,0.00000,-0.111,-0.009,0
103.5240,-0.00522,-0.02552,-0.00115,0.00000,0.00000,-0.111,-0.009,0
103.5760,-0.00521,-0.02551,-0.00115,0.00000,0.00000,-0.110,-0.009,0
103.6280,-0.00521,-0.02549,-0.00115,0.00000,0.00000,-0.110,-0.009,0
103.6800,-0.00521,-0.02547,-0.00115,0.00000,0.00000,-0.110,-0.009,0
103.7320,-0.00520,-0.02545,-0.00115,0.00000,0.00000,-0.110,-0.009,0
103.7840,-0.00520,-0.02543,-0.00115,0.00000,0.00000,-0.110,-0.009,0
103.8360,-0.00520,-0.02542,-0.00115,0.00000,0.00000,-0.110,-0.009,0
103.8880,-0.00520,-0.02540,-0.00115,0.00000,0.00000,-0.110,-0.009,0
103.9400,-0.00519,-0.02539,-0.00115,0.00000,0.00000,-0.110,-0.009,0
103.9920,-0.00519,-0.02539,-0.00115,0.00000,0.00000,-0.110,-0.009,0
104.0440,-0.00519,-0.02539,-0.00115,0.00000,0.00000,-0.110,-0.009,0
104.0960,-0.00520,-0.02539,-0.00115,0.00000,0.00000,-0.110,-0.009,0
104.1480,-0.00520,-0.02541,-0.00115,0.00000,0.00000,-0.110,-0.009,0
104.2000,-0.00521,-0.02543,-0.00115,0.00000,0.00000,-0.110,-0.009,0
104.2520,-0.00521,-0.02545,-0.00115,0.00000,0.00000,-0.110,-0.009,0
104.3040,-0.00522,-0.02547,-0.00115,0.00000,0.00000,-0.110,-0.009,0
104.3560,-0.00522,-0.02548,-0.00115,0.00000,0.00000,-0.110,-0.009,0
104.4080,-0.00523,-0.02550,-0.00115,0.00000,0.00000,-0.110,-0.009,0
104.4600,-0.00523,-0.02552,-0.00115,0.00000,0.00000,-0.110,-0.009,0
104.5120,-0.00523,-0.02554,-0.00115,0.00000,0.00000,-0.110,-0.009,0
104.5640,-0.00524,-0.02556,-0.00115,0.00000,0.00000,-0.110,-0.009,0
104.6160,-0.00524,-0.02558,-0.00115,0.00000,0.00000,-0.110,-0.009,0
104.6680,-0.00525,-0.02559,-0.00115,0.00000,0.00000,-0.110,-0.009,0
104.7200,-0.00525,-0.02561,-0.00115,0.00000,0.00000,-0.110,-0.009,0
104.7720,-0.00525,-0.02563,-0.00115,0.00000,0.00000,-0.110,-0.009,0
104.8240,-0.00526,-0.02564,-0.00115,0.00000,0.00000,-0.111,-0.009,0
104.8760,-0.00526,-0.02566,-0.00115,0.00000,0.00000,-0.111,-0.009,0
104.9280,-0.00526,-0.02567,-0.00115,0.00000,0.00000,-0.111,-0.009,0
104.9800,-0.00526,-0.02568,-0.00115,0.00000,0.00000,-0.111,-0.009,0
105.0320,-0.00527,-0.02569,-0.00115,0.00000,0.00000,-0.111,-0.009,0
105.0840,-0.00527,-0.02570,-0.00115,0.00000,0.00000,-0.111,-0.009,0
105.1360,-0.00527,-0.02573,-0.00115,0.00000,0.00000,-0.111,-0.009,0
105.1880,-0.00528,-0.02575,-0.00115,0.00000,0.00000,-0.111,-0.009,0
105.2400,-0.00528,-0.02577,-0.00115,0.00000,0.00000,-0.111,-0.009,0
105.2920,-0.00528,-0.02578,-0.00115,0.00000,0.00000,-0.111,-0.009,0
105.3440,-0.00529,-0.02580,-0.00115,0.00000,0.00000,-0.111,-0.009,0
105.3960,-0.00529,-0.02581,-0.00115,0.00000,0.00000,-0.111,-0.009,0
105.4480,-0.00529,-0.02582,-0.00115,0.00000,0.00000,-0.111,-0.009,0
105.5000,-0.00529,-0.02583,-0.00115,0.00000,0.00000,-0.111,-0.009,0
105.5520,-0.00529,-0.02584,-0.00115,0.00000,0.00000,-0.111,-0.009,0
105.6040,-0.00530,-0.02585,-0.00115,0.00000,0.00000,-0.111,-0.009,0
105.6560,-0.00529,-0.02585,-0.00115,0.00000,0.00000,-0.111,-0.009,0
105.7080,-0.00529,-0.02586,-0.00115,0.00000,0.00000,-0.111,-0.009,0
105.7600,-0.00530,-0.02586,-0.00115,0.00000,0.00000,-0.112,-0.009,0
105.8120,-0.00530,-0.02588,-0.00115,0.00000,0.00000,-0.112,-0.009,0
105.8640,-0.00530,-0.02589,-0.00115,0.00000,0.00000,-0.112,-0.009,0
105.9160,-0.00530,-0.02591,-0.00115,0.00000,0.00000,-0.112,-0.009,0
105.9680,-0.00531,-0.02595,-0.00115,0.00000,0.00000,-0.112,-0.009,0
106.0200,-0.00532,-0.02600,-0.00115,0.00000,0.00000,-0.112,-0.009,0
106.0720,-0.00533,-0.02605,-0.00115,0.00000,0.00000,-0.112,-0.009,0
106.1240,-0.00534,-0.02609,-0.00115,0.00000,0.00000,-0.113,-0.009,0
106.1760,-0.00535,-0.02614,-0.00115,0.00000,0.00000,-0.113,-0.009,0
106.2280,-0.00536,-0.02618,-0.00115,0.00000,0.00000,-0.113,-0.009,0
106.2800,-0.00537,-0.02621,-0.00115,0.00000,0.00000,-0.113,-0.009,0
106.3320,-0.00537,-0.02622,-0.00115,0.00000,0.00000,-0.113,-0.009,0
106.3840,-0.00537,-0.02624,-0.00115,0.00000,0.00000,-0.113,-0.009,0
106.4360,-0.00537,-0.02624,-0.00115,0.00000,0.00000,-0.113,-0.009,0
106.4880,-0.00537,-0.02624,-0.00115,0.00000,0.00000,-0.113,-0.009,0
106.5400,-0.00537,-0.02623,-0.00115,0.00000,0.00000,-0.113,-0.009,0
106.5920,-0.00536,-0.02620,-0.00115,0.00000,0.00000,-0.113,-0.009,0
106.6440,-0.00535,-0.02618,-0.00115,0.00000,0.00000,-0.113,-0.009,0
106.6960,-0.00535,-0.02616,-0.00115,0.00000,0.00000,-0.113,-0.009,0
106.7480,-0.00535,-0.02616,-0.00115,0.00000,0.00000,-0.113,-0.009,0
106.8000,-0.00534,-0.02615,-0.00115,0.00000,0.00000,-0.113,-0.009,0
106.8520,-0.00534,-0.02613,-0.00115,0.00000,0.00000,-0.113,-0.009,0
106.9040,-0.00534,-0.02613,-0.00115,0.00000,0.00000,-0.113,-0.009,0
106.9560,-0.00533,-0.02611,-0.00115,0.00000,0.00000,-0.113,-0.009,0
107.0080,-0.00533,-0.02610,-0.00115,0.00000,0.00000,-0.113,-0.009,0
107.0600,-0.00532,-0.02607,-0.00115,0.00000,0.00000,-0.113,-0.009,0
107.1120,-0.00531,-0.02603,-0.00115,0.00000,0.00000,-0.113,-0.009,0
107.1640,-0.00530,-0.02599,-0.00115,0.00000,0.00000,-0.113,-0.009,0
107.2160,-0.00529,-0.02594,-0.00115,0.00000,0.00000,-0.112,-0.009,0
107.2680,-0.00528,-0.02590,-0.00115,0.00000,0.00000,-0.112,-0.009,0
107.3200,-0.00527,-0.02586,-0.00115,0.00000,0.00000,-0.112,-0.009,0
107.3720,-0.00526,-0.02582,-0.00115,0.00000,0.00000,-0.112,-0.009,0
107.4240,-0.00526,-0.02579,-0.00115,0.00000,0.00000,-0.112,-0.009,0
107.4760,-0.00525,-0.02575,-0.00115,0.00000,0.00000,-0.112,-0.009,0
107.5280,-0.00525,-0.02573,-0.00115,0.00000,0.00000,-0.112,-0.009,0
107.5800,-0.00524,-0.02571,-0.00115,0.00000,0.00000,-0.111,-0.009,0
107.6320,-0.00524,-0.02570,-0.00115,0.00000,0.00000,-0.111,-0.009,0
107.6840,-0.00524,-0.02569,-0.00115,0.00000,0.00000,-0.111,-0.009,0
107.7360,-0.00524,-0.02569,-0.00115,0.00000,0.00000,-0.111,-0.009,0
107.7880,-0.00524,-0.02568,-0.00115,0.00000,0.00000,-0.111,-0.009,0
107.8400,-0.00524,-0.02568,-0.00115,0.00000,0.00000,-0.111,-0.009,0
107.8920,-0.00524,-0.02567,-0.00115,0.00000,0.00000,-0.111,-0.009,0
107.9440,-0.00524,-0.02567,-0.00115,0.00000,0.00000,-0.111,-0.009,0
107.9960,-0.00524,-0.02567,-0.00115,0.00000,0.00000,-0.111,-0.009,0
108.0480,-0.00525,-0.02568,-0.00115,0.00000,0.00000,-0.111,-0.009,0
108.1000,-0.00525,-0.02568,-0.00115,0.00000,0.00000,-0.111,-0.009,0
108.1520,-0.00525,-0.02568,-0.00115,0.00000,0.00000,-0.111,-0.009,0
108.2040,-0.00525,-0.02568,-0.00115,0.00000,0.00000,-0.111,-0.009,0
108.2560,-0.00525,-0.02568,-0.00115,0.00000,0.00000,-0.111,-0.009,0
108.3080,-0.00525,-0.02567,-0.00115,0.00000,0.00000,-0.111,-0.009,0
108.3600,-0.00525,-0.02565,-0.00115,0.00000,0.00000,-0.111,-0.009,0
108.4120,-0.00524,-0.02563,-0.00115,0.00000,0.00000,-0.111,-0.009,0
108.4640,-0.00524,-0.02561,-0.00115,0.00000,0.00000,-0.111,-0.009,0
108.5160,-0.00524,-0.02560,-0.00115,0.00000,0.00000,-0.111,-0.009,0
108.5680,-0.00524,-0.02561,-0.00115,0.00000,0.00000,-0.111,-0.009,0
108.6200,-0.00524,-0.02561,-0.00115,0.00000,0.00000,-0.111,-0.009,0
108.6720,-0.00524,-0.02560,-0.00115,0.00000,0.00000,-0.111,-0.009,0
108.7240,-0.00524,-0.02561,-0.00115,0.00000,0.00000,-0.111,-0.009,0
108.7760,-0.00524,-0.02561,-0.00115,0.00000,0.00000,-0.111,-0.009,0
108.8280,-0.00524,-0.02560,-0.00115,0.00000,0.00000,-0.111,-0.009,0
108.8800,-0.00524,-0.02559,-0.00115,0.00000,0.00000,-0.111,-0.009,0
108.9320,-0.00524,-0.02558,-0.00115,0.00000,0.00000,-0.111,-0.009,0
108.9840,-0.00523,-0.02558,-0.00115,0.00000,0.00000,-0.111,-0.009,0
109.0360,-0.00524,-0.02559,-0.00115,0.00000,0.00000,-0.111,-0.009,0
109.0880,-0.00524,-0.02561,-0.00115,0.00000,0.00000,-0.111,-0.009,0
109.1400,-0.00525,-0.02564,-0.00115,0.00000,0.00000,-0.111,-0.009,0
109.1920,-0.00526,-0.02566,-0.00115,0.00000,0.00000,-0.111,-0.009,0
109.2440,-0.00526,-0.02569,-0.00115,0.00000,0.00000,-0.111,-0.009,0
109.2960,-0.00527,-0.02572,-0.00115,0.00000,0.00000,-0.111,-0.009,0
109.3480,-0.00528,-0.02575,-0.00115,0.00000,0.00000,-0.111,-0.009,0
109.4000,-0.00528,-0.02577,-0.00115,0.00000,0.00000,-0.111,-0.009,0
109.4520,-0.00529,-0.02580,-0.00115,0.00000,0.00000,-0.111,-0.009,0
109.5040,-0.00529,-0.02582,-0.00115,0.00000,0.00000,-0.111,-0.009,0
109.5560,-0.00530,-0.02586,-0.00115,0.00000,0.00000,-0.112,-0.009,0
109.6080,-0.00531,-0.02589,-0.00115,0.00000,0.00000,-0.112,-0.009,0
109.6600,-0.00531,-0.02592,-0.00115,0.00000,0.00000,-0.112,-0.009,0
109.7120,-0.00532,-0.02596,-0.00115,0.00000,0.00000,-0.112,-0.009,0
109.7640,-0.00533,-0.02600,-0.00115,0.00000,0.00000,-0.112,-0.009,0
109.8160,-0.00533,-0.02602,-0.00115,0.00000,0.00000,-0.112,-0.009,0
109.8680,-0.00534,-0.02605,-0.00115,0.00000,0.00000,-0.112,-0.009,0
109.9200,-0.00534,-0.02606,-0.00115,0.00000,0.00000,-0.113,-0.009,0
109.9720,-0.00534,-0.02605,-0.00115,0.00000,0.00000,-0.113,-0.009,0
110.0240,-0.00533,-0.02602,-0.00115,0.00000,0.00000,-0.112,-0.009,0
110.0760,-0.00532,-0.02600,-0.00115,0.00000,0.00000,-0.112,-0.009,0
110.1280,-0.00531,-0.02597,-0.00115,0.00000,0.00000,-0.112,-0.009,0
110.1800,-0.00531,-0.02596,-0.00115,0.00000,0.00000,-0.112,-0.009,0
110.2320,-0.00531,-0.02595,-0.00115,0.00000,0.00000,-0.112,-0.009,0
110.2840,-0.00531,-0.02596,-0.00115,0.00000,0.00000,-0.112,-0.009,0
110.3360,-0.00531,-0.02596,-0.00115,0.00000,0.00000,-0.112,-0.009,0
110.3880,-0.00531,-0.02597,-0.00115,0.00000,0.00000,-0.112,-0.009,0
110.4400,-0.00532,-0.02600,-0.00115,0.00000,0.00000,-0.112,-0.009,0
110.4920,-0.00532,-0.02602,-0.00115,0.00000,0.00000,-0.112,-0.009,0
110.5440,-0.00533,-0.02604,-0.00115,0.00000,0.00000,-0.113,-0.009,0
110.5960,-0.00533,-0.02605,-0.00115,0.00000,0.00000,-0.113,-0.009,0
110.6480,-0.00533,-0.02605,-0.00115,0.00000,0.00000,-0.113,-0.009,0
110.7000,-0.00533,-0.02606,-0.00115,0.00000,0.00000,-0.113,-0.009,0
110.7520,-0.00533,-0.02606,-0.00115,0.00000,0.00000,-0.113,-0.009,0
110.8040,-0.00533,-0.02606,-0.00115,0.00000,0.00000,-0.113,-0.009,0
110.8560,-0.00533,-0.02607,-0.00115,0.00000,0.00000,-0.113,-0.009,0
110.9080,-0.00533,-0.02608,-0.00115,0.00000,0.00000,-0.113,-0.009,0
110.9600,-0.00534,-0.02610,-0.00115,0.00000,0.00000,-0.113,-0.009,0
111.0120,-0.00534,-0.02612,-0.00115,0.00000,0.00000,-0.113,-0.009,0
111.0640,-0.00535,-0.02615,-0.00115,0.00000,0.00000,-0.113,-0.009,0
111.1160,-0.00535,-0.02617,-0.00115,0.00000,0.00000,-0.113,-0.009,0
111.1680,-0.00536,-0.02619,-0.00115,0.00000,0.00000,-0.113,-0.009,0
111.2200,-0.00536,-0.02620,-0.00115,0.00000,0.00000,-0.113,-0.009,0
111.2720,-0.00536,-0.02621,-0.00115,0.00000,0.00000,-0.114,-0.009,0
111.3240,-0.00536,-0.02622,-0.00115,0.00000,0.00000,-0.114,-0.009,0
111.3760,-0.00536,-0.02621,-0.00115,0.00000,0.00000,-0.114,-0.009,0
111.4280,-0.00536,-0.02620,-0.00115,0.00000,0.00000,-0.114,-0.009,0
111.4800,-0.00535,-0.02620,-0.00115,0.00000,0.00000,-0.114,-0.009,0
111.5320,-0.00535,-0.02618,-0.00115,0.00000,0.00000,-0.114,-0.009,0
111.5840,-0.00535,-0.02617,-0.00115,0.00000,0.00000,-0.113,-0.009,0
111.6360,-0.00534,-0.02615,-0.00115,0.00000,0.00000,-0.113,-0.009,0
111.6880,-0.00534,-0.02614,-0.00115,0.00000,0.00000,-0.113,-0.009,0
111.7400,-0.00533,-0.02611,-0.00115,0.00000,0.00000,-0.113,-0.009,0
111.7920,-0.00532,-0.02606,-0.00115,0.00000,0.00000,-0.113,-0.009,0
111.8440,-0.00531,-0.02601,-0.00115,0.00000,0.00000,-0.113,-0.009,0
111.8960,-0.00529,-0.02596,-0.00115,0.00000,0.00000,-0.113,-0.009,0
111.9480,-0.00528,-0.02591,-0.00115,0.00000,0.00000,-0.112,-0.009,0
112.0000,-0.00527,-0.02587,-0.00115,0.00000,0.00000,-0.112,-0.009,0
112.0520,-0.00527,-0.02585,-0.00115,0.00000,0.00000,-0.112,-0.009,0
112.1040,-0.00527,-0.02584,-0.00115,0.00000,0.00000,-0.112,-0.009,0
112.1560,-0.00527,-0.02583,-0.00115,0.00000,0.00000,-0.112,-0.009,0
112.2080,-0.00527,-0.02582,-0.00115,0.00000,0.00000,-0.112,-0.009,0
112.2600,-0.00526,-0.02580,-0.00115,0.00000,0.00000,-0.112,-0.009,0
112.3120,-0.00526,-0.02578,-0.00115,0.00000,0.00000,-0.112,-0.009,0
112.3640,-0.00526,-0.02576,-0.00115,0.00000,0.00000,-0.112,-0.009,0
112.4160,-0.00525,-0.02574,-0.00115,0.00000,0.00000,-0.112,-0.009,0
112.4680,-0.00525,-0.02574,-0.00115,0.00000,0.00000,-0.112,-0.009,0
112.5200,-0.00526,-0.02574,-0.00115,0.00000,0.00000,-0.112,-0.009,0
112.5720,-0.00526,-0.02575,-0.00115,0.00000,0.00000,-0.112,-0.009,0
112.6240,-0.00526,-0.02577,-0.00115,0.00000,0.00000,-0.112,-0.009,0
112.6760,-0.00527,-0.02578,-0.00115,0.00000,0.00000,-0.112,-0.009,0
112.7280,-0.00527,-0.02579,-0.00115,0.00000,0.00000,-0.112,-0.009,0
112.7800,-0.00527,-0.02579,-0.00115,0.00000,0.00000,-0.112,-0.009,0
112.8320,-0.00527,-0.02578,-0.00115,0.00000,0.00000,-0.112,-0.009,0
112.8840,-0.00527,-0.02578,-0.00115,0.00000,0.00000,-0.112,-0.009,0
112.9360,-0.00527,-0.02576,-0.00115,0.00000,0.00000,-0.112,-0.009,0
112.9880,-0.00527,-0.02576,-0.00115,0.00000,0.00000,-0.112,-0.009,0
113.0400,-0.00527,-0.02576,-0.00115,0.00000,0.00000,-0.112,-0.009,0
113.0920,-0.00527,-0.02577,-0.00115,0.00000,0.00000,-0.112,-0.009,0
113.1440,-0.00527,-0.02577,-0.00115,0.00000,0.00000,-0.112,-0.009,0
113.1960,-0.00527,-0.02578,-0.00115,0.00000,0.00000,-0.112,-0.009,0
113.2480,-0.00528,-0.02580,-0.00115,0.00000,0.00000,-0.112,-0.009,0
113.3000,-0.00529,-0.02583,-0.00115,0.00000,0.00000,-0.112,-0.009,0
113.3520,-0.00530,-0.02587,-0.00115,0.00000,0.00000,-0.112,-0.009,0
113.4040,-0.00530,-0.02590,-0.00115,0.00000,0.00000,-0.112,-0.009,0
113.4560,-0.00531,-0.02593,-0.00115,0.00000,0.00000,-0.112,-0.009,0
113.5080,-0.00532,-0.02598,-0.00115,0.00000,0.00000,-0.112,-0.009,0
113.5600,-0.00533,-0.02602,-0.00115,0.00000,0.00000,-0.113,-0.009,0
113.6120,-0.00534,-0.02605,-0.00115,0.00000,0.00000,-0.113,-0.009,0
113.6640,-0.00534,-0.02607,-0.00115,0.00000,0.00000,-0.113,-0.009,0
113.7160,-0.00535,-0.02611,-0.00115,0.00000,0.00000,-0.113,-0.009,0
113.7680,-0.00536,-0.02615,-0.00115,0.00000,0.00000,-0.113,-0.009,0
113.8200,-0.00537,-0.02618,-0.00115,0.00000,0.00000,-0.113,-0.009,0
113.8720,-0.00537,-0.02621,-0.00115,0.00000,0.00000,-0.113,-0.009,0
113.9240,-0.00537,-0.02622,-0.00115,0.00000,0.00000,-0.114,-0.009,0
113.9760,-0.00537,-0.02624,-0.00115,0.00000,0.00000,-0.114,-0.009,0
114.0280,-0.00538,-0.02627,-0.00115,0.00000,0.00000,-0.114,-0.009,0
114.0800,-0.00538,-0.02629,-0.00115,0.00000,0.00000,-0.114,-0.009,0
114.1320,-0.00538,-0.02630,-0.00115,0.00000,0.00000,-0.114,-0.009,0
114.1840,-0.00539,-0.02631,-0.00115,0.00000,0.00000,-0.114,-0.009,0
114.2360,-0.00539,-0.02632,-0.00115,0.00000,0.00000,-0.114,-0.009,0
114.2880,-0.00539,-0.02633,-0.00115,0.00000,0.00000,-0.114,-0.009,0
114.3400,-0.00539,-0.02633,-0.00115,0.00000,0.00000,-0.114,-0.009,0
114.3920,-0.00539,-0.02635,-0.00115,0.00000,0.00000,-0.114,-0.009,0
114.4440,-0.00539,-0.02637,-0.00115,0.00000,0.00000,-0.114,-0.009,0
114.4960,-0.00539,-0.02638,-0.00115,0.00000,0.00000,-0.114,-0.009,0
114.5480,-0.00539,-0.02637,-0.00115,0.00000,0.00000,-0.114,-0.009,0
114.6000,-0.00539,-0.02636,-0.00115,0.00000,0.00000,-0.114,-0.009,0
114.6520,-0.00538,-0.02635,-0.00115,0.00000,0.00000,-0.114,-0.009,0
114.7040,-0.00538,-0.02633,-0.00115,0.00000,0.00000,-0.114,-0.009,0
114.7560,-0.00537,-0.02631,-0.00115,0.00000,0.00000,-0.114,-0.009,0
114.8080,-0.00536,-0.02628,-0.00115,0.00000,0.00000,-0.114,-0.009,0
114.8600,-0.00536,-0.02625,-0.00115,0.00000,0.00000,-0.114,-0.009,0
114.9120,-0.00535,-0.02622,-0.00115,0.00000,0.00000,-0.114,-0.009,0
114.9640,-0.00534,-0.02618,-0.00115,0.00000,0.00000,-0.114,-0.009,0
115.0160,-0.00533,-0.02615,-0.00115,0.00000,0.00000,-0.114,-0.009,0
115.0680,-0.00533,-0.02613,-0.00115,0.00000,0.00000,-0.114,-0.009,0
115.1200,-0.00532,-0.02611,-0.00115,0.00000,0.00000,-0.113,-0.009,0
115.1720,-0.00532,-0.02608,-0.00115,0.00000,0.00000,-0.113,-0.009,0
115.2240,-0.00531,-0.02606,-0.00115,0.00000,0.00000,-0.113,-0.009,0
115.2760,-0.00531,-0.02604,-0.00115,0.00000,0.00000,-0.113,-0.009,0
115.3280,-0.00531,-0.02602,-0.00115,0.00000,0.00000,-0.113,-0.009,0
115.3800,-0.00530,-0.02601,-0.00115,0.00000,0.00000,-0.113,-0.009,0
115.4320,-0.00530,-0.02601,-0.00115,0.00000,0.00000,-0.113,-0.009,0
115.4840,-0.00531,-0.02601,-0.00115,0.00000,0.00000,-0.113,-0.009,0
115.5360,-0.00531,-0.02602,-0.00115,0.00000,0.00000,-0.113,-0.009,0
115.5880,-0.00531,-0.02603,-0.00115,0.00000,0.00000,-0.113,-0.009,0
115.6400,-0.00532,-0.02605,-0.00115,0.00000,0.00000,-0.113,-0.009,0
115.6920,-0.00532,-0.02607,-0.00115,0.00000,0.00000,-0.113,-0.009,0
115.7440,-0.00533,-0.02611,-0.00115,0.00000,0.00000,-0.113,-0.009,0
115.7960,-0.00535,-0.02616,-0.00115,0.00000,0.00000,-0.114,-0.009,0
115.8480,-0.00536,-0.02621,-0.00115,0.00000,0.00000,-0.114,-0.009,0
115.9000,-0.00537,-0.02626,-0.00115,0.00000,0.00000,-0.114,-0.009,0
115.9520,-0.00538,-0.02630,-0.00115,0.00000,0.00000,-0.114,-0.009,0
116.0040,-0.00539,-0.02634,-0.00115,0.00000,0.00000,-0.114,-0.009,0
116.0560,-0.00540,-0.02638,-0.00115,0.00000,0.00000,-0.115,-0.009,0
116.1080,-0.00541,-0.02642,-0.00115,0.00000,0.00000,-0.115,-0.009,0
116.1600,-0.00541,-0.02645,-0.00115,0.00000,0.00000,-0.115,-0.009,0
116.2120,-0.00542,-0.02647,-0.00115,0.00000,0.00000,-0.115,-0.009,0
116.2640,-0.00542,-0.02648,-0.00115,0.00000,0.00000,-0.115,-0.009,0
116.3160,-0.00542,-0.02648,-0.00115,0.00000,0.00000,-0.115,-0.009,0
116.3680,-0.00542,-0.02648,-0.00115,0.00000,0.00000,-0.115,-0.009,0
116.4200,-0.00541,-0.02648,-0.00115,0.00000,0.00000,-0.115,-0.009,0
116.4720,-0.00541,-0.02647,-0.00115,0.00000,0.00000,-0.115,-0.009,0
116.5240,-0.00541,-0.02647,-0.00115,0.00000,0.00000,-0.115,-0.009,0
116.5760,-0.00541,-0.02648,-0.00115,0.00000,0.00000,-0.115,-0.009,0
116.6280,-0.00541,-0.02648,-0.00115,0.00000,0.00000,-0.115,-0.009,0
116.6800,-0.00541,-0.02647,-0.00115,0.00000,0.00000,-0.115,-0.009,0
116.7320,-0.00540,-0.02646,-0.00115,0.00000,0.00000,-0.115,-0.009,0
116.7840,-0.00540,-0.02645,-0.00115,0.00000,0.00000,-0.115,-0.009,0
116.8360,-0.00540,-0.02643,-0.00115,0.00000,0.00000,-0.115,-0.009,0
116.8880,-0.00539,-0.02642,-0.00115,0.00000,0.00000,-0.115,-0.009,0
116.9400,-0.00539,-0.02642,-0.00115,0.00000,0.00000,-0.115,-0.009,0
116.9920,-0.00539,-0.02643,-0.00115,0.00000,0.00000,-0.115,-0.009,0
117.0440,-0.00540,-0.02644,-0.00115,0.00000,0.00000,-0.115,-0.009,0
117.0960,-0.00540,-0.02645,-0.00115,0.00000,0.00000,-0.115,-0.009,0
117.1480,-0.00540,-0.02646,-0.00115,0.00000,0.00000,-0.115,-0.009,0
117.2000,-0.00541,-0.02649,-0.00115,0.00000,0.00000,-0.115,-0.009,0
117.2520,-0.00541,-0.02651,-0.00115,0.00000,0.00000,-0.116,-0.009,0
117.3040,-0.00542,-0.02655,-0.00115,0.00000,0.00000,-0.116,-0.009,0
117.3560,-0.00543,-0.02658,-0.00115,0.00000,0.00000,-0.116,-0.009,0
117.4080,-0.00544,-0.02662,-0.00115,0.00000,0.00000,-0.116,-0.009,0
117.4600,-0.00544,-0.02666,-0.00115,0.00000,0.00000,-0.116,-0.009,0
117.5120,-0.00545,-0.02670,-0.00115,0.00000,0.00000,-0.116,-0.009,0
117.5640,-0.00546,-0.02672,-0.00115,0.00000,0.00000,-0.117,-0.009,0
117.6160,-0.00546,-0.02673,-0.00115,0.00000,0.00000,-0.117,-0.009,0
117.6680,-0.00546,-0.02673,-0.00115,0.00000,0.00000,-0.117,-0.009,0
117.7200,-0.00546,-0.02673,-0.00115,0.00000,0.00000,-0.117,-0.009,0
117.7720,-0.00545,-0.02672,-0.00115,0.00000,0.00000,-0.117,-0.009,0
117.8240,-0.00545,-0.02670,-0.00115,0.00000,0.00000,-0.117,-0.009,0
117.8760,-0.00544,-0.02667,-0.00115,0.00000,0.00000,-0.117,-0.009,0
117.9280,-0.00543,-0.02665,-0.00115,0.00000,0.00000,-0.116,-0.009,0
117.9800,-0.00543,-0.02663,-0.00115,0.00000,0.00000,-0.116,-0.009,0
118.0320,-0.00542,-0.02661,-0.00115,0.00000,0.00000,-0.116,-0.009,0
118.0840,-0.00542,-0.02660,-0.00115,0.00000,0.00000,-0.116,-0.009,0
118.1360,-0.00542,-0.02658,-0.00115,0.00000,0.00000,-0.116,-0.009,0
118.1880,-0.00541,-0.02655,-0.00115,0.00000,0.00000,-0.116,-0.009,0
118.2400,-0.00540,-0.02653,-0.00115,0.00000,0.00000,-0.116,-0.009,0
118.2920,-0.00540,-0.02650,-0.00115,0.00000,0.00000,-0.116,-0.009,0
118.3440,-0.00539,-0.02648,-0.00115,0.00000,0.00000,-0.116,-0.009,0
118.3960,-0.00539,-0.02646,-0.00115,0.00000,0.00000,-0.116,-0.009,0
118.4480,-0.00538,-0.02643,-0.00115,0.00000,0.00000,-0.116,-0.009,0
118.5000,-0.00538,-0.02641,-0.00115,0.00000,0.00000,-0.115,-0.009,0
118.5520,-0.00537,-0.02638,-0.00115,0.00000,0.00000,-0.115,-0.009,0
118.6040,-0.00537,-0.02636,-0.00115,0.00000,0.00000,-0.115,-0.009,0
118.6560,-0.00537,-0.02635,-0.00115,0.00000,0.00000,-0.115,-0.009,0
118.7080,-0.00537,-0.02634,-0.00115,0.00000,0.00000,-0.115,-0.009,0
118.7600,-0.00536,-0.02632,-0.00115,0.00000,0.00000,-0.115,-0.009,0
118.8120,-0.00536,-0.02630,-0.00115,0.00000,0.00000,-0.115,-0.009,0
118.8640,-0.00535,-0.02627,-0.00115,0.00000,0.00000,-0.115,-0.009,0
118.9160,-0.00534,-0.02624,-0.00115,0.00000,0.00000,-0.115,-0.009,0
118.9680,-0.00534,-0.02620,-0.00115,0.00000,0.00000,-0.115,-0.009,0
119.0200,-0.00533,-0.02617,-0.00115,0.00000,0.00000,-0.114,-0.009,0
119.0720,-0.00533,-0.02615,-0.00115,0.00000,0.00000,-0.114,-0.009,0
119.1240,-0.00532,-0.02613,-0.00115,0.00000,0.00000,-0.114,-0.009,0
119.1760,-0.00532,-0.02612,-0.00115,0.00000,0.00000,-0.114,-0.009,0
119.2280,-0.00533,-0.02613,-0.00115,0.00000,0.00000,-0.114,-0.009,0
119.2800,-0.00533,-0.02614,-0.00115,0.00000,0.00000,-0.114,-0.009,0
119.3320,-0.00533,-0.02615,-0.00115,0.00000,0.00000,-0.114,-0.009,0
119.3840,-0.00533,-0.02615,-0.00115,0.00000,0.00000,-0.114,-0.009,0
119.4360,-0.00533,-0.02612,-0.00115,0.00000,0.00000,-0.114,-0.009,0
119.4880,-0.00532,-0.02609,-0.00115,0.00000,0.00000,-0.114,-0.009,0
119.5400,-0.00531,-0.02605,-0.00115,0.00000,0.00000,-0.114,-0.009,0
119.5920,-0.00531,-0.02603,-0.00115,0.00000,0.00000,-0.114,-0.009,0
119.6440,-0.00531,-0.02601,-0.00115,0.00000,0.00000,-0.113,-0.009,0
119.6960,-0.00530,-0.02600,-0.00115,0.00000,0.00000,-0.113,-0.009,0
119.7480,-0.00531,-0.02600,-0.00115,0.00000,0.00000,-0.113,-0.009,0
119.8000,-0.00531,-0.02601,-0.00115,0.00000,0.00000,-0.113,-0.009,0
119.8520,-0.00531,-0.02603,-0.00115,0.00000,0.00000,-0.113,-0.009,0
119.9040,-0.00532,-0.02604,-0.00115,0.00000,0.00000,-0.113,-0.009,0
119.9560,-0.00532,-0.02606,-0.00115,0.00000,0.00000,-0.113,-0.009,0
120.0080,-0.00533,-0.02608,-0.00115,0.00000,0.00000,-0.114,-0.009,0
120.0600,-0.00533,-0.02610,-0.00115,0.00000,0.00000,-0.114,-0.009,0
120.1120,-0.00534,-0.02612,-0.00115,0.00000,0.00000,-0.114,-0.009,0
120.1640,-0.00534,-0.02614,-0.00115,0.00000,0.00000,-0.114,-0.009,0
120.2160,-0.00535,-0.02616,-0.00115,0.00000,0.00000,-0.114,-0.009,0
120.2680,-0.00535,-0.02618,-0.00115,0.00000,0.00000,-0.114,-0.009,0
120.3200,-0.00536,-0.02620,-0.00115,0.00000,0.00000,-0.114,-0.009,0
120.3720,-0.00536,-0.02622,-0.00115,0.00000,0.00000,-0.114,-0.009,0
120.4240,-0.00537,-0.02625,-0.00115,0.00000,0.00000,-0.114,-0.009,0
120.4760,-0.00537,-0.02627,-0.00115,0.00000,0.00000,-0.114,-0.009,0
120.5280,-0.00538,-0.02629,-0.00115,0.00000,0.00000,-0.114,-0.009,0
120.5800,-0.00538,-0.02631,-0.00115,0.00000,0.00000,-0.114,-0.009,0
120.6320,-0.00539,-0.02634,-0.00115,0.00000,0.00000,-0.115,-0.009,0
120.6840,-0.00539,-0.02636,-0.00115,0.00000,0.00000,-0.115,-0.009,0
120.7360,-0.00539,-0.02637,-0.00115,0.00000,0.00000,-0.115,-0.009,0
120.7880,-0.00539,-0.02637,-0.00115,0.00000,0.00000,-0.115,-0.009,0
120.8400,-0.00539,-0.02638,-0.00115,0.00000,0.00000,-0.115,-0.009,0
120.8920,-0.00539,-0.02638,-0.00115,0.00000,0.00000,-0.115,-0.009,0
120.9440,-0.00539,-0.02639,-0.00115,0.00000,0.00000,-0.115,-0.009,0
120.9960,-0.00539,-0.02638,-0.00115,0.00000,0.00000,-0.115,-0.009,0
121.0480,-0.00539,-0.02638,-0.00115,0.00000,0.00000,-0.115,-0.009,0
121.1000,-0.00539,-0.02639,-0.00115,0.00000,0.00000,-0.115,-0.009,0
121.1520,-0.00540,-0.02641,-0.00115,0.00000,0.00000,-0.115,-0.009,0
121.2040,-0.00540,-0.02643,-0.00115,0.00000,0.00000,-0.115,-0.009,0
121.2560,-0.00540,-0.02645,-0.00115,0.00000,0.00000,-0.115,-0.009,0
121.3080,-0.00541,-0.02646,-0.00115,0.00000,0.00000,-0.115,-0.009,0
121.3600,-0.00541,-0.02647,-0.00115,0.00000,0.00000,-0.115,-0.009,0
121.4120,-0.00541,-0.02648,-0.00115,0.00000,0.00000,-0.115,-0.009,0
121.4640,-0.00541,-0.02649,-0.00115,0.00000,0.00000,-0.115,-0.009,0
121.5160,-0.00542,-0.02652,-0.00115,0.00000,0.00000,-0.115,-0.009,0
121.5680,-0.00542,-0.02655,-0.00115,0.00000,0.00000,-0.116,-0.009,0
121.6200,-0.00543,-0.02658,-0.00115,0.00000,0.00000,-0.116,-0.009,0
121.6720,-0.00543,-0.02660,-0.00115,0.00000,0.00000,-0.116,-0.009,0
121.7240,-0.00544,-0.02661,-0.00115,0.00000,0.00000,-0.116,-0.009,0
121.7760,-0.00544,-0.02662,-0.00115,0.00000,0.00000,-0.116,-0.009,0
121.8280,-0.00543,-0.02661,-0.00115,0.00000,0.00000,-0.116,-0.009,0
121.8800,-0.00543,-0.02660,-0.00115,0.00000,0.00000,-0.116,-0.009,0
121.9320,-0.00543,-0.02659,-0.00115,0.00000,0.00000,-0.116,-0.009,0
121.9840,-0.00542,-0.02658,-0.00115,0.00000,0.00000,-0.116,-0.009,0
122.0360,-0.00542,-0.02657,-0.00115,0.00000,0.00000,-0.116,-0.009,0
122.0880,-0.00542,-0.02657,-0.00115,0.00000,0.00000,-0.116,-0.009,0
122.1400,-0.00542,-0.02658,-0.00115,0.00000,0.00000,-0.116,-0.009,0
122.1920,-0.00543,-0.02659,-0.00115,0.00000,0.00000,-0.116,-0.009,0
122.2440,-0.00543,-0.02662,-0.00115,0.00000,0.00000,-0.116,-0.009,0
122.2960,-0.00544,-0.02666,-0.00115,0.00000,0.00000,-0.116,-0.009,0
122.3480,-0.00545,-0.02669,-0.00115,0.00000,0.00000,-0.116,-0.009,0
122.4000,-0.00545,-0.02671,-0.00115,0.00000,0.00000,-0.117,-0.009,0
122.4520,-0.00546,-0.02673,-0.00115,0.00000,0.00000,-0.117,-0.009,0
122.5040,-0.00546,-0.02674,-0.00115,0.00000,0.00000,-0.117,-0.009,0
122.5560,-0.00546,-0.02675,-0.00115,0.00000,0.00000,-0.117,-0.009,0
122.6080,-0.00546,-0.02674,-0.00115,0.00000,0.00000,-0.117,-0.009,0
122.6600,-0.00545,-0.02673,-0.00115,0.00000,0.00000,-0.117,-0.009,0
122.7120,-0.00545,-0.02673,-0.00115,0.00000,0.00000,-0.117,-0.009,0
122.7640,-0.00545,-0.02673,-0.00115,0.00000,0.00000,-0.117,-0.009,0
122.8160,-0.00545,-0.02673,-0.00115,0.00000,0.00000,-0.117,-0.009,0
122.8680,-0.00545,-0.02673,-0.00115,0.00000,0.00000,-0.117,-0.009,0
122.9200,-0.00545,-0.02672,-0.00115,0.00000,0.00000,-0.117,-0.009,0
122.9720,-0.00544,-0.02671,-0.00115,0.00000,0.00000,-0.117,-0.009,0
123.0240,-0.00544,-0.02669,-0.00115,0.00000,0.00000,-0.117,-0.009,0
123.0760,-0.00543,-0.02667,-0.00115,0.00000,0.00000,-0.117,-0.009,0
123.1280,-0.00543,-0.02666,-0.00115,0.00000,0.00000,-0.117,-0.009,0
123.1800,-0.00543,-0.02664,-0.00115,0.00000,0.00000,-0.117,-0.009,0
123.2320,-0.00542,-0.02662,-0.00115,0.00000,0.00000,-0.117,-0.009,0
123.2840,-0.00542,-0.02660,-0.00115,0.00000,0.00000,-0.116,-0.009,0
123.3360,-0.00541,-0.02656,-0.00115,0.00000,0.00000,-0.116,-0.009,0
123.3880,-0.00540,-0.02654,-0.00115,0.00000,0.00000,-0.116,-0.009,0
123.4400,-0.00540,-0.02650,-0.00115,0.00000,0.00000,-0.116,-0.009,0
123.4920,-0.00539,-0.02647,-0.00115,0.00000,0.00000,-0.116,-0.009,0
123.5440,-0.00538,-0.02643,-0.00115,0.00000,0.00000,-0.116,-0.009,0
123.5960,-0.00537,-0.02640,-0.00115,0.00000,0.00000,-0.116,-0.009,0
123.6480,-0.00537,-0.02638,-0.00115,0.00000,0.00000,-0.116,-0.009,0
123.7000,-0.00537,-0.02636,-0.00115,0.00000,0.00000,-0.115,-0.009,0
123.7520,-0.00536,-0.02634,-0.00115,0.00000,0.00000,-0.115,-0.009,0
123.8040,-0.00536,-0.02634,-0.00115,0.00000,0.00000,-0.115,-0.009,0
123.8560,-0.00536,-0.02633,-0.00115,0.00000,0.00000,-0.115,-0.009,0
123.9080,-0.00536,-0.02633,-0.00115,0.00000,0.00000,-0.115,-0.009,0
123.9600,-0.00537,-0.02634,-0.00115,0.00000,0.00000,-0.115,-0.009,0
124.0120,-0.00537,-0.02636,-0.00115,0.00000,0.00000,-0.115,-0.009,0
124.0640,-0.00538,-0.02637,-0.00115,0.00000,0.00000,-0.115,-0.009,0
124.1160,-0.00538,-0.02639,-0.00115,0.00000,0.00000,-0.115,-0.009,0
124.1680,-0.00538,-0.02640,-0.00115,0.00000,0.00000,-0.115,-0.009,0
124.2200,-0.00539,-0.02641,-0.00115,0.00000,0.00000,-0.115,-0.009,0
124.2720,-0.00539,-0.02640,-0.00115,0.00000,0.00000,-0.115,-0.009,0
124.3240,-0.00539,-0.02641,-0.00115,0.00000,0.00000,-0.115,-0.009,0
124.3760,-0.00539,-0.02642,-0.00115,0.00000,0.00000,-0.115,-0.009,0
124.4280,-0.00540,-0.02644,-0.00115,0.00000,0.00000,-0.116,-0.009,0
124.4800,-0.00540,-0.02645,-0.00115,0.00000,0.00000,-0.116,-0.009,0
124.5320,-0.00540,-0.02646,-0.00115,0.00000,0.00000,-0.116,-0.009,0
124.5840,-0.00540,-0.02646,-0.00115,0.00000,0.00000,-0.116,-0.009,0
124.6360,-0.00540,-0.02647,-0.00115,0.00000,0.00000,-0.116,-0.009,0
124.6880,-0.00540,-0.02647,-0.00115,0.00000,0.00000,-0.116,-0.009,0
124.7400,-0.00540,-0.02646,-0.00115,0.00000,0.00000,-0.116,-0.009,0
124.7920,-0.00540,-0.02647,-0.00115,0.00000,0.00000,-0.116,-0.009,0
124.8440,-0.00541,-0.02648,-0.00115,0.00000,0.00000,-0.116,-0.009,0
124.8960,-0.00541,-0.02648,-0.00115,0.00000,0.00000,-0.116,-0.009,0
124.9480,-0.00541,-0.02648,-0.00115,0.00000,0.00000,-0.116,-0.009,0
125.0000,-0.00540,-0.02648,-0.00115,0.00000,0.00000,-0.116,-0.009,0
125.0520,-0.00540,-0.02648,-0.00115,0.00000,0.00000,-0.116,-0.009,0
125.1040,-0.00541,-0.02649,-0.00115,0.00000,0.00000,-0.116,-0.009,0
125.1560,-0.00541,-0.02649,-0.00115,0.00000,0.00000,-0.116,-0.009,0
125.2080,-0.00541,-0.02649,-0.00115,0.00000,0.00000,-0.116,-0.009,0
125.2600,-0.00541,-0.02649,-0.00115,0.00000,0.00000,-0.116,-0.009,0
125.3120,-0.00541,-0.02649,-0.00115,0.00000,0.00000,-0.116,-0.009,0
125.3640,-0.00541,-0.02650,-0.00115,0.00000,0.00000,-0.116,-0.009,0
125.4160,-0.00541,-0.02650,-0.00115,0.00000,0.00000,-0.116,-0.009,0
125.4680,-0.00541,-0.02650,-0.00115,0.00000,0.00000,-0.116,-0.009,0
125.5200,-0.00541,-0.02650,-0.00115,0.00000,0.00000,-0.116,-0.009,0
125.5720,-0.00541,-0.02650,-0.00115,0.00000,0.00000,-0.116,-0.009,0
125.6240,-0.00540,-0.02648,-0.00115,0.00000,0.00000,-0.116,-0.009,0
125.6760,-0.00539,-0.02645,-0.00115,0.00000,0.00000,-0.116,-0.009,0
125.7280,-0.00539,-0.02642,-0.00115,0.00000,0.00000,-0.116,-0.009,0
125.7800,-0.00538,-0.02639,-0.00115,0.00000,0.00000,-0.115,-0.009,0
125.8320,-0.00538,-0.02637,-0.00115,0.00000,0.00000,-0.115,-0.009,0
125.8840,-0.00537,-0.02635,-0.00115,0.00000,0.00000,-0.115,-0.009,0
125.9360,-0.00536,-0.02631,-0.00115,0.00000,0.00000,-0.115,-0.009,0
125.9880,-0.00536,-0.02630,-0.00115,0.00000,0.00000,-0.115,-0.009,0
126.0400,-0.00536,-0.02628,-0.00115,0.00000,0.00000,-0.115,-0.009,0
126.0920,-0.00536,-0.02629,-0.00115,0.00000,0.00000,-0.115,-0.009,0
126.1440,-0.00536,-0.02629,-0.00115,0.00000,0.00000,-0.115,-0.009,0
126.1960,-0.00536,-0.02630,-0.00115,0.00000,0.00000,-0.115,-0.009,0
126.2480,-0.00536,-0.02629,-0.00115,0.00000,0.00000,-0.115,-0.009,0
126.3000,-0.00536,-0.02628,-0.00115,0.00000,0.00000,-0.115,-0.009,0
126.3520,-0.00536,-0.02627,-0.00115,0.00000,0.00000,-0.115,-0.009,0
126.4040,-0.00536,-0.02627,-0.00115,0.00000,0.00000,-0.115,-0.009,0
126.4560,-0.00536,-0.02627,-0.00115,0.00000,0.00000,-0.115,-0.009,0
126.5080,-0.00536,-0.02628,-0.00115,0.00000,0.00000,-0.115,-0.009,0
126.5600,-0.00536,-0.02629,-0.00115,0.00000,0.00000,-0.115,-0.009,0
126.6120,-0.00537,-0.02631,-0.00115,0.00000,0.00000,-0.115,-0.009,0
126.6640,-0.00538,-0.02633,-0.00115,0.00000,0.00000,-0.115,-0.009,0
126.7160,-0.00538,-0.02636,-0.00115,0.00000,0.00000,-0.115,-0.009,0
126.7680,-0.00539,-0.02639,-0.00115,0.00000,0.00000,-0.115,-0.009,0
126.8200,-0.00539,-0.02641,-0.00115,0.00000,0.00000,-0.115,-0.009,0
126.8720,-0.00540,-0.02644,-0.00115,0.00000,0.00000,-0.115,-0.009,0
126.9240,-0.00541,-0.02649,-0.00115,0.00000,0.00000,-0.115,-0.009,0
126.9760,-0.00542,-0.02654,-0.00115,0.00000,0.00000,-0.116,-0.009,0
127.0280,-0.00544,-0.02661,-0.00115,0.00000,0.00000,-0.116,-0.009,0
127.0800,-0.00545,-0.02667,-0.00115,0.00000,0.00000,-0.116,-0.009,0
127.1320,-0.00547,-0.02675,-0.00115,0.00000,0.00000,-0.117,-0.009,0
127.1840,-0.00548,-0.02680,-0.00115,0.00000,0.00000,-0.117,-0.009,0
127.2360,-0.00550,-0.02686,-0.00115,0.00000,0.00000,-0.117,-0.009,0
127.2880,-0.00551,-0.02692,-0.00115,0.00000,0.00000,-0.117,-0.009,0
127.3400,-0.00552,-0.02697,-0.00115,0.00000,0.00000,-0.118,-0.009,0
127.3920,-0.00553,-0.02702,-0.00115,0.00000,0.00000,-0.118,-0.009,0
127.4440,-0.00554,-0.02706,-0.00115,0.00000,0.00000,-0.118,-0.009,0
127.4960,-0.00554,-0.02708,-0.00115,0.00000,0.00000,-0.118,-0.009,0
127.5480,-0.00554,-0.02711,-0.00115,0.00000,0.00000,-0.118,-0.009,0
127.6000,-0.00555,-0.02713,-0.00115,0.00000,0.00000,-0.119,-0.009,0
127.6520,-0.00555,-0.02716,-0.00115,0.00000,0.00000,-0.119,-0.009,0
127.7040,-0.00556,-0.02719,-0.00115,0.00000,0.00000,-0.119,-0.009,0
127.7560,-0.00557,-0.02724,-0.00115,0.00000,0.00000,-0.119,-0.009,0
127.8080,-0.00557,-0.02728,-0.00115,0.00000,0.00000,-0.119,-0.009,0
127.8600,-0.00557,-0.02729,-0.00115,0.00000,0.00000,-0.120,-0.009,0
127.9120,-0.00558,-0.02731,-0.00115,0.00000,0.00000,-0.120,-0.009,0
127.9640,-0.00558,-0.02734,-0.00115,0.00000,0.00000,-0.120,-0.009,0
128.0160,-0.00559,-0.02738,-0.00115,0.00000,0.00000,-0.120,-0.009,0
128.0660,-0.00559,-0.02742,-0.00115,0.00000,0.00000,-0.120,-0.009,0
128.1160,-0.00560,-0.02746,-0.00115,0.00000,0.00000,-0.120,-0.009,0
128.1660,-0.00561,-0.02749,-0.00115,0.00000,0.00000,-0.121,-0.009,0
128.2160,-0.00561,-0.02751,-0.00115,0.00000,0.00000,-0.121,-0.009,0
128.2660,-0.00561,-0.02753,-0.00115,0.00000,0.00000,-0.121,-0.009,0
128.3160,-0.00561,-0.02754,-0.00115,0.00000,0.00000,-0.121,-0.009,0
128.3660,-0.00562,-0.02756,-0.00115,0.00000,0.00000,-0.121,-0.009,0
128.4160,-0.00562,-0.02759,-0.00115,0.00000,0.00000,-0.121,-0.009,0
128.4660,-0.00562,-0.02760,-0.00115,0.00000,0.00000,-0.121,-0.009,0
128.5160,-0.00562,-0.02760,-0.00115,0.00000,0.00000,-0.122,-0.009,0
128.5660,-0.00562,-0.02760,-0.00115,0.00000,0.00000,-0.122,-0.009,0
128.6160,-0.00562,-0.02760,-0.00115,0.00000,0.00000,-0.122,-0.009,0
128.6660,-0.00561,-0.02759,-0.00115,0.00000,0.00000,-0.122,-0.009,0
128.7160,-0.00561,-0.02759,-0.00115,0.00000,0.00000,-0.122,-0.009,0
128.7660,-0.00561,-0.02759,-0.00115,0.00000,0.00000,-0.122,-0.009,0
128.8160,-0.00561,-0.02758,-0.00115,0.00000,0.00000,-0.122,-0.009,0
128.8660,-0.00560,-0.02755,-0.00115,0.00000,0.00000,-0.122,-0.009,0
128.9160,-0.00559,-0.02751,-0.00115,0.00000,0.00000,-0.121,-0.009,0
128.9660,-0.00558,-0.02748,-0.00115,0.00000,0.00000,-0.121,-0.009,0
129.0160,-0.00557,-0.02744,-0.00115,0.00000,0.00000,-0.121,-0.009,0
129.0660,-0.00556,-0.02741,-0.00115,0.00000,0.00000,-0.121,-0.009,0
129.1160,-0.00556,-0.02738,-0.00115,0.00000,0.00000,-0.121,-0.009,0
129.1660,-0.00555,-0.02735,-0.00115,0.00000,0.00000,-0.121,-0.009,0
129.2160,-0.00554,-0.02732,-0.00115,0.00000,0.00000,-0.121,-0.009,0
129.2660,-0.00554,-0.02729,-0.00115,0.00000,0.00000,-0.121,-0.009,0
129.3160,-0.00553,-0.02726,-0.00115,0.00000,0.00000,-0.121,-0.009,0
129.3660,-0.00552,-0.02724,-0.00115,0.00000,0.00000,-0.120,-0.009,0
129.4160,-0.00552,-0.02723,-0.00115,0.00000,0.00000,-0.120,-0.009,0
129.4660,-0.00553,-0.02723,-0.00115,0.00000,0.00000,-0.120,-0.009,0
129.5160,-0.00553,-0.02725,-0.00115,0.00000,0.00000,-0.120,-0.009,0
129.5660,-0.00553,-0.02726,-0.00115,0.00000,0.00000,-0.121,-0.009,0
129.6160,-0.00554,-0.02728,-0.00115,0.00000,0.00000,-0.121,-0.009,0
129.6660,-0.00554,-0.02729,-0.00115,0.00000,0.00000,-0.121,-0.009,0
129.7160,-0.00555,-0.02731,-0.00115,0.00000,0.00000,-0.121,-0.009,0
129.7660,-0.00555,-0.02733,-0.00115,0.00000,0.00000,-0.121,-0.009,0
129.8160,-0.00556,-0.02734,-0.00115,0.00000,0.00000,-0.121,-0.009,0
129.8660,-0.00556,-0.02736,-0.00115,0.00000,0.00000,-0.121,-0.009,0
129.9160,-0.00557,-0.02739,-0.00115,0.00000,0.00000,-0.121,-0.009,0
129.9660,-0.00558,-0.02743,-0.00115,0.00000,0.00000,-0.121,-0.009,0
130.0160,-0.00558,-0.02745,-0.00115,0.00000,0.00000,-0.121,-0.009,0
130.0660,-0.00559,-0.02748,-0.00115,0.00000,0.00000,-0.122,-0.009,0
130.1160,-0.00560,-0.02752,-0.00115,0.00000,0.00000,-0.122,-0.009,0
130.1660,-0.00561,-0.02757,-0.00115,0.00000,0.00000,-0.122,-0.009,0
130.2160,-0.00562,-0.02760,-0.00115,0.00000,0.00000,-0.122,-0.009,0
130.2660,-0.00563,-0.02764,-0.00115,0.00000,0.00000,-0.122,-0.009,0
130.3160,-0.00563,-0.02766,-0.00115,0.00000,0.00000,-0.122,-0.009,0
130.3660,-0.00564,-0.02770,-0.00115,0.00000,0.00000,-0.123,-0.009,0
130.4160,-0.00565,-0.02774,-0.00115,0.00000,0.00000,-0.123,-0.009,0
130.4660,-0.00566,-0.02778,-0.00115,0.00000,0.00000,-0.123,-0.009,0
130.5160,-0.00567,-0.02784,-0.00115,0.00000,0.00000,-0.123,-0.009,0
130.5660,-0.00568,-0.02789,-0.00115,0.00000,0.00000,-0.124,-0.009,0
130.6160,-0.00569,-0.02795,-0.00115,0.00000,0.00000,-0.124,-0.009,0
130.6660,-0.00571,-0.02801,-0.00115,0.00000,0.00000,-0.124,-0.009,0
130.7160,-0.00571,-0.02805,-0.00115,0.00000,0.00000,-0.124,-0.009,0
130.7660,-0.00572,-0.02809,-0.00115,0.00000,0.00000,-0.125,-0.009,0
130.8160,-0.00573,-0.02811,-0.00115,0.00000,0.00000,-0.125,-0.009,0
130.8660,-0.00573,-0.02815,-0.00115,0.00000,0.00000,-0.125,-0.009,0
130.9160,-0.00574,-0.02818,-0.00115,0.00000,0.00000,-0.125,-0.009,0
130.9660,-0.00574,-0.02820,-0.00115,0.00000,0.00000,-0.125,-0.009,0
131.0160,-0.00574,-0.02822,-0.00115,0.00000,0.00000,-0.125,-0.009,0
131.0660,-0.00574,-0.02823,-0.00115,0.00000,0.00000,-0.125,-0.009,0
131.1160,-0.00574,-0.02824,-0.00115,0.00000,0.00000,-0.126,-0.009,0
131.1660,-0.00574,-0.02822,-0.00115,0.00000,0.00000,-0.126,-0.009,0
131.2160,-0.00573,-0.02819,-0.00115,0.00000,0.00000,-0.125,-0.009,0
131.2660,-0.00572,-0.02816,-0.00115,0.00000,0.00000,-0.125,-0.009,0
131.3160,-0.00571,-0.02813,-0.00115,0.00000,0.00000,-0.125,-0.009,0
131.3660,-0.00570,-0.02808,-0.00115,0.00000,0.00000,-0.125,-0.009,0
131.4160,-0.00568,-0.02803,-0.00115,0.00000,0.00000,-0.125,-0.009,0
131.4660,-0.00567,-0.02799,-0.00115,0.00000,0.00000,-0.125,-0.009,0
131.5160,-0.00566,-0.02795,-0.00115,0.00000,0.00000,-0.125,-0.009,0
131.5660,-0.00566,-0.02793,-0.00115,0.00000,0.00000,-0.124,-0.009,0
131.6160,-0.00566,-0.02792,-0.00115,0.00000,0.00000,-0.124,-0.009,0
131.6660,-0.00565,-0.02791,-0.00115,0.00000,0.00000,-0.124,-0.009,0
131.7160,-0.00565,-0.02790,-0.00115,0.00000,0.00000,-0.124,-0.009,0
131.7660,-0.00565,-0.02789,-0.00115,0.00000,0.00000,-0.124,-0.009,0
131.8160,-0.00565,-0.02788,-0.00115,0.00000,0.00000,-0.124,-0.009,0
131.8660,-0.00564,-0.02786,-0.00115,0.00000,0.00000,-0.124,-0.009,0
131.9160,-0.00564,-0.02784,-0.00115,0.00000,0.00000,-0.124,-0.009,0
131.9660,-0.00563,-0.02782,-0.00115,0.00000,0.00000,-0.124,-0.009,0
132.0160,-0.00563,-0.02780,-0.00115,0.00000,0.00000,-0.124,-0.009,0
132.0660,-0.00563,-0.02778,-0.00115,0.00000,0.00000,-0.124,-0.009,0
132.1160,-0.00562,-0.02777,-0.00115,0.00000,0.00000,-0.124,-0.009,0
132.1660,-0.00562,-0.02774,-0.00115,0.00000,0.00000,-0.124,-0.009,0
132.2160,-0.00562,-0.02774,-0.00115,0.00000,0.00000,-0.124,-0.009,0
132.2660,-0.00562,-0.02774,-0.00115,0.00000,0.00000,-0.124,-0.009,0
132.3160,-0.00562,-0.02774,-0.00115,0.00000,0.00000,-0.124,-0.009,0
132.3660,-0.00562,-0.02774,-0.00115,0.00000,0.00000,-0.124,-0.009,0
132.4160,-0.00563,-0.02776,-0.00115,0.00000,0.00000,-0.124,-0.009,0
132.4660,-0.00563,-0.02777,-0.00115,0.00000,0.00000,-0.124,-0.009,0
132.5160,-0.00564,-0.02779,-0.00115,0.00000,0.00000,-0.124,-0.009,0
132.5660,-0.00564,-0.02780,-0.00115,0.00000,0.00000,-0.124,-0.009,0
132.6160,-0.00564,-0.02780,-0.00115,0.00000,0.00000,-0.124,-0.009,0
132.6660,-0.00564,-0.02779,-0.00115,0.00000,0.00000,-0.124,-0.009,0
132.7160,-0.00564,-0.02778,-0.00115,0.00000,0.00000,-0.124,-0.009,0
132.7660,-0.00564,-0.02778,-0.00115,0.00000,0.00000,-0.124,-0.009,0
132.8160,-0.00564,-0.02779,-0.00115,0.00000,0.00000,-0.124,-0.009,0
132.8660,-0.00564,-0.02778,-0.00115,0.00000,0.00000,-0.124,-0.009,0
132.9160,-0.00564,-0.02778,-0.00115,0.00000,0.00000,-0.124,-0.009,0
132.9660,-0.00564,-0.02778,-0.00115,0.00000,0.00000,-0.124,-0.009,0
133.0160,-0.00564,-0.02778,-0.00115,0.00000,0.00000,-0.124,-0.009,0
133.0660,-0.00564,-0.02776,-0.00115,0.00000,0.00000,-0.124,-0.009,0
133.1160,-0.00563,-0.02774,-0.00115,0.00000,0.00000,-0.124,-0.009,0
133.1660,-0.00563,-0.02773,-0.00115,0.00000,0.00000,-0.124,-0.009,0
133.2160,-0.00562,-0.02771,-0.00115,0.00000,0.00000,-0.124,-0.009,0
133.2660,-0.00562,-0.02771,-0.00115,0.00000,0.00000,-0.123,-0.009,0
133.3160,-0.00562,-0.02771,-0.00115,0.00000,0.00000,-0.123,-0.009,0
133.3660,-0.00563,-0.02771,-0.00115,0.00000,0.00000,-0.123,-0.009,0
133.4160,-0.00562,-0.02771,-0.00115,0.00000,0.00000,-0.123,-0.009,0
133.4660,-0.00563,-0.02771,-0.00115,0.00000,0.00000,-0.123,-0.009,0
133.5160,-0.00563,-0.02773,-0.00115,0.00000,0.00000,-0.124,-0.009,0
133.5660,-0.00563,-0.02774,-0.00115,0.00000,0.00000,-0.124,-0.009,0
133.6160,-0.00563,-0.02775,-0.00115,0.00000,0.00000,-0.124,-0.009,0
133.6660,-0.00564,-0.02775,-0.00115,0.00000,0.00000,-0.124,-0.009,0
133.7160,-0.00563,-0.02775,-0.00115,0.00000,0.00000,-0.124,-0.009,0
133.7660,-0.00564,-0.02775,-0.00115,0.00000,0.00000,-0.124,-0.009,0
133.8160,-0.00563,-0.02775,-0.00115,0.00000,0.00000,-0.124,-0.009,0
133.8660,-0.00563,-0.02775,-0.00115,0.00000,0.00000,-0.124,-0.009,0
133.9160,-0.00563,-0.02775,-0.00115,0.00000,0.00000,-0.124,-0.009,0
133.9660,-0.00563,-0.02774,-0.00115,0.00000,0.00000,-0.124,-0.009,0
134.0160,-0.00563,-0.02775,-0.00115,0.00000,0.00000,-0.124,-0.009,0
134.0660,-0.00564,-0.02776,-0.00115,0.00000,0.00000,-0.124,-0.009,0
134.1160,-0.00564,-0.02777,-0.00115,0.00000,0.00000,-0.124,-0.009,0
134.1660,-0.00564,-0.02778,-0.00115,0.00000,0.00000,-0.124,-0.009,0
134.2160,-0.00565,-0.02779,-0.00115,0.00000,0.00000,-0.124,-0.009,0
134.2660,-0.00565,-0.02781,-0.00115,0.00000,0.00000,-0.124,-0.009,0
134.3160,-0.00565,-0.02781,-0.00115,0.00000,0.00000,-0.124,-0.009,0
134.3660,-0.00565,-0.02783,-0.00115,0.00000,0.00000,-0.124,-0.009,0
134.4160,-0.00566,-0.02785,-0.00115,0.00000,0.00000,-0.124,-0.009,0
134.4660,-0.00566,-0.02787,-0.00115,0.00000,0.00000,-0.124,-0.009,0
134.5160,-0.00566,-0.02787,-0.00115,0.00000,0.00000,-0.124,-0.009,0
134.5660,-0.00566,-0.02787,-0.00115,0.00000,0.00000,-0.124,-0.009,0
134.6160,-0.00566,-0.02787,-0.00115,0.00000,0.00000,-0.124,-0.009,0
134.6660,-0.00566,-0.02786,-0.00115,0.00000,0.00000,-0.124,-0.009,0
134.7160,-0.00566,-0.02785,-0.00115,0.00000,0.00000,-0.124,-0.009,0
134.7660,-0.00565,-0.02782,-0.00115,0.00000,0.00000,-0.124,-0.009,0
134.8160,-0.00564,-0.02780,-0.00115,0.00000,0.00000,-0.124,-0.009,0
134.8660,-0.00563,-0.02777,-0.00115,0.00000,0.00000,-0.124,-0.009,0
134.9160,-0.00563,-0.02774,-0.00115,0.00000,0.00000,-0.124,-0.009,0
134.9660,-0.00562,-0.02771,-0.00115,0.00000,0.00000,-0.123,-0.009,0
135.0160,-0.00561,-0.02767,-0.00115,0.00000,0.00000,-0.123,-0.009,0
135.0660,-0.00560,-0.02764,-0.00115,0.00000,0.00000,-0.123,-0.009,0
135.1160,-0.00560,-0.02762,-0.00115,0.00000,0.00000,-0.123,-0.009,0
135.1660,-0.00560,-0.02760,-0.00115,0.00000,0.00000,-0.123,-0.009,0
135.2160,-0.00560,-0.02760,-0.00115,0.00000,0.00000,-0.123,-0.009,0
135.2660,-0.00559,-0.02759,-0.00115,0.00000,0.00000,-0.123,-0.009,0
135.3160,-0.00559,-0.02758,-0.00115,0.00000,0.00000,-0.123,-0.009,0
135.3660,-0.00559,-0.02757,-0.00115,0.00000,0.00000,-0.123,-0.009,0
135.4160,-0.00559,-0.02756,-0.00115,0.00000,0.00000,-0.123,-0.009,0
135.4660,-0.00559,-0.02756,-0.00115,0.00000,0.00000,-0.123,-0.009,0
135.5160,-0.00559,-0.02756,-0.00115,0.00000,0.00000,-0.123,-0.009,0
135.5660,-0.00559,-0.02756,-0.00115,0.00000,0.00000,-0.123,-0.009,0
135.6160,-0.00559,-0.02754,-0.00115,0.00000,0.00000,-0.123,-0.009,0
135.6660,-0.00558,-0.02752,-0.00115,0.00000,0.00000,-0.122,-0.009,0
135.7160,-0.00558,-0.02748,-0.00115,0.00000,0.00000,-0.122,-0.009,0
135.7660,-0.00557,-0.02744,-0.00115,0.00000,0.00000,-0.122,-0.009,0
135.8160,-0.00556,-0.02741,-0.00115,0.00000,0.00000,-0.122,-0.009,0
135.8660,-0.00555,-0.02738,-0.00115,0.00000,0.00000,-0.122,-0.009,0
135.9160,-0.00555,-0.02737,-0.00115,0.00000,0.00000,-0.122,-0.009,0
135.9660,-0.00555,-0.02735,-0.00115,0.00000,0.00000,-0.122,-0.009,0
136.0160,-0.00555,-0.02734,-0.00115,0.00000,0.00000,-0.122,-0.009,0
136.0660,-0.00554,-0.02732,-0.00115,0.00000,0.00000,-0.121,-0.009,0
136.1160,-0.00554,-0.02730,-0.00115,0.00000,0.00000,-0.121,-0.009,0
136.1660,-0.00553,-0.02726,-0.00115,0.00000,0.00000,-0.121,-0.009,0
136.2160,-0.00552,-0.02720,-0.00115,0.00000,0.00000,-0.121,-0.009,0
136.2660,-0.00551,-0.02716,-0.00115,0.00000,0.00000,-0.121,-0.009,0
136.3160,-0.00550,-0.02712,-0.00115,0.00000,0.00000,-0.120,-0.009,0
136.3660,-0.00550,-0.02709,-0.00115,0.00000,0.00000,-0.120,-0.009,0
136.4160,-0.00549,-0.02706,-0.00115,0.00000,0.00000,-0.120,-0.009,0
136.4660,-0.00549,-0.02704,-0.00115,0.00000,0.00000,-0.120,-0.009,0
136.5160,-0.00549,-0.02702,-0.00115,0.00000,0.00000,-0.120,-0.009,0
136.5660,-0.00548,-0.02701,-0.00115,0.00000,0.00000,-0.120,-0.009,0
136.6160,-0.00548,-0.02698,-0.00115,0.00000,0.00000,-0.120,-0.009,0
136.6660,-0.00548,-0.02698,-0.00115,0.00000,0.00000,-0.120,-0.009,0
136.7160,-0.00548,-0.02697,-0.00115,0.00000,0.00000,-0.119,-0.009,0
136.7660,-0.00548,-0.02696,-0.00115,0.00000,0.00000,-0.119,-0.009,0
136.8160,-0.00548,-0.02694,-0.00115,0.00000,0.00000,-0.119,-0.009,0
136.8660,-0.00548,-0.02694,-0.00115,0.00000,0.00000,-0.119,-0.009,0
136.9160,-0.00548,-0.02694,-0.00115,0.00000,0.00000,-0.119,-0.009,0
136.9660,-0.00548,-0.02695,-0.00115,0.00000,0.00000,-0.119,-0.009,0
137.0160,-0.00548,-0.02696,-0.00115,0.00000,0.00000,-0.119,-0.009,0
137.0660,-0.00549,-0.02696,-0.00115,0.00000,0.00000,-0.119,-0.009,0
137.1160,-0.00549,-0.02696,-0.00115,0.00000,0.00000,-0.119,-0.009,0
137.1660,-0.00548,-0.02694,-0.00115,0.00000,0.00000,-0.119,-0.009,0
137.2160,-0.00548,-0.02693,-0.00115,0.00000,0.00000,-0.119,-0.009,0
137.2660,-0.00548,-0.02693,-0.00115,0.00000,0.00000,-0.119,-0.009,0
137.3160,-0.00548,-0.02692,-0.00115,0.00000,0.00000,-0.119,-0.009,0
137.3660,-0.00548,-0.02692,-0.00115,0.00000,0.00000,-0.119,-0.009,0
137.4160,-0.00548,-0.02691,-0.00115,0.00000,0.00000,-0.119,-0.009,0
137.4660,-0.00547,-0.02689,-0.00115,0.00000,0.00000,-0.119,-0.009,0
137.5160,-0.00547,-0.02688,-0.00115,0.00000,0.00000,-0.119,-0.009,0
137.5660,-0.00547,-0.02686,-0.00115,0.00000,0.00000,-0.119,-0.009,0
137.6160,-0.00546,-0.02684,-0.00115,0.00000,0.00000,-0.118,-0.009,0
137.6660,-0.00546,-0.02682,-0.00115,0.00000,0.00000,-0.118,-0.009,0
137.7160,-0.00545,-0.02680,-0.00115,0.00000,0.00000,-0.118,-0.009,0
137.7660,-0.00545,-0.02677,-0.00115,0.00000,0.00000,-0.118,-0.009,0
137.8160,-0.00545,-0.02676,-0.00115,0.00000,0.00000,-0.118,-0.009,0
137.8660,-0.00544,-0.02675,-0.00115,0.00000,0.00000,-0.118,-0.009,0
137.9160,-0.00544,-0.02674,-0.00115,0.00000,0.00000,-0.118,-0.009,0
137.9660,-0.00544,-0.02673,-0.00115,0.00000,0.00000,-0.118,-0.009,0
138.0160,-0.00544,-0.02671,-0.00115,0.00000,0.00000,-0.118,-0.009,0
138.0660,-0.00543,-0.02669,-0.00115,0.00000,0.00000,-0.118,-0.009,0
138.1160,-0.00543,-0.02667,-0.00115,0.00000,0.00000,-0.117,-0.009,0
138.1660,-0.00543,-0.02665,-0.00115,0.00000,0.00000,-0.117,-0.009,0
138.2160,-0.00542,-0.02664,-0.00115,0.00000,0.00000,-0.117,-0.009,0
138.2660,-0.00542,-0.02661,-0.00115,0.00000,0.00000,-0.117,-0.009,0
138.3160,-0.00541,-0.02657,-0.00115,0.00000,0.00000,-0.117,-0.009,0
138.3660,-0.00540,-0.02654,-0.00115,0.00000,0.00000,-0.117,-0.009,0
138.4160,-0.00540,-0.02652,-0.00115,0.00000,0.00000,-0.117,-0.009,0
138.4660,-0.00539,-0.02649,-0.00115,0.00000,0.00000,-0.117,-0.009,0
138.5160,-0.00539,-0.02647,-0.00115,0.00000,0.00000,-0.116,-0.009,0
138.5660,-0.00539,-0.02646,-0.00115,0.00000,0.00000,-0.116,-0.009,0
138.6160,-0.00538,-0.02643,-0.00115,0.00000,0.00000,-0.116,-0.009,0
138.6660,-0.00538,-0.02641,-0.00115,0.00000,0.00000,-0.116,-0.009,0
138.7160,-0.00537,-0.02637,-0.00115,0.00000,0.00000,-0.116,-0.009,0
138.7660,-0.00536,-0.02634,-0.00115,0.00000,0.00000,-0.116,-0.009,0
138.8160,-0.00535,-0.02630,-0.00115,0.00000,0.00000,-0.116,-0.009,0
138.8660,-0.00535,-0.02626,-0.00115,0.00000,0.00000,-0.115,-0.009,0
138.9160,-0.00534,-0.02622,-0.00115,0.00000,0.00000,-0.115,-0.009,0
138.9660,-0.00533,-0.02617,-0.00115,0.00000,0.00000,-0.115,-0.009,0
139.0160,-0.00532,-0.02613,-0.00115,0.00000,0.00000,-0.115,-0.009,0
139.0660,-0.00531,-0.02607,-0.00115,0.00000,0.00000,-0.114,-0.009,0
139.1160,-0.00529,-0.02601,-0.00115,0.00000,0.00000,-0.114,-0.009,0
139.1660,-0.00528,-0.02594,-0.00115,0.00000,0.00000,-0.114,-0.009,0
139.2160,-0.00527,-0.02589,-0.00115,0.00000,0.00000,-0.114,-0.009,0
139.2660,-0.00526,-0.02585,-0.00115,0.00000,0.00000,-0.113,-0.009,0
139.3160,-0.00526,-0.02582,-0.00115,0.00000,0.00000,-0.113,-0.009,0
139.3660,-0.00526,-0.02581,-0.00115,0.00000,0.00000,-0.113,-0.009,0
139.4160,-0.00526,-0.02580,-0.00115,0.00000,0.00000,-0.113,-0.009,0
139.4660,-0.00526,-0.02580,-0.00115,0.00000,0.00000,-0.113,-0.009,0
139.5160,-0.00526,-0.02580,-0.00115,0.00000,0.00000,-0.113,-0.009,0
139.5660,-0.00526,-0.02581,-0.00115,0.00000,0.00000,-0.113,-0.009,0
139.6160,-0.00527,-0.02581,-0.00115,0.00000,0.00000,-0.113,-0.009,0
139.6660,-0.00527,-0.02581,-0.00115,0.00000,0.00000,-0.113,-0.009,0
139.7160,-0.00527,-0.02581,-0.00115,0.00000,0.00000,-0.113,-0.009,0
139.7660,-0.00527,-0.02580,-0.00115,0.00000,0.00000,-0.113,-0.009,0
139.8160,-0.00527,-0.02581,-0.00115,0.00000,0.00000,-0.113,-0.009,0
139.8660,-0.00528,-0.02582,-0.00115,0.00000,0.00000,-0.113,-0.009,0
139.9160,-0.00528,-0.02584,-0.00115,0.00000,0.00000,-0.113,-0.009,0
139.9660,-0.00528,-0.02584,-0.00115,0.00000,0.00000,-0.113,-0.009,0
140.0160,-0.00529,-0.02585,-0.00115,0.00000,0.00000,-0.113,-0.009,0
140.0660,-0.00529,-0.02585,-0.00115,0.00000,0.00000,-0.113,-0.009,0
140.1160,-0.00529,-0.02585,-0.00115,0.00000,0.00000,-0.112,-0.009,0
140.1660,-0.00528,-0.02583,-0.00115,0.00000,0.00000,-0.112,-0.009,0
140.2160,-0.00528,-0.02581,-0.00115,0.00000,0.00000,-0.112,-0.009,0
140.2660,-0.00527,-0.02579,-0.00115,0.00000,0.00000,-0.112,-0.009,0
140.3160,-0.00527,-0.02576,-0.00115,0.00000,0.00000,-0.112,-0.009,0
140.3660,-0.00526,-0.02572,-0.00115,0.00000,0.00000,-0.112,-0.009,0
140.4160,-0.00525,-0.02569,-0.00115,0.00000,0.00000,-0.112,-0.009,0
140.4660,-0.00525,-0.02566,-0.00115,0.00000,0.00000,-0.111,-0.009,0
140.5160,-0.00524,-0.02565,-0.00115,0.00000,0.00000,-0.111,-0.009,0
140.5660,-0.00525,-0.02566,-0.00115,0.00000,0.00000,-0.111,-0.009,0
140.6160,-0.00525,-0.02568,-0.00115,0.00000,0.00000,-0.111,-0.009,0
140.6660,-0.00526,-0.02570,-0.00115,0.00000,0.00000,-0.111,-0.009,0
140.7160,-0.00526,-0.02571,-0.00115,0.00000,0.00000,-0.111,-0.009,0
140.7660,-0.00526,-0.02572,-0.00115,0.00000,0.00000,-0.111,-0.009,0
140.8160,-0.00526,-0.02573,-0.00115,0.00000,0.00000,-0.112,-0.009,0
140.8660,-0.00527,-0.02574,-0.00115,0.00000,0.00000,-0.112,-0.009,0
140.9160,-0.00528,-0.02577,-0.00115,0.00000,0.00000,-0.112,-0.009,0
140.9660,-0.00528,-0.02579,-0.00115,0.00000,0.00000,-0.112,-0.009,0
141.0160,-0.00529,-0.02582,-0.00115,0.00000,0.00000,-0.112,-0.009,0
141.0660,-0.00530,-0.02586,-0.00115,0.00000,0.00000,-0.112,-0.009,0
141.1160,-0.00530,-0.02589,-0.00115,0.00000,0.00000,-0.112,-0.009,0
141.1660,-0.00531,-0.02592,-0.00115,0.00000,0.00000,-0.112,-0.009,0
141.2160,-0.00532,-0.02595,-0.00115,0.00000,0.00000,-0.112,-0.009,0
141.2660,-0.00532,-0.02596,-0.00115,0.00000,0.00000,-0.112,-0.009,0
141.3160,-0.00532,-0.02597,-0.00115,0.00000,0.00000,-0.112,-0.009,0
141.3660,-0.00532,-0.02597,-0.00115,0.00000,0.00000,-0.112,-0.009,0
141.4160,-0.00532,-0.02596,-0.00115,0.00000,0.00000,-0.112,-0.009,0
141.4660,-0.00531,-0.02595,-0.00115,0.00000,0.00000,-0.112,-0.009,0
141.5160,-0.00531,-0.02595,-0.00115,0.00000,0.00000,-0.112,-0.009,0
141.5660,-0.00531,-0.02596,-0.00115,0.00000,0.00000,-0.112,-0.009,0
141.6160,-0.00531,-0.02596,-0.00115,0.00000,0.00000,-0.112,-0.009,0
141.6660,-0.00531,-0.02596,-0.00115,0.00000,0.00000,-0.112,-0.009,0
141.7160,-0.00531,-0.02596,-0.00115,0.00000,0.00000,-0.112,-0.009,0
141.7660,-0.00531,-0.02595,-0.00115,0.00000,0.00000,-0.112,-0.009,0
141.8160,-0.00531,-0.02594,-0.00115,0.00000,0.00000,-0.112,-0.009,0
141.8660,-0.00530,-0.02592,-0.00115,0.00000,0.00000,-0.112,-0.009,0
141.9160,-0.00530,-0.02592,-0.00115,0.00000,0.00000,-0.112,-0.009,0
141.9660,-0.00530,-0.02591,-0.00115,0.00000,0.00000,-0.112,-0.009,0
142.0160,-0.00529,-0.02590,-0.00115,0.00000,0.00000,-0.112,-0.009,0
142.0660,-0.00529,-0.02589,-0.00115,0.00000,0.00000,-0.112,-0.009,0
142.1160,-0.00529,-0.02588,-0.00115,0.00000,0.00000,-0.112,-0.009,0
142.1660,-0.00529,-0.02587,-0.00115,0.00000,0.00000,-0.112,-0.009,0
142.2160,-0.00528,-0.02585,-0.00115,0.00000,0.00000,-0.112,-0.009,0
142.2660,-0.00528,-0.02583,-0.00115,0.00000,0.00000,-0.112,-0.009,0
142.3160,-0.00527,-0.02581,-0.00115,0.00000,0.00000,-0.112,-0.009,0
142.3660,-0.00527,-0.02580,-0.00115,0.00000,0.00000,-0.112,-0.009,0
142.4160,-0.00527,-0.02578,-0.00115,0.00000,0.00000,-0.112,-0.009,0
142.4660,-0.00527,-0.02577,-0.00115,0.00000,0.00000,-0.112,-0.009,0
142.5160,-0.00526,-0.02576,-0.00115,0.00000,0.00000,-0.112,-0.009,0
142.5660,-0.00526,-0.02575,-0.00115,0.00000,0.00000,-0.111,-0.009,0
142.6160,-0.00526,-0.02573,-0.00115,0.00000,0.00000,-0.111,-0.009,0
142.6660,-0.00525,-0.02572,-0.00115,0.00000,0.00000,-0.111,-0.009,0
142.7160,-0.00525,-0.02571,-0.00115,0.00000,0.00000,-0.111,-0.009,0
142.7660,-0.00525,-0.02569,-0.00115,0.00000,0.00000,-0.111,-0.009,0
142.8160,-0.00524,-0.02566,-0.00115,0.00000,0.00000,-0.111,-0.009,0
142.8660,-0.00524,-0.02563,-0.00115,0.00000,0.00000,-0.111,-0.009,0
142.9160,-0.00523,-0.02560,-0.00115,0.00000,0.00000,-0.111,-0.009,0
142.9660,-0.00523,-0.02558,-0.00115,0.00000,0.00000,-0.111,-0.009,0
143.0160,-0.00522,-0.02556,-0.00115,0.00000,0.00000,-0.111,-0.009,0
143.0660,-0.00522,-0.02554,-0.00115,0.00000,0.00000,-0.111,-0.009,0
143.1160,-0.00522,-0.02553,-0.00115,0.00000,0.00000,-0.110,-0.009,0
143.1660,-0.00521,-0.02550,-0.00115,0.00000,0.00000,-0.110,-0.009,0
143.2160,-0.00521,-0.02548,-0.00115,0.00000,0.00000,-0.110,-0.009,0
143.2660,-0.00520,-0.02547,-0.00115,0.00000,0.00000,-0.110,-0.009,0
143.3160,-0.00520,-0.02544,-0.00115,0.00000,0.00000,-0.110,-0.009,0
143.3660,-0.00519,-0.02541,-0.00115,0.00000,0.00000,-0.110,-0.009,0
143.4160,-0.00519,-0.02538,-0.00115,0.00000,0.00000,-0.110,-0.009,0
143.4660,-0.00518,-0.02535,-0.00115,0.00000,0.00000,-0.110,-0.009,0
143.5160,-0.00518,-0.02533,-0.00115,0.00000,0.00000,-0.109,-0.009,0
143.5660,-0.00518,-0.02532,-0.00115,0.00000,0.00000,-0.109,-0.009,0
143.6160,-0.00517,-0.02530,-0.00115,0.00000,0.00000,-0.109,-0.009,0
143.6660,-0.00517,-0.02530,-0.00115,0.00000,0.00000,-0.109,-0.009,0
143.7160,-0.00518,-0.02530,-0.00115,0.00000,0.00000,-0.109,-0.009,0
143.7660,-0.00517,-0.02529,-0.00115,0.00000,0.00000,-0.109,-0.009,0
143.8160,-0.00517,-0.02528,-0.00115,0.00000,0.00000,-0.109,-0.009,0
143.8660,-0.00517,-0.02525,-0.00115,0.00000,0.00000,-0.109,-0.009,0
143.9160,-0.00516,-0.02523,-0.00115,0.00000,0.00000,-0.109,-0.009,0
143.9660,-0.00516,-0.02519,-0.00115,0.00000,0.00000,-0.109,-0.009,0
144.0160,-0.00515,-0.02517,-0.00115,0.00000,0.00000,-0.108,-0.009,0
144.0660,-0.00515,-0.02515,-0.00115,0.00000,0.00000,-0.108,-0.009,0
144.1160,-0.00514,-0.02513,-0.00115,0.00000,0.00000,-0.108,-0.009,0
144.1660,-0.00514,-0.02512,-0.00115,0.00000,0.00000,-0.108,-0.009,0
144.2160,-0.00515,-0.02513,-0.00115,0.00000,0.00000,-0.108,-0.009,0
144.2660,-0.00515,-0.02515,-0.00115,0.00000,0.00000,-0.108,-0.009,0
144.3160,-0.00516,-0.02516,-0.00115,0.00000,0.00000,-0.108,-0.009,0
144.3660,-0.00516,-0.02518,-0.00115,0.00000,0.00000,-0.108,-0.009,0
144.4160,-0.00517,-0.02520,-0.00115,0.00000,0.00000,-0.108,-0.009,0
144.4660,-0.00517,-0.02522,-0.00115,0.00000,0.00000,-0.108,-0.009,0
144.5160,-0.00517,-0.02523,-0.00115,0.00000,0.00000,-0.108,-0.009,0
144.5660,-0.00517,-0.02522,-0.00115,0.00000,0.00000,-0.108,-0.009,0
144.6160,-0.00518,-0.02523,-0.00115,0.00000,0.00000,-0.108,-0.009,0
144.6660,-0.00518,-0.02523,-0.00115,0.00000,0.00000,-0.108,-0.009,0
144.7160,-0.00517,-0.02522,-0.00115,0.00000,0.00000,-0.108,-0.009,0
144.7660,-0.00517,-0.02523,-0.00115,0.00000,0.00000,-0.108,-0.009,0
144.8160,-0.00518,-0.02524,-0.00115,0.00000,0.00000,-0.108,-0.009,0
144.8660,-0.00518,-0.02525,-0.00115,0.00000,0.00000,-0.108,-0.009,0
144.9160,-0.00518,-0.02525,-0.00115,0.00000,0.00000,-0.108,-0.009,0
144.9660,-0.00518,-0.02526,-0.00115,0.00000,0.00000,-0.108,-0.009,0
145.0160,-0.00518,-0.02526,-0.00115,0.00000,0.00000,-0.108,-0.009,0
145.0660,-0.00518,-0.02527,-0.00115,0.00000,0.00000,-0.108,-0.009,0
145.1160,-0.00518,-0.02527,-0.00115,0.00000,0.00000,-0.108,-0.009,0
145.1660,-0.00519,-0.02528,-0.00115,0.00000,0.00000,-0.108,-0.009,0
145.2160,-0.00519,-0.02528,-0.00115,0.00000,0.00000,-0.108,-0.009,0
145.2660,-0.00519,-0.02528,-0.00115,0.00000,0.00000,-0.108,-0.009,0
145.3160,-0.00519,-0.02530,-0.00115,0.00000,0.00000,-0.108,-0.009,0
145.3660,-0.00520,-0.02534,-0.00115,0.00000,0.00000,-0.109,-0.009,0
145.4160,-0.00521,-0.02540,-0.00115,0.00000,0.00000,-0.109,-0.009,0
145.4660,-0.00523,-0.02545,-0.00115,0.00000,0.00000,-0.109,-0.009,0
145.5160,-0.00524,-0.02550,-0.00115,0.00000,0.00000,-0.109,-0.009,0
145.5660,-0.00525,-0.02555,-0.00115,0.00000,0.00000,-0.109,-0.009,0
145.6160,-0.00526,-0.02559,-0.00115,0.00000,0.00000,-0.110,-0.009,0
145.6660,-0.00526,-0.02563,-0.00115,0.00000,0.00000,-0.110,-0.009,0
145.7160,-0.00527,-0.02566,-0.00115,0.00000,0.00000,-0.110,-0.009,0
145.7660,-0.00528,-0.02569,-0.00115,0.00000,0.00000,-0.110,-0.009,0
145.8160,-0.00528,-0.02571,-0.00115,0.00000,0.00000,-0.110,-0.009,0
145.8660,-0.00528,-0.02574,-0.00115,0.00000,0.00000,-0.110,-0.009,0
145.9160,-0.00529,-0.02576,-0.00115,0.00000,0.00000,-0.110,-0.009,0
145.9660,-0.00529,-0.02577,-0.00115,0.00000,0.00000,-0.111,-0.009,0
146.0160,-0.00529,-0.02577,-0.00115,0.00000,0.00000,-0.111,-0.009,0
146.0660,-0.00529,-0.02578,-0.00115,0.00000,0.00000,-0.111,-0.009,0
146.1160,-0.00529,-0.02579,-0.00115,0.00000,0.00000,-0.111,-0.009,0
146.1660,-0.00529,-0.02580,-0.00115,0.00000,0.00000,-0.111,-0.009,0
146.2160,-0.00529,-0.02581,-0.00115,0.00000,0.00000,-0.111,-0.009,0
146.2660,-0.00529,-0.02582,-0.00115,0.00000,0.00000,-0.111,-0.009,0
146.3160,-0.00530,-0.02584,-0.00115,0.00000,0.00000,-0.111,-0.009,0
146.3660,-0.00530,-0.02586,-0.00115,0.00000,0.00000,-0.111,-0.009,0
146.4160,-0.00530,-0.02586,-0.00115,0.00000,0.00000,-0.111,-0.009,0
146.4660,-0.00530,-0.02586,-0.00115,0.00000,0.00000,-0.111,-0.009,0
146.5160,-0.00529,-0.02583,-0.00115,0.00000,0.00000,-0.111,-0.009,0
146.5660,-0.00528,-0.02580,-0.00115,0.00000,0.00000,-0.111,-0.009,0
146.6160,-0.00527,-0.02577,-0.00115,0.00000,0.00000,-0.111,-0.009,0
146.6660,-0.00527,-0.02575,-0.00115,0.00000,0.00000,-0.111,-0.009,0
146.7160,-0.00526,-0.02574,-0.00115,0.00000,0.00000,-0.111,-0.009,0
146.7660,-0.00526,-0.02574,-0.00115,0.00000,0.00000,-0.111,-0.009,0
146.8160,-0.00526,-0.02575,-0.00115,0.00000,0.00000,-0.111,-0.009,0
146.8660,-0.00527,-0.02576,-0.00115,0.00000,0.00000,-0.111,-0.009,0
146.9160,-0.00527,-0.02579,-0.00115,0.00000,0.00000,-0.111,-0.009,0
146.9660,-0.00528,-0.02582,-0.00115,0.00000,0.00000,-0.111,-0.009,0
147.0160,-0.00529,-0.02586,-0.00115,0.00000,0.00000,-0.111,-0.009,0
147.0660,-0.00530,-0.02590,-0.00115,0.00000,0.00000,-0.112,-0.009,0
147.1160,-0.00531,-0.02592,-0.00115,0.00000,0.00000,-0.112,-0.009,0
147.1660,-0.00531,-0.02594,-0.00115,0.00000,0.00000,-0.112,-0.009,0
147.2160,-0.00531,-0.02595,-0.00115,0.00000,0.00000,-0.112,-0.009,0
147.2660,-0.00531,-0.02597,-0.00115,0.00000,0.00000,-0.112,-0.009,0
147.3160,-0.00532,-0.02598,-0.00115,0.00000,0.00000,-0.112,-0.009,0
147.3660,-0.00532,-0.02598,-0.00115,0.00000,0.00000,-0.112,-0.009,0
147.4160,-0.00532,-0.02598,-0.00115,0.00000,0.00000,-0.112,-0.009,0
147.4660,-0.00532,-0.02599,-0.00115,0.00000,0.00000,-0.112,-0.009,0
147.5160,-0.00532,-0.02600,-0.00115,0.00000,0.00000,-0.112,-0.009,0
147.5660,-0.00532,-0.02600,-0.00115,0.00000,0.00000,-0.112,-0.009,0
147.6160,-0.00532,-0.02599,-0.00115,0.00000,0.00000,-0.112,-0.009,0
147.6660,-0.00531,-0.02598,-0.00115,0.00000,0.00000,-0.112,-0.009,0
147.7160,-0.00531,-0.02597,-0.00115,0.00000,0.00000,-0.112,-0.009,0
147.7660,-0.00531,-0.02596,-0.00115,0.00000,0.00000,-0.112,-0.009,0
147.8160,-0.00531,-0.02595,-0.00115,0.00000,0.00000,-0.112,-0.009,0
147.8660,-0.00530,-0.02594,-0.00115,0.00000,0.00000,-0.112,-0.009,0
147.9160,-0.00530,-0.02593,-0.00115,0.00000,0.00000,-0.112,-0.009,0
147.9660,-0.00530,-0.02593,-0.00115,0.00000,0.00000,-0.112,-0.009,0
148.0160,-0.00530,-0.02594,-0.00115,0.00000,0.00000,-0.112,-0.009,0
148.0660,-0.00531,-0.02596,-0.00115,0.00000,0.00000,-0.112,-0.009,0
148.1160,-0.00531,-0.02597,-0.00115,0.00000,0.00000,-0.112,-0.009,0
148.1660,-0.00531,-0.02598,-0.00115,0.00000,0.00000,-0.112,-0.009,0
148.2160,-0.00532,-0.02600,-0.00115,0.00000,0.00000,-0.112,-0.009,0
148.2660,-0.00532,-0.02603,-0.00115,0.00000,0.00000,-0.112,-0.009,0
148.3160,-0.00533,-0.02605,-0.00115,0.00000,0.00000,-0.113,-0.009,0
148.3660,-0.00533,-0.02606,-0.00115,0.00000,0.00000,-0.113,-0.009,0
148.4160,-0.00533,-0.02607,-0.00115,0.00000,0.00000,-0.113,-0.009,0
148.4660,-0.00533,-0.02607,-0.00115,0.00000,0.00000,-0.113,-0.009,0
148.5160,-0.00533,-0.02608,-0.00115,0.00000,0.00000,-0.113,-0.009,0
148.5660,-0.00533,-0.02608,-0.00115,0.00000,0.00000,-0.113,-0.009,0
148.6160,-0.00533,-0.02608,-0.00115,0.00000,0.00000,-0.113,-0.009,0
148.6660,-0.00533,-0.02609,-0.00115,0.00000,0.00000,-0.113,-0.009,0
148.7160,-0.00533,-0.02608,-0.00115,0.00000,0.00000,-0.113,-0.009,0
148.7660,-0.00533,-0.02608,-0.00115,0.00000,0.00000,-0.113,-0.009,0
148.8160,-0.00533,-0.02607,-0.00115,0.00000,0.00000,-0.113,-0.009,0
148.8660,-0.00533,-0.02607,-0.00115,0.00000,0.00000,-0.113,-0.009,0
148.9160,-0.00533,-0.02606,-0.00115,0.00000,0.00000,-0.113,-0.009,0
148.9660,-0.00533,-0.02606,-0.00115,0.00000,0.00000,-0.113,-0.009,0
149.0160,-0.00532,-0.02605,-0.00115,0.00000,0.00000,-0.113,-0.009,0
149.0660,-0.00532,-0.02605,-0.00115,0.00000,0.00000,-0.113,-0.009,0
149.1160,-0.00532,-0.02604,-0.00115,0.00000,0.00000,-0.113,-0.009,0
149.1660,-0.00532,-0.02605,-0.00115,0.00000,0.00000,-0.113,-0.009,0
149.2160,-0.00532,-0.02605,-0.00115,0.00000,0.00000,-0.113,-0.009,0
149.2660,-0.00532,-0.02605,-0.00115,0.00000,0.00000,-0.113,-0.009,0
149.3160,-0.00532,-0.02605,-0.00115,0.00000,0.00000,-0.113,-0.009,0
149.3660,-0.00532,-0.02603,-0.00115,0.00000,0.00000,-0.113,-0.009,0
149.4160,-0.00531,-0.02601,-0.00115,0.00000,0.00000,-0.113,-0.009,0
149.4660,-0.00531,-0.02598,-0.00115,0.00000,0.00000,-0.113,-0.009,0
149.5160,-0.00530,-0.02594,-0.00115,0.00000,0.00000,-0.112,-0.009,0
149.5660,-0.00529,-0.02590,-0.00115,0.00000,0.00000,-0.112,-0.009,0
149.6160,-0.00528,-0.02587,-0.00115,0.00000,0.00000,-0.112,-0.009,0
149.6660,-0.00528,-0.02585,-0.00115,0.00000,0.00000,-0.112,-0.009,0
149.7160,-0.00527,-0.02582,-0.00115,0.00000,0.00000,-0.112,-0.009,0
149.7660,-0.00527,-0.02580,-0.00115,0.00000,0.00000,-0.112,-0.009,0
149.8160,-0.00526,-0.02578,-0.00115,0.00000,0.00000,-0.112,-0.009,0
149.8660,-0.00526,-0.02575,-0.00115,0.00000,0.00000,-0.112,-0.009,0
149.9160,-0.00525,-0.02572,-0.00115,0.00000,0.00000,-0.111,-0.009,0
149.9660,-0.00525,-0.02570,-0.00115,0.00000,0.00000,-0.111,-0.009,0
150.0160,-0.00524,-0.02568,-0.00115,0.00000,0.00000,-0.111,-0.009,0
150.0660,-0.00524,-0.02566,-0.00115,0.00000,0.00000,-0.111,-0.009,0
150.1160,-0.00523,-0.02564,-0.00115,0.00000,0.00000,-0.111,-0.009,0
150.1660,-0.00523,-0.02562,-0.00115,0.00000,0.00000,-0.111,-0.009,0
150.2160,-0.00523,-0.02560,-0.00115,0.00000,0.00000,-0.111,-0.009,0
150.2660,-0.00523,-0.02559,-0.00115,0.00000,0.00000,-0.111,-0.009,0
150.3160,-0.00522,-0.02557,-0.00115,0.00000,0.00000,-0.111,-0.009,0
150.3660,-0.00522,-0.02555,-0.00115,0.00000,0.00000,-0.111,-0.009,0
150.4160,-0.00522,-0.02553,-0.00115,0.00000,0.00000,-0.111,-0.009,0
150.4660,-0.00521,-0.02552,-0.00115,0.00000,0.00000,-0.110,-0.009,0
150.5160,-0.00521,-0.02551,-0.00115,0.00000,0.00000,-0.110,-0.009,0
150.5660,-0.00521,-0.02551,-0.00115,0.00000,0.00000,-0.110,-0.009,0
150.6160,-0.00522,-0.02551,-0.00115,0.00000,0.00000,-0.110,-0.009,0
150.6660,-0.00522,-0.02552,-0.00115,0.00000,0.00000,-0.110,-0.009,0
150.7160,-0.00522,-0.02553,-0.00115,0.00000,0.00000,-0.110,-0.009,0
150.7660,-0.00523,-0.02555,-0.00115,0.00000,0.00000,-0.110,-0.009,0
150.8160,-0.00523,-0.02557,-0.00115,0.00000,0.00000,-0.110,-0.009,0
150.8660,-0.00524,-0.02560,-0.00115,0.00000,0.00000,-0.111,-0.009,0
150.9160,-0.00525,-0.02562,-0.00115,0.00000,0.00000,-0.111,-0.009,0
150.9660,-0.00525,-0.02564,-0.00115,0.00000,0.00000,-0.111,-0.009,0
151.0160,-0.00525,-0.02564,-0.00115,0.00000,0.00000,-0.111,-0.009,0
151.0660,-0.00525,-0.02561,-0.00115,0.00000,0.00000,-0.111,-0.009,0
151.1160,-0.00524,-0.02558,-0.00115,0.00000,0.00000,-0.111,-0.009,0
151.1660,-0.00523,-0.02554,-0.00115,0.00000,0.00000,-0.110,-0.009,0
151.2160,-0.00522,-0.02551,-0.00115,0.00000,0.00000,-0.110,-0.009,0
151.2660,-0.00521,-0.02547,-0.00115,0.00000,0.00000,-0.110,-0.009,0
151.3160,-0.00520,-0.02543,-0.00115,0.00000,0.00000,-0.110,-0.009,0
151.3660,-0.00519,-0.02539,-0.00115,0.00000,0.00000,-0.110,-0.009,0
151.4160,-0.00519,-0.02536,-0.00115,0.00000,0.00000,-0.109,-0.009,0
151.4660,-0.00518,-0.02534,-0.00115,0.00000,0.00000,-0.109,-0.009,0
151.5160,-0.00518,-0.02532,-0.00115,0.00000,0.00000,-0.109,-0.009,0
151.5660,-0.00518,-0.02531,-0.00115,0.00000,0.00000,-0.109,-0.009,0
151.6160,-0.00518,-0.02531,-0.00115,0.00000,0.00000,-0.109,-0.009,0
151.6660,-0.00518,-0.02531,-0.00115,0.00000,0.00000,-0.109,-0.009,0
151.7160,-0.00518,-0.02531,-0.00115,0.00000,0.00000,-0.109,-0.009,0
151.7660,-0.00518,-0.02532,-0.00115,0.00000,0.00000,-0.109,-0.009,0
151.8160,-0.00518,-0.02531,-0.00115,0.00000,0.00000,-0.109,-0.009,0
151.8660,-0.00518,-0.02531,-0.00115,0.00000,0.00000,-0.109,-0.009,0
151.9160,-0.00518,-0.02530,-0.00115,0.00000,0.00000,-0.109,-0.009,0
151.9660,-0.00518,-0.02531,-0.00115,0.00000,0.00000,-0.109,-0.009,0
152.0160,-0.00518,-0.02532,-0.00115,0.00000,0.00000,-0.109,-0.009,0
152.0660,-0.00519,-0.02533,-0.00115,0.00000,0.00000,-0.109,-0.009,0
152.1160,-0.00519,-0.02535,-0.00115,0.00000,0.00000,-0.109,-0.009,0
152.1660,-0.00519,-0.02535,-0.00115,0.00000,0.00000,-0.109,-0.009,0
152.2160,-0.00520,-0.02536,-0.00115,0.00000,0.00000,-0.109,-0.009,0
152.2660,-0.00520,-0.02537,-0.00115,0.00000,0.00000,-0.109,-0.009,0
152.3160,-0.00521,-0.02539,-0.00115,0.00000,0.00000,-0.109,-0.009,0
152.3660,-0.00521,-0.02542,-0.00115,0.00000,0.00000,-0.109,-0.009,0
152.4160,-0.00521,-0.02543,-0.00115,0.00000,0.00000,-0.109,-0.009,0
152.4660,-0.00522,-0.02545,-0.00115,0.00000,0.00000,-0.109,-0.009,0
152.5160,-0.00522,-0.02546,-0.00115,0.00000,0.00000,-0.109,-0.009,0
152.5660,-0.00522,-0.02547,-0.00115,0.00000,0.00000,-0.109,-0.009,0
152.6160,-0.00523,-0.02548,-0.00115,0.00000,0.00000,-0.109,-0.009,0
152.6660,-0.00523,-0.02549,-0.00115,0.00000,0.00000,-0.110,-0.009,0
152.7160,-0.00523,-0.02549,-0.00115,0.00000,0.00000,-0.110,-0.009,0
152.7660,-0.00522,-0.02548,-0.00115,0.00000,0.00000,-0.110,-0.009,0
152.8160,-0.00522,-0.02547,-0.00115,0.00000,0.00000,-0.109,-0.009,0
152.8660,-0.00522,-0.02545,-0.00115,0.00000,0.00000,-0.109,-0.009,0
152.9160,-0.00521,-0.02543,-0.00115,0.00000,0.00000,-0.109,-0.009,0
152.9660,-0.00520,-0.02540,-0.00115,0.00000,0.00000,-0.109,-0.009,0
153.0160,-0.00520,-0.02537,-0.00115,0.00000,0.00000,-0.109,-0.009,0
153.0660,-0.00519,-0.02535,-0.00115,0.00000,0.00000,-0.109,-0.009,0
153.1160,-0.00519,-0.02533,-0.00115,0.00000,0.00000,-0.109,-0.009,0
153.1660,-0.00518,-0.02532,-0.00115,0.00000,0.00000,-0.109,-0.009,0
153.2160,-0.00518,-0.02531,-0.00115,0.00000,0.00000,-0.109,-0.009,0
153.2660,-0.00518,-0.02529,-0.00115,0.00000,0.00000,-0.109,-0.009,0
153.3160,-0.00517,-0.02527,-0.00115,0.00000,0.00000,-0.109,-0.009,0
153.3660,-0.00517,-0.02526,-0.00115,0.00000,0.00000,-0.109,-0.009,0
153.4160,-0.00517,-0.02526,-0.00115,0.00000,0.00000,-0.108,-0.009,0
153.4660,-0.00517,-0.02525,-0.00115,0.00000,0.00000,-0.108,-0.009,0
153.5160,-0.00517,-0.02524,-0.00115,0.00000,0.00000,-0.108,-0.009,0
153.5660,-0.00517,-0.02523,-0.00115,0.00000,0.00000,-0.108,-0.009,0
153.6160,-0.00517,-0.02523,-0.00115,0.00000,0.00000,-0.108,-0.009,0
153.6660,-0.00516,-0.02522,-0.00115,0.00000,0.00000,-0.108,-0.009,0
153.7160,-0.00516,-0.02522,-0.00115,0.00000,0.00000,-0.108,-0.009,0
153.7660,-0.00516,-0.02521,-0.00115,0.00000,0.00000,-0.108,-0.009,0
153.8160,-0.00516,-0.02521,-0.00115,0.00000,0.00000,-0.108,-0.009,0
153.8660,-0.00516,-0.02520,-0.00115,0.00000,0.00000,-0.108,-0.009,0
153.9160,-0.00516,-0.02519,-0.00115,0.00000,0.00000,-0.108,-0.009,0
153.9660,-0.00516,-0.02520,-0.00115,0.00000,0.00000,-0.108,-0.009,0
154.0160,-0.00516,-0.02520,-0.00115,0.00000,0.00000,-0.108,-0.009,0
154.0660,-0.00517,-0.02521,-0.00115,0.00000,0.00000,-0.108,-0.009,0
154.1160,-0.00517,-0.02521,-0.00115,0.00000,0.00000,-0.108,-0.009,0
154.1660,-0.00517,-0.02522,-0.00115,0.00000,0.00000,-0.108,-0.009,0
154.2160,-0.00517,-0.02522,-0.00115,0.00000,0.00000,-0.108,-0.009,0
154.2660,-0.00516,-0.02520,-0.00115,0.00000,0.00000,-0.108,-0.009,0
154.3160,-0.00516,-0.02518,-0.00115,0.00000,0.00000,-0.108,-0.009,0
154.3660,-0.00516,-0.02517,-0.00115,0.00000,0.00000,-0.108,-0.009,0
154.4160,-0.00516,-0.02516,-0.00115,0.00000,0.00000,-0.108,-0.009,0
154.4660,-0.00516,-0.02516,-0.00115,0.00000,0.00000,-0.108,-0.009,0
154.5160,-0.00516,-0.02515,-0.00115,0.00000,0.00000,-0.108,-0.009,0
154.5660,-0.00515,-0.02514,-0.00115,0.00000,0.00000,-0.108,-0.009,0
154.6160,-0.00515,-0.02511,-0.00115,0.00000,0.00000,-0.108,-0.009,0
154.6660,-0.00514,-0.02509,-0.00115,0.00000,0.00000,-0.108,-0.009,0
154.7160,-0.00514,-0.02508,-0.00115,0.00000,0.00000,-0.107,-0.009,0
154.7660,-0.00514,-0.02507,-0.00115,0.00000,0.00000,-0.107,-0.009,0
154.8160,-0.00514,-0.02506,-0.00115,0.00000,0.00000,-0.107,-0.009,0
154.8660,-0.00514,-0.02506,-0.00115,0.00000,0.00000,-0.107,-0.009,0
154.9160,-0.00514,-0.02507,-0.00115,0.00000,0.00000,-0.107,-0.009,0
154.9660,-0.00514,-0.02507,-0.00115,0.00000,0.00000,-0.107,-0.009,0
155.0160,-0.00514,-0.02507,-0.00115,0.00000,0.00000,-0.107,-0.009,0
155.0660,-0.00514,-0.02507,-0.00115,0.00000,0.00000,-0.107,-0.009,0
155.1160,-0.00515,-0.02509,-0.00115,0.00000,0.00000,-0.107,-0.009,0
155.1660,-0.00515,-0.02511,-0.00115,0.00000,0.00000,-0.107,-0.009,0
155.2160,-0.00515,-0.02511,-0.00115,0.00000,0.00000,-0.107,-0.009,0
155.2660,-0.00515,-0.02511,-0.00115,0.00000,0.00000,-0.107,-0.009,0
155.3160,-0.00515,-0.02510,-0.00115,0.00000,0.00000,-0.107,-0.009,0
155.3660,-0.00515,-0.02510,-0.00115,0.00000,0.00000,-0.107,-0.009,0
155.4160,-0.00515,-0.02510,-0.00115,0.00000,0.00000,-0.107,-0.009,0
155.4660,-0.00515,-0.02510,-0.00115,0.00000,0.00000,-0.107,-0.009,0
155.5160,-0.00515,-0.02512,-0.00115,0.00000,0.00000,-0.107,-0.009,0
155.5660,-0.00516,-0.02513,-0.00115,0.00000,0.00000,-0.107,-0.009,0
155.6160,-0.00516,-0.02514,-0.00115,0.00000,0.00000,-0.108,-0.009,0
155.6660,-0.00516,-0.02514,-0.00115,0.00000,0.00000,-0.108,-0.009,0
155.7160,-0.00516,-0.02514,-0.00115,0.00000,0.00000,-0.108,-0.009,0
155.7660,-0.00516,-0.02514,-0.00115,0.00000,0.00000,-0.108,-0.009,0
155.8160,-0.00516,-0.02515,-0.00115,0.00000,0.00000,-0.108,-0.009,0
155.8660,-0.00516,-0.02515,-0.00115,0.00000,0.00000,-0.108,-0.009,0
155.9160,-0.00516,-0.02514,-0.00115,0.00000,0.00000,-0.108,-0.009,0
155.9660,-0.00516,-0.02515,-0.00115,0.00000,0.00000,-0.108,-0.009,0
156.0160,-0.00516,-0.02516,-0.00115,0.00000,0.00000,-0.108,-0.009,0
156.0660,-0.00516,-0.02517,-0.00115,0.00000,0.00000,-0.108,-0.009,0
156.1160,-0.00517,-0.02518,-0.00115,0.00000,0.00000,-0.108,-0.009,0
156.1660,-0.00517,-0.02518,-0.00115,0.00000,0.00000,-0.108,-0.009,0
156.2160,-0.00517,-0.02518,-0.00115,0.00000,0.00000,-0.108,-0.009,0
156.2660,-0.00517,-0.02519,-0.00115,0.00000,0.00000,-0.108,-0.009,0
156.3160,-0.00517,-0.02521,-0.00115,0.00000,0.00000,-0.108,-0.009,0
156.3660,-0.00518,-0.02523,-0.00115,0.00000,0.00000,-0.108,-0.009,0
156.4160,-0.00518,-0.02525,-0.00115,0.00000,0.00000,-0.108,-0.009,0
156.4660,-0.00519,-0.02527,-0.00115,0.00000,0.00000,-0.108,-0.009,0
156.5160,-0.00519,-0.02528,-0.00115,0.00000,0.00000,-0.108,-0.009,0
156.5660,-0.00519,-0.02529,-0.00115,0.00000,0.00000,-0.108,-0.009,0
156.6160,-0.00519,-0.02530,-0.00115,0.00000,0.00000,-0.108,-0.009,0
156.6660,-0.00519,-0.02531,-0.00115,0.00000,0.00000,-0.108,-0.009,0
156.7160,-0.00519,-0.02531,-0.00115,0.00000,0.00000,-0.108,-0.009,0
156.7660,-0.00519,-0.02531,-0.00115,0.00000,0.00000,-0.108,-0.009,0
156.8160,-0.00519,-0.02530,-0.00115,0.00000,0.00000,-0.108,-0.009,0
156.8660,-0.00519,-0.02530,-0.00115,0.00000,0.00000,-0.108,-0.009,0
156.9160,-0.00519,-0.02530,-0.00115,0.00000,0.00000,-0.108,-0.009,0
156.9660,-0.00519,-0.02531,-0.00115,0.00000,0.00000,-0.108,-0.009,0
157.0160,-0.00520,-0.02533,-0.00115,0.00000,0.00000,-0.108,-0.009,0
157.0660,-0.00520,-0.02536,-0.00115,0.00000,0.00000,-0.109,-0.009,0
157.1160,-0.00521,-0.02538,-0.00115,0.00000,0.00000,-0.109,-0.009,0
157.1660,-0.00521,-0.02539,-0.00115,0.00000,0.00000,-0.109,-0.009,0
157.2160,-0.00521,-0.02540,-0.00115,0.00000,0.00000,-0.109,-0.009,0
157.2660,-0.00521,-0.02539,-0.00115,0.00000,0.00000,-0.109,-0.009,0
157.3160,-0.00520,-0.02538,-0.00115,0.00000,0.00000,-0.109,-0.009,0
157.3660,-0.00520,-0.02539,-0.00115,0.00000,0.00000,-0.109,-0.009,0
157.4160,-0.00520,-0.02538,-0.00115,0.00000,0.00000,-0.109,-0.009,0
157.4660,-0.00520,-0.02537,-0.00115,0.00000,0.00000,-0.109,-0.009,0
157.5160,-0.00520,-0.02536,-0.00115,0.00000,0.00000,-0.109,-0.009,0
157.5660,-0.00520,-0.02537,-0.00115,0.00000,0.00000,-0.109,-0.009,0
157.6160,-0.00520,-0.02536,-0.00115,0.00000,0.00000,-0.109,-0.009,0
157.6660,-0.00520,-0.02536,-0.00115,0.00000,0.00000,-0.109,-0.009,0
157.7160,-0.00520,-0.02536,-0.00115,0.00000,0.00000,-0.109,-0.009,0
157.7660,-0.00520,-0.02536,-0.00115,0.00000,0.00000,-0.109,-0.009,0
157.8160,-0.00520,-0.02536,-0.00115,0.00000,0.00000,-0.109,-0.009,0
157.8660,-0.00520,-0.02536,-0.00115,0.00000,0.00000,-0.109,-0.009,0
157.9160,-0.00520,-0.02536,-0.00115,0.00000,0.00000,-0.109,-0.009,0
157.9660,-0.00519,-0.02536,-0.00115,0.00000,0.00000,-0.109,-0.009,0
158.0160,-0.00520,-0.02537,-0.00115,0.00000,0.00000,-0.109,-0.009,0
158.0660,-0.00520,-0.02538,-0.00115,0.00000,0.00000,-0.109,-0.009,0
158.1160,-0.00520,-0.02539,-0.00115,0.00000,0.00000,-0.109,-0.009,0
158.1660,-0.00520,-0.02539,-0.00115,0.00000,0.00000,-0.109,-0.009,0
158.2160,-0.00521,-0.02540,-0.00115,0.00000,0.00000,-0.109,-0.009,0
158.2660,-0.00521,-0.02541,-0.00115,0.00000,0.00000,-0.109,-0.009,0
158.3160,-0.00521,-0.02542,-0.00115,0.00000,0.00000,-0.109,-0.009,0
158.3660,-0.00521,-0.02542,-0.00115,0.00000,0.00000,-0.109,-0.009,0
158.4160,-0.00521,-0.02543,-0.00115,0.00000,0.00000,-0.109,-0.009,0
158.4660,-0.00521,-0.02543,-0.00115,0.00000,0.00000,-0.109,-0.009,0
158.5160,-0.00521,-0.02542,-0.00115,0.00000,0.00000,-0.109,-0.009,0
158.5660,-0.00521,-0.02540,-0.00115,0.00000,0.00000,-0.109,-0.009,0
158.6160,-0.00521,-0.02542,-0.00115,0.00000,0.00000,-0.109,-0.009,0
158.6660,-0.00521,-0.02543,-0.00115,0.00000,0.00000,-0.109,-0.009,0
158.7160,-0.00521,-0.02543,-0.00115,0.00000,0.00000,-0.109,-0.009,0
158.7660,-0.00521,-0.02543,-0.00115,0.00000,0.00000,-0.109,-0.009,0
158.8160,-0.00521,-0.02544,-0.00115,0.00000,0.00000,-0.109,-0.009,0
158.8660,-0.00521,-0.02545,-0.00115,0.00000,0.00000,-0.109,-0.009,0
158.9160,-0.00522,-0.02546,-0.00115,0.00000,0.00000,-0.109,-0.009,0
158.9660,-0.00522,-0.02546,-0.00115,0.00000,0.00000,-0.109,-0.009,0
159.0160,-0.00522,-0.02549,-0.00115,0.00000,0.00000,-0.109,-0.009,0
159.0660,-0.00523,-0.02552,-0.00115,0.00000,0.00000,-0.109,-0.009,0
159.1160,-0.00524,-0.02555,-0.00115,0.00000,0.00000,-0.110,-0.009,0
159.1660,-0.00524,-0.02558,-0.00115,0.00000,0.00000,-0.110,-0.009,0
159.2160,-0.00525,-0.02559,-0.00115,0.00000,0.00000,-0.110,-0.009,0
159.2660,-0.00525,-0.02560,-0.00115,0.00000,0.00000,-0.110,-0.009,0
159.3160,-0.00525,-0.02561,-0.00115,0.00000,0.00000,-0.110,-0.009,0
159.3660,-0.00525,-0.02560,-0.00115,0.00000,0.00000,-0.110,-0.009,0
159.4160,-0.00525,-0.02560,-0.00115,0.00000,0.00000,-0.110,-0.009,0
159.4660,-0.00524,-0.02560,-0.00115,0.00000,0.00000,-0.110,-0.009,0
159.5160,-0.00524,-0.02557,-0.00115,0.00000,0.00000,-0.110,-0.009,0
159.5660,-0.00523,-0.02554,-0.00115,0.00000,0.00000,-0.110,-0.009,0
159.6160,-0.00522,-0.02551,-0.00115,0.00000,0.00000,-0.110,-0.009,0
159.6660,-0.00522,-0.02549,-0.00115,0.00000,0.00000,-0.109,-0.009,0
159.7160,-0.00522,-0.02548,-0.00115,0.00000,0.00000,-0.109,-0.009,0
159.7660,-0.00522,-0.02549,-0.00115,0.00000,0.00000,-0.109,-0.009,0
159.8160,-0.00522,-0.02549,-0.00115,0.00000,0.00000,-0.109,-0.009,0
159.8660,-0.00522,-0.02550,-0.00115,0.00000,0.00000,-0.110,-0.009,0
159.9160,-0.00522,-0.02551,-0.00115,0.00000,0.00000,-0.110,-0.009,0
159.9660,-0.00522,-0.02551,-0.00115,0.00000,0.00000,-0.110,-0.009,0
160.0160,-0.00522,-0.02551,-0.00115,0.00000,0.00000,-0.110,-0.009,0
160.0660,-0.00522,-0.02551,-0.00115,0.00000,0.00000,-0.110,-0.009,0
160.1160,-0.00522,-0.02551,-0.00115,0.00000,0.00000,-0.110,-0.009,0
160.1660,-0.00522,-0.02552,-0.00115,0.00000,0.00000,-0.110,-0.009,0
160.2160,-0.00522,-0.02552,-0.00115,0.00000,0.00000,-0.110,-0.009,0
160.2660,-0.00522,-0.02551,-0.00115,0.00000,0.00000,-0.110,-0.009,0
160.3160,-0.00522,-0.02550,-0.00115,0.00000,0.00000,-0.110,-0.009,0
160.3660,-0.00522,-0.02549,-0.00115,0.00000,0.00000,-0.110,-0.009,0
160.4160,-0.00521,-0.02546,-0.00115,0.00000,0.00000,-0.109,-0.009,0
160.4660,-0.00521,-0.02544,-0.00115,0.00000,0.00000,-0.109,-0.009,0
160.5160,-0.00520,-0.02542,-0.00115,0.00000,0.00000,-0.109,-0.009,0
160.5660,-0.00519,-0.02538,-0.00115,0.00000,0.00000,-0.109,-0.009,0
160.6160,-0.00518,-0.02534,-0.00115,0.00000,0.00000,-0.109,-0.009,0
160.6660,-0.00517,-0.02529,-0.00115,0.00000,0.00000,-0.109,-0.009,0
160.7160,-0.00517,-0.02527,-0.00115,0.00000,0.00000,-0.109,-0.009,0
160.7660,-0.00516,-0.02526,-0.00115,0.00000,0.00000,-0.109,-0.009,0
160.8160,-0.00517,-0.02526,-0.00115,0.00000,0.00000,-0.109,-0.009,0
160.8660,-0.00517,-0.02526,-0.00115,0.00000,0.00000,-0.109,-0.009,0
160.9160,-0.00517,-0.02526,-0.00115,0.00000,0.00000,-0.109,-0.009,0
160.9660,-0.00517,-0.02526,-0.00115,0.00000,0.00000,-0.109,-0.009,0
161.0160,-0.00517,-0.02526,-0.00115,0.00000,0.00000,-0.109,-0.009,0
161.0660,-0.00517,-0.02526,-0.00115,0.00000,0.00000,-0.109,-0.009,0
161.1160,-0.00517,-0.02527,-0.00115,0.00000,0.00000,-0.109,-0.009,0
161.1660,-0.00518,-0.02527,-0.00115,0.00000,0.00000,-0.109,-0.009,0
161.2160,-0.00518,-0.02529,-0.00115,0.00000,0.00000,-0.109,-0.009,0
161.2660,-0.00518,-0.02529,-0.00115,0.00000,0.00000,-0.109,-0.009,0
161.3160,-0.00518,-0.02529,-0.00115,0.00000,0.00000,-0.109,-0.009,0
161.3660,-0.00518,-0.02528,-0.00115,0.00000,0.00000,-0.109,-0.009,0
161.4160,-0.00518,-0.02528,-0.00115,0.00000,0.00000,-0.109,-0.009,0
161.4660,-0.00518,-0.02527,-0.00115,0.00000,0.00000,-0.108,-0.009,0
161.5160,-0.00518,-0.02527,-0.00115,0.00000,0.00000,-0.108,-0.009,0
161.5660,-0.00518,-0.02528,-0.00115,0.00000,0.00000,-0.108,-0.009,0
161.6160,-0.00518,-0.02527,-0.00115,0.00000,0.00000,-0.108,-0.009,0
161.6660,-0.00518,-0.02527,-0.00115,0.00000,0.00000,-0.108,-0.009,0
161.7160,-0.00518,-0.02527,-0.00115,0.00000,0.00000,-0.108,-0.009,0
161.7660,-0.00518,-0.02527,-0.00115,0.00000,0.00000,-0.108,-0.009,0
161.8160,-0.00518,-0.02525,-0.00115,0.00000,0.00000,-0.108,-0.009,0
161.8660,-0.00517,-0.02524,-0.00115,0.00000,0.00000,-0.108,-0.009,0
161.9160,-0.00517,-0.02524,-0.00115,0.00000,0.00000,-0.108,-0.009,0
161.9660,-0.00517,-0.02524,-0.00115,0.00000,0.00000,-0.108,-0.009,0
162.0160,-0.00517,-0.02523,-0.00115,0.00000,0.00000,-0.108,-0.009,0
162.0660,-0.00517,-0.02522,-0.00115,0.00000,0.00000,-0.108,-0.009,0
162.1160,-0.00517,-0.02522,-0.00115,0.00000,0.00000,-0.108,-0.009,0
162.1660,-0.00517,-0.02523,-0.00115,0.00000,0.00000,-0.108,-0.009,0
162.2160,-0.00517,-0.02524,-0.00115,0.00000,0.00000,-0.108,-0.009,0
162.2660,-0.00518,-0.02525,-0.00115,0.00000,0.00000,-0.108,-0.009,0
162.3160,-0.00518,-0.02526,-0.00115,0.00000,0.00000,-0.108,-0.009,0
162.3660,-0.00518,-0.02528,-0.00115,0.00000,0.00000,-0.108,-0.009,0
162.4160,-0.00519,-0.02530,-0.00115,0.00000,0.00000,-0.108,-0.009,0
162.4660,-0.00519,-0.02532,-0.00115,0.00000,0.00000,-0.109,-0.009,0
162.5160,-0.00520,-0.02534,-0.00115,0.00000,0.00000,-0.109,-0.009,0
162.5660,-0.00520,-0.02535,-0.00115,0.00000,0.00000,-0.109,-0.009,0
162.6160,-0.00520,-0.02535,-0.00115,0.00000,0.00000,-0.109,-0.009,0
162.6660,-0.00520,-0.02535,-0.00115,0.00000,0.00000,-0.109,-0.009,0
162.7160,-0.00520,-0.02534,-0.00115,0.00000,0.00000,-0.109,-0.009,0
162.7660,-0.00520,-0.02535,-0.00115,0.00000,0.00000,-0.109,-0.009,0
162.8160,-0.00520,-0.02536,-0.00115,0.00000,0.00000,-0.109,-0.009,0
162.8660,-0.00520,-0.02536,-0.00115,0.00000,0.00000,-0.109,-0.009,0
162.9160,-0.00520,-0.02535,-0.00115,0.00000,0.00000,-0.109,-0.009,0
162.9660,-0.00520,-0.02535,-0.00115,0.00000,0.00000,-0.109,-0.009,0
163.0160,-0.00519,-0.02533,-0.00115,0.00000,0.00000,-0.109,-0.009,0
163.0660,-0.00519,-0.02531,-0.00115,0.00000,0.00000,-0.109,-0.009,0
163.1160,-0.00518,-0.02529,-0.00115,0.00000,0.00000,-0.108,-0.009,0
163.1660,-0.00518,-0.02527,-0.00115,0.00000,0.00000,-0.108,-0.009,0
163.2160,-0.00518,-0.02527,-0.00115,0.00000,0.00000,-0.108,-0.009,0
163.2660,-0.00517,-0.02525,-0.00115,0.00000,0.00000,-0.108,-0.009,0
163.3160,-0.00517,-0.02525,-0.00115,0.00000,0.00000,-0.108,-0.009,0
163.3660,-0.00517,-0.02525,-0.00115,0.00000,0.00000,-0.108,-0.009,0
163.4160,-0.00517,-0.02525,-0.00115,0.00000,0.00000,-0.108,-0.009,0
163.4660,-0.00517,-0.02525,-0.00115,0.00000,0.00000,-0.108,-0.009,0
163.5160,-0.00517,-0.02525,-0.00115,0.00000,0.00000,-0.108,-0.009,0
163.5660,-0.00517,-0.02525,-0.00115,0.00000,0.00000,-0.108,-0.009,0
163.6160,-0.00518,-0.02526,-0.00115,0.00000,0.00000,-0.108,-0.009,0
163.6660,-0.00517,-0.02525,-0.00115,0.00000,0.00000,-0.108,-0.009,0
163.7160,-0.00517,-0.02524,-0.00115,0.00000,0.00000,-0.108,-0.009,0
163.7660,-0.00517,-0.02523,-0.00115,0.00000,0.00000,-0.108,-0.009,0
163.8160,-0.00517,-0.02522,-0.00115,0.00000,0.00000,-0.108,-0.009,0
163.8660,-0.00516,-0.02520,-0.00115,0.00000,0.00000,-0.108,-0.009,0
163.9160,-0.00516,-0.02519,-0.00115,0.00000,0.00000,-0.108,-0.009,0
163.9660,-0.00516,-0.02517,-0.00115,0.00000,0.00000,-0.108,-0.009,0
164.0160,-0.00516,-0.02516,-0.00115,0.00000,0.00000,-0.108,-0.009,0
164.0660,-0.00515,-0.02515,-0.00115,0.00000,0.00000,-0.108,-0.009,0
164.1160,-0.00515,-0.02513,-0.00115,0.00000,0.00000,-0.108,-0.009,0
164.1660,-0.00515,-0.02513,-0.00115,0.00000,0.00000,-0.108,-0.009,0
164.2160,-0.00515,-0.02511,-0.00115,0.00000,0.00000,-0.108,-0.009,0
164.2660,-0.00514,-0.02510,-0.00115,0.00000,0.00000,-0.108,-0.009,0
164.3160,-0.00514,-0.02507,-0.00115,0.00000,0.00000,-0.107,-0.009,0
164.3660,-0.00513,-0.02505,-0.00115,0.00000,0.00000,-0.107,-0.009,0
164.4160,-0.00512,-0.02501,-0.00115,0.00000,0.00000,-0.107,-0.009,0
164.4660,-0.00512,-0.02498,-0.00115,0.00000,0.00000,-0.107,-0.009,0
164.5160,-0.00511,-0.02495,-0.00115,0.00000,0.00000,-0.107,-0.009,0
164.5660,-0.00510,-0.02492,-0.00115,0.00000,0.00000,-0.107,-0.009,0
164.6160,-0.00510,-0.02491,-0.00115,0.00000,0.00000,-0.107,-0.009,0
164.6660,-0.00510,-0.02490,-0.00115,0.00000,0.00000,-0.107,-0.009,0
164.7160,-0.00510,-0.02489,-0.00115,0.00000,0.00000,-0.107,-0.009,0
164.7660,-0.00510,-0.02487,-0.00115,0.00000,0.00000,-0.106,-0.009,0
164.8160,-0.00509,-0.02484,-0.00115,0.00000,0.00000,-0.106,-0.009,0
164.8660,-0.00508,-0.02481,-0.00115,0.00000,0.00000,-0.106,-0.009,0
164.9160,-0.00508,-0.02478,-0.00115,0.00000,0.00000,-0.106,-0.009,0
164.9660,-0.00507,-0.02477,-0.00115,0.00000,0.00000,-0.106,-0.009,0
165.0160,-0.00507,-0.02476,-0.00115,0.00000,0.00000,-0.106,-0.009,0
165.0660,-0.00507,-0.02474,-0.00115,0.00000,0.00000,-0.106,-0.009,0
165.1160,-0.00507,-0.02474,-0.00115,0.00000,0.00000,-0.106,-0.009,0
165.1660,-0.00507,-0.02472,-0.00115,0.00000,0.00000,-0.106,-0.009,0
165.2160,-0.00507,-0.02471,-0.00115,0.00000,0.00000,-0.106,-0.009,0
165.2660,-0.00506,-0.02469,-0.00115,0.00000,0.00000,-0.105,-0.009,0
165.3160,-0.00506,-0.02468,-0.00115,0.00000,0.00000,-0.105,-0.008,0
165.3660,-0.00506,-0.02467,-0.00115,0.00000,0.00000,-0.105,-0.008,0
165.4160,-0.00506,-0.02465,-0.00115,0.00000,0.00000,-0.105,-0.008,0
165.4660,-0.00505,-0.02464,-0.00115,0.00000,0.00000,-0.105,-0.008,0
165.5160,-0.00505,-0.02463,-0.00115,0.00000,0.00000,-0.105,-0.008,0
165.5660,-0.00505,-0.02463,-0.00115,0.00000,0.00000,-0.105,-0.008,0
165.6160,-0.00505,-0.02463,-0.00115,0.00000,0.00000,-0.105,-0.008,0
165.6660,-0.00505,-0.02462,-0.00115,0.00000,0.00000,-0.105,-0.008,0
165.7160,-0.00505,-0.02462,-0.00115,0.00000,0.00000,-0.105,-0.008,0
165.7660,-0.00506,-0.02463,-0.00115,0.00000,0.00000,-0.105,-0.008,0
165.8160,-0.00506,-0.02464,-0.00115,0.00000,0.00000,-0.105,-0.008,0
165.8660,-0.00506,-0.02464,-0.00115,0.00000,0.00000,-0.105,-0.008,0
165.9160,-0.00506,-0.02463,-0.00115,0.00000,0.00000,-0.105,-0.008,0
165.9660,-0.00506,-0.02462,-0.00115,0.00000,0.00000,-0.105,-0.008,0
166.0160,-0.00506,-0.02462,-0.00115,0.00000,0.00000,-0.105,-0.008,0
166.0660,-0.00506,-0.02463,-0.00115,0.00000,0.00000,-0.105,-0.008,0
166.1160,-0.00506,-0.02464,-0.00115,0.00000,0.00000,-0.105,-0.008,0
166.1660,-0.00507,-0.02466,-0.00115,0.00000,0.00000,-0.105,-0.008,0
166.2160,-0.00507,-0.02467,-0.00115,0.00000,0.00000,-0.105,-0.008,0
166.2660,-0.00507,-0.02469,-0.00115,0.00000,0.00000,-0.105,-0.008,0
166.3160,-0.00508,-0.02471,-0.00115,0.00000,0.00000,-0.105,-0.008,0
166.3660,-0.00509,-0.02475,-0.00115,0.00000,0.00000,-0.105,-0.009,0
166.4160,-0.00510,-0.02479,-0.00115,0.00000,0.00000,-0.105,-0.009,0
166.4660,-0.00511,-0.02484,-0.00115,0.00000,0.00000,-0.105,-0.009,0
166.5160,-0.00512,-0.02489,-0.00115,0.00000,0.00000,-0.106,-0.009,0
166.5660,-0.00513,-0.02494,-0.00115,0.00000,0.00000,-0.106,-0.009,0
166.6160,-0.00514,-0.02498,-0.00115,0.00000,0.00000,-0.106,-0.009,0
166.6660,-0.00515,-0.02503,-0.00115,0.00000,0.00000,-0.106,-0.009,0
166.7160,-0.00516,-0.02504,-0.00115,0.00000,0.00000,-0.106,-0.009,0
166.7660,-0.00515,-0.02504,-0.00115,0.00000,0.00000,-0.106,-0.009,0
166.8160,-0.00515,-0.02503,-0.00115,0.00000,0.00000,-0.106,-0.009,0
166.8660,-0.00515,-0.02502,-0.00115,0.00000,0.00000,-0.106,-0.009,0
166.9160,-0.00514,-0.02499,-0.00115,0.00000,0.00000,-0.106,-0.009,0
166.9660,-0.00513,-0.02496,-0.00115,0.00000,0.00000,-0.106,-0.009,0
167.0160,-0.00512,-0.02494,-0.00115,0.00000,0.00000,-0.106,-0.009,0
167.0660,-0.00512,-0.02491,-0.00115,0.00000,0.00000,-0.106,-0.009,0
167.1160,-0.00511,-0.02490,-0.00115,0.00000,0.00000,-0.106,-0.009,0
167.1660,-0.00511,-0.02487,-0.00115,0.00000,0.00000,-0.106,-0.009,0
167.2160,-0.00510,-0.02484,-0.00115,0.00000,0.00000,-0.106,-0.009,0
167.2660,-0.00509,-0.02481,-0.00115,0.00000,0.00000,-0.106,-0.008,0
167.3160,-0.00509,-0.02479,-0.00115,0.00000,0.00000,-0.105,-0.008,0
167.3660,-0.00508,-0.02477,-0.00115,0.00000,0.00000,-0.105,-0.008,0
167.4160,-0.00508,-0.02475,-0.00115,0.00000,0.00000,-0.105,-0.008,0
167.4660,-0.00508,-0.02474,-0.00115,0.00000,0.00000,-0.105,-0.008,0
167.5160,-0.00507,-0.02473,-0.00115,0.00000,0.00000,-0.105,-0.008,0
167.5660,-0.00507,-0.02473,-0.00115,0.00000,0.00000,-0.105,-0.008,0
167.6160,-0.00507,-0.02472,-0.00115,0.00000,0.00000,-0.105,-0.008,0
167.6660,-0.00507,-0.02472,-0.00115,0.00000,0.00000,-0.105,-0.008,0
167.7160,-0.00507,-0.02471,-0.00115,0.00000,0.00000,-0.105,-0.008,0
167.7660,-0.00507,-0.02471,-0.00115,0.00000,0.00000,-0.105,-0.008,0
167.8160,-0.00507,-0.02472,-0.00115,0.00000,0.00000,-0.105,-0.008,0
167.8660,-0.00507,-0.02472,-0.00115,0.00000,0.00000,-0.105,-0.009,0
167.9160,-0.00508,-0.02473,-0.00115,0.00000,0.00000,-0.105,-0.008,0
167.9660,-0.00508,-0.02473,-0.00115,0.00000,0.00000,-0.105,-0.008,0
168.0160,-0.00508,-0.02474,-0.00115,0.00000,0.00000,-0.105,-0.008,0
168.0660,-0.00508,-0.02476,-0.00115,0.00000,0.00000,-0.105,-0.009,0
168.1160,-0.00509,-0.02479,-0.00115,0.00000,0.00000,-0.105,-0.009,0
168.1660,-0.00510,-0.02482,-0.00115,0.00000,0.00000,-0.105,-0.009,0
168.2160,-0.00510,-0.02484,-0.00115,0.00000,0.00000,-0.106,-0.009,0
168.2660,-0.00511,-0.02487,-0.00115,0.00000,0.00000,-0.106,-0.009,0
168.3160,-0.00512,-0.02490,-0.00115,0.00000,0.00000,-0.106,-0.009,0
168.3660,-0.00512,-0.02493,-0.00115,0.00000,0.00000,-0.106,-0.009,0
168.4160,-0.00513,-0.02496,-0.00115,0.00000,0.00000,-0.106,-0.009,0
168.4660,-0.00514,-0.02499,-0.00115,0.00000,0.00000,-0.106,-0.009,0
168.5160,-0.00514,-0.02502,-0.00115,0.00000,0.00000,-0.106,-0.009,0
168.5660,-0.00515,-0.02505,-0.00115,0.00000,0.00000,-0.106,-0.009,0
168.6160,-0.00516,-0.02507,-0.00115,0.00000,0.00000,-0.107,-0.009,0
168.6660,-0.00516,-0.02510,-0.00115,0.00000,0.00000,-0.107,-0.009,0
168.7160,-0.00516,-0.02512,-0.00115,0.00000,0.00000,-0.107,-0.009,0
168.7660,-0.00517,-0.02514,-0.00115,0.00000,0.00000,-0.107,-0.009,0
168.8160,-0.00517,-0.02516,-0.00115,0.00000,0.00000,-0.107,-0.009,0
168.8660,-0.00517,-0.02517,-0.00115,0.00000,0.00000,-0.107,-0.009,0
168.9160,-0.00518,-0.02519,-0.00115,0.00000,0.00000,-0.107,-0.009,0
168.9660,-0.00518,-0.02520,-0.00115,0.00000,0.00000,-0.107,-0.009,0
169.0160,-0.00518,-0.02521,-0.00115,0.00000,0.00000,-0.107,-0.009,0
169.0660,-0.00519,-0.02524,-0.00115,0.00000,0.00000,-0.107,-0.009,0
169.1160,-0.00519,-0.02526,-0.00115,0.00000,0.00000,-0.107,-0.009,0
169.1660,-0.00519,-0.02528,-0.00115,0.00000,0.00000,-0.108,-0.009,0
169.2160,-0.00520,-0.02531,-0.00115,0.00000,0.00000,-0.108,-0.009,0
169.2660,-0.00521,-0.02534,-0.00115,0.00000,0.00000,-0.108,-0.009,0
169.3160,-0.00521,-0.02538,-0.00115,0.00000,0.00000,-0.108,-0.009,0
169.3660,-0.00522,-0.02540,-0.00115,0.00000,0.00000,-0.108,-0.009,0
169.4160,-0.00522,-0.02542,-0.00115,0.00000,0.00000,-0.108,-0.009,0
169.4660,-0.00523,-0.02544,-0.00115,0.00000,0.00000,-0.108,-0.009,0
169.5160,-0.00523,-0.02547,-0.00115,0.00000,0.00000,-0.109,-0.009,0
169.5660,-0.00524,-0.02550,-0.00115,0.00000,0.00000,-0.109,-0.009,0
169.6160,-0.00524,-0.02551,-0.00115,0.00000,0.00000,-0.109,-0.009,0
169.6660,-0.00524,-0.02553,-0.00115,0.00000,0.00000,-0.109,-0.009,0
169.7160,-0.00525,-0.02556,-0.00115,0.00000,0.00000,-0.109,-0.009,0
169.7660,-0.00525,-0.02558,-0.00115,0.00000,0.00000,-0.109,-0.009,0
169.8160,-0.00525,-0.02560,-0.00115,0.00000,0.00000,-0.109,-0.009,0
169.8660,-0.00525,-0.02560,-0.00115,0.00000,0.00000,-0.109,-0.009,0
169.9160,-0.00525,-0.02560,-0.00115,0.00000,0.00000,-0.109,-0.009,0
169.9660,-0.00525,-0.02560,-0.00115,0.00000,0.00000,-0.109,-0.009,0
170.0160,-0.00525,-0.02561,-0.00115,0.00000,0.00000,-0.109,-0.009,0
170.0660,-0.00525,-0.02561,-0.00115,0.00000,0.00000,-0.110,-0.009,0
170.1160,-0.00525,-0.02561,-0.00115,0.00000,0.00000,-0.110,-0.009,0
170.1660,-0.00525,-0.02563,-0.00115,0.00000,0.00000,-0.110,-0.009,0
170.2160,-0.00525,-0.02564,-0.00115,0.00000,0.00000,-0.110,-0.009,0
170.2660,-0.00526,-0.02566,-0.00115,0.00000,0.00000,-0.110,-0.009,0
170.3160,-0.00526,-0.02567,-0.00115,0.00000,0.00000,-0.110,-0.009,0
170.3660,-0.00526,-0.02569,-0.00115,0.00000,0.00000,-0.110,-0.009,0
170.4160,-0.00527,-0.02570,-0.00115,0.00000,0.00000,-0.110,-0.009,0
170.4660,-0.00526,-0.02570,-0.00115,0.00000,0.00000,-0.110,-0.009,0
170.5160,-0.00526,-0.02570,-0.00115,0.00000,0.00000,-0.110,-0.009,0
170.5660,-0.00526,-0.02571,-0.00115,0.00000,0.00000,-0.110,-0.009,0
170.6160,-0.00527,-0.02571,-0.00115,0.00000,0.00000,-0.110,-0.009,0
170.6660,-0.00527,-0.02573,-0.00115,0.00000,0.00000,-0.110,-0.009,0
170.7160,-0.00527,-0.02574,-0.00115,0.00000,0.00000,-0.110,-0.009,0
170.7660,-0.00527,-0.02575,-0.00115,0.00000,0.00000,-0.111,-0.009,0
170.8160,-0.00527,-0.02576,-0.00115,0.00000,0.00000,-0.111,-0.009,0
170.8660,-0.00527,-0.02575,-0.00115,0.00000,0.00000,-0.111,-0.009,0
170.9160,-0.00527,-0.02575,-0.00115,0.00000,0.00000,-0.111,-0.009,0
170.9660,-0.00527,-0.02575,-0.00115,0.00000,0.00000,-0.111,-0.009,0
171.0160,-0.00527,-0.02574,-0.00115,0.00000,0.00000,-0.111,-0.009,0
171.0660,-0.00527,-0.02573,-0.00115,0.00000,0.00000,-0.111,-0.009,0
171.1160,-0.00526,-0.02572,-0.00115,0.00000,0.00000,-0.111,-0.009,0
171.1660,-0.00526,-0.02572,-0.00115,0.00000,0.00000,-0.111,-0.009,0
171.2160,-0.00526,-0.02571,-0.00115,0.00000,0.00000,-0.111,-0.009,0
171.2660,-0.00526,-0.02570,-0.00115,0.00000,0.00000,-0.111,-0.009,0
171.3160,-0.00525,-0.02569,-0.00115,0.00000,0.00000,-0.111,-0.009,0
171.3660,-0.00525,-0.02567,-0.00115,0.00000,0.00000,-0.111,-0.009,0
171.4160,-0.00525,-0.02566,-0.00115,0.00000,0.00000,-0.111,-0.009,0
171.4660,-0.00525,-0.02566,-0.00115,0.00000,0.00000,-0.110,-0.009,0
171.5160,-0.00525,-0.02566,-0.00115,0.00000,0.00000,-0.111,-0.009,0
171.5660,-0.00525,-0.02567,-0.00115,0.00000,0.00000,-0.111,-0.009,0
171.6160,-0.00525,-0.02567,-0.00115,0.00000,0.00000,-0.111,-0.009,0
171.6660,-0.00525,-0.02567,-0.00115,0.00000,0.00000,-0.111,-0.009,0
171.7160,-0.00525,-0.02567,-0.00115,0.00000,0.00000,-0.111,-0.009,0
171.7660,-0.00525,-0.02565,-0.00115,0.00000,0.00000,-0.111,-0.009,0
171.8160,-0.00524,-0.02564,-0.00115,0.00000,0.00000,-0.110,-0.009,0
171.8660,-0.00524,-0.02563,-0.00115,0.00000,0.00000,-0.110,-0.009,0
171.9160,-0.00524,-0.02562,-0.00115,0.00000,0.00000,-0.110,-0.009,0
171.9660,-0.00524,-0.02561,-0.00115,0.00000,0.00000,-0.110,-0.009,0
172.0160,-0.00523,-0.02558,-0.00115,0.00000,0.00000,-0.110,-0.009,0
172.0660,-0.00523,-0.02556,-0.00115,0.00000,0.00000,-0.110,-0.009,0
172.1160,-0.00522,-0.02553,-0.00115,0.00000,0.00000,-0.110,-0.009,0
172.1660,-0.00522,-0.02551,-0.00115,0.00000,0.00000,-0.110,-0.009,0
172.2160,-0.00521,-0.02548,-0.00115,0.00000,0.00000,-0.110,-0.009,0
172.2660,-0.00521,-0.02547,-0.00115,0.00000,0.00000,-0.110,-0.009,0
172.3160,-0.00521,-0.02546,-0.00115,0.00000,0.00000,-0.110,-0.009,0
172.3660,-0.00521,-0.02546,-0.00115,0.00000,0.00000,-0.110,-0.009,0
172.4160,-0.00521,-0.02545,-0.00115,0.00000,0.00000,-0.110,-0.009,0
172.4660,-0.00521,-0.02545,-0.00115,0.00000,0.00000,-0.110,-0.009,0
172.5160,-0.00521,-0.02545,-0.00115,0.00000,0.00000,-0.110,-0.009,0
172.5660,-0.00520,-0.02544,-0.00115,0.00000,0.00000,-0.110,-0.009,0
172.6160,-0.00520,-0.02542,-0.00115,0.00000,0.00000,-0.110,-0.009,0
172.6660,-0.00520,-0.02540,-0.00115,0.00000,0.00000,-0.109,-0.009,0
172.7160,-0.00519,-0.02538,-0.00115,0.00000,0.00000,-0.109,-0.009,0
172.7660,-0.00519,-0.02535,-0.00115,0.00000,0.00000,-0.109,-0.009,0
172.8160,-0.00518,-0.02532,-0.00115,0.00000,0.00000,-0.109,-0.009,0
172.8660,-0.00517,-0.02528,-0.00115,0.00000,0.00000,-0.109,-0.009,0
172.9160,-0.00516,-0.02524,-0.00115,0.00000,0.00000,-0.109,-0.009,0
172.9660,-0.00515,-0.02519,-0.00115,0.00000,0.00000,-0.109,-0.009,0
173.0160,-0.00514,-0.02514,-0.00115,0.00000,0.00000,-0.108,-0.009,0
173.0660,-0.00513,-0.02510,-0.00115,0.00000,0.00000,-0.108,-0.009,0
173.1160,-0.00512,-0.02506,-0.00115,0.00000,0.00000,-0.108,-0.009,0
173.1660,-0.00512,-0.02503,-0.00115,0.00000,0.00000,-0.108,-0.009,0
173.2160,-0.00511,-0.02501,-0.00115,0.00000,0.00000,-0.108,-0.009,0
173.2660,-0.00511,-0.02500,-0.00115,0.00000,0.00000,-0.107,-0.009,0
173.3160,-0.00511,-0.02499,-0.00115,0.00000,0.00000,-0.107,-0.009,0
173.3660,-0.00511,-0.02498,-0.00115,0.00000,0.00000,-0.107,-0.009,0
173.4160,-0.00511,-0.02497,-0.00115,0.00000,0.00000,-0.107,-0.009,0
173.4660,-0.00511,-0.02496,-0.00115,0.00000,0.00000,-0.107,-0.009,0
173.5160,-0.00511,-0.02495,-0.00115,0.00000,0.00000,-0.107,-0.009,0
173.5660,-0.00511,-0.02495,-0.00115,0.00000,0.00000,-0.107,-0.009,0
173.6160,-0.00511,-0.02494,-0.00115,0.00000,0.00000,-0.107,-0.009,0
173.6660,-0.00511,-0.02494,-0.00115,0.00000,0.00000,-0.107,-0.009,0
173.7160,-0.00511,-0.02493,-0.00115,0.00000,0.00000,-0.107,-0.009,0
173.7660,-0.00511,-0.02493,-0.00115,0.00000,0.00000,-0.107,-0.009,0
173.8160,-0.00511,-0.02491,-0.00115,0.00000,0.00000,-0.107,-0.009,0
173.8660,-0.00510,-0.02489,-0.00115,0.00000,0.00000,-0.107,-0.009,0
173.9160,-0.00510,-0.02487,-0.00115,0.00000,0.00000,-0.107,-0.009,0
173.9660,-0.00510,-0.02486,-0.00115,0.00000,0.00000,-0.107,-0.009,0
174.0160,-0.00510,-0.02487,-0.00115,0.00000,0.00000,-0.107,-0.009,0
174.0660,-0.00510,-0.02487,-0.00115,0.00000,0.00000,-0.106,-0.009,0
174.1160,-0.00510,-0.02488,-0.00115,0.00000,0.00000,-0.107,-0.009,0
174.1660,-0.00511,-0.02489,-0.00115,0.00000,0.00000,-0.107,-0.009,0
174.2160,-0.00511,-0.02491,-0.00115,0.00000,0.00000,-0.107,-0.009,0
174.2660,-0.00512,-0.02492,-0.00115,0.00000,0.00000,-0.107,-0.009,0
174.3160,-0.00512,-0.02494,-0.00115,0.00000,0.00000,-0.107,-0.009,0
174.3660,-0.00513,-0.02496,-0.00115,0.00000,0.00000,-0.107,-0.009,0
174.4160,-0.00513,-0.02497,-0.00115,0.00000,0.00000,-0.107,-0.009,0
174.4660,-0.00513,-0.02498,-0.00115,0.00000,0.00000,-0.107,-0.009,0
174.5160,-0.00513,-0.02498,-0.00115,0.00000,0.00000,-0.107,-0.009,0
174.5660,-0.00513,-0.02498,-0.00115,0.00000,0.00000,-0.107,-0.009,0
174.6160,-0.00513,-0.02499,-0.00115,0.00000,0.00000,-0.107,-0.009,0
174.6660,-0.00513,-0.02500,-0.00115,0.00000,0.00000,-0.107,-0.009,0
174.7160,-0.00514,-0.02501,-0.00115,0.00000,0.00000,-0.107,-0.009,0
174.7660,-0.00514,-0.02502,-0.00115,0.00000,0.00000,-0.107,-0.009,0
174.8160,-0.00514,-0.02502,-0.00115,0.00000,0.00000,-0.107,-0.009,0
174.8660,-0.00514,-0.02502,-0.00115,0.00000,0.00000,-0.107,-0.009,0
174.9160,-0.00514,-0.02501,-0.00115,0.00000,0.00000,-0.107,-0.009,0
174.9660,-0.00513,-0.02500,-0.00115,0.00000,0.00000,-0.107,-0.009,0
175.0160,-0.00513,-0.02498,-0.00115,0.00000,0.00000,-0.107,-0.009,0
175.0660,-0.00513,-0.02497,-0.00115,0.00000,0.00000,-0.107,-0.009,0
175.1160,-0.00513,-0.02497,-0.00115,0.00000,0.00000,-0.107,-0.009,0
175.1660,-0.00513,-0.02497,-0.00115,0.00000,0.00000,-0.107,-0.009,0
175.2160,-0.00513,-0.02500,-0.00115,0.00000,0.00000,-0.107,-0.009,0
175.2660,-0.00514,-0.02503,-0.00115,0.00000,0.00000,-0.107,-0.009,0
175.3160,-0.00515,-0.02506,-0.00115,0.00000,0.00000,-0.107,-0.009,0
175.3660,-0.00515,-0.02509,-0.00115,0.00000,0.00000,-0.107,-0.009,0
175.4160,-0.00516,-0.02511,-0.00115,0.00000,0.00000,-0.107,-0.009,0
175.4660,-0.00516,-0.02513,-0.00115,0.00000,0.00000,-0.107,-0.009,0
175.5160,-0.00517,-0.02515,-0.00115,0.00000,0.00000,-0.107,-0.009,0
175.5660,-0.00517,-0.02517,-0.00115,0.00000,0.00000,-0.107,-0.009,0
175.6160,-0.00517,-0.02518,-0.00115,0.00000,0.00000,-0.107,-0.009,0
175.6660,-0.00517,-0.02519,-0.00115,0.00000,0.00000,-0.107,-0.009,0
175.7160,-0.00518,-0.02520,-0.00115,0.00000,0.00000,-0.107,-0.009,0
175.7660,-0.00518,-0.02520,-0.00115,0.00000,0.00000,-0.108,-0.009,0
175.8160,-0.00517,-0.02518,-0.00115,0.00000,0.00000,-0.108,-0.009,0
175.8660,-0.00516,-0.02516,-0.00115,0.00000,0.00000,-0.107,-0.009,0
175.9160,-0.00516,-0.02515,-0.00115,0.00000,0.00000,-0.107,-0.009,0
175.9660,-0.00516,-0.02515,-0.00115,0.00000,0.00000,-0.107,-0.009,0
176.0160,-0.00516,-0.02515,-0.00115,0.00000,0.00000,-0.107,-0.009,0
176.0660,-0.00516,-0.02515,-0.00115,0.00000,0.00000,-0.107,-0.009,0
176.1160,-0.00516,-0.02517,-0.00115,0.00000,0.00000,-0.107,-0.009,0
176.1660,-0.00517,-0.02519,-0.00115,0.00000,0.00000,-0.107,-0.009,0
176.2160,-0.00517,-0.02520,-0.00115,0.00000,0.00000,-0.108,-0.009,0
176.2660,-0.00517,-0.02521,-0.00115,0.00000,0.00000,-0.108,-0.009,0
176.3160,-0.00517,-0.02521,-0.00115,0.00000,0.00000,-0.108,-0.009,0
176.3660,-0.00517,-0.02520,-0.00115,0.00000,0.00000,-0.108,-0.009,0
176.4160,-0.00517,-0.02520,-0.00115,0.00000,0.00000,-0.108,-0.009,0
176.4660,-0.00517,-0.02522,-0.00115,0.00000,0.00000,-0.108,-0.009,0
176.5160,-0.00518,-0.02524,-0.00115,0.00000,0.00000,-0.108,-0.009,0
176.5660,-0.00518,-0.02527,-0.00115,0.00000,0.00000,-0.108,-0.009,0
176.6160,-0.00519,-0.02529,-0.00115,0.00000,0.00000,-0.108,-0.009,0
176.6660,-0.00520,-0.02532,-0.00115,0.00000,0.00000,-0.108,-0.009,0
176.7160,-0.00520,-0.02535,-0.00115,0.00000,0.00000,-0.108,-0.009,0
176.7660,-0.00521,-0.02537,-0.00115,0.00000,0.00000,-0.108,-0.009,0
176.8160,-0.00521,-0.02540,-0.00115,0.00000,0.00000,-0.108,-0.009,0
176.8660,-0.00522,-0.02543,-0.00115,0.00000,0.00000,-0.109,-0.009,0
176.9160,-0.00523,-0.02547,-0.00115,0.00000,0.00000,-0.109,-0.009,0
176.9660,-0.00524,-0.02551,-0.00115,0.00000,0.00000,-0.109,-0.009,0
177.0160,-0.00524,-0.02555,-0.00115,0.00000,0.00000,-0.109,-0.009,0
177.0660,-0.00525,-0.02559,-0.00115,0.00000,0.00000,-0.109,-0.009,0
177.1160,-0.00526,-0.02561,-0.00115,0.00000,0.00000,-0.110,-0.009,0
177.1660,-0.00526,-0.02564,-0.00115,0.00000,0.00000,-0.110,-0.009,0
177.2160,-0.00527,-0.02566,-0.00115,0.00000,0.00000,-0.110,-0.009,0
177.2660,-0.00527,-0.02567,-0.00115,0.00000,0.00000,-0.110,-0.009,0
177.3160,-0.00527,-0.02569,-0.00115,0.00000,0.00000,-0.110,-0.009,0
177.3660,-0.00527,-0.02569,-0.00115,0.00000,0.00000,-0.110,-0.009,0
177.4160,-0.00526,-0.02567,-0.00115,0.00000,0.00000,-0.110,-0.009,0
177.4660,-0.00526,-0.02566,-0.00115,0.00000,0.00000,-0.110,-0.009,0
177.5160,-0.00526,-0.02565,-0.00115,0.00000,0.00000,-0.110,-0.009,0
177.5660,-0.00525,-0.02563,-0.00115,0.00000,0.00000,-0.110,-0.009,0
177.6160,-0.00524,-0.02560,-0.00115,0.00000,0.00000,-0.110,-0.009,0
177.6660,-0.00523,-0.02557,-0.00115,0.00000,0.00000,-0.110,-0.009,0
177.7160,-0.00523,-0.02554,-0.00115,0.00000,0.00000,-0.110,-0.009,0
177.7660,-0.00522,-0.02550,-0.00115,0.00000,0.00000,-0.109,-0.009,0
177.8160,-0.00521,-0.02547,-0.00115,0.00000,0.00000,-0.109,-0.009,0
177.8660,-0.00520,-0.02545,-0.00115,0.00000,0.00000,-0.109,-0.009,0
177.9160,-0.00520,-0.02543,-0.00115,0.00000,0.00000,-0.109,-0.009,0
177.9660,-0.00520,-0.02542,-0.00115,0.00000,0.00000,-0.109,-0.009,0
178.0160,-0.00520,-0.02541,-0.00115,0.00000,0.00000,-0.109,-0.009,0
178.0660,-0.00520,-0.02540,-0.00115,0.00000,0.00000,-0.109,-0.009,0
178.1160,-0.00519,-0.02540,-0.00115,0.00000,0.00000,-0.109,-0.009,0
178.1660,-0.00519,-0.02539,-0.00115,0.00000,0.00000,-0.109,-0.009,0
178.2160,-0.00519,-0.02539,-0.00115,0.00000,0.00000,-0.109,-0.009,0
178.2660,-0.00519,-0.02538,-0.00115,0.00000,0.00000,-0.109,-0.009,0
178.3160,-0.00519,-0.02537,-0.00115,0.00000,0.00000,-0.109,-0.009,0
178.3660,-0.00519,-0.02537,-0.00115,0.00000,0.00000,-0.109,-0.009,0
178.4160,-0.00519,-0.02538,-0.00115,0.00000,0.00000,-0.109,-0.009,0
178.4660,-0.00520,-0.02538,-0.00115,0.00000,0.00000,-0.109,-0.009,0
178.5160,-0.00520,-0.02539,-0.00115,0.00000,0.00000,-0.109,-0.009,0
178.5660,-0.00519,-0.02538,-0.00115,0.00000,0.00000,-0.109,-0.009,0
178.6160,-0.00519,-0.02536,-0.00115,0.00000,0.00000,-0.109,-0.009,0
178.6660,-0.00519,-0.02534,-0.00115,0.00000,0.00000,-0.109,-0.009,0
178.7160,-0.00518,-0.02533,-0.00115,0.00000,0.00000,-0.109,-0.009,0
178.7660,-0.00518,-0.02531,-0.00115,0.00000,0.00000,-0.109,-0.009,0
178.8160,-0.00517,-0.02528,-0.00115,0.00000,0.00000,-0.109,-0.009,0
178.8660,-0.00517,-0.02526,-0.00115,0.00000,0.00000,-0.109,-0.009,0
178.9160,-0.00517,-0.02524,-0.00115,0.00000,0.00000,-0.108,-0.009,0
178.9660,-0.00516,-0.02522,-0.00115,0.00000,0.00000,-0.108,-0.009,0
179.0160,-0.00516,-0.02520,-0.00115,0.00000,0.00000,-0.108,-0.009,0
179.0660,-0.00515,-0.02518,-0.00115,0.00000,0.00000,-0.108,-0.009,0
179.1160,-0.00515,-0.02515,-0.00115,0.00000,0.00000,-0.108,-0.009,0
179.1660,-0.00514,-0.02512,-0.00115,0.00000,0.00000,-0.108,-0.009,0
179.2160,-0.00514,-0.02509,-0.00115,0.00000,0.00000,-0.108,-0.009,0
179.2660,-0.00513,-0.02508,-0.00115,0.00000,0.00000,-0.108,-0.009,0
179.3160,-0.00513,-0.02507,-0.00115,0.00000,0.00000,-0.108,-0.009,0
179.3660,-0.00513,-0.02507,-0.00115,0.00000,0.00000,-0.108,-0.009,0
179.4160,-0.00513,-0.02506,-0.00115,0.00000,0.00000,-0.108,-0.009,0
179.4660,-0.00513,-0.02506,-0.00115,0.00000,0.00000,-0.108,-0.009,0
179.5160,-0.00513,-0.02506,-0.00115,0.00000,0.00000,-0.107,-0.009,0
179.5660,-0.00513,-0.02506,-0.00115,0.00000,0.00000,-0.107,-0.009,0
179.6160,-0.00513,-0.02505,-0.00115,0.00000,0.00000,-0.107,-0.009,0
179.6660,-0.00513,-0.02505,-0.00115,0.00000,0.00000,-0.107,-0.009,0
179.7160,-0.00513,-0.02505,-0.00115,0.00000,0.00000,-0.107,-0.009,0
179.7660,-0.00514,-0.02507,-0.00115,0.00000,0.00000,-0.107,-0.009,0
179.8160,-0.00515,-0.02509,-0.00115,0.00000,0.00000,-0.107,-0.009,0
179.8660,-0.00515,-0.02512,-0.00115,0.00000,0.00000,-0.108,-0.009,0
179.9160,-0.00516,-0.02514,-0.00115,0.00000,0.00000,-0.108,-0.009,0
179.9660,-0.00516,-0.02515,-0.00115,0.00000,0.00000,-0.108,-0.009,0
180.0160,-0.00516,-0.02515,-0.00115,0.00000,0.00000,-0.108,-0.009,0
180.0660,-0.00516,-0.02516,-0.00115,0.00000,0.00000,-0.108,-0.009,0
180.1160,-0.00517,-0.02517,-0.00115,0.00000,0.00000,-0.108,-0.009,0
180.1660,-0.00517,-0.02518,-0.00115,0.00000,0.00000,-0.108,-0.009,0
180.2160,-0.00517,-0.02519,-0.00115,0.00000,0.00000,-0.108,-0.009,0
180.2660,-0.00518,-0.02521,-0.00115,0.00000,0.00000,-0.108,-0.009,0
180.3160,-0.00518,-0.02525,-0.00115,0.00000,0.00000,-0.108,-0.009,0
180.3660,-0.00519,-0.02528,-0.00115,0.00000,0.00000,-0.108,-0.009,0
180.4160,-0.00520,-0.02531,-0.00115,0.00000,0.00000,-0.108,-0.009,0
180.4660,-0.00520,-0.02532,-0.00115,0.00000,0.00000,-0.108,-0.009,0
180.5160,-0.00520,-0.02535,-0.00115,0.00000,0.00000,-0.108,-0.009,0
180.5660,-0.00521,-0.02538,-0.00115,0.00000,0.00000,-0.109,-0.009,0
180.6160,-0.00522,-0.02540,-0.00115,0.00000,0.00000,-0.109,-0.009,0
180.6660,-0.00522,-0.02543,-0.00115,0.00000,0.00000,-0.109,-0.009,0
180.7160,-0.00523,-0.02545,-0.00115,0.00000,0.00000,-0.109,-0.009,0
180.7660,-0.00523,-0.02546,-0.00115,0.00000,0.00000,-0.109,-0.009,0
180.8160,-0.00523,-0.02547,-0.00115,0.00000,0.00000,-0.109,-0.009,0
180.8660,-0.00523,-0.02547,-0.00115,0.00000,0.00000,-0.109,-0.009,0
180.9160,-0.00523,-0.02548,-0.00115,0.00000,0.00000,-0.109,-0.009,0
180.9660,-0.00523,-0.02547,-0.00115,0.00000,0.00000,-0.109,-0.009,0
181.0160,-0.00522,-0.02546,-0.00115,0.00000,0.00000,-0.109,-0.009,0
181.0660,-0.00522,-0.02545,-0.00115,0.00000,0.00000,-0.109,-0.009,0
181.1160,-0.00522,-0.02544,-0.00115,0.00000,0.00000,-0.109,-0.009,0
181.1660,-0.00521,-0.02543,-0.00115,0.00000,0.00000,-0.109,-0.009,0
181.2160,-0.00521,-0.02541,-0.00115,0.00000,0.00000,-0.109,-0.009,0
181.2660,-0.00520,-0.02540,-0.00115,0.00000,0.00000,-0.109,-0.009,0
181.3160,-0.00520,-0.02539,-0.00115,0.00000,0.00000,-0.109,-0.009,0
181.3660,-0.00520,-0.02537,-0.00115,0.00000,0.00000,-0.109,-0.009,0
181.4160,-0.00520,-0.02537,-0.00115,0.00000,0.00000,-0.109,-0.009,0
181.4660,-0.00519,-0.02537,-0.00115,0.00000,0.00000,-0.109,-0.009,0
181.5160,-0.00519,-0.02536,-0.00115,0.00000,0.00000,-0.109,-0.009,0
181.5660,-0.00519,-0.02536,-0.00115,0.00000,0.00000,-0.109,-0.009,0
181.6160,-0.00519,-0.02536,-0.00115,0.00000,0.00000,-0.109,-0.009,0
181.6660,-0.00519,-0.02535,-0.00115,0.00000,0.00000,-0.109,-0.009,0
181.7160,-0.00519,-0.02533,-0.00115,0.00000,0.00000,-0.109,-0.009,0
181.7660,-0.00518,-0.02531,-0.00115,0.00000,0.00000,-0.109,-0.009,0
181.8160,-0.00517,-0.02528,-0.00115,0.00000,0.00000,-0.108,-0.009,0
181.8660,-0.00517,-0.02525,-0.00115,0.00000,0.00000,-0.108,-0.009,0
181.9160,-0.00516,-0.02523,-0.00115,0.00000,0.00000,-0.108,-0.009,0
181.9660,-0.00516,-0.02520,-0.00115,0.00000,0.00000,-0.108,-0.009,0
182.0160,-0.00515,-0.02516,-0.00115,0.00000,0.00000,-0.108,-0.009,0
182.0660,-0.00514,-0.02512,-0.00115,0.00000,0.00000,-0.108,-0.009,0
182.1160,-0.00513,-0.02509,-0.00115,0.00000,0.00000,-0.108,-0.009,0
182.1660,-0.00513,-0.02506,-0.00115,0.00000,0.00000,-0.108,-0.009,0
182.2160,-0.00512,-0.02504,-0.00115,0.00000,0.00000,-0.107,-0.009,0
182.2660,-0.00512,-0.02501,-0.00115,0.00000,0.00000,-0.107,-0.009,0
182.3160,-0.00511,-0.02498,-0.00115,0.00000,0.00000,-0.107,-0.009,0
182.3660,-0.00510,-0.02494,-0.00115,0.00000,0.00000,-0.107,-0.009,0
182.4160,-0.00509,-0.02489,-0.00115,0.00000,0.00000,-0.107,-0.009,0
182.4660,-0.00508,-0.02485,-0.00115,0.00000,0.00000,-0.107,-0.009,0
182.5160,-0.00507,-0.02481,-0.00115,0.00000,0.00000,-0.106,-0.009,0
182.5660,-0.00507,-0.02477,-0.00115,0.00000,0.00000,-0.106,-0.009,0
182.6160,-0.00506,-0.02475,-0.00115,0.00000,0.00000,-0.106,-0.009,0
182.6660,-0.00506,-0.02473,-0.00115,0.00000,0.00000,-0.106,-0.009,0
182.7160,-0.00506,-0.02472,-0.00115,0.00000,0.00000,-0.106,-0.009,0
182.7660,-0.00506,-0.02471,-0.00115,0.00000,0.00000,-0.106,-0.009,0
182.8160,-0.00506,-0.02470,-0.00115,0.00000,0.00000,-0.106,-0.009,0
182.8660,-0.00506,-0.02470,-0.00115,0.00000,0.00000,-0.106,-0.009,0
182.9160,-0.00506,-0.02470,-0.00115,0.00000,0.00000,-0.106,-0.009,0
182.9660,-0.00506,-0.02470,-0.00115,0.00000,0.00000,-0.106,-0.009,0
183.0160,-0.00507,-0.02472,-0.00115,0.00000,0.00000,-0.106,-0.009,0
183.0660,-0.00507,-0.02473,-0.00115,0.00000,0.00000,-0.106,-0.009,0
183.1160,-0.00507,-0.02473,-0.00115,0.00000,0.00000,-0.106,-0.009,0
183.1660,-0.00508,-0.02474,-0.00115,0.00000,0.00000,-0.106,-0.009,0
183.2160,-0.00508,-0.02475,-0.00115,0.00000,0.00000,-0.106,-0.009,0
183.2660,-0.00508,-0.02476,-0.00115,0.00000,0.00000,-0.106,-0.009,0
183.3160,-0.00509,-0.02477,-0.00115,0.00000,0.00000,-0.106,-0.009,0
183.3660,-0.00509,-0.02477,-0.00115,0.00000,0.00000,-0.106,-0.009,0
183.4160,-0.00509,-0.02476,-0.00115,0.00000,0.00000,-0.106,-0.009,0
183.4660,-0.00509,-0.02476,-0.00115,0.00000,0.00000,-0.106,-0.009,0
183.5160,-0.00509,-0.02476,-0.00115,0.00000,0.00000,-0.106,-0.009,0
183.5660,-0.00509,-0.02476,-0.00115,0.00000,0.00000,-0.106,-0.009,0
183.6160,-0.00509,-0.02477,-0.00115,0.00000,0.00000,-0.106,-0.009,0
183.6660,-0.00509,-0.02479,-0.00115,0.00000,0.00000,-0.106,-0.009,0
183.7160,-0.00510,-0.02481,-0.00115,0.00000,0.00000,-0.106,-0.009,0
183.7660,-0.00510,-0.02482,-0.00115,0.00000,0.00000,-0.106,-0.009,0
183.8160,-0.00510,-0.02481,-0.00115,0.00000,0.00000,-0.106,-0.009,0
183.8660,-0.00510,-0.02482,-0.00115,0.00000,0.00000,-0.106,-0.009,0
183.9160,-0.00511,-0.02484,-0.00115,0.00000,0.00000,-0.106,-0.009,0
183.9660,-0.00511,-0.02486,-0.00115,0.00000,0.00000,-0.106,-0.009,0
184.0160,-0.00512,-0.02488,-0.00115,0.00000,0.00000,-0.106,-0.009,0
184.0660,-0.00512,-0.02489,-0.00115,0.00000,0.00000,-0.106,-0.009,0
184.1160,-0.00512,-0.02490,-0.00115,0.00000,0.00000,-0.106,-0.009,0
184.1660,-0.00512,-0.02490,-0.00115,0.00000,0.00000,-0.106,-0.009,0
184.2160,-0.00511,-0.02488,-0.00115,0.00000,0.00000,-0.106,-0.009,0
184.2660,-0.00511,-0.02488,-0.00115,0.00000,0.00000,-0.106,-0.009,0
184.3160,-0.00511,-0.02489,-0.00115,0.00000,0.00000,-0.106,-0.009,0
184.3660,-0.00511,-0.02488,-0.00115,0.00000,0.00000,-0.106,-0.009,0
184.4160,-0.00511,-0.02486,-0.00115,0.00000,0.00000,-0.106,-0.009,0
184.4660,-0.00510,-0.02483,-0.00115,0.00000,0.00000,-0.106,-0.008,0
184.5160,-0.00509,-0.02480,-0.00115,0.00000,0.00000,-0.106,-0.008,0
184.5660,-0.00508,-0.02476,-0.00115,0.00000,0.00000,-0.105,-0.008,0
184.6160,-0.00507,-0.02472,-0.00115,0.00000,0.00000,-0.105,-0.008,0
184.6660,-0.00507,-0.02469,-0.00115,0.00000,0.00000,-0.105,-0.008,0
184.7160,-0.00506,-0.02466,-0.00115,0.00000,0.00000,-0.105,-0.008,0
184.7660,-0.00505,-0.02464,-0.00115,0.00000,0.00000,-0.105,-0.008,0
184.8160,-0.00505,-0.02461,-0.00115,0.00000,0.00000,-0.105,-0.008,0
184.8660,-0.00504,-0.02459,-0.00115,0.00000,0.00000,-0.105,-0.008,0
184.9160,-0.00504,-0.02458,-0.00115,0.00000,0.00000,-0.105,-0.008,0
184.9660,-0.00504,-0.02457,-0.00115,0.00000,0.00000,-0.105,-0.008,0
185.0160,-0.00504,-0.02456,-0.00115,0.00000,0.00000,-0.104,-0.008,0
185.0660,-0.00504,-0.02455,-0.00115,0.00000,0.00000,-0.104,-0.008,0
185.1160,-0.00503,-0.02453,-0.00115,0.00000,0.00000,-0.104,-0.008,0
185.1660,-0.00503,-0.02452,-0.00115,0.00000,0.00000,-0.104,-0.008,0
185.2160,-0.00503,-0.02450,-0.00115,0.00000,0.00000,-0.104,-0.008,0
185.2660,-0.00503,-0.02449,-0.00115,0.00000,0.00000,-0.104,-0.008,0
185.3160,-0.00503,-0.02449,-0.00115,0.00000,0.00000,-0.104,-0.008,0
185.3660,-0.00502,-0.02448,-0.00115,0.00000,0.00000,-0.104,-0.008,0
185.4160,-0.00502,-0.02445,-0.00115,0.00000,0.00000,-0.104,-0.008,0
185.4660,-0.00501,-0.02442,-0.00115,0.00000,0.00000,-0.104,-0.008,0
185.5160,-0.00501,-0.02440,-0.00115,0.00000,0.00000,-0.104,-0.008,0
185.5660,-0.00500,-0.02437,-0.00115,0.00000,0.00000,-0.104,-0.008,0
185.6160,-0.00500,-0.02435,-0.00115,0.00000,0.00000,-0.103,-0.008,0
185.6660,-0.00499,-0.02433,-0.00115,0.00000,0.00000,-0.103,-0.008,0
185.7160,-0.00499,-0.02430,-0.00115,0.00000,0.00000,-0.103,-0.008,0
185.7660,-0.00499,-0.02428,-0.00115,0.00000,0.00000,-0.103,-0.008,0
185.8160,-0.00498,-0.02426,-0.00115,0.00000,0.00000,-0.103,-0.008,0
185.8660,-0.00498,-0.02424,-0.00115,0.00000,0.00000,-0.103,-0.008,0
185.9160,-0.00498,-0.02423,-0.00115,0.00000,0.00000,-0.103,-0.008,0
185.9660,-0.00497,-0.02422,-0.00115,0.00000,0.00000,-0.103,-0.008,0
186.0160,-0.00497,-0.02420,-0.00115,0.00000,0.00000,-0.103,-0.008,0
186.0660,-0.00497,-0.02417,-0.00115,0.00000,0.00000,-0.102,-0.008,0
186.1160,-0.00496,-0.02414,-0.00115,0.00000,0.00000,-0.102,-0.008,0
186.1660,-0.00495,-0.02411,-0.00115,0.00000,0.00000,-0.102,-0.008,0
186.2160,-0.00495,-0.02411,-0.00115,0.00000,0.00000,-0.102,-0.008,0
186.2660,-0.00496,-0.02411,-0.00115,0.00000,0.00000,-0.102,-0.008,0
186.3160,-0.00496,-0.02412,-0.00115,0.00000,0.00000,-0.102,-0.008,0
186.3660,-0.00497,-0.02414,-0.00115,0.00000,0.00000,-0.102,-0.008,0
186.4160,-0.00497,-0.02416,-0.00115,0.00000,0.00000,-0.102,-0.008,0
186.4660,-0.00497,-0.02417,-0.00115,0.00000,0.00000,-0.102,-0.008,0
186.5160,-0.00498,-0.02417,-0.00115,0.00000,0.00000,-0.102,-0.008,0
186.5660,-0.00498,-0.02418,-0.00115,0.00000,0.00000,-0.102,-0.008,0
186.6160,-0.00498,-0.02421,-0.00115,0.00000,0.00000,-0.102,-0.008,0
186.6660,-0.00499,-0.02424,-0.00115,0.00000,0.00000,-0.102,-0.008,0
186.7160,-0.00500,-0.02426,-0.00115,0.00000,0.00000,-0.102,-0.008,0
186.7660,-0.00501,-0.02429,-0.00115,0.00000,0.00000,-0.103,-0.008,0
186.8160,-0.00501,-0.02431,-0.00115,0.00000,0.00000,-0.103,-0.008,0
186.8660,-0.00501,-0.02433,-0.00115,0.00000,0.00000,-0.103,-0.008,0
186.9160,-0.00502,-0.02434,-0.00115,0.00000,0.00000,-0.103,-0.008,0
186.9660,-0.00502,-0.02435,-0.00115,0.00000,0.00000,-0.103,-0.008,0
187.0160,-0.00502,-0.02435,-0.00115,0.00000,0.00000,-0.103,-0.008,0
187.0660,-0.00502,-0.02435,-0.00115,0.00000,0.00000,-0.103,-0.008,0
187.1160,-0.00502,-0.02435,-0.00115,0.00000,0.00000,-0.103,-0.008,0
187.1660,-0.00502,-0.02435,-0.00115,0.00000,0.00000,-0.103,-0.008,0
187.2160,-0.00501,-0.02434,-0.00115,0.00000,0.00000,-0.103,-0.008,0
187.2660,-0.00501,-0.02433,-0.00115,0.00000,0.00000,-0.103,-0.008,0
187.3160,-0.00501,-0.02432,-0.00115,0.00000,0.00000,-0.103,-0.008,0
187.3660,-0.00501,-0.02432,-0.00115,0.00000,0.00000,-0.103,-0.008,0
187.4160,-0.00500,-0.02430,-0.00115,0.00000,0.00000,-0.103,-0.008,0
187.4660,-0.00500,-0.02429,-0.00115,0.00000,0.00000,-0.102,-0.008,0
187.5160,-0.00500,-0.02430,-0.00115,0.00000,0.00000,-0.102,-0.008,0
187.5660,-0.00500,-0.02430,-0.00115,0.00000,0.00000,-0.102,-0.008,0
187.6160,-0.00500,-0.02431,-0.00115,0.00000,0.00000,-0.102,-0.008,0
187.6660,-0.00501,-0.02432,-0.00115,0.00000,0.00000,-0.103,-0.008,0
187.7160,-0.00501,-0.02432,-0.00115,0.00000,0.00000,-0.103,-0.008,0
187.7660,-0.00500,-0.02431,-0.00115,0.00000,0.00000,-0.103,-0.008,0
187.8160,-0.00500,-0.02430,-0.00115,0.00000,0.00000,-0.102,-0.008,0
187.8660,-0.00500,-0.02428,-0.00115,0.00000,0.00000,-0.102,-0.008,0
187.9160,-0.00499,-0.02427,-0.00115,0.00000,0.00000,-0.102,-0.008,0
187.9660,-0.00499,-0.02425,-0.00115,0.00000,0.00000,-0.102,-0.008,0
188.0160,-0.00499,-0.02424,-0.00115,0.00000,0.00000,-0.102,-0.008,0
188.0660,-0.00499,-0.02425,-0.00115,0.00000,0.00000,-0.102,-0.008,0
188.1160,-0.00499,-0.02425,-0.00115,0.00000,0.00000,-0.102,-0.008,0
188.1660,-0.00499,-0.02425,-0.00115,0.00000,0.00000,-0.102,-0.008,0
188.2160,-0.00499,-0.02425,-0.00115,0.00000,0.00000,-0.102,-0.008,0
188.2660,-0.00499,-0.02426,-0.00115,0.00000,0.00000,-0.102,-0.008,0
188.3160,-0.00499,-0.02427,-0.00115,0.00000,0.00000,-0.102,-0.008,0
188.3660,-0.00500,-0.02427,-0.00115,0.00000,0.00000,-0.102,-0.008,0
188.4160,-0.00499,-0.02427,-0.00115,0.00000,0.00000,-0.102,-0.008,0
188.4660,-0.00499,-0.02426,-0.00115,0.00000,0.00000,-0.102,-0.008,0
188.5160,-0.00499,-0.02423,-0.00115,0.00000,0.00000,-0.102,-0.008,0
188.5660,-0.00498,-0.02421,-0.00115,0.00000,0.00000,-0.102,-0.008,0
188.6160,-0.00498,-0.02419,-0.00115,0.00000,0.00000,-0.102,-0.008,0
188.6660,-0.00497,-0.02417,-0.00115,0.00000,0.00000,-0.102,-0.008,0
188.7160,-0.00497,-0.02415,-0.00115,0.00000,0.00000,-0.102,-0.008,0
188.7660,-0.00496,-0.02413,-0.00115,0.00000,0.00000,-0.102,-0.008,0
188.8160,-0.00496,-0.02411,-0.00115,0.00000,0.00000,-0.102,-0.008,0
188.8660,-0.00496,-0.02411,-0.00115,0.00000,0.00000,-0.102,-0.008,0
188.9160,-0.00496,-0.02411,-0.00115,0.00000,0.00000,-0.102,-0.008,0
188.9660,-0.00496,-0.02413,-0.00115,0.00000,0.00000,-0.102,-0.008,0
189.0160,-0.00497,-0.02415,-0.00115,0.00000,0.00000,-0.102,-0.008,0
189.0660,-0.00498,-0.02417,-0.00115,0.00000,0.00000,-0.102,-0.008,0
189.1160,-0.00498,-0.02418,-0.00115,0.00000,0.00000,-0.102,-0.008,0
189.1660,-0.00498,-0.02417,-0.00115,0.00000,0.00000,-0.102,-0.008,0
189.2160,-0.00497,-0.02416,-0.00115,0.00000,0.00000,-0.102,-0.008,0
189.2660,-0.00497,-0.02415,-0.00115,0.00000,0.00000,-0.102,-0.008,0
189.3160,-0.00497,-0.02416,-0.00115,0.00000,0.00000,-0.102,-0.008,0
189.3660,-0.00497,-0.02416,-0.00115,0.00000,0.00000,-0.102,-0.008,0
189.4160,-0.00498,-0.02417,-0.00115,0.00000,0.00000,-0.102,-0.008,0
189.4660,-0.00498,-0.02418,-0.00115,0.00000,0.00000,-0.102,-0.008,0
189.5160,-0.00498,-0.02418,-0.00115,0.00000,0.00000,-0.102,-0.008,0
189.5660,-0.00498,-0.02416,-0.00115,0.00000,0.00000,-0.102,-0.008,0
189.6160,-0.00497,-0.02415,-0.00115,0.00000,0.00000,-0.102,-0.008,0
189.6660,-0.00497,-0.02414,-0.00115,0.00000,0.00000,-0.102,-0.008,0
189.7160,-0.00497,-0.02413,-0.00115,0.00000,0.00000,-0.102,-0.008,0
189.7660,-0.00497,-0.02412,-0.00115,0.00000,0.00000,-0.101,-0.008,0
189.8160,-0.00497,-0.02412,-0.00115,0.00000,0.00000,-0.101,-0.008,0
189.8660,-0.00497,-0.02413,-0.00115,0.00000,0.00000,-0.101,-0.008,0
189.9160,-0.00497,-0.02413,-0.00115,0.00000,0.00000,-0.101,-0.008,0
189.9660,-0.00497,-0.02415,-0.00115,0.00000,0.00000,-0.102,-0.008,0
190.0160,-0.00498,-0.02416,-0.00115,0.00000,0.00000,-0.102,-0.008,0
190.0660,-0.00498,-0.02419,-0.00115,0.00000,0.00000,-0.102,-0.008,0
190.1160,-0.00499,-0.02422,-0.00115,0.00000,0.00000,-0.102,-0.008,0
190.1660,-0.00500,-0.02424,-0.00115,0.00000,0.00000,-0.102,-0.008,0
190.2160,-0.00500,-0.02427,-0.00115,0.00000,0.00000,-0.102,-0.008,0
190.2660,-0.00501,-0.02430,-0.00115,0.00000,0.00000,-0.102,-0.008,0
190.3160,-0.00501,-0.02433,-0.00115,0.00000,0.00000,-0.102,-0.008,0
190.3660,-0.00502,-0.02435,-0.00115,0.00000,0.00000,-0.102,-0.008,0
190.4160,-0.00502,-0.02436,-0.00115,0.00000,0.00000,-0.102,-0.008,0
190.4660,-0.00502,-0.02438,-0.00115,0.00000,0.00000,-0.103,-0.008,0
190.5160,-0.00502,-0.02438,-0.00115,0.00000,0.00000,-0.103,-0.008,0
190.5660,-0.00502,-0.02438,-0.00115,0.00000,0.00000,-0.103,-0.008,0
190.6160,-0.00502,-0.02438,-0.00115,0.00000,0.00000,-0.103,-0.008,0
190.6660,-0.00502,-0.02436,-0.00115,0.00000,0.00000,-0.103,-0.008,0
190.7160,-0.00501,-0.02434,-0.00115,0.00000,0.00000,-0.103,-0.008,0
190.7660,-0.00501,-0.02433,-0.00115,0.00000,0.00000,-0.102,-0.008,0
190.8160,-0.00500,-0.02431,-0.00115,0.00000,0.00000,-0.102,-0.008,0
190.8660,-0.00500,-0.02428,-0.00115,0.00000,0.00000,-0.102,-0.008,0
190.9160,-0.00499,-0.02425,-0.00115,0.00000,0.00000,-0.102,-0.008,0
190.9660,-0.00499,-0.02424,-0.00115,0.00000,0.00000,-0.102,-0.008,0
191.0160,-0.00498,-0.02423,-0.00115,0.00000,0.00000,-0.102,-0.008,0
191.0660,-0.00498,-0.02424,-0.00115,0.00000,0.00000,-0.102,-0.008,0
191.1160,-0.00499,-0.02424,-0.00115,0.00000,0.00000,-0.102,-0.008,0
191.1660,-0.00499,-0.02424,-0.00115,0.00000,0.00000,-0.102,-0.008,0
191.2160,-0.00499,-0.02424,-0.00115,0.00000,0.00000,-0.102,-0.008,0
191.2660,-0.00498,-0.02423,-0.00115,0.00000,0.00000,-0.102,-0.008,0
191.3160,-0.00498,-0.02423,-0.00115,0.00000,0.00000,-0.102,-0.008,0
191.3660,-0.00498,-0.02422,-0.00115,0.00000,0.00000,-0.102,-0.008,0
191.4160,-0.00498,-0.02422,-0.00115,0.00000,0.00000,-0.102,-0.008,0
191.4660,-0.00498,-0.02422,-0.00115,0.00000,0.00000,-0.102,-0.008,0
191.5160,-0.00498,-0.02422,-0.00115,0.00000,0.00000,-0.102,-0.008,0
191.5660,-0.00498,-0.02421,-0.00115,0.00000,0.00000,-0.102,-0.008,0
191.6160,-0.00498,-0.02419,-0.00115,0.00000,0.00000,-0.102,-0.008,0
191.6660,-0.00497,-0.02418,-0.00115,0.00000,0.00000,-0.102,-0.008,0
191.7160,-0.00497,-0.02415,-0.00115,0.00000,0.00000,-0.102,-0.008,0
191.7660,-0.00496,-0.02414,-0.00115,0.00000,0.00000,-0.102,-0.008,0
191.8160,-0.00496,-0.02412,-0.00115,0.00000,0.00000,-0.102,-0.008,0
191.8660,-0.00496,-0.02410,-0.00115,0.00000,0.00000,-0.102,-0.008,0
191.9160,-0.00495,-0.02408,-0.00115,0.00000,0.00000,-0.101,-0.008,0
191.9660,-0.00495,-0.02406,-0.00115,0.00000,0.00000,-0.101,-0.008,0
192.0160,-0.00495,-0.02405,-0.00115,0.00000,0.00000,-0.101,-0.008,0
192.0660,-0.00494,-0.02403,-0.00115,0.00000,0.00000,-0.101,-0.008,0
192.1160,-0.00494,-0.02401,-0.00115,0.00000,0.00000,-0.101,-0.008,0
192.1660,-0.00494,-0.02400,-0.00115,0.00000,0.00000,-0.101,-0.008,0
192.2160,-0.00493,-0.02398,-0.00115,0.00000,0.00000,-0.101,-0.008,0
192.2660,-0.00493,-0.02396,-0.00115,0.00000,0.00000,-0.101,-0.008,0
192.3160,-0.00493,-0.02394,-0.00115,0.00000,0.00000,-0.101,-0.008,0
192.3660,-0.00492,-0.02393,-0.00115,0.00000,0.00000,-0.101,-0.008,0
192.4160,-0.00492,-0.02391,-0.00115,0.00000,0.00000,-0.101,-0.008,0
192.4660,-0.00492,-0.02390,-0.00115,0.00000,0.00000,-0.101,-0.008,0
192.5160,-0.00491,-0.02389,-0.00115,0.00000,0.00000,-0.100,-0.008,0
192.5660,-0.00491,-0.02387,-0.00115,0.00000,0.00000,-0.100,-0.008,0
192.6160,-0.00491,-0.02386,-0.00115,0.00000,0.00000,-0.100,-0.008,0
192.6660,-0.00491,-0.02385,-0.00115,0.00000,0.00000,-0.100,-0.008,0
192.7160,-0.00490,-0.02383,-0.00115,0.00000,0.00000,-0.100,-0.008,0
192.7660,-0.00490,-0.02381,-0.00115,0.00000,0.00000,-0.100,-0.008,0
192.8160,-0.00490,-0.02379,-0.00115,0.00000,0.00000,-0.100,-0.008,0
192.8660,-0.00490,-0.02378,-0.00115,0.00000,0.00000,-0.100,-0.008,0
192.9160,-0.00489,-0.02377,-0.00115,0.00000,0.00000,-0.100,-0.008,0
192.9660,-0.00489,-0.02376,-0.00115,0.00000,0.00000,-0.100,-0.008,0
193.0160,-0.00489,-0.02375,-0.00115,0.00000,0.00000,-0.100,-0.008,0
193.0660,-0.00489,-0.02375,-0.00115,0.00000,0.00000,-0.100,-0.008,0
193.1160,-0.00489,-0.02375,-0.00115,0.00000,0.00000,-0.100,-0.008,0
193.1660,-0.00489,-0.02376,-0.00115,0.00000,0.00000,-0.100,-0.008,0
193.2160,-0.00490,-0.02376,-0.00115,0.00000,0.00000,-0.100,-0.008,0
193.2660,-0.00490,-0.02377,-0.00115,0.00000,0.00000,-0.100,-0.008,0
193.3160,-0.00490,-0.02377,-0.00115,0.00000,0.00000,-0.100,-0.008,0
193.3660,-0.00490,-0.02378,-0.00115,0.00000,0.00000,-0.100,-0.008,0
193.4160,-0.00491,-0.02379,-0.00115,0.00000,0.00000,-0.100,-0.008,0
193.4660,-0.00491,-0.02381,-0.00115,0.00000,0.00000,-0.100,-0.008,0
193.5160,-0.00491,-0.02382,-0.00115,0.00000,0.00000,-0.100,-0.008,0
193.5660,-0.00492,-0.02384,-0.00115,0.00000,0.00000,-0.100,-0.008,0
193.6160,-0.00492,-0.02385,-0.00115,0.00000,0.00000,-0.100,-0.008,0
193.6660,-0.00492,-0.02386,-0.00115,0.00000,0.00000,-0.100,-0.008,0
193.7160,-0.00493,-0.02387,-0.00115,0.00000,0.00000,-0.100,-0.008,0
193.7660,-0.00493,-0.02390,-0.00115,0.00000,0.00000,-0.100,-0.008,0
193.8160,-0.00494,-0.02392,-0.00115,0.00000,0.00000,-0.100,-0.008,0
193.8660,-0.00494,-0.02394,-0.00115,0.00000,0.00000,-0.100,-0.008,0
193.9160,-0.00495,-0.02397,-0.00115,0.00000,0.00000,-0.100,-0.008,0
193.9660,-0.00495,-0.02398,-0.00115,0.00000,0.00000,-0.100,-0.008,0
194.0160,-0.00496,-0.02401,-0.00115,0.00000,0.00000,-0.100,-0.008,0
194.0660,-0.00496,-0.02404,-0.00115,0.00000,0.00000,-0.101,-0.008,0
194.1160,-0.00497,-0.02406,-0.00115,0.00000,0.00000,-0.101,-0.008,0
194.1660,-0.00497,-0.02406,-0.00115,0.00000,0.00000,-0.101,-0.008,0
194.2160,-0.00496,-0.02405,-0.00115,0.00000,0.00000,-0.101,-0.008,0
194.2660,-0.00496,-0.02405,-0.00115,0.00000,0.00000,-0.101,-0.008,0
194.3160,-0.00496,-0.02404,-0.00115,0.00000,0.00000,-0.101,-0.008,0
194.3660,-0.00496,-0.02403,-0.00115,0.00000,0.00000,-0.101,-0.008,0
194.4160,-0.00496,-0.02403,-0.00115,0.00000,0.00000,-0.101,-0.008,0
194.4660,-0.00496,-0.02403,-0.00115,0.00000,0.00000,-0.101,-0.008,0
194.5160,-0.00496,-0.02405,-0.00115,0.00000,0.00000,-0.101,-0.008,0
194.5660,-0.00497,-0.02408,-0.00115,0.00000,0.00000,-0.101,-0.008,0
194.6160,-0.00497,-0.02410,-0.00115,0.00000,0.00000,-0.101,-0.008,0
194.6660,-0.00497,-0.02412,-0.00115,0.00000,0.00000,-0.101,-0.008,0
194.7160,-0.00498,-0.02412,-0.00115,0.00000,0.00000,-0.101,-0.008,0
194.7660,-0.00498,-0.02413,-0.00115,0.00000,0.00000,-0.101,-0.008,0
194.8160,-0.00498,-0.02413,-0.00115,0.00000,0.00000,-0.101,-0.008,0
194.8660,-0.00497,-0.02413,-0.00115,0.00000,0.00000,-0.101,-0.008,0
194.9160,-0.00498,-0.02414,-0.00115,0.00000,0.00000,-0.101,-0.008,0
194.9660,-0.00498,-0.02415,-0.00115,0.00000,0.00000,-0.101,-0.008,0
195.0160,-0.00498,-0.02416,-0.00115,0.00000,0.00000,-0.101,-0.008,0
195.0660,-0.00498,-0.02416,-0.00115,0.00000,0.00000,-0.101,-0.008,0
195.1160,-0.00498,-0.02415,-0.00115,0.00000,0.00000,-0.101,-0.008,0
195.1660,-0.00497,-0.02414,-0.00115,0.00000,0.00000,-0.101,-0.008,0
195.2160,-0.00497,-0.02413,-0.00115,0.00000,0.00000,-0.101,-0.008,0
195.2660,-0.00497,-0.02412,-0.00115,0.00000,0.00000,-0.101,-0.008,0
195.3160,-0.00496,-0.02411,-0.00115,0.00000,0.00000,-0.101,-0.008,0
195.3660,-0.00496,-0.02410,-0.00115,0.00000,0.00000,-0.101,-0.008,0
195.4160,-0.00496,-0.02409,-0.00115,0.00000,0.00000,-0.101,-0.008,0
195.4660,-0.00496,-0.02409,-0.00115,0.00000,0.00000,-0.101,-0.008,0
195.5160,-0.00496,-0.02408,-0.00115,0.00000,0.00000,-0.101,-0.008,0
195.5660,-0.00495,-0.02405,-0.00115,0.00000,0.00000,-0.101,-0.008,0
195.6160,-0.00494,-0.02402,-0.00115,0.00000,0.00000,-0.101,-0.008,0
195.6660,-0.00494,-0.02401,-0.00115,0.00000,0.00000,-0.101,-0.008,0
195.7160,-0.00493,-0.02398,-0.00115,0.00000,0.00000,-0.101,-0.008,0
195.7660,-0.00493,-0.02395,-0.00115,0.00000,0.00000,-0.101,-0.008,0
195.8160,-0.00492,-0.02393,-0.00115,0.00000,0.00000,-0.100,-0.008,0
195.8660,-0.00492,-0.02391,-0.00115,0.00000,0.00000,-0.100,-0.008,0
195.9160,-0.00491,-0.02389,-0.00115,0.00000,0.00000,-0.100,-0.008,0
195.9660,-0.00491,-0.02387,-0.00115,0.00000,0.00000,-0.100,-0.008,0
196.0160,-0.00491,-0.02385,-0.00115,0.00000,0.00000,-0.100,-0.008,0
196.0660,-0.00491,-0.02384,-0.00115,0.00000,0.00000,-0.100,-0.008,0
196.1160,-0.00491,-0.02384,-0.00115,0.00000,0.00000,-0.100,-0.008,0
196.1660,-0.00491,-0.02384,-0.00115,0.00000,0.00000,-0.100,-0.008,0
196.2160,-0.00490,-0.02382,-0.00115,0.00000,0.00000,-0.100,-0.008,0
196.2660,-0.00491,-0.02384,-0.00115,0.00000,0.00000,-0.100,-0.008,0
196.3160,-0.00491,-0.02386,-0.00115,0.00000,0.00000,-0.100,-0.008,0
196.3660,-0.00492,-0.02388,-0.00115,0.00000,0.00000,-0.100,-0.008,0
196.4160,-0.00493,-0.02390,-0.00115,0.00000,0.00000,-0.100,-0.008,0
196.4660,-0.00493,-0.02393,-0.00115,0.00000,0.00000,-0.100,-0.008,0
196.5160,-0.00494,-0.02395,-0.00115,0.00000,0.00000,-0.100,-0.008,0
196.5660,-0.00494,-0.02396,-0.00115,0.00000,0.00000,-0.100,-0.008,0
196.6160,-0.00494,-0.02398,-0.00115,0.00000,0.00000,-0.100,-0.008,0
196.6660,-0.00495,-0.02400,-0.00115,0.00000,0.00000,-0.101,-0.008,0
196.7160,-0.00495,-0.02401,-0.00115,0.00000,0.00000,-0.101,-0.008,0
196.7660,-0.00496,-0.02403,-0.00115,0.00000,0.00000,-0.101,-0.008,0
196.8160,-0.00496,-0.02405,-0.00115,0.00000,0.00000,-0.101,-0.008,0
196.8660,-0.00496,-0.02405,-0.00115,0.00000,0.00000,-0.101,-0.008,0
196.9160,-0.00496,-0.02405,-0.00115,0.00000,0.00000,-0.101,-0.008,0
196.9660,-0.00496,-0.02405,-0.00115,0.00000,0.00000,-0.101,-0.008,0
197.0160,-0.00496,-0.02404,-0.00115,0.00000,0.00000,-0.101,-0.008,0
197.0660,-0.00496,-0.02404,-0.00115,0.00000,0.00000,-0.101,-0.008,0
197.1160,-0.00496,-0.02403,-0.00115,0.00000,0.00000,-0.101,-0.008,0
197.1660,-0.00495,-0.02402,-0.00115,0.00000,0.00000,-0.101,-0.008,0
197.2160,-0.00495,-0.02402,-0.00115,0.00000,0.00000,-0.101,-0.008,0
197.2660,-0.00495,-0.02401,-0.00115,0.00000,0.00000,-0.101,-0.008,0
197.3160,-0.00495,-0.02401,-0.00115,0.00000,0.00000,-0.101,-0.008,0
197.3660,-0.00495,-0.02402,-0.00115,0.00000,0.00000,-0.101,-0.008,0
197.4160,-0.00495,-0.02403,-0.00115,0.00000,0.00000,-0.101,-0.008,0
197.4660,-0.00496,-0.02405,-0.00115,0.00000,0.00000,-0.101,-0.008,0
197.5160,-0.00496,-0.02407,-0.00115,0.00000,0.00000,-0.101,-0.008,0
197.5660,-0.00496,-0.02408,-0.00115,0.00000,0.00000,-0.101,-0.008,0
197.6160,-0.00497,-0.02410,-0.00115,0.00000,0.00000,-0.101,-0.008,0
197.6660,-0.00498,-0.02413,-0.00115,0.00000,0.00000,-0.101,-0.008,0
197.7160,-0.00498,-0.02416,-0.00115,0.00000,0.00000,-0.101,-0.008,0
197.7660,-0.00499,-0.02419,-0.00115,0.00000,0.00000,-0.101,-0.008,0
197.8160,-0.00499,-0.02421,-0.00115,0.00000,0.00000,-0.101,-0.008,0
197.8660,-0.00499,-0.02422,-0.00115,0.00000,0.00000,-0.102,-0.008,0
197.9160,-0.00499,-0.02422,-0.00115,0.00000,0.00000,-0.102,-0.008,0
197.9660,-0.00500,-0.02424,-0.00115,0.00000,0.00000,-0.102,-0.008,0
198.0160,-0.00500,-0.02425,-0.00115,0.00000,0.00000,-0.102,-0.008,0
198.0660,-0.00500,-0.02424,-0.00115,0.00000,0.00000,-0.102,-0.008,0
198.1160,-0.00500,-0.02425,-0.00115,0.00000,0.00000,-0.102,-0.008,0
198.1660,-0.00500,-0.02427,-0.00115,0.00000,0.00000,-0.102,-0.008,0
198.2160,-0.00501,-0.02429,-0.00115,0.00000,0.00000,-0.102,-0.008,0
198.2660,-0.00501,-0.02432,-0.00115,0.00000,0.00000,-0.102,-0.008,0
198.3160,-0.00502,-0.02435,-0.00115,0.00000,0.00000,-0.102,-0.008,0
198.3660,-0.00503,-0.02438,-0.00115,0.00000,0.00000,-0.102,-0.008,0
198.4160,-0.00503,-0.02441,-0.00115,0.00000,0.00000,-0.102,-0.008,0
198.4660,-0.00504,-0.02445,-0.00115,0.00000,0.00000,-0.103,-0.008,0
198.5160,-0.00505,-0.02449,-0.00115,0.00000,0.00000,-0.103,-0.008,0
198.5660,-0.00506,-0.02452,-0.00115,0.00000,0.00000,-0.103,-0.008,0
198.6160,-0.00506,-0.02455,-0.00115,0.00000,0.00000,-0.103,-0.008,0
198.6660,-0.00507,-0.02458,-0.00115,0.00000,0.00000,-0.103,-0.008,0
198.7160,-0.00507,-0.02462,-0.00115,0.00000,0.00000,-0.103,-0.008,0
198.7660,-0.00508,-0.02466,-0.00115,0.00000,0.00000,-0.104,-0.008,0
198.8160,-0.00509,-0.02468,-0.00115,0.00000,0.00000,-0.104,-0.008,0
198.8660,-0.00509,-0.02471,-0.00115,0.00000,0.00000,-0.104,-0.008,0
198.9160,-0.00509,-0.02472,-0.00115,0.00000,0.00000,-0.104,-0.008,0
198.9660,-0.00510,-0.02474,-0.00115,0.00000,0.00000,-0.104,-0.008,0
199.0160,-0.00510,-0.02476,-0.00115,0.00000,0.00000,-0.104,-0.008,0
199.0660,-0.00510,-0.02477,-0.00115,0.00000,0.00000,-0.104,-0.008,0
199.1160,-0.00510,-0.02479,-0.00115,0.00000,0.00000,-0.104,-0.008,0
199.1660,-0.00511,-0.02480,-0.00115,0.00000,0.00000,-0.104,-0.008,0
199.2160,-0.00511,-0.02482,-0.00115,0.00000,0.00000,-0.105,-0.008,0
199.2660,-0.00511,-0.02484,-0.00115,0.00000,0.00000,-0.105,-0.008,0
199.3160,-0.00511,-0.02485,-0.00115,0.00000,0.00000,-0.105,-0.008,0
199.3660,-0.00511,-0.02486,-0.00115,0.00000,0.00000,-0.105,-0.008,0
199.4160,-0.00511,-0.02486,-0.00115,0.00000,0.00000,-0.105,-0.008,0
199.4660,-0.00512,-0.02487,-0.00115,0.00000,0.00000,-0.105,-0.008,0
199.5160,-0.00512,-0.02489,-0.00115,0.00000,0.00000,-0.105,-0.008,0
199.5660,-0.00512,-0.02490,-0.00115,0.00000,0.00000,-0.105,-0.008,0
199.6160,-0.00512,-0.02491,-0.00115,0.00000,0.00000,-0.105,-0.008,0
199.6660,-0.00512,-0.02492,-0.00115,0.00000,0.00000,-0.105,-0.008,0
199.7160,-0.00513,-0.02494,-0.00115,0.00000,0.00000,-0.105,-0.008,0
199.7660,-0.00513,-0.02496,-0.00115,0.00000,0.00000,-0.106,-0.009,0
199.8160,-0.00513,-0.02499,-0.00115,0.00000,0.00000,-0.106,-0.009,0
199.8660,-0.00514,-0.02500,-0.00115,0.00000,0.00000,-0.106,-0.009,0
199.9160,-0.00514,-0.02502,-0.00115,0.00000,0.00000,-0.106,-0.009,0
199.9660,-0.00515,-0.02504,-0.00115,0.00000,0.00000,-0.106,-0.009,0
200.0160,-0.00515,-0.02505,-0.00115,0.00000,0.00000,-0.106,-0.009,0
200.0660,-0.00514,-0.02505,-0.00115,0.00000,0.00000,-0.106,-0.009,0
200.1160,-0.00514,-0.02504,-0.00115,0.00000,0.00000,-0.106,-0.009,0
200.1660,-0.00514,-0.02504,-0.00115,0.00000,0.00000,-0.106,-0.009,0
200.2160,-0.00514,-0.02504,-0.00115,0.00000,0.00000,-0.106,-0.009,0
200.2660,-0.00514,-0.02503,-0.00115,0.00000,0.00000,-0.106,-0.009,0
200.3160,-0.00513,-0.02502,-0.00115,0.00000,0.00000,-0.106,-0.009,0
200.3660,-0.00513,-0.02502,-0.00115,0.00000,0.00000,-0.106,-0.009,0
200.4160,-0.00514,-0.02504,-0.00115,0.00000,0.00000,-0.106,-0.009,0
200.4660,-0.00514,-0.02504,-0.00115,0.00000,0.00000,-0.106,-0.009,0
200.5160,-0.00514,-0.02505,-0.00115,0.00000,0.00000,-0.106,-0.009,0
200.5660,-0.00514,-0.02506,-0.00115,0.00000,0.00000,-0.106,-0.009,0
200.6160,-0.00515,-0.02509,-0.00115,0.00000,0.00000,-0.107,-0.009,0
200.6660,-0.00516,-0.02513,-0.00115,0.00000,0.00000,-0.107,-0.009,0
200.7160,-0.00516,-0.02516,-0.00115,0.00000,0.00000,-0.107,-0.009,0
200.7660,-0.00517,-0.02519,-0.00115,0.00000,0.00000,-0.107,-0.009,0
200.8160,-0.00518,-0.02522,-0.00115,0.00000,0.00000,-0.107,-0.009,0
200.8660,-0.00518,-0.02524,-0.00115,0.00000,0.00000,-0.107,-0.009,0
200.9160,-0.00519,-0.02527,-0.00115,0.00000,0.00000,-0.108,-0.009,0
200.9660,-0.00519,-0.02529,-0.00115,0.00000,0.00000,-0.108,-0.009,0
201.0160,-0.00519,-0.02530,-0.00115,0.00000,0.00000,-0.108,-0.009,0
201.0660,-0.00519,-0.02528,-0.00115,0.00000,0.00000,-0.108,-0.009,0
201.1160,-0.00518,-0.02526,-0.00115,0.00000,0.00000,-0.108,-0.009,0
201.1660,-0.00518,-0.02525,-0.00115,0.00000,0.00000,-0.108,-0.009,0
201.2160,-0.00518,-0.02525,-0.00115,0.00000,0.00000,-0.108,-0.009,0
201.2660,-0.00518,-0.02525,-0.00115,0.00000,0.00000,-0.108,-0.009,0
201.3160,-0.00518,-0.02527,-0.00115,0.00000,0.00000,-0.108,-0.009,0
201.3660,-0.00519,-0.02530,-0.00115,0.00000,0.00000,-0.108,-0.009,0
201.4160,-0.00520,-0.02533,-0.00115,0.00000,0.00000,-0.108,-0.009,0
201.4660,-0.00520,-0.02536,-0.00115,0.00000,0.00000,-0.108,-0.009,0
201.5160,-0.00521,-0.02538,-0.00115,0.00000,0.00000,-0.108,-0.009,0
201.5660,-0.00521,-0.02541,-0.00115,0.00000,0.00000,-0.108,-0.009,0
201.6160,-0.00522,-0.02544,-0.00115,0.00000,0.00000,-0.109,-0.009,0
201.6660,-0.00523,-0.02547,-0.00115,0.00000,0.00000,-0.109,-0.009,0
201.7160,-0.00523,-0.02551,-0.00115,0.00000,0.00000,-0.109,-0.009,0
201.7660,-0.00524,-0.02554,-0.00115,0.00000,0.00000,-0.109,-0.009,0
201.8160,-0.00524,-0.02556,-0.00115,0.00000,0.00000,-0.109,-0.009,0
201.8660,-0.00525,-0.02557,-0.00115,0.00000,0.00000,-0.109,-0.009,0
201.9160,-0.00525,-0.02557,-0.00115,0.00000,0.00000,-0.109,-0.009,0
201.9660,-0.00524,-0.02557,-0.00115,0.00000,0.00000,-0.109,-0.009,0
202.0160,-0.00524,-0.02557,-0.00115,0.00000,0.00000,-0.109,-0.009,0
202.0660,-0.00524,-0.02555,-0.00115,0.00000,0.00000,-0.109,-0.009,0
202.1160,-0.00524,-0.02555,-0.00115,0.00000,0.00000,-0.109,-0.009,0
202.1660,-0.00523,-0.02554,-0.00115,0.00000,0.00000,-0.109,-0.009,0
202.2160,-0.00524,-0.02555,-0.00115,0.00000,0.00000,-0.109,-0.009,0
202.2660,-0.00524,-0.02556,-0.00115,0.00000,0.00000,-0.109,-0.009,0
202.3160,-0.00524,-0.02557,-0.00115,0.00000,0.00000,-0.109,-0.009,0
202.3660,-0.00524,-0.02559,-0.00115,0.00000,0.00000,-0.110,-0.009,0
202.4160,-0.00525,-0.02561,-0.00115,0.00000,0.00000,-0.110,-0.009,0
202.4660,-0.00525,-0.02564,-0.00115,0.00000,0.00000,-0.110,-0.009,0
202.5160,-0.00525,-0.02565,-0.00115,0.00000,0.00000,-0.110,-0.009,0
202.5660,-0.00526,-0.02565,-0.00115,0.00000,0.00000,-0.110,-0.009,0
202.6160,-0.00525,-0.02565,-0.00115,0.00000,0.00000,-0.110,-0.009,0
202.6660,-0.00525,-0.02565,-0.00115,0.00000,0.00000,-0.110,-0.009,0
202.7160,-0.00525,-0.02563,-0.00115,0.00000,0.00000,-0.110,-0.009,0
202.7660,-0.00525,-0.02562,-0.00115,0.00000,0.00000,-0.110,-0.009,0
202.8160,-0.00524,-0.02561,-0.00115,0.00000,0.00000,-0.110,-0.009,0
202.8660,-0.00524,-0.02561,-0.00115,0.00000,0.00000,-0.110,-0.009,0
202.9160,-0.00524,-0.02561,-0.00115,0.00000,0.00000,-0.110,-0.009,0
202.9660,-0.00524,-0.02561,-0.00115,0.00000,0.00000,-0.110,-0.009,0
203.0160,-0.00524,-0.02560,-0.00115,0.00000,0.00000,-0.110,-0.009,0
203.0660,-0.00524,-0.02559,-0.00115,0.00000,0.00000,-0.110,-0.009,0
203.1160,-0.00523,-0.02557,-0.00115,0.00000,0.00000,-0.110,-0.009,0
203.1660,-0.00523,-0.02556,-0.00115,0.00000,0.00000,-0.110,-0.009,0
203.2160,-0.00523,-0.02556,-0.00115,0.00000,0.00000,-0.110,-0.009,0
203.2660,-0.00523,-0.02557,-0.00115,0.00000,0.00000,-0.110,-0.009,0
203.3160,-0.00523,-0.02556,-0.00115,0.00000,0.00000,-0.110,-0.009,0
203.3660,-0.00523,-0.02555,-0.00115,0.00000,0.00000,-0.110,-0.009,0
203.4160,-0.00522,-0.02553,-0.00115,0.00000,0.00000,-0.110,-0.009,0
203.4660,-0.00522,-0.02552,-0.00115,0.00000,0.00000,-0.110,-0.009,0
203.5160,-0.00522,-0.02551,-0.00115,0.00000,0.00000,-0.110,-0.009,0
203.5660,-0.00521,-0.02548,-0.00115,0.00000,0.00000,-0.110,-0.009,0
203.6160,-0.00520,-0.02545,-0.00115,0.00000,0.00000,-0.109,-0.009,0
203.6660,-0.00520,-0.02541,-0.00115,0.00000,0.00000,-0.109,-0.009,0
203.7160,-0.00519,-0.02537,-0.00115,0.00000,0.00000,-0.109,-0.009,0
203.7660,-0.00518,-0.02533,-0.00115,0.00000,0.00000,-0.109,-0.009,0
203.8160,-0.00517,-0.02530,-0.00115,0.00000,0.00000,-0.109,-0.009,0
203.8660,-0.00517,-0.02527,-0.00115,0.00000,0.00000,-0.109,-0.009,0
203.9160,-0.00516,-0.02525,-0.00115,0.00000,0.00000,-0.109,-0.009,0
203.9660,-0.00516,-0.02524,-0.00115,0.00000,0.00000,-0.109,-0.009,0
204.0160,-0.00516,-0.02523,-0.00115,0.00000,0.00000,-0.108,-0.009,0
204.0660,-0.00516,-0.02521,-0.00115,0.00000,0.00000,-0.108,-0.009,0
204.1160,-0.00515,-0.02518,-0.00115,0.00000,0.00000,-0.108,-0.009,0
204.1660,-0.00515,-0.02516,-0.00115,0.00000,0.00000,-0.108,-0.009,0
204.2160,-0.00515,-0.02516,-0.00115,0.00000,0.00000,-0.108,-0.009,0
204.2660,-0.00515,-0.02516,-0.00115,0.00000,0.00000,-0.108,-0.009,0
204.3160,-0.00515,-0.02516,-0.00115,0.00000,0.00000,-0.108,-0.009,0
204.3660,-0.00515,-0.02515,-0.00115,0.00000,0.00000,-0.108,-0.009,0
204.4160,-0.00514,-0.02513,-0.00115,0.00000,0.00000,-0.108,-0.009,0
204.4660,-0.00514,-0.02511,-0.00115,0.00000,0.00000,-0.108,-0.009,0
204.5160,-0.00514,-0.02510,-0.00115,0.00000,0.00000,-0.108,-0.009,0
204.5660,-0.00514,-0.02508,-0.00115,0.00000,0.00000,-0.108,-0.009,0
204.6160,-0.00514,-0.02507,-0.00115,0.00000,0.00000,-0.108,-0.009,0
204.6660,-0.00514,-0.02507,-0.00115,0.00000,0.00000,-0.108,-0.009,0
204.7160,-0.00513,-0.02506,-0.00115,0.00000,0.00000,-0.108,-0.009,0
204.7660,-0.00513,-0.02505,-0.00115,0.00000,0.00000,-0.108,-0.009,0
204.8160,-0.00513,-0.02503,-0.00115,0.00000,0.00000,-0.107,-0.009,0
204.8660,-0.00512,-0.02501,-0.00115,0.00000,0.00000,-0.107,-0.009,0
204.9160,-0.00512,-0.02500,-0.00115,0.00000,0.00000,-0.107,-0.009,0
204.9660,-0.00512,-0.02500,-0.00115,0.00000,0.00000,-0.107,-0.009,0
205.0160,-0.00513,-0.02502,-0.00115,0.00000,0.00000,-0.107,-0.009,0
205.0660,-0.00513,-0.02504,-0.00115,0.00000,0.00000,-0.107,-0.009,0
205.1160,-0.00514,-0.02506,-0.00115,0.00000,0.00000,-0.107,-0.009,0
205.1660,-0.00514,-0.02507,-0.00115,0.00000,0.00000,-0.107,-0.009,0
205.2160,-0.00515,-0.02509,-0.00115,0.00000,0.00000,-0.107,-0.009,0
205.2660,-0.00515,-0.02511,-0.00115,0.00000,0.00000,-0.108,-0.009,0
205.3160,-0.00516,-0.02512,-0.00115,0.00000,0.00000,-0.108,-0.009,0
205.3660,-0.00516,-0.02512,-0.00115,0.00000,0.00000,-0.108,-0.009,0
205.4160,-0.00516,-0.02513,-0.00115,0.00000,0.00000,-0.108,-0.009,0
205.4660,-0.00516,-0.02514,-0.00115,0.00000,0.00000,-0.108,-0.009,0
205.5160,-0.00516,-0.02514,-0.00115,0.00000,0.00000,-0.108,-0.009,0
205.5660,-0.00516,-0.02513,-0.00115,0.00000,0.00000,-0.108,-0.009,0
205.6160,-0.00515,-0.02510,-0.00115,0.00000,0.00000,-0.108,-0.009,0
205.6660,-0.00515,-0.02508,-0.00115,0.00000,0.00000,-0.107,-0.009,0
205.7160,-0.00515,-0.02508,-0.00115,0.00000,0.00000,-0.107,-0.009,0
205.7660,-0.00515,-0.02509,-0.00115,0.00000,0.00000,-0.107,-0.009,0
205.8160,-0.00515,-0.02509,-0.00115,0.00000,0.00000,-0.107,-0.009,0
205.8660,-0.00515,-0.02510,-0.00115,0.00000,0.00000,-0.107,-0.009,0
205.9160,-0.00515,-0.02509,-0.00115,0.00000,0.00000,-0.107,-0.009,0
205.9660,-0.00514,-0.02508,-0.00115,0.00000,0.00000,-0.107,-0.009,0
206.0160,-0.00514,-0.02507,-0.00115,0.00000,0.00000,-0.107,-0.009,0
206.0660,-0.00514,-0.02507,-0.00115,0.00000,0.00000,-0.107,-0.009,0
206.1160,-0.00514,-0.02508,-0.00115,0.00000,0.00000,-0.107,-0.009,0
206.1660,-0.00515,-0.02510,-0.00115,0.00000,0.00000,-0.107,-0.009,0
206.2160,-0.00516,-0.02514,-0.00115,0.00000,0.00000,-0.107,-0.009,0
206.2660,-0.00517,-0.02517,-0.00115,0.00000,0.00000,-0.108,-0.009,0
206.3160,-0.00517,-0.02518,-0.00115,0.00000,0.00000,-0.108,-0.009,0
206.3660,-0.00517,-0.02518,-0.00115,0.00000,0.00000,-0.108,-0.009,0
206.4160,-0.00517,-0.02517,-0.00115,0.00000,0.00000,-0.108,-0.009,0
206.4660,-0.00517,-0.02517,-0.00115,0.00000,0.00000,-0.108,-0.009,0
206.5160,-0.00517,-0.02517,-0.00115,0.00000,0.00000,-0.108,-0.009,0
206.5660,-0.00517,-0.02517,-0.00115,0.00000,0.00000,-0.108,-0.009,0
206.6160,-0.00517,-0.02518,-0.00115,0.00000,0.00000,-0.108,-0.009,0
206.6660,-0.00517,-0.02518,-0.00115,0.00000,0.00000,-0.108,-0.009,0
206.7160,-0.00517,-0.02518,-0.00115,0.00000,0.00000,-0.108,-0.009,0
206.7660,-0.00517,-0.02518,-0.00115,0.00000,0.00000,-0.108,-0.009,0
206.8160,-0.00516,-0.02518,-0.00115,0.00000,0.00000,-0.108,-0.009,0
206.8660,-0.00517,-0.02519,-0.00115,0.00000,0.00000,-0.108,-0.009,0
206.9160,-0.00517,-0.02520,-0.00115,0.00000,0.00000,-0.108,-0.009,0
206.9660,-0.00517,-0.02520,-0.00115,0.00000,0.00000,-0.108,-0.009,0
207.0160,-0.00517,-0.02520,-0.00115,0.00000,0.00000,-0.108,-0.009,0
207.0660,-0.00517,-0.02519,-0.00115,0.00000,0.00000,-0.108,-0.009,0
207.1160,-0.00516,-0.02518,-0.00115,0.00000,0.00000,-0.108,-0.009,0
207.1660,-0.00516,-0.02518,-0.00115,0.00000,0.00000,-0.108,-0.009,0
207.2160,-0.00517,-0.02520,-0.00115,0.00000,0.00000,-0.108,-0.009,0
207.2660,-0.00517,-0.02521,-0.00115,0.00000,0.00000,-0.108,-0.009,0
207.3160,-0.00517,-0.02521,-0.00115,0.00000,0.00000,-0.108,-0.009,0
207.3660,-0.00517,-0.02521,-0.00115,0.00000,0.00000,-0.108,-0.009,0
207.4160,-0.00517,-0.02520,-0.00115,0.00000,0.00000,-0.108,-0.009,0
207.4660,-0.00516,-0.02518,-0.00115,0.00000,0.00000,-0.108,-0.009,0
207.5160,-0.00516,-0.02515,-0.00115,0.00000,0.00000,-0.108,-0.009,0
207.5660,-0.00515,-0.02513,-0.00115,0.00000,0.00000,-0.107,-0.009,0
207.6160,-0.00515,-0.02511,-0.00115,0.00000,0.00000,-0.107,-0.009,0
207.6660,-0.00514,-0.02510,-0.00115,0.00000,0.00000,-0.107,-0.009,0
207.7160,-0.00515,-0.02511,-0.00115,0.00000,0.00000,-0.107,-0.009,0
207.7660,-0.00515,-0.02511,-0.00115,0.00000,0.00000,-0.107,-0.009,0
207.8160,-0.00515,-0.02511,-0.00115,0.00000,0.00000,-0.107,-0.009,0
207.8660,-0.00515,-0.02511,-0.00115,0.00000,0.00000,-0.107,-0.009,0
207.9160,-0.00515,-0.02512,-0.00115,0.00000,0.00000,-0.107,-0.009,0
207.9660,-0.00515,-0.02512,-0.00115,0.00000,0.00000,-0.107,-0.009,0
208.0160,-0.00515,-0.02512,-0.00115,0.00000,0.00000,-0.107,-0.009,0
208.0660,-0.00515,-0.02512,-0.00115,0.00000,0.00000,-0.107,-0.009,0
208.1160,-0.00515,-0.02512,-0.00115,0.00000,0.00000,-0.107,-0.009,0
208.1660,-0.00515,-0.02512,-0.00115,0.00000,0.00000,-0.107,-0.009,0
208.2160,-0.00515,-0.02512,-0.00115,0.00000,0.00000,-0.107,-0.009,0
208.2660,-0.00515,-0.02511,-0.00115,0.00000,0.00000,-0.107,-0.009,0
208.3160,-0.00515,-0.02510,-0.00115,0.00000,0.00000,-0.107,-0.009,0
208.3660,-0.00514,-0.02507,-0.00115,0.00000,0.00000,-0.107,-0.009,0
208.4160,-0.00513,-0.02504,-0.00115,0.00000,0.00000,-0.107,-0.009,0
208.4660,-0.00512,-0.02501,-0.00115,0.00000,0.00000,-0.107,-0.009,0
208.5160,-0.00512,-0.02497,-0.00115,0.00000,0.00000,-0.107,-0.009,0
208.5660,-0.00511,-0.02493,-0.00115,0.00000,0.00000,-0.107,-0.009,0
208.6160,-0.00510,-0.02490,-0.00115,0.00000,0.00000,-0.106,-0.009,0
208.6660,-0.00509,-0.02486,-0.00115,0.00000,0.00000,-0.106,-0.009,0
208.7160,-0.00508,-0.02481,-0.00115,0.00000,0.00000,-0.106,-0.009,0
208.7660,-0.00507,-0.02477,-0.00115,0.00000,0.00000,-0.106,-0.009,0
208.8160,-0.00507,-0.02476,-0.00115,0.00000,0.00000,-0.106,-0.009,0
208.8660,-0.00507,-0.02475,-0.00115,0.00000,0.00000,-0.106,-0.009,0
208.9160,-0.00507,-0.02476,-0.00115,0.00000,0.00000,-0.106,-0.009,0
208.9660,-0.00508,-0.02477,-0.00115,0.00000,0.00000,-0.106,-0.009,0
209.0160,-0.00508,-0.02478,-0.00115,0.00000,0.00000,-0.106,-0.009,0
209.0660,-0.00508,-0.02479,-0.00115,0.00000,0.00000,-0.106,-0.009,0
209.1160,-0.00508,-0.02479,-0.00115,0.00000,0.00000,-0.106,-0.009,0
209.1660,-0.00508,-0.02479,-0.00115,0.00000,0.00000,-0.106,-0.009,0
209.2160,-0.00508,-0.02479,-0.00115,0.00000,0.00000,-0.106,-0.009,0
209.2660,-0.00508,-0.02477,-0.00115,0.00000,0.00000,-0.106,-0.009,0
209.3160,-0.00508,-0.02476,-0.00115,0.00000,0.00000,-0.106,-0.009,0
209.3660,-0.00508,-0.02474,-0.00115,0.00000,0.00000,-0.106,-0.009,0
209.4160,-0.00507,-0.02472,-0.00115,0.00000,0.00000,-0.105,-0.008,0
209.4660,-0.00507,-0.02470,-0.00115,0.00000,0.00000,-0.105,-0.008,0
209.5160,-0.00507,-0.02470,-0.00115,0.00000,0.00000,-0.105,-0.008,0
209.5660,-0.00507,-0.02471,-0.00115,0.00000,0.00000,-0.105,-0.009,0
209.6160,-0.00507,-0.02471,-0.00115,0.00000,0.00000,-0.105,-0.009,0
209.6660,-0.00507,-0.02471,-0.00115,0.00000,0.00000,-0.105,-0.009,0
209.7160,-0.00507,-0.02471,-0.00115,0.00000,0.00000,-0.105,-0.009,0
209.7660,-0.00507,-0.02471,-0.00115,0.00000,0.00000,-0.105,-0.008,0
209.8160,-0.00508,-0.02471,-0.00115,0.00000,0.00000,-0.105,-0.009,0
209.8660,-0.00508,-0.02472,-0.00115,0.00000,0.00000,-0.105,-0.008,0
209.9160,-0.00508,-0.02472,-0.00115,0.00000,0.00000,-0.105,-0.008,0
209.9660,-0.00508,-0.02472,-0.00115,0.00000,0.00000,-0.105,-0.008,0
210.0160,-0.00508,-0.02471,-0.00115,0.00000,0.00000,-0.105,-0.008,0
210.0660,-0.00507,-0.02469,-0.00115,0.00000,0.00000,-0.105,-0.008,0
210.1160,-0.00507,-0.02467,-0.00115,0.00000,0.00000,-0.105,-0.008,0
210.1660,-0.00506,-0.02464,-0.00115,0.00000,0.00000,-0.105,-0.008,0
210.2160,-0.00505,-0.02461,-0.00115,0.00000,0.00000,-0.105,-0.008,0
210.2660,-0.00504,-0.02457,-0.00115,0.00000,0.00000,-0.105,-0.008,0
210.3160,-0.00503,-0.02452,-0.00115,0.00000,0.00000,-0.104,-0.008,0
210.3660,-0.00502,-0.02447,-0.00115,0.00000,0.00000,-0.104,-0.008,0
210.4160,-0.00501,-0.02442,-0.00115,0.00000,0.00000,-0.104,-0.008,0
210.4660,-0.00500,-0.02438,-0.00115,0.00000,0.00000,-0.104,-0.008,0
210.5160,-0.00500,-0.02435,-0.00115,0.00000,0.00000,-0.103,-0.008,0
210.5660,-0.00499,-0.02433,-0.00115,0.00000,0.00000,-0.103,-0.008,0
210.6160,-0.00499,-0.02431,-0.00115,0.00000,0.00000,-0.103,-0.008,0
210.6660,-0.00499,-0.02429,-0.00115,0.00000,0.00000,-0.103,-0.008,0
210.7160,-0.00498,-0.02428,-0.00115,0.00000,0.00000,-0.103,-0.008,0
210.7660,-0.00498,-0.02427,-0.00115,0.00000,0.00000,-0.103,-0.008,0
210.8160,-0.00498,-0.02427,-0.00115,0.00000,0.00000,-0.103,-0.008,0
210.8660,-0.00499,-0.02427,-0.00115,0.00000,0.00000,-0.103,-0.008,0
210.9160,-0.00499,-0.02429,-0.00115,0.00000,0.00000,-0.103,-0.008,0
210.9660,-0.00499,-0.02430,-0.00115,0.00000,0.00000,-0.103,-0.008,0
211.0160,-0.00500,-0.02432,-0.00115,0.00000,0.00000,-0.103,-0.008,0
211.0660,-0.00500,-0.02432,-0.00115,0.00000,0.00000,-0.103,-0.008,0
211.1160,-0.00500,-0.02433,-0.00115,0.00000,0.00000,-0.103,-0.008,0
211.1660,-0.00500,-0.02433,-0.00115,0.00000,0.00000,-0.103,-0.008,0
211.2160,-0.00501,-0.02434,-0.00115,0.00000,0.00000,-0.103,-0.008,0
211.2660,-0.00501,-0.02435,-0.00115,0.00000,0.00000,-0.103,-0.008,0
211.3160,-0.00501,-0.02437,-0.00115,0.00000,0.00000,-0.103,-0.008,0
211.3660,-0.00502,-0.02438,-0.00115,0.00000,0.00000,-0.103,-0.008,0
211.4160,-0.00502,-0.02439,-0.00115,0.00000,0.00000,-0.103,-0.008,0
211.4660,-0.00503,-0.02441,-0.00115,0.00000,0.00000,-0.103,-0.008,0
211.5160,-0.00503,-0.02442,-0.00115,0.00000,0.00000,-0.103,-0.008,0
211.5660,-0.00503,-0.02443,-0.00115,0.00000,0.00000,-0.103,-0.008,0
211.6160,-0.00503,-0.02444,-0.00115,0.00000,0.00000,-0.103,-0.008,0
211.6660,-0.00503,-0.02445,-0.00115,0.00000,0.00000,-0.103,-0.008,0
211.7160,-0.00503,-0.02444,-0.00115,0.00000,0.00000,-0.103,-0.008,0
211.7660,-0.00503,-0.02444,-0.00115,0.00000,0.00000,-0.103,-0.008,0
211.8160,-0.00503,-0.02444,-0.00115,0.00000,0.00000,-0.103,-0.008,0
211.8660,-0.00503,-0.02444,-0.00115,0.00000,0.00000,-0.103,-0.008,0
211.9160,-0.00503,-0.02444,-0.00115,0.00000,0.00000,-0.103,-0.008,0
211.9660,-0.00503,-0.02443,-0.00115,0.00000,0.00000,-0.103,-0.008,0
212.0160,-0.00503,-0.02444,-0.00115,0.00000,0.00000,-0.103,-0.008,0
212.0660,-0.00503,-0.02444,-0.00115,0.00000,0.00000,-0.103,-0.008,0
212.1160,-0.00503,-0.02444,-0.00115,0.00000,0.00000,-0.103,-0.008,0
212.1660,-0.00503,-0.02443,-0.00115,0.00000,0.00000,-0.103,-0.008,0
212.2160,-0.00502,-0.02442,-0.00115,0.00000,0.00000,-0.103,-0.008,0
212.2660,-0.00502,-0.02440,-0.00115,0.00000,0.00000,-0.103,-0.008,0
212.3160,-0.00501,-0.02438,-0.00115,0.00000,0.00000,-0.103,-0.008,0
212.3660,-0.00501,-0.02436,-0.00115,0.00000,0.00000,-0.103,-0.008,0
212.4160,-0.00501,-0.02435,-0.00115,0.00000,0.00000,-0.103,-0.008,0
212.4660,-0.00501,-0.02434,-0.00115,0.00000,0.00000,-0.103,-0.008,0
212.5160,-0.00500,-0.02434,-0.00115,0.00000,0.00000,-0.103,-0.008,0
212.5660,-0.00500,-0.02434,-0.00115,0.00000,0.00000,-0.103,-0.008,0
212.6160,-0.00501,-0.02435,-0.00115,0.00000,0.00000,-0.103,-0.008,0
212.6660,-0.00501,-0.02437,-0.00115,0.00000,0.00000,-0.103,-0.008,0
212.7160,-0.00502,-0.02438,-0.00115,0.00000,0.00000,-0.103,-0.008,0
212.7660,-0.00502,-0.02440,-0.00115,0.00000,0.00000,-0.103,-0.008,0
212.8160,-0.00502,-0.02442,-0.00115,0.00000,0.00000,-0.103,-0.008,0
212.8660,-0.00503,-0.02444,-0.00115,0.00000,0.00000,-0.103,-0.008,0
212.9160,-0.00503,-0.02445,-0.00115,0.00000,0.00000,-0.103,-0.008,0
212.9660,-0.00503,-0.02446,-0.00115,0.00000,0.00000,-0.103,-0.008,0
213.0160,-0.00504,-0.02447,-0.00115,0.00000,0.00000,-0.103,-0.008,0
213.0660,-0.00504,-0.02447,-0.00115,0.00000,0.00000,-0.103,-0.008,0
213.1160,-0.00504,-0.02447,-0.00115,0.00000,0.00000,-0.103,-0.008,0
213.1660,-0.00504,-0.02447,-0.00115,0.00000,0.00000,-0.103,-0.008,0
213.2160,-0.00503,-0.02447,-0.00115,0.00000,0.00000,-0.103,-0.008,0
213.2660,-0.00503,-0.02445,-0.00115,0.00000,0.00000,-0.103,-0.008,0
213.3160,-0.00503,-0.02444,-0.00115,0.00000,0.00000,-0.103,-0.008,0
213.3660,-0.00503,-0.02445,-0.00115,0.00000,0.00000,-0.103,-0.008,0
213.4160,-0.00503,-0.02444,-0.00115,0.00000,0.00000,-0.103,-0.008,0
213.4660,-0.00503,-0.02444,-0.00115,0.00000,0.00000,-0.103,-0.008,0
213.5160,-0.00503,-0.02444,-0.00115,0.00000,0.00000,-0.103,-0.008,0
213.5660,-0.00503,-0.02445,-0.00115,0.00000,0.00000,-0.103,-0.008,0
213.6160,-0.00503,-0.02446,-0.00115,0.00000,0.00000,-0.103,-0.008,0
213.6660,-0.00503,-0.02447,-0.00115,0.00000,0.00000,-0.103,-0.008,0
213.7160,-0.00504,-0.02448,-0.00115,0.00000,0.00000,-0.103,-0.008,0
213.7660,-0.00504,-0.02449,-0.00115,0.00000,0.00000,-0.103,-0.008,0
213.8160,-0.00504,-0.02450,-0.00115,0.00000,0.00000,-0.103,-0.008,0
213.8660,-0.00504,-0.02450,-0.00115,0.00000,0.00000,-0.103,-0.008,0
213.9160,-0.00504,-0.02451,-0.00115,0.00000,0.00000,-0.104,-0.008,0
213.9660,-0.00504,-0.02451,-0.00115,0.00000,0.00000,-0.104,-0.008,0
214.0160,-0.00505,-0.02453,-0.00115,0.00000,0.00000,-0.104,-0.008,0
214.0660,-0.00505,-0.02454,-0.00115,0.00000,0.00000,-0.104,-0.008,0
214.1160,-0.00505,-0.02455,-0.00115,0.00000,0.00000,-0.104,-0.008,0
214.1660,-0.00505,-0.02455,-0.00115,0.00000,0.00000,-0.104,-0.008,0
214.2160,-0.00505,-0.02455,-0.00115,0.00000,0.00000,-0.104,-0.008,0
214.2660,-0.00505,-0.02455,-0.00115,0.00000,0.00000,-0.104,-0.008,0
214.3160,-0.00505,-0.02454,-0.00115,0.00000,0.00000,-0.104,-0.008,0
214.3660,-0.00505,-0.02453,-0.00115,0.00000,0.00000,-0.104,-0.008,0
214.4160,-0.00504,-0.02451,-0.00115,0.00000,0.00000,-0.104,-0.008,0
214.4660,-0.00503,-0.02448,-0.00115,0.00000,0.00000,-0.103,-0.008,0
214.5160,-0.00502,-0.02444,-0.00115,0.00000,0.00000,-0.103,-0.008,0
214.5660,-0.00501,-0.02440,-0.00115,0.00000,0.00000,-0.103,-0.008,0
214.6160,-0.00501,-0.02437,-0.00115,0.00000,0.00000,-0.103,-0.008,0
214.6660,-0.00500,-0.02433,-0.00115,0.00000,0.00000,-0.103,-0.008,0
214.7160,-0.00499,-0.02432,-0.00115,0.00000,0.00000,-0.103,-0.008,0
214.7660,-0.00499,-0.02432,-0.00115,0.00000,0.00000,-0.103,-0.008,0
214.8160,-0.00500,-0.02432,-0.00115,0.00000,0.00000,-0.103,-0.008,0
214.8660,-0.00500,-0.02432,-0.00115,0.00000,0.00000,-0.103,-0.008,0
214.9160,-0.00499,-0.02431,-0.00115,0.00000,0.00000,-0.103,-0.008,0
214.9660,-0.00500,-0.02431,-0.00115,0.00000,0.00000,-0.103,-0.008,0
215.0160,-0.00500,-0.02431,-0.00115,0.00000,0.00000,-0.103,-0.008,0
215.0660,-0.00500,-0.02431,-0.00115,0.00000,0.00000,-0.103,-0.008,0
215.1160,-0.00500,-0.02430,-0.00115,0.00000,0.00000,-0.103,-0.008,0
215.1660,-0.00499,-0.02429,-0.00115,0.00000,0.00000,-0.103,-0.008,0
215.2160,-0.00499,-0.02428,-0.00115,0.00000,0.00000,-0.103,-0.008,0
215.2660,-0.00499,-0.02426,-0.00115,0.00000,0.00000,-0.103,-0.008,0
215.3160,-0.00498,-0.02423,-0.00115,0.00000,0.00000,-0.102,-0.008,0
215.3660,-0.00498,-0.02422,-0.00115,0.00000,0.00000,-0.102,-0.008,0
215.4160,-0.00498,-0.02422,-0.00115,0.00000,0.00000,-0.102,-0.008,0
215.4660,-0.00498,-0.02422,-0.00115,0.00000,0.00000,-0.102,-0.008,0
215.5160,-0.00498,-0.02421,-0.00115,0.00000,0.00000,-0.102,-0.008,0
215.5660,-0.00497,-0.02418,-0.00115,0.00000,0.00000,-0.102,-0.008,0
215.6160,-0.00496,-0.02414,-0.00115,0.00000,0.00000,-0.102,-0.008,0
215.6660,-0.00496,-0.02412,-0.00115,0.00000,0.00000,-0.102,-0.008,0
215.7160,-0.00495,-0.02410,-0.00115,0.00000,0.00000,-0.102,-0.008,0
215.7660,-0.00495,-0.02408,-0.00115,0.00000,0.00000,-0.102,-0.008,0
215.8160,-0.00495,-0.02406,-0.00115,0.00000,0.00000,-0.101,-0.008,0
215.8660,-0.00494,-0.02403,-0.00115,0.00000,0.00000,-0.101,-0.008,0
215.9160,-0.00494,-0.02401,-0.00115,0.00000,0.00000,-0.101,-0.008,0
215.9660,-0.00493,-0.02398,-0.00115,0.00000,0.00000,-0.101,-0.008,0
216.0160,-0.00493,-0.02395,-0.00115,0.00000,0.00000,-0.101,-0.008,0
216.0660,-0.00492,-0.02393,-0.00115,0.00000,0.00000,-0.101,-0.008,0
216.1160,-0.00492,-0.02391,-0.00115,0.00000,0.00000,-0.101,-0.008,0
216.1660,-0.00492,-0.02390,-0.00115,0.00000,0.00000,-0.101,-0.008,0
216.2160,-0.00492,-0.02390,-0.00115,0.00000,0.00000,-0.101,-0.008,0
216.2660,-0.00492,-0.02389,-0.00115,0.00000,0.00000,-0.101,-0.008,0
216.3160,-0.00492,-0.02390,-0.00115,0.00000,0.00000,-0.101,-0.008,0
216.3660,-0.00492,-0.02390,-0.00115,0.00000,0.00000,-0.101,-0.008,0
216.4160,-0.00492,-0.02390,-0.00115,0.00000,0.00000,-0.101,-0.008,0
216.4660,-0.00492,-0.02391,-0.00115,0.00000,0.00000,-0.101,-0.008,0
216.5160,-0.00492,-0.02391,-0.00115,0.00000,0.00000,-0.101,-0.008,0
216.5660,-0.00493,-0.02391,-0.00115,0.00000,0.00000,-0.101,-0.008,0
216.6160,-0.00493,-0.02391,-0.00115,0.00000,0.00000,-0.101,-0.008,0
216.6660,-0.00493,-0.02391,-0.00115,0.00000,0.00000,-0.100,-0.008,0
216.7160,-0.00493,-0.02391,-0.00115,0.00000,0.00000,-0.100,-0.008,0
216.7660,-0.00493,-0.02392,-0.00115,0.00000,0.00000,-0.100,-0.008,0
216.8160,-0.00493,-0.02392,-0.00115,0.00000,0.00000,-0.100,-0.008,0
216.8660,-0.00493,-0.02392,-0.00115,0.00000,0.00000,-0.100,-0.008,0
216.9160,-0.00493,-0.02391,-0.00115,0.00000,0.00000,-0.100,-0.008,0
216.9660,-0.00493,-0.02391,-0.00115,0.00000,0.00000,-0.100,-0.008,0
217.0160,-0.00492,-0.02388,-0.00115,0.00000,0.00000,-0.100,-0.008,0
217.0660,-0.00492,-0.02386,-0.00115,0.00000,0.00000,-0.100,-0.008,0
217.1160,-0.00491,-0.02384,-0.00115,0.00000,0.00000,-0.100,-0.008,0
217.1660,-0.00491,-0.02383,-0.00115,0.00000,0.00000,-0.100,-0.008,0
217.2160,-0.00491,-0.02384,-0.00115,0.00000,0.00000,-0.100,-0.008,0
217.2660,-0.00492,-0.02386,-0.00115,0.00000,0.00000,-0.100,-0.008,0
217.3160,-0.00492,-0.02387,-0.00115,0.00000,0.00000,-0.100,-0.008,0
217.3660,-0.00492,-0.02387,-0.00115,0.00000,0.00000,-0.100,-0.008,0
217.4160,-0.00493,-0.02388,-0.00115,0.00000,0.00000,-0.100,-0.008,0
217.4660,-0.00493,-0.02390,-0.00115,0.00000,0.00000,-0.100,-0.008,0
217.5160,-0.00493,-0.02392,-0.00115,0.00000,0.00000,-0.100,-0.008,0
217.5660,-0.00494,-0.02394,-0.00115,0.00000,0.00000,-0.100,-0.008,0
217.6160,-0.00494,-0.02396,-0.00115,0.00000,0.00000,-0.100,-0.008,0
217.6660,-0.00495,-0.02398,-0.00115,0.00000,0.00000,-0.100,-0.008,0
217.7160,-0.00495,-0.02398,-0.00115,0.00000,0.00000,-0.100,-0.008,0
217.7660,-0.00495,-0.02400,-0.00115,0.00000,0.00000,-0.101,-0.008,0
217.8160,-0.00495,-0.02400,-0.00115,0.00000,0.00000,-0.101,-0.008,0
217.8660,-0.00495,-0.02400,-0.00115,0.00000,0.00000,-0.101,-0.008,0
217.9160,-0.00495,-0.02400,-0.00115,0.00000,0.00000,-0.101,-0.008,0
217.9660,-0.00495,-0.02400,-0.00115,0.00000,0.00000,-0.101,-0.008,0
218.0160,-0.00495,-0.02401,-0.00115,0.00000,0.00000,-0.101,-0.008,0
218.0660,-0.00495,-0.02400,-0.00115,0.00000,0.00000,-0.101,-0.008,0
218.1160,-0.00495,-0.02399,-0.00115,0.00000,0.00000,-0.100,-0.008,0
218.1660,-0.00495,-0.02399,-0.00115,0.00000,0.00000,-0.100,-0.008,0
218.2160,-0.00495,-0.02399,-0.00115,0.00000,0.00000,-0.100,-0.008,0
218.2660,-0.00494,-0.02398,-0.00115,0.00000,0.00000,-0.100,-0.008,0
218.3160,-0.00494,-0.02397,-0.00115,0.00000,0.00000,-0.100,-0.008,0
218.3660,-0.00494,-0.02397,-0.00115,0.00000,0.00000,-0.100,-0.008,0
218.4160,-0.00494,-0.02396,-0.00115,0.00000,0.00000,-0.100,-0.008,0
218.4660,-0.00494,-0.02396,-0.00115,0.00000,0.00000,-0.100,-0.008,0
218.5160,-0.00494,-0.02396,-0.00115,0.00000,0.00000,-0.100,-0.008,0
218.5660,-0.00494,-0.02396,-0.00115,0.00000,0.00000,-0.100,-0.008,0
218.6160,-0.00494,-0.02395,-0.00115,0.00000,0.00000,-0.100,-0.008,0
218.6660,-0.00494,-0.02397,-0.00115,0.00000,0.00000,-0.100,-0.008,0
218.7160,-0.00494,-0.02397,-0.00115,0.00000,0.00000,-0.100,-0.008,0
218.7660,-0.00494,-0.02399,-0.00115,0.00000,0.00000,-0.100,-0.008,0
218.8160,-0.00495,-0.02400,-0.00115,0.00000,0.00000,-0.101,-0.008,0
218.8660,-0.00495,-0.02400,-0.00115,0.00000,0.00000,-0.101,-0.008,0
218.9160,-0.00494,-0.02399,-0.00115,0.00000,0.00000,-0.101,-0.008,0
218.9660,-0.00494,-0.02398,-0.00115,0.00000,0.00000,-0.101,-0.008,0
219.0160,-0.00494,-0.02398,-0.00115,0.00000,0.00000,-0.100,-0.008,0
219.0660,-0.00494,-0.02397,-0.00115,0.00000,0.00000,-0.100,-0.008,0
219.1160,-0.00494,-0.02397,-0.00115,0.00000,0.00000,-0.100,-0.008,0
219.1660,-0.00494,-0.02396,-0.00115,0.00000,0.00000,-0.100,-0.008,0
219.2160,-0.00494,-0.02396,-0.00115,0.00000,0.00000,-0.100,-0.008,0
219.2660,-0.00494,-0.02396,-0.00115,0.00000,0.00000,-0.100,-0.008,0
219.3160,-0.00494,-0.02397,-0.00115,0.00000,0.00000,-0.100,-0.008,0
219.3660,-0.00494,-0.02396,-0.00115,0.00000,0.00000,-0.100,-0.008,0
219.4160,-0.00494,-0.02397,-0.00115,0.00000,0.00000,-0.100,-0.008,0
219.4660,-0.00494,-0.02397,-0.00115,0.00000,0.00000,-0.100,-0.008,0
219.5160,-0.00494,-0.02396,-0.00115,0.00000,0.00000,-0.100,-0.008,0
219.5660,-0.00493,-0.02394,-0.00115,0.00000,0.00000,-0.100,-0.008,0
219.6160,-0.00493,-0.02392,-0.00115,0.00000,0.00000,-0.100,-0.008,0
219.6660,-0.00492,-0.02389,-0.00115,0.00000,0.00000,-0.100,-0.008,0
219.7160,-0.00492,-0.02387,-0.00115,0.00000,0.00000,-0.100,-0.008,0
219.7660,-0.00492,-0.02386,-0.00115,0.00000,0.00000,-0.100,-0.008,0
219.8160,-0.00491,-0.02386,-0.00115,0.00000,0.00000,-0.100,-0.008,0
219.8660,-0.00492,-0.02387,-0.00115,0.00000,0.00000,-0.100,-0.008,0
219.9160,-0.00492,-0.02389,-0.00115,0.00000,0.00000,-0.100,-0.008,0
219.9660,-0.00493,-0.02392,-0.00115,0.00000,0.00000,-0.100,-0.008,0
220.0160,-0.00494,-0.02395,-0.00115,0.00000,0.00000,-0.100,-0.008,0
220.0660,-0.00494,-0.02397,-0.00115,0.00000,0.00000,-0.100,-0.008,0
220.1160,-0.00495,-0.02399,-0.00115,0.00000,0.00000,-0.100,-0.008,0
220.1660,-0.00495,-0.02400,-0.00115,0.00000,0.00000,-0.101,-0.008,0
220.2160,-0.00495,-0.02400,-0.00115,0.00000,0.00000,-0.101,-0.008,0
220.2660,-0.00495,-0.02401,-0.00115,0.00000,0.00000,-0.101,-0.008,0
220.3160,-0.00496,-0.02403,-0.00115,0.00000,0.00000,-0.101,-0.008,0
220.3660,-0.00496,-0.02404,-0.00115,0.00000,0.00000,-0.101,-0.008,0
220.4160,-0.00496,-0.02406,-0.00115,0.00000,0.00000,-0.101,-0.008,0
220.4660,-0.00496,-0.02407,-0.00115,0.00000,0.00000,-0.101,-0.008,0
220.5160,-0.00496,-0.02407,-0.00115,0.00000,0.00000,-0.101,-0.008,0
220.5660,-0.00497,-0.02409,-0.00115,0.00000,0.00000,-0.101,-0.008,0
220.6160,-0.00497,-0.02410,-0.00115,0.00000,0.00000,-0.101,-0.008,0
220.6660,-0.00497,-0.02411,-0.00115,0.00000,0.00000,-0.101,-0.008,0
220.7160,-0.00497,-0.02410,-0.00115,0.00000,0.00000,-0.101,-0.008,0
220.7660,-0.00497,-0.02409,-0.00115,0.00000,0.00000,-0.101,-0.008,0
220.8160,-0.00497,-0.02409,-0.00115,0.00000,0.00000,-0.101,-0.008,0
220.8660,-0.00496,-0.02408,-0.00115,0.00000,0.00000,-0.101,-0.008,0
220.9160,-0.00496,-0.02407,-0.00115,0.00000,0.00000,-0.101,-0.008,0
220.9660,-0.00495,-0.02404,-0.00115,0.00000,0.00000,-0.101,-0.008,0
221.0160,-0.00495,-0.02404,-0.00115,0.00000,0.00000,-0.101,-0.008,0
221.0660,-0.00495,-0.02403,-0.00115,0.00000,0.00000,-0.101,-0.008,0
221.1160,-0.00495,-0.02402,-0.00115,0.00000,0.00000,-0.101,-0.008,0
221.1660,-0.00495,-0.02402,-0.00115,0.00000,0.00000,-0.101,-0.008,0
221.2160,-0.00495,-0.02403,-0.00115,0.00000,0.00000,-0.101,-0.008,0
221.2660,-0.00495,-0.02404,-0.00115,0.00000,0.00000,-0.101,-0.008,0
221.3160,-0.00496,-0.02406,-0.00115,0.00000,0.00000,-0.101,-0.008,0
221.3660,-0.00496,-0.02408,-0.00115,0.00000,0.00000,-0.101,-0.008,0
221.4160,-0.00497,-0.02410,-0.00115,0.00000,0.00000,-0.101,-0.008,0
221.4660,-0.00497,-0.02413,-0.00115,0.00000,0.00000,-0.101,-0.008,0
221.5160,-0.00498,-0.02415,-0.00115,0.00000,0.00000,-0.101,-0.008,0
221.5660,-0.00498,-0.02417,-0.00115,0.00000,0.00000,-0.101,-0.008,0
221.6160,-0.00499,-0.02419,-0.00115,0.00000,0.00000,-0.101,-0.008,0
221.6660,-0.00499,-0.02419,-0.00115,0.00000,0.00000,-0.101,-0.008,0
221.7160,-0.00498,-0.02419,-0.00115,0.00000,0.00000,-0.101,-0.008,0
221.7660,-0.00498,-0.02419,-0.00115,0.00000,0.00000,-0.101,-0.008,0
221.8160,-0.00498,-0.02418,-0.00115,0.00000,0.00000,-0.101,-0.008,0
221.8660,-0.00498,-0.02417,-0.00115,0.00000,0.00000,-0.101,-0.008,0
221.9160,-0.00498,-0.02416,-0.00115,0.00000,0.00000,-0.101,-0.008,0
221.9660,-0.00497,-0.02414,-0.00115,0.00000,0.00000,-0.101,-0.008,0
222.0160,-0.00497,-0.02412,-0.00115,0.00000,0.00000,-0.101,-0.008,0
222.0660,-0.00496,-0.02409,-0.00115,0.00000,0.00000,-0.101,-0.008,0
222.1160,-0.00495,-0.02407,-0.00115,0.00000,0.00000,-0.101,-0.008,0
222.1660,-0.00495,-0.02407,-0.00115,0.00000,0.00000,-0.101,-0.008,0
222.2160,-0.00496,-0.02408,-0.00115,0.00000,0.00000,-0.101,-0.008,0
222.2660,-0.00496,-0.02409,-0.00115,0.00000,0.00000,-0.101,-0.008,0
222.3160,-0.00496,-0.02409,-0.00115,0.00000,0.00000,-0.101,-0.008,0
222.3660,-0.00496,-0.02409,-0.00115,0.00000,0.00000,-0.101,-0.008,0
222.4160,-0.00496,-0.02410,-0.00115,0.00000,0.00000,-0.101,-0.008,0
222.4660,-0.00496,-0.02411,-0.00115,0.00000,0.00000,-0.101,-0.008,0
222.5160,-0.00497,-0.02413,-0.00115,0.00000,0.00000,-0.101,-0.008,0
222.5660,-0.00497,-0.02415,-0.00115,0.00000,0.00000,-0.101,-0.008,0
222.6160,-0.00498,-0.02418,-0.00115,0.00000,0.00000,-0.101,-0.008,0
222.6660,-0.00499,-0.02421,-0.00115,0.00000,0.00000,-0.102,-0.008,0
222.7160,-0.00499,-0.02423,-0.00115,0.00000,0.00000,-0.102,-0.008,0
222.7660,-0.00500,-0.02426,-0.00115,0.00000,0.00000,-0.102,-0.008,0
222.8160,-0.00501,-0.02429,-0.00115,0.00000,0.00000,-0.102,-0.008,0
222.8660,-0.00501,-0.02431,-0.00115,0.00000,0.00000,-0.102,-0.008,0
222.9160,-0.00502,-0.02433,-0.00115,0.00000,0.00000,-0.102,-0.008,0
222.9660,-0.00502,-0.02435,-0.00115,0.00000,0.00000,-0.102,-0.008,0
223.0160,-0.00502,-0.02437,-0.00115,0.00000,0.00000,-0.102,-0.008,0
223.0660,-0.00503,-0.02440,-0.00115,0.00000,0.00000,-0.102,-0.008,0
223.1160,-0.00503,-0.02442,-0.00115,0.00000,0.00000,-0.103,-0.008,0
223.1660,-0.00504,-0.02445,-0.00115,0.00000,0.00000,-0.103,-0.008,0
223.2160,-0.00504,-0.02446,-0.00115,0.00000,0.00000,-0.103,-0.008,0
223.2660,-0.00505,-0.02448,-0.00115,0.00000,0.00000,-0.103,-0.008,0
223.3160,-0.00505,-0.02450,-0.00115,0.00000,0.00000,-0.103,-0.008,0
223.3660,-0.00505,-0.02451,-0.00115,0.00000,0.00000,-0.103,-0.008,0
223.4160,-0.00505,-0.02450,-0.00115,0.00000,0.00000,-0.103,-0.008,0
223.4660,-0.00504,-0.02448,-0.00115,0.00000,0.00000,-0.103,-0.008,0
223.5160,-0.00504,-0.02447,-0.00115,0.00000,0.00000,-0.103,-0.008,0
223.5660,-0.00504,-0.02446,-0.00115,0.00000,0.00000,-0.103,-0.008,0
223.6160,-0.00503,-0.02444,-0.00115,0.00000,0.00000,-0.103,-0.008,0
223.6660,-0.00503,-0.02443,-0.00115,0.00000,0.00000,-0.103,-0.008,0
223.7160,-0.00502,-0.02441,-0.00115,0.00000,0.00000,-0.103,-0.008,0
223.7660,-0.00501,-0.02438,-0.00115,0.00000,0.00000,-0.103,-0.008,0
223.8160,-0.00501,-0.02435,-0.00115,0.00000,0.00000,-0.103,-0.008,0
223.8660,-0.00500,-0.02434,-0.00115,0.00000,0.00000,-0.103,-0.008,0
223.9160,-0.00500,-0.02431,-0.00115,0.00000,0.00000,-0.102,-0.008,0
223.9660,-0.00499,-0.02429,-0.00115,0.00000,0.00000,-0.102,-0.008,0
224.0160,-0.00499,-0.02427,-0.00115,0.00000,0.00000,-0.102,-0.008,0
224.0660,-0.00498,-0.02426,-0.00115,0.00000,0.00000,-0.102,-0.008,0
224.1160,-0.00499,-0.02427,-0.00115,0.00000,0.00000,-0.102,-0.008,0
224.1660,-0.00499,-0.02427,-0.00115,0.00000,0.00000,-0.102,-0.008,0
224.2160,-0.00499,-0.02427,-0.00115,0.00000,0.00000,-0.102,-0.008,0
224.2660,-0.00499,-0.02428,-0.00115,0.00000,0.00000,-0.102,-0.008,0
224.3160,-0.00499,-0.02427,-0.00115,0.00000,0.00000,-0.102,-0.008,0
224.3660,-0.00498,-0.02425,-0.00115,0.00000,0.00000,-0.102,-0.008,0
224.4160,-0.00498,-0.02421,-0.00115,0.00000,0.00000,-0.102,-0.008,0
224.4660,-0.00497,-0.02417,-0.00115,0.00000,0.00000,-0.102,-0.008,0
224.5160,-0.00496,-0.02412,-0.00115,0.00000,0.00000,-0.102,-0.008,0
224.5660,-0.00495,-0.02410,-0.00115,0.00000,0.00000,-0.102,-0.008,0
224.6160,-0.00495,-0.02409,-0.00115,0.00000,0.00000,-0.102,-0.008,0
224.6660,-0.00495,-0.02409,-0.00115,0.00000,0.00000,-0.102,-0.008,0
224.7160,-0.00495,-0.02408,-0.00115,0.00000,0.00000,-0.102,-0.008,0
224.7660,-0.00495,-0.02408,-0.00115,0.00000,0.00000,-0.101,-0.008,0
224.8160,-0.00495,-0.02409,-0.00115,0.00000,0.00000,-0.102,-0.008,0
224.8660,-0.00496,-0.02410,-0.00115,0.00000,0.00000,-0.102,-0.008,0
224.9160,-0.00496,-0.02410,-0.00115,0.00000,0.00000,-0.102,-0.008,0
224.9660,-0.00496,-0.02411,-0.00115,0.00000,0.00000,-0.102,-0.008,0
225.0160,-0.00496,-0.02411,-0.00115,0.00000,0.00000,-0.102,-0.008,0
225.0660,-0.00496,-0.02411,-0.00115,0.00000,0.00000,-0.102,-0.008,0
225.1160,-0.00496,-0.02411,-0.00115,0.00000,0.00000,-0.102,-0.008,0
225.1660,-0.00496,-0.02411,-0.00115,0.00000,0.00000,-0.102,-0.008,0
225.2160,-0.00496,-0.02411,-0.00115,0.00000,0.00000,-0.102,-0.008,0
225.2660,-0.00497,-0.02411,-0.00115,0.00000,0.00000,-0.102,-0.008,0
225.3160,-0.00497,-0.02412,-0.00115,0.00000,0.00000,-0.102,-0.008,0
225.3660,-0.00497,-0.02412,-0.00115,0.00000,0.00000,-0.102,-0.008,0
225.4160,-0.00497,-0.02412,-0.00115,0.00000,0.00000,-0.101,-0.008,0
225.4660,-0.00496,-0.02410,-0.00115,0.00000,0.00000,-0.101,-0.008,0
225.5160,-0.00496,-0.02408,-0.00115,0.00000,0.00000,-0.101,-0.008,0
225.5660,-0.00495,-0.02406,-0.00115,0.00000,0.00000,-0.101,-0.008,0
225.6160,-0.00495,-0.02403,-0.00115,0.00000,0.00000,-0.101,-0.008,0
225.6660,-0.00494,-0.02401,-0.00115,0.00000,0.00000,-0.101,-0.008,0
225.7160,-0.00494,-0.02398,-0.00115,0.00000,0.00000,-0.101,-0.008,0
225.7660,-0.00493,-0.02393,-0.00115,0.00000,0.00000,-0.101,-0.008,0
225.8160,-0.00491,-0.02388,-0.00115,0.00000,0.00000,-0.101,-0.008,0
225.8660,-0.00490,-0.02383,-0.00115,0.00000,0.00000,-0.100,-0.008,0
225.9160,-0.00489,-0.02378,-0.00115,0.00000,0.00000,-0.100,-0.008,0
225.9660,-0.00488,-0.02373,-0.00115,0.00000,0.00000,-0.100,-0.008,0
226.0160,-0.00487,-0.02369,-0.00115,0.00000,0.00000,-0.100,-0.008,0
226.0660,-0.00487,-0.02366,-0.00115,0.00000,0.00000,-0.100,-0.008,0
226.1160,-0.00486,-0.02363,-0.00115,0.00000,0.00000,-0.099,-0.008,0
226.1660,-0.00485,-0.02359,-0.00115,0.00000,0.00000,-0.099,-0.008,0
226.2160,-0.00485,-0.02357,-0.00115,0.00000,0.00000,-0.099,-0.008,0
226.2660,-0.00484,-0.02355,-0.00115,0.00000,0.00000,-0.099,-0.008,0
226.3160,-0.00484,-0.02352,-0.00115,0.00000,0.00000,-0.099,-0.008,0
226.3660,-0.00484,-0.02350,-0.00115,0.00000,0.00000,-0.099,-0.008,0
226.4160,-0.00483,-0.02349,-0.00115,0.00000,0.00000,-0.099,-0.008,0
226.4660,-0.00483,-0.02348,-0.00115,0.00000,0.00000,-0.099,-0.008,0
226.5160,-0.00484,-0.02348,-0.00115,0.00000,0.00000,-0.098,-0.008,0
226.5660,-0.00484,-0.02348,-0.00115,0.00000,0.00000,-0.098,-0.008,0
226.6160,-0.00484,-0.02349,-0.00115,0.00000,0.00000,-0.098,-0.008,0
226.6660,-0.00485,-0.02351,-0.00115,0.00000,0.00000,-0.098,-0.008,0
226.7160,-0.00485,-0.02352,-0.00115,0.00000,0.00000,-0.098,-0.008,0
226.7660,-0.00485,-0.02353,-0.00115,0.00000,0.00000,-0.099,-0.008,0
226.8160,-0.00486,-0.02354,-0.00115,0.00000,0.00000,-0.099,-0.008,0
226.8660,-0.00486,-0.02355,-0.00115,0.00000,0.00000,-0.099,-0.008,0
226.9160,-0.00486,-0.02356,-0.00115,0.00000,0.00000,-0.099,-0.008,0
226.9660,-0.00486,-0.02356,-0.00115,0.00000,0.00000,-0.099,-0.008,0
227.0160,-0.00486,-0.02356,-0.00115,0.00000,0.00000,-0.098,-0.008,0
227.0660,-0.00486,-0.02356,-0.00115,0.00000,0.00000,-0.098,-0.008,0
227.1160,-0.00487,-0.02358,-0.00115,0.00000,0.00000,-0.099,-0.008,0
227.1660,-0.00487,-0.02359,-0.00115,0.00000,0.00000,-0.099,-0.008,0
227.2160,-0.00488,-0.02362,-0.00115,0.00000,0.00000,-0.099,-0.008,0
227.2660,-0.00489,-0.02366,-0.00115,0.00000,0.00000,-0.099,-0.008,0
227.3160,-0.00490,-0.02370,-0.00115,0.00000,0.00000,-0.099,-0.008,0
227.3660,-0.00491,-0.02374,-0.00115,0.00000,0.00000,-0.099,-0.008,0
227.4160,-0.00492,-0.02379,-0.00115,0.00000,0.00000,-0.099,-0.008,0
227.4660,-0.00493,-0.02383,-0.00115,0.00000,0.00000,-0.099,-0.008,0
227.5160,-0.00494,-0.02387,-0.00115,0.00000,0.00000,-0.100,-0.008,0
227.5660,-0.00495,-0.02391,-0.00115,0.00000,0.00000,-0.100,-0.008,0
227.6160,-0.00495,-0.02395,-0.00115,0.00000,0.00000,-0.100,-0.008,0
227.6660,-0.00496,-0.02398,-0.00115,0.00000,0.00000,-0.100,-0.008,0
227.7160,-0.00496,-0.02400,-0.00115,0.00000,0.00000,-0.100,-0.008,0
227.7660,-0.00496,-0.02400,-0.00115,0.00000,0.00000,-0.100,-0.008,0
227.8160,-0.00496,-0.02401,-0.00115,0.00000,0.00000,-0.100,-0.008,0
227.8660,-0.00496,-0.02401,-0.00115,0.00000,0.00000,-0.100,-0.008,0
227.9160,-0.00496,-0.02401,-0.00115,0.00000,0.00000,-0.100,-0.008,0
227.9660,-0.00496,-0.02402,-0.00115,0.00000,0.00000,-0.100,-0.008,0
228.0160,-0.00496,-0.02403,-0.00115,0.00000,0.00000,-0.100,-0.008,0
228.0660,-0.00496,-0.02403,-0.00115,0.00000,0.00000,-0.100,-0.008,0
228.1160,-0.00496,-0.02403,-0.00115,0.00000,0.00000,-0.100,-0.008,0
228.1660,-0.00496,-0.02402,-0.00115,0.00000,0.00000,-0.100,-0.008,0
228.2160,-0.00495,-0.02401,-0.00115,0.00000,0.00000,-0.100,-0.008,0
228.2660,-0.00494,-0.02398,-0.00115,0.00000,0.00000,-0.100,-0.008,0
228.3160,-0.00494,-0.02396,-0.00115,0.00000,0.00000,-0.100,-0.008,0
228.3660,-0.00493,-0.02393,-0.00115,0.00000,0.00000,-0.100,-0.008,0
228.4160,-0.00493,-0.02391,-0.00115,0.00000,0.00000,-0.100,-0.008,0
228.4660,-0.00492,-0.02390,-0.00115,0.00000,0.00000,-0.100,-0.008,0
228.5160,-0.00492,-0.02390,-0.00115,0.00000,0.00000,-0.100,-0.008,0
228.5660,-0.00492,-0.02390,-0.00115,0.00000,0.00000,-0.100,-0.008,0
228.6160,-0.00493,-0.02391,-0.00115,0.00000,0.00000,-0.100,-0.008,0
228.6660,-0.00493,-0.02393,-0.00115,0.00000,0.00000,-0.100,-0.008,0
228.7160,-0.00494,-0.02397,-0.00115,0.00000,0.00000,-0.100,-0.008,0
228.7660,-0.00495,-0.02400,-0.00115,0.00000,0.00000,-0.100,-0.008,0
228.8160,-0.00495,-0.02403,-0.00115,0.00000,0.00000,-0.100,-0.008,0
228.8660,-0.00496,-0.02405,-0.00115,0.00000,0.00000,-0.100,-0.008,0
228.9160,-0.00496,-0.02407,-0.00115,0.00000,0.00000,-0.101,-0.008,0
228.9660,-0.00497,-0.02410,-0.00115,0.00000,0.00000,-0.101,-0.008,0
229.0160,-0.00498,-0.02413,-0.00115,0.00000,0.00000,-0.101,-0.008,0
229.0660,-0.00498,-0.02414,-0.00115,0.00000,0.00000,-0.101,-0.008,0
229.1160,-0.00498,-0.02416,-0.00115,0.00000,0.00000,-0.101,-0.008,0
229.1660,-0.00498,-0.02417,-0.00115,0.00000,0.00000,-0.101,-0.008,0
229.2160,-0.00498,-0.02416,-0.00115,0.00000,0.00000,-0.101,-0.008,0
229.2660,-0.00498,-0.02415,-0.00115,0.00000,0.00000,-0.101,-0.008,0
229.3160,-0.00498,-0.02415,-0.00115,0.00000,0.00000,-0.101,-0.008,0
229.3660,-0.00498,-0.02415,-0.00115,0.00000,0.00000,-0.101,-0.008,0
229.4160,-0.00498,-0.02415,-0.00115,0.00000,0.00000,-0.101,-0.008,0
229.4660,-0.00498,-0.02415,-0.00115,0.00000,0.00000,-0.101,-0.008,0
229.5160,-0.00498,-0.02415,-0.00115,0.00000,0.00000,-0.101,-0.008,0
229.5660,-0.00497,-0.02414,-0.00115,0.00000,0.00000,-0.101,-0.008,0
229.6160,-0.00497,-0.02414,-0.00115,0.00000,0.00000,-0.101,-0.008,0
229.6660,-0.00497,-0.02413,-0.00115,0.00000,0.00000,-0.101,-0.008,0
229.7160,-0.00497,-0.02413,-0.00115,0.00000,0.00000,-0.101,-0.008,0
229.7660,-0.00497,-0.02411,-0.00115,0.00000,0.00000,-0.101,-0.008,0
229.8160,-0.00496,-0.02411,-0.00115,0.00000,0.00000,-0.101,-0.008,0
229.8660,-0.00497,-0.02412,-0.00115,0.00000,0.00000,-0.101,-0.008,0
229.9160,-0.00497,-0.02412,-0.00115,0.00000,0.00000,-0.101,-0.008,0
229.9660,-0.00497,-0.02413,-0.00115,0.00000,0.00000,-0.101,-0.008,0
230.0160,-0.00497,-0.02412,-0.00115,0.00000,0.00000,-0.101,-0.008,0
230.0660,-0.00497,-0.02412,-0.00115,0.00000,0.00000,-0.101,-0.008,0
230.1160,-0.00497,-0.02413,-0.00115,0.00000,0.00000,-0.101,-0.008,0
230.1660,-0.00497,-0.02415,-0.00115,0.00000,0.00000,-0.101,-0.008,0
230.2160,-0.00498,-0.02417,-0.00115,0.00000,0.00000,-0.101,-0.008,0
230.2660,-0.00498,-0.02419,-0.00115,0.00000,0.00000,-0.101,-0.008,0
230.3160,-0.00499,-0.02420,-0.00115,0.00000,0.00000,-0.101,-0.008,0
230.3660,-0.00499,-0.02421,-0.00115,0.00000,0.00000,-0.102,-0.008,0
230.4160,-0.00499,-0.02422,-0.00115,0.00000,0.00000,-0.102,-0.008,0
230.4660,-0.00499,-0.02422,-0.00115,0.00000,0.00000,-0.102,-0.008,0
230.5160,-0.00499,-0.02423,-0.00115,0.00000,0.00000,-0.102,-0.008,0
230.5660,-0.00499,-0.02424,-0.00115,0.00000,0.00000,-0.102,-0.008,0
230.6160,-0.00499,-0.02422,-0.00115,0.00000,0.00000,-0.102,-0.008,0
230.6660,-0.00499,-0.02422,-0.00115,0.00000,0.00000,-0.102,-0.008,0
230.7160,-0.00499,-0.02422,-0.00115,0.00000,0.00000,-0.102,-0.008,0
230.7660,-0.00499,-0.02422,-0.00115,0.00000,0.00000,-0.102,-0.008,0
230.8160,-0.00499,-0.02422,-0.00115,0.00000,0.00000,-0.102,-0.008,0
230.8660,-0.00499,-0.02422,-0.00115,0.00000,0.00000,-0.102,-0.008,0
230.9160,-0.00498,-0.02421,-0.00115,0.00000,0.00000,-0.102,-0.008,0
230.9660,-0.00498,-0.02421,-0.00115,0.00000,0.00000,-0.102,-0.008,0
231.0160,-0.00498,-0.02421,-0.00115,0.00000,0.00000,-0.102,-0.008,0
231.0660,-0.00498,-0.02421,-0.00115,0.00000,0.00000,-0.102,-0.008,0
231.1160,-0.00499,-0.02422,-0.00115,0.00000,0.00000,-0.102,-0.008,0
231.1660,-0.00499,-0.02425,-0.00115,0.00000,0.00000,-0.102,-0.008,0
231.2160,-0.00500,-0.02428,-0.00115,0.00000,0.00000,-0.102,-0.008,0
231.2660,-0.00501,-0.02431,-0.00115,0.00000,0.00000,-0.102,-0.008,0
231.3160,-0.00501,-0.02432,-0.00115,0.00000,0.00000,-0.102,-0.008,0
231.3660,-0.00501,-0.02433,-0.00115,0.00000,0.00000,-0.102,-0.008,0
231.4160,-0.00502,-0.02435,-0.00115,0.00000,0.00000,-0.102,-0.008,0
231.4660,-0.00502,-0.02437,-0.00115,0.00000,0.00000,-0.102,-0.008,0
231.5160,-0.00502,-0.02437,-0.00115,0.00000,0.00000,-0.102,-0.008,0
231.5660,-0.00503,-0.02439,-0.00115,0.00000,0.00000,-0.103,-0.008,0
231.6160,-0.00503,-0.02441,-0.00115,0.00000,0.00000,-0.103,-0.008,0
231.6660,-0.00503,-0.02444,-0.00115,0.00000,0.00000,-0.103,-0.008,0
231.7160,-0.00504,-0.02446,-0.00115,0.00000,0.00000,-0.103,-0.008,0
231.7660,-0.00504,-0.02448,-0.00115,0.00000,0.00000,-0.103,-0.008,0
231.8160,-0.00505,-0.02451,-0.00115,0.00000,0.00000,-0.103,-0.008,0
231.8660,-0.00506,-0.02455,-0.00115,0.00000,0.00000,-0.103,-0.008,0
231.9160,-0.00507,-0.02461,-0.00115,0.00000,0.00000,-0.103,-0.008,0
231.9660,-0.00508,-0.02466,-0.00115,0.00000,0.00000,-0.104,-0.008,0
232.0160,-0.00509,-0.02470,-0.00115,0.00000,0.00000,-0.104,-0.008,0
232.0660,-0.00510,-0.02474,-0.00115,0.00000,0.00000,-0.104,-0.008,0
232.1160,-0.00511,-0.02479,-0.00115,0.00000,0.00000,-0.104,-0.008,0
232.1660,-0.00512,-0.02483,-0.00115,0.00000,0.00000,-0.105,-0.008,0
232.2160,-0.00513,-0.02488,-0.00115,0.00000,0.00000,-0.105,-0.008,0
232.2660,-0.00514,-0.02494,-0.00115,0.00000,0.00000,-0.105,-0.008,0
232.3160,-0.00515,-0.02500,-0.00115,0.00000,0.00000,-0.105,-0.009,0
232.3660,-0.00516,-0.02505,-0.00115,0.00000,0.00000,-0.106,-0.009,0
232.4160,-0.00518,-0.02511,-0.00115,0.00000,0.00000,-0.106,-0.009,0
232.4660,-0.00519,-0.02517,-0.00115,0.00000,0.00000,-0.106,-0.009,0
232.5160,-0.00520,-0.02523,-0.00115,0.00000,0.00000,-0.106,-0.009,0
232.5660,-0.00521,-0.02527,-0.00115,0.00000,0.00000,-0.107,-0.009,0
232.6160,-0.00521,-0.02530,-0.00115,0.00000,0.00000,-0.107,-0.009,0
232.6660,-0.00522,-0.02533,-0.00115,0.00000,0.00000,-0.107,-0.009,0
232.7160,-0.00522,-0.02535,-0.00115,0.00000,0.00000,-0.107,-0.009,0
232.7660,-0.00522,-0.02537,-0.00115,0.00000,0.00000,-0.107,-0.009,0
232.8160,-0.00522,-0.02539,-0.00115,0.00000,0.00000,-0.108,-0.009,0
232.8660,-0.00523,-0.02541,-0.00115,0.00000,0.00000,-0.108,-0.009,0
232.9160,-0.00523,-0.02543,-0.00115,0.00000,0.00000,-0.108,-0.009,0
232.9660,-0.00523,-0.02544,-0.00115,0.00000,0.00000,-0.108,-0.009,0
233.0160,-0.00523,-0.02545,-0.00115,0.00000,0.00000,-0.108,-0.009,0
233.0660,-0.00523,-0.02547,-0.00115,0.00000,0.00000,-0.108,-0.009,0
233.1160,-0.00523,-0.02549,-0.00115,0.00000,0.00000,-0.108,-0.009,0
233.1660,-0.00523,-0.02549,-0.00115,0.00000,0.00000,-0.108,-0.009,0
233.2160,-0.00523,-0.02550,-0.00115,0.00000,0.00000,-0.108,-0.009,0
233.2660,-0.00523,-0.02550,-0.00115,0.00000,0.00000,-0.108,-0.009,0
233.3160,-0.00523,-0.02548,-0.00115,0.00000,0.00000,-0.108,-0.009,0
233.3660,-0.00522,-0.02548,-0.00115,0.00000,0.00000,-0.109,-0.009,0
233.4160,-0.00522,-0.02547,-0.00115,0.00000,0.00000,-0.109,-0.009,0
233.4660,-0.00522,-0.02547,-0.00115,0.00000,0.00000,-0.109,-0.009,0
233.5160,-0.00522,-0.02547,-0.00115,0.00000,0.00000,-0.109,-0.009,0
233.5660,-0.00522,-0.02549,-0.00115,0.00000,0.00000,-0.109,-0.009,0
233.6160,-0.00522,-0.02550,-0.00115,0.00000,0.00000,-0.109,-0.009,0
233.6660,-0.00522,-0.02550,-0.00115,0.00000,0.00000,-0.109,-0.009,0
233.7160,-0.00522,-0.02548,-0.00115,0.00000,0.00000,-0.109,-0.009,0
233.7660,-0.00522,-0.02548,-0.00115,0.00000,0.00000,-0.109,-0.009,0
233.8160,-0.00522,-0.02548,-0.00115,0.00000,0.00000,-0.109,-0.009,0
233.8660,-0.00521,-0.02547,-0.00115,0.00000,0.00000,-0.109,-0.009,0
233.9160,-0.00521,-0.02546,-0.00115,0.00000,0.00000,-0.109,-0.009,0
233.9660,-0.00521,-0.02546,-0.00115,0.00000,0.00000,-0.109,-0.009,0
234.0160,-0.00521,-0.02547,-0.00115,0.00000,0.00000,-0.109,-0.009,0
234.0660,-0.00522,-0.02548,-0.00115,0.00000,0.00000,-0.109,-0.009,0
234.1160,-0.00522,-0.02550,-0.00115,0.00000,0.00000,-0.109,-0.009,0
234.1660,-0.00523,-0.02553,-0.00115,0.00000,0.00000,-0.109,-0.009,0
234.2160,-0.00523,-0.02556,-0.00115,0.00000,0.00000,-0.109,-0.009,0
234.2660,-0.00524,-0.02558,-0.00115,0.00000,0.00000,-0.110,-0.009,0
234.3160,-0.00525,-0.02561,-0.00115,0.00000,0.00000,-0.110,-0.009,0
234.3660,-0.00525,-0.02564,-0.00115,0.00000,0.00000,-0.110,-0.009,0
234.4160,-0.00526,-0.02567,-0.00115,0.00000,0.00000,-0.110,-0.009,0
234.4660,-0.00526,-0.02569,-0.00115,0.00000,0.00000,-0.110,-0.009,0
234.5160,-0.00527,-0.02570,-0.00115,0.00000,0.00000,-0.110,-0.009,0
234.5660,-0.00527,-0.02570,-0.00115,0.00000,0.00000,-0.110,-0.009,0
234.6160,-0.00526,-0.02569,-0.00115,0.00000,0.00000,-0.110,-0.009,0
234.6660,-0.00526,-0.02567,-0.00115,0.00000,0.00000,-0.110,-0.009,0
234.7160,-0.00525,-0.02565,-0.00115,0.00000,0.00000,-0.110,-0.009,0
234.7660,-0.00525,-0.02563,-0.00115,0.00000,0.00000,-0.110,-0.009,0
234.8160,-0.00524,-0.02561,-0.00115,0.00000,0.00000,-0.110,-0.009,0
234.8660,-0.00524,-0.02559,-0.00115,0.00000,0.00000,-0.110,-0.009,0
234.9160,-0.00523,-0.02556,-0.00115,0.00000,0.00000,-0.110,-0.009,0
234.9660,-0.00522,-0.02554,-0.00115,0.00000,0.00000,-0.110,-0.009,0
235.0160,-0.00522,-0.02552,-0.00115,0.00000,0.00000,-0.110,-0.009,0
235.0660,-0.00522,-0.02551,-0.00115,0.00000,0.00000,-0.110,-0.009,0
235.1160,-0.00522,-0.02550,-0.00115,0.00000,0.00000,-0.110,-0.009,0
235.1660,-0.00522,-0.02550,-0.00115,0.00000,0.00000,-0.110,-0.009,0
235.2160,-0.00522,-0.02552,-0.00115,0.00000,0.00000,-0.110,-0.009,0
235.2660,-0.00523,-0.02555,-0.00115,0.00000,0.00000,-0.110,-0.009,0
235.3160,-0.00523,-0.02557,-0.00115,0.00000,0.00000,-0.110,-0.009,0
235.3660,-0.00524,-0.02559,-0.00115,0.00000,0.00000,-0.110,-0.009,0
235.4160,-0.00524,-0.02560,-0.00115,0.00000,0.00000,-0.110,-0.009,0
235.4660,-0.00525,-0.02562,-0.00115,0.00000,0.00000,-0.110,-0.009,0
235.5160,-0.00525,-0.02564,-0.00115,0.00000,0.00000,-0.110,-0.009,0
235.5660,-0.00526,-0.02566,-0.00115,0.00000,0.00000,-0.110,-0.009,0
235.6160,-0.00526,-0.02568,-0.00115,0.00000,0.00000,-0.110,-0.009,0
235.6660,-0.00526,-0.02569,-0.00115,0.00000,0.00000,-0.111,-0.009,0
235.7160,-0.00526,-0.02569,-0.00115,0.00000,0.00000,-0.111,-0.009,0
235.7660,-0.00526,-0.02570,-0.00115,0.00000,0.00000,-0.111,-0.009,0
235.8160,-0.00527,-0.02571,-0.00115,0.00000,0.00000,-0.111,-0.009,0
235.8660,-0.00527,-0.02572,-0.00115,0.00000,0.00000,-0.111,-0.009,0
235.9160,-0.00527,-0.02571,-0.00115,0.00000,0.00000,-0.111,-0.009,0
235.9660,-0.00526,-0.02570,-0.00115,0.00000,0.00000,-0.111,-0.009,0
236.0160,-0.00526,-0.02570,-0.00115,0.00000,0.00000,-0.111,-0.009,0
236.0660,-0.00526,-0.02570,-0.00115,0.00000,0.00000,-0.111,-0.009,0
236.1160,-0.00526,-0.02568,-0.00115,0.00000,0.00000,-0.111,-0.009,0
236.1660,-0.00525,-0.02567,-0.00115,0.00000,0.00000,-0.110,-0.009,0
236.2160,-0.00525,-0.02567,-0.00115,0.00000,0.00000,-0.110,-0.009,0
236.2660,-0.00525,-0.02567,-0.00115,0.00000,0.00000,-0.110,-0.009,0
236.3160,-0.00525,-0.02566,-0.00115,0.00000,0.00000,-0.110,-0.009,0
236.3660,-0.00525,-0.02564,-0.00115,0.00000,0.00000,-0.110,-0.009,0
236.4160,-0.00524,-0.02562,-0.00115,0.00000,0.00000,-0.110,-0.009,0
236.4660,-0.00524,-0.02561,-0.00115,0.00000,0.00000,-0.110,-0.009,0
236.5160,-0.00523,-0.02559,-0.00115,0.00000,0.00000,-0.110,-0.009,0
236.5660,-0.00523,-0.02558,-0.00115,0.00000,0.00000,-0.110,-0.009,0
236.6160,-0.00523,-0.02557,-0.00115,0.00000,0.00000,-0.110,-0.009,0
236.6660,-0.00523,-0.02556,-0.00115,0.00000,0.00000,-0.110,-0.009,0
236.7160,-0.00522,-0.02555,-0.00115,0.00000,0.00000,-0.110,-0.009,0
236.7660,-0.00522,-0.02552,-0.00115,0.00000,0.00000,-0.110,-0.009,0
236.8160,-0.00521,-0.02550,-0.00115,0.00000,0.00000,-0.110,-0.009,0
236.8660,-0.00521,-0.02548,-0.00115,0.00000,0.00000,-0.110,-0.009,0
236.9160,-0.00521,-0.02546,-0.00115,0.00000,0.00000,-0.110,-0.009,0
236.9660,-0.00520,-0.02544,-0.00115,0.00000,0.00000,-0.110,-0.009,0
237.0160,-0.00520,-0.02541,-0.00115,0.00000,0.00000,-0.109,-0.009,0
237.0660,-0.00519,-0.02537,-0.00115,0.00000,0.00000,-0.109,-0.009,0
237.1160,-0.00518,-0.02534,-0.00115,0.00000,0.00000,-0.109,-0.009,0
237.1660,-0.00517,-0.02529,-0.00115,0.00000,0.00000,-0.109,-0.009,0
237.2160,-0.00516,-0.02525,-0.00115,0.00000,0.00000,-0.109,-0.009,0
237.2660,-0.00515,-0.02521,-0.00115,0.00000,0.00000,-0.109,-0.009,0
237.3160,-0.00514,-0.02517,-0.00115,0.00000,0.00000,-0.108,-0.009,0
237.3660,-0.00514,-0.02515,-0.00115,0.00000,0.00000,-0.108,-0.009,0
237.4160,-0.00514,-0.02514,-0.00115,0.00000,0.00000,-0.108,-0.009,0
237.4660,-0.00514,-0.02514,-0.00115,0.00000,0.00000,-0.108,-0.009,0
237.5160,-0.00514,-0.02513,-0.00115,0.00000,0.00000,-0.108,-0.009,0
237.5660,-0.00514,-0.02511,-0.00115,0.00000,0.00000,-0.108,-0.009,0
237.6160,-0.00513,-0.02509,-0.00115,0.00000,0.00000,-0.108,-0.009,0
237.6660,-0.00513,-0.02508,-0.00115,0.00000,0.00000,-0.108,-0.009,0
237.7160,-0.00513,-0.02505,-0.00115,0.00000,0.00000,-0.108,-0.009,0
237.7660,-0.00512,-0.02502,-0.00115,0.00000,0.00000,-0.108,-0.009,0
237.8160,-0.00511,-0.02499,-0.00115,0.00000,0.00000,-0.107,-0.009,0
237.8660,-0.00511,-0.02496,-0.00115,0.00000,0.00000,-0.107,-0.009,0
237.9160,-0.00510,-0.02493,-0.00115,0.00000,0.00000,-0.107,-0.009,0
237.9660,-0.00510,-0.02490,-0.00115,0.00000,0.00000,-0.107,-0.009,0
238.0160,-0.00510,-0.02489,-0.00115,0.00000,0.00000,-0.107,-0.009,0
238.0660,-0.00510,-0.02489,-0.00115,0.00000,0.00000,-0.107,-0.009,0
238.1160,-0.00510,-0.02490,-0.00115,0.00000,0.00000,-0.107,-0.009,0
238.1660,-0.00511,-0.02492,-0.00115,0.00000,0.00000,-0.107,-0.009,0
238.2160,-0.00511,-0.02494,-0.00115,0.00000,0.00000,-0.107,-0.009,0
238.2660,-0.00512,-0.02497,-0.00115,0.00000,0.00000,-0.107,-0.009,0
238.3160,-0.00513,-0.02502,-0.00115,0.00000,0.00000,-0.107,-0.009,0
238.3660,-0.00514,-0.02506,-0.00115,0.00000,0.00000,-0.107,-0.009,0
238.4160,-0.00515,-0.02510,-0.00115,0.00000,0.00000,-0.108,-0.009,0
238.4660,-0.00516,-0.02514,-0.00115,0.00000,0.00000,-0.108,-0.009,0
238.5160,-0.00517,-0.02518,-0.00115,0.00000,0.00000,-0.108,-0.009,0
238.5660,-0.00518,-0.02521,-0.00115,0.00000,0.00000,-0.108,-0.009,0
238.6160,-0.00519,-0.02524,-0.00115,0.00000,0.00000,-0.108,-0.009,0
238.6660,-0.00519,-0.02527,-0.00115,0.00000,0.00000,-0.108,-0.009,0
238.7160,-0.00520,-0.02529,-0.00115,0.00000,0.00000,-0.108,-0.009,0
238.7660,-0.00520,-0.02529,-0.00115,0.00000,0.00000,-0.108,-0.009,0
238.8160,-0.00519,-0.02528,-0.00115,0.00000,0.00000,-0.108,-0.009,0
238.8660,-0.00519,-0.02526,-0.00115,0.00000,0.00000,-0.108,-0.009,0
238.9160,-0.00518,-0.02522,-0.00115,0.00000,0.00000,-0.108,-0.009,0
238.9660,-0.00517,-0.02519,-0.00115,0.00000,0.00000,-0.108,-0.009,0
239.0160,-0.00516,-0.02516,-0.00115,0.00000,0.00000,-0.108,-0.009,0
239.0660,-0.00516,-0.02515,-0.00115,0.00000,0.00000,-0.108,-0.009,0
239.1160,-0.00515,-0.02513,-0.00115,0.00000,0.00000,-0.108,-0.009,0
239.1660,-0.00515,-0.02509,-0.00115,0.00000,0.00000,-0.107,-0.009,0
239.2160,-0.00514,-0.02507,-0.00115,0.00000,0.00000,-0.107,-0.009,0
239.2660,-0.00513,-0.02503,-0.00115,0.00000,0.00000,-0.107,-0.009,0
239.3160,-0.00512,-0.02498,-0.00115,0.00000,0.00000,-0.107,-0.009,0
239.3660,-0.00511,-0.02494,-0.00115,0.00000,0.00000,-0.107,-0.009,0
239.4160,-0.00510,-0.02490,-0.00115,0.00000,0.00000,-0.107,-0.009,0
239.4660,-0.00509,-0.02487,-0.00115,0.00000,0.00000,-0.106,-0.009,0
239.5160,-0.00509,-0.02486,-0.00115,0.00000,0.00000,-0.106,-0.009,0
239.5660,-0.00509,-0.02484,-0.00115,0.00000,0.00000,-0.106,-0.009,0
239.6160,-0.00509,-0.02484,-0.00115,0.00000,0.00000,-0.106,-0.009,0
239.6660,-0.00509,-0.02483,-0.00115,0.00000,0.00000,-0.106,-0.009,0
239.7160,-0.00509,-0.02482,-0.00115,0.00000,0.00000,-0.106,-0.009,0
239.7660,-0.00508,-0.02481,-0.00115,0.00000,0.00000,-0.106,-0.009,0
239.8160,-0.00508,-0.02480,-0.00115,0.00000,0.00000,-0.106,-0.009,0
239.8660,-0.00508,-0.02479,-0.00115,0.00000,0.00000,-0.106,-0.009,0
239.9160,-0.00507,-0.02476,-0.00115,0.00000,0.00000,-0.106,-0.009,0
239.9660,-0.00507,-0.02474,-0.00115,0.00000,0.00000,-0.106,-0.009,0
240.0160,-0.00507,-0.02471,-0.00115,0.00000,0.00000,-0.106,-0.009,0
240.0660,-0.00506,-0.02470,-0.00115,0.00000,0.00000,-0.105,-0.009,0
240.1160,-0.00506,-0.02468,-0.00115,0.00000,0.00000,-0.105,-0.009,0
240.1660,-0.00506,-0.02466,-0.00115,0.00000,0.00000,-0.105,-0.008,0
240.2160,-0.00505,-0.02464,-0.00115,0.00000,0.00000,-0.105,-0.008,0
240.2660,-0.00505,-0.02463,-0.00115,0.00000,0.00000,-0.105,-0.008,0
240.3160,-0.00506,-0.02465,-0.00115,0.00000,0.00000,-0.105,-0.008,0
240.3660,-0.00506,-0.02465,-0.00115,0.00000,0.00000,-0.105,-0.009,0
240.4160,-0.00506,-0.02466,-0.00115,0.00000,0.00000,-0.105,-0.009,0
240.4660,-0.00506,-0.02467,-0.00115,0.00000,0.00000,-0.105,-0.009,0
240.5160,-0.00507,-0.02468,-0.00115,0.00000,0.00000,-0.105,-0.009,0
240.5660,-0.00507,-0.02468,-0.00115,0.00000,0.00000,-0.105,-0.009,0
240.6160,-0.00507,-0.02467,-0.00115,0.00000,0.00000,-0.105,-0.008,0
240.6660,-0.00507,-0.02469,-0.00115,0.00000,0.00000,-0.105,-0.008,0
240.7160,-0.00508,-0.02471,-0.00115,0.00000,0.00000,-0.105,-0.009,0
240.7660,-0.00508,-0.02472,-0.00115,0.00000,0.00000,-0.105,-0.009,0
240.8160,-0.00508,-0.02473,-0.00115,0.00000,0.00000,-0.105,-0.009,0
240.8660,-0.00509,-0.02475,-0.00115,0.00000,0.00000,-0.105,-0.009,0
240.9160,-0.00509,-0.02478,-0.00115,0.00000,0.00000,-0.105,-0.009,0
240.9660,-0.00510,-0.02480,-0.00115,0.00000,0.00000,-0.105,-0.009,0
241.0160,-0.00510,-0.02482,-0.00115,0.00000,0.00000,-0.106,-0.009,0
241.0660,-0.00511,-0.02485,-0.00115,0.00000,0.00000,-0.106,-0.009,0
241.1160,-0.00512,-0.02489,-0.00115,0.00000,0.00000,-0.106,-0.009,0
241.1660,-0.00513,-0.02492,-0.00115,0.00000,0.00000,-0.106,-0.009,0
241.2160,-0.00514,-0.02496,-0.00115,0.00000,0.00000,-0.106,-0.009,0
241.2660,-0.00514,-0.02499,-0.00115,0.00000,0.00000,-0.106,-0.009,0
241.3160,-0.00515,-0.02501,-0.00115,0.00000,0.00000,-0.106,-0.009,0
241.3660,-0.00515,-0.02503,-0.00115,0.00000,0.00000,-0.106,-0.009,0
241.4160,-0.00516,-0.02506,-0.00115,0.00000,0.00000,-0.107,-0.009,0
241.4660,-0.00516,-0.02508,-0.00115,0.00000,0.00000,-0.107,-0.009,0
241.5160,-0.00516,-0.02508,-0.00115,0.00000,0.00000,-0.107,-0.009,0
241.5660,-0.00516,-0.02508,-0.00115,0.00000,0.00000,-0.107,-0.009,0
241.6160,-0.00516,-0.02509,-0.00115,0.00000,0.00000,-0.107,-0.009,0
241.6660,-0.00516,-0.02511,-0.00115,0.00000,0.00000,-0.107,-0.009,0
241.7160,-0.00517,-0.02514,-0.00115,0.00000,0.00000,-0.107,-0.009,0
241.7660,-0.00517,-0.02517,-0.00115,0.00000,0.00000,-0.107,-0.009,0
241.8160,-0.00518,-0.02519,-0.00115,0.00000,0.00000,-0.107,-0.009,0
241.8660,-0.00518,-0.02522,-0.00115,0.00000,0.00000,-0.107,-0.009,0
241.9160,-0.00519,-0.02525,-0.00115,0.00000,0.00000,-0.108,-0.009,0
241.9660,-0.00520,-0.02530,-0.00115,0.00000,0.00000,-0.108,-0.009,0
242.0160,-0.00521,-0.02534,-0.00115,0.00000,0.00000,-0.108,-0.009,0
242.0660,-0.00522,-0.02538,-0.00115,0.00000,0.00000,-0.108,-0.009,0
242.1160,-0.00523,-0.02542,-0.00115,0.00000,0.00000,-0.108,-0.009,0
242.1660,-0.00523,-0.02545,-0.00115,0.00000,0.00000,-0.108,-0.009,0
242.2160,-0.00524,-0.02549,-0.00115,0.00000,0.00000,-0.109,-0.009,0
242.2660,-0.00524,-0.02551,-0.00115,0.00000,0.00000,-0.109,-0.009,0
242.3160,-0.00524,-0.02551,-0.00115,0.00000,0.00000,-0.109,-0.009,0
242.3660,-0.00524,-0.02551,-0.00115,0.00000,0.00000,-0.109,-0.009,0
242.4160,-0.00523,-0.02550,-0.00115,0.00000,0.00000,-0.109,-0.009,0
242.4660,-0.00523,-0.02549,-0.00115,0.00000,0.00000,-0.109,-0.009,0
242.5160,-0.00523,-0.02549,-0.00115,0.00000,0.00000,-0.109,-0.009,0
242.5660,-0.00523,-0.02549,-0.00115,0.00000,0.00000,-0.109,-0.009,0
242.6160,-0.00523,-0.02549,-0.00115,0.00000,0.00000,-0.109,-0.009,0
242.6660,-0.00522,-0.02548,-0.00115,0.00000,0.00000,-0.109,-0.009,0
242.7160,-0.00522,-0.02548,-0.00115,0.00000,0.00000,-0.109,-0.009,0
242.7660,-0.00522,-0.02549,-0.00115,0.00000,0.00000,-0.109,-0.009,0
242.8160,-0.00523,-0.02551,-0.00115,0.00000,0.00000,-0.109,-0.009,0
242.8660,-0.00523,-0.02551,-0.00115,0.00000,0.00000,-0.109,-0.009,0
242.9160,-0.00523,-0.02552,-0.00115,0.00000,0.00000,-0.109,-0.009,0
242.9660,-0.00523,-0.02552,-0.00115,0.00000,0.00000,-0.109,-0.009,0
243.0160,-0.00523,-0.02552,-0.00115,0.00000,0.00000,-0.109,-0.009,0
243.0660,-0.00522,-0.02550,-0.00115,0.00000,0.00000,-0.109,-0.009,0
243.1160,-0.00522,-0.02549,-0.00115,0.00000,0.00000,-0.109,-0.009,0
243.1660,-0.00522,-0.02547,-0.00115,0.00000,0.00000,-0.109,-0.009,0
243.2160,-0.00521,-0.02546,-0.00115,0.00000,0.00000,-0.109,-0.009,0
243.2660,-0.00521,-0.02545,-0.00115,0.00000,0.00000,-0.109,-0.009,0
243.3160,-0.00521,-0.02544,-0.00115,0.00000,0.00000,-0.109,-0.009,0
243.3660,-0.00521,-0.02543,-0.00115,0.00000,0.00000,-0.109,-0.009,0
243.4160,-0.00521,-0.02545,-0.00115,0.00000,0.00000,-0.109,-0.009,0
243.4660,-0.00521,-0.02546,-0.00115,0.00000,0.00000,-0.109,-0.009,0
243.5160,-0.00521,-0.02547,-0.00115,0.00000,0.00000,-0.109,-0.009,0
243.5660,-0.00522,-0.02548,-0.00115,0.00000,0.00000,-0.109,-0.009,0
243.6160,-0.00522,-0.02548,-0.00115,0.00000,0.00000,-0.109,-0.009,0
243.6660,-0.00521,-0.02547,-0.00115,0.00000,0.00000,-0.109,-0.009,0
243.7160,-0.00521,-0.02545,-0.00115,0.00000,0.00000,-0.109,-0.009,0
243.7660,-0.00521,-0.02544,-0.00115,0.00000,0.00000,-0.109,-0.009,0
243.8160,-0.00521,-0.02544,-0.00115,0.00000,0.00000,-0.109,-0.009,0
243.8660,-0.00521,-0.02545,-0.00115,0.00000,0.00000,-0.109,-0.009,0
243.9160,-0.00521,-0.02545,-0.00115,0.00000,0.00000,-0.109,-0.009,0
243.9660,-0.00521,-0.02546,-0.00115,0.00000,0.00000,-0.109,-0.009,0
244.0160,-0.00521,-0.02547,-0.00115,0.00000,0.00000,-0.109,-0.009,0
244.0660,-0.00522,-0.02547,-0.00115,0.00000,0.00000,-0.109,-0.009,0
244.1160,-0.00522,-0.02548,-0.00115,0.00000,0.00000,-0.109,-0.009,0
244.1660,-0.00522,-0.02550,-0.00115,0.00000,0.00000,-0.109,-0.009,0
244.2160,-0.00523,-0.02554,-0.00115,0.00000,0.00000,-0.110,-0.009,0
244.2660,-0.00524,-0.02558,-0.00115,0.00000,0.00000,-0.110,-0.009,0
244.3160,-0.00525,-0.02562,-0.00115,0.00000,0.00000,-0.110,-0.009,0
244.3660,-0.00526,-0.02565,-0.00115,0.00000,0.00000,-0.110,-0.009,0
244.4160,-0.00527,-0.02569,-0.00115,0.00000,0.00000,-0.110,-0.009,0
244.4660,-0.00527,-0.02572,-0.00115,0.00000,0.00000,-0.110,-0.009,0
244.5160,-0.00528,-0.02575,-0.00115,0.00000,0.00000,-0.111,-0.009,0
244.5660,-0.00528,-0.02577,-0.00115,0.00000,0.00000,-0.111,-0.009,0
244.6160,-0.00529,-0.02579,-0.00115,0.00000,0.00000,-0.111,-0.009,0
244.6660,-0.00529,-0.02582,-0.00115,0.00000,0.00000,-0.111,-0.009,0
244.7160,-0.00530,-0.02584,-0.00115,0.00000,0.00000,-0.111,-0.009,0
244.7660,-0.00530,-0.02585,-0.00115,0.00000,0.00000,-0.111,-0.009,0
244.8160,-0.00530,-0.02586,-0.00115,0.00000,0.00000,-0.111,-0.009,0
244.8660,-0.00530,-0.02587,-0.00115,0.00000,0.00000,-0.111,-0.009,0
244.9160,-0.00531,-0.02589,-0.00115,0.00000,0.00000,-0.111,-0.009,0
244.9660,-0.00531,-0.02590,-0.00115,0.00000,0.00000,-0.111,-0.009,0
245.0160,-0.00531,-0.02591,-0.00115,0.00000,0.00000,-0.112,-0.009,0
245.0660,-0.00531,-0.02592,-0.00115,0.00000,0.00000,-0.112,-0.009,0
245.1160,-0.00531,-0.02593,-0.00115,0.00000,0.00000,-0.112,-0.009,0
245.1660,-0.00532,-0.02596,-0.00115,0.00000,0.00000,-0.112,-0.009,0
245.2160,-0.00532,-0.02598,-0.00115,0.00000,0.00000,-0.112,-0.009,0
245.2660,-0.00533,-0.02603,-0.00115,0.00000,0.00000,-0.112,-0.009,0
245.3160,-0.00534,-0.02607,-0.00115,0.00000,0.00000,-0.112,-0.009,0
245.3660,-0.00535,-0.02610,-0.00115,0.00000,0.00000,-0.112,-0.009,0
245.4160,-0.00535,-0.02613,-0.00115,0.00000,0.00000,-0.113,-0.009,0
245.4660,-0.00536,-0.02615,-0.00115,0.00000,0.00000,-0.113,-0.009,0
245.5160,-0.00536,-0.02616,-0.00115,0.00000,0.00000,-0.113,-0.009,0
245.5660,-0.00536,-0.02617,-0.00115,0.00000,0.00000,-0.113,-0.009,0
245.6160,-0.00536,-0.02617,-0.00115,0.00000,0.00000,-0.113,-0.009,0
245.6660,-0.00536,-0.02617,-0.00115,0.00000,0.00000,-0.113,-0.009,0
245.7160,-0.00535,-0.02617,-0.00115,0.00000,0.00000,-0.113,-0.009,0
245.7660,-0.00535,-0.02616,-0.00115,0.00000,0.00000,-0.113,-0.009,0
245.8160,-0.00535,-0.02617,-0.00115,0.00000,0.00000,-0.113,-0.009,0
245.8660,-0.00535,-0.02617,-0.00115,0.00000,0.00000,-0.113,-0.009,0
245.9160,-0.00535,-0.02616,-0.00115,0.00000,0.00000,-0.113,-0.009,0
245.9660,-0.00535,-0.02617,-0.00115,0.00000,0.00000,-0.113,-0.009,0
246.0160,-0.00535,-0.02617,-0.00115,0.00000,0.00000,-0.113,-0.009,0
246.0660,-0.00535,-0.02619,-0.00115,0.00000,0.00000,-0.113,-0.009,0
246.1160,-0.00535,-0.02620,-0.00115,0.00000,0.00000,-0.113,-0.009,0
246.1660,-0.00535,-0.02620,-0.00115,0.00000,0.00000,-0.113,-0.009,0
246.2160,-0.00536,-0.02621,-0.00115,0.00000,0.00000,-0.113,-0.009,0
246.2660,-0.00536,-0.02623,-0.00115,0.00000,0.00000,-0.114,-0.009,0
246.3160,-0.00536,-0.02624,-0.00115,0.00000,0.00000,-0.114,-0.009,0
246.3660,-0.00536,-0.02625,-0.00115,0.00000,0.00000,-0.114,-0.009,0
246.4160,-0.00536,-0.02625,-0.00115,0.00000,0.00000,-0.114,-0.009,0
246.4660,-0.00536,-0.02626,-0.00115,0.00000,0.00000,-0.114,-0.009,0
246.5160,-0.00536,-0.02625,-0.00115,0.00000,0.00000,-0.114,-0.009,0
246.5660,-0.00536,-0.02623,-0.00115,0.00000,0.00000,-0.114,-0.009,0
246.6160,-0.00535,-0.02621,-0.00115,0.00000,0.00000,-0.114,-0.009,0
246.6660,-0.00535,-0.02620,-0.00115,0.00000,0.00000,-0.114,-0.009,0
246.7160,-0.00534,-0.02618,-0.00115,0.00000,0.00000,-0.114,-0.009,0
246.7660,-0.00534,-0.02615,-0.00115,0.00000,0.00000,-0.114,-0.009,0
246.8160,-0.00533,-0.02612,-0.00115,0.00000,0.00000,-0.113,-0.009,0
246.8660,-0.00533,-0.02610,-0.00115,0.00000,0.00000,-0.113,-0.009,0
246.9160,-0.00532,-0.02608,-0.00115,0.00000,0.00000,-0.113,-0.009,0
246.9660,-0.00532,-0.02606,-0.00115,0.00000,0.00000,-0.113,-0.009,0
247.0160,-0.00532,-0.02605,-0.00115,0.00000,0.00000,-0.113,-0.009,0
247.0660,-0.00531,-0.02605,-0.00115,0.00000,0.00000,-0.113,-0.009,0
247.1160,-0.00531,-0.02604,-0.00115,0.00000,0.00000,-0.113,-0.009,0
247.1660,-0.00531,-0.02603,-0.00115,0.00000,0.00000,-0.113,-0.009,0
247.2160,-0.00531,-0.02603,-0.00115,0.00000,0.00000,-0.113,-0.009,0
247.2660,-0.00531,-0.02604,-0.00115,0.00000,0.00000,-0.113,-0.009,0
247.3160,-0.00532,-0.02605,-0.00115,0.00000,0.00000,-0.113,-0.009,0
247.3660,-0.00532,-0.02605,-0.00115,0.00000,0.00000,-0.113,-0.009,0
247.4160,-0.00532,-0.02606,-0.00115,0.00000,0.00000,-0.113,-0.009,0
247.4660,-0.00532,-0.02607,-0.00115,0.00000,0.00000,-0.113,-0.009,0
247.5160,-0.00533,-0.02608,-0.00115,0.00000,0.00000,-0.113,-0.009,0
247.5660,-0.00533,-0.02609,-0.00115,0.00000,0.00000,-0.113,-0.009,0
247.6160,-0.00533,-0.02610,-0.00115,0.00000,0.00000,-0.113,-0.009,0
247.6660,-0.00533,-0.02610,-0.00115,0.00000,0.00000,-0.113,-0.009,0
247.7160,-0.00533,-0.02610,-0.00115,0.00000,0.00000,-0.113,-0.009,0
247.7660,-0.00533,-0.02610,-0.00115,0.00000,0.00000,-0.113,-0.009,0
247.8160,-0.00533,-0.02610,-0.00115,0.00000,0.00000,-0.113,-0.009,0
247.8660,-0.00533,-0.02611,-0.00115,0.00000,0.00000,-0.113,-0.009,0
247.9160,-0.00534,-0.02612,-0.00115,0.00000,0.00000,-0.113,-0.009,0
247.9660,-0.00534,-0.02612,-0.00115,0.00000,0.00000,-0.113,-0.009,0
248.0160,-0.00534,-0.02611,-0.00115,0.00000,0.00000,-0.113,-0.009,0
248.0660,-0.00534,-0.02611,-0.00115,0.00000,0.00000,-0.113,-0.009,0
248.1160,-0.00533,-0.02610,-0.00115,0.00000,0.00000,-0.113,-0.009,0
248.1660,-0.00533,-0.02610,-0.00115,0.00000,0.00000,-0.113,-0.009,0
248.2160,-0.00534,-0.02611,-0.00115,0.00000,0.00000,-0.113,-0.009,0
248.2660,-0.00534,-0.02613,-0.00115,0.00000,0.00000,-0.113,-0.009,0
248.3160,-0.00534,-0.02615,-0.00115,0.00000,0.00000,-0.114,-0.009,0
248.3660,-0.00535,-0.02616,-0.00115,0.00000,0.00000,-0.114,-0.009,0
248.4160,-0.00535,-0.02618,-0.00115,0.00000,0.00000,-0.114,-0.009,0
248.4660,-0.00535,-0.02619,-0.00115,0.00000,0.00000,-0.114,-0.009,0
248.5160,-0.00535,-0.02620,-0.00115,0.00000,0.00000,-0.114,-0.009,0
248.5660,-0.00535,-0.02619,-0.00115,0.00000,0.00000,-0.114,-0.009,0
248.6160,-0.00535,-0.02619,-0.00115,0.00000,0.00000,-0.114,-0.009,0
248.6660,-0.00535,-0.02618,-0.00115,0.00000,0.00000,-0.114,-0.009,0
248.7160,-0.00534,-0.02615,-0.00115,0.00000,0.00000,-0.114,-0.009,0
248.7660,-0.00534,-0.02613,-0.00115,0.00000,0.00000,-0.114,-0.009,0
248.8160,-0.00534,-0.02612,-0.00115,0.00000,0.00000,-0.113,-0.009,0
248.8660,-0.00533,-0.02611,-0.00115,0.00000,0.00000,-0.113,-0.009,0
248.9160,-0.00533,-0.02612,-0.00115,0.00000,0.00000,-0.113,-0.009,0
248.9660,-0.00533,-0.02612,-0.00115,0.00000,0.00000,-0.113,-0.009,0
249.0160,-0.00533,-0.02611,-0.00115,0.00000,0.00000,-0.113,-0.009,0
249.0660,-0.00533,-0.02610,-0.00115,0.00000,0.00000,-0.113,-0.009,0
249.1160,-0.00532,-0.02607,-0.00115,0.00000,0.00000,-0.113,-0.009,0
249.1660,-0.00532,-0.02605,-0.00115,0.00000,0.00000,-0.113,-0.009,0
249.2160,-0.00531,-0.02602,-0.00115,0.00000,0.00000,-0.113,-0.009,0
249.2660,-0.00530,-0.02598,-0.00115,0.00000,0.00000,-0.113,-0.009,0
249.3160,-0.00530,-0.02595,-0.00115,0.00000,0.00000,-0.113,-0.009,0
249.3660,-0.00529,-0.02591,-0.00115,0.00000,0.00000,-0.113,-0.009,0
249.4160,-0.00528,-0.02587,-0.00115,0.00000,0.00000,-0.112,-0.009,0
249.4660,-0.00527,-0.02583,-0.00115,0.00000,0.00000,-0.112,-0.009,0
249.5160,-0.00526,-0.02580,-0.00115,0.00000,0.00000,-0.112,-0.009,0
249.5660,-0.00526,-0.02577,-0.00115,0.00000,0.00000,-0.112,-0.009,0
249.6160,-0.00525,-0.02574,-0.00115,0.00000,0.00000,-0.112,-0.009,0
249.6660,-0.00524,-0.02571,-0.00115,0.00000,0.00000,-0.112,-0.009,0
249.7160,-0.00524,-0.02568,-0.00115,0.00000,0.00000,-0.111,-0.009,0
249.7660,-0.00523,-0.02565,-0.00115,0.00000,0.00000,-0.111,-0.009,0
249.8160,-0.00523,-0.02562,-0.00115,0.00000,0.00000,-0.111,-0.009,0
249.8660,-0.00522,-0.02560,-0.00115,0.00000,0.00000,-0.111,-0.009,0
249.9160,-0.00522,-0.02559,-0.00115,0.00000,0.00000,-0.111,-0.009,0
249.9660,-0.00522,-0.02558,-0.00115,0.00000,0.00000,-0.111,-0.009,0
250.0160,-0.00522,-0.02557,-0.00115,0.00000,0.00000,-0.111,-0.009,0
250.0660,-0.00522,-0.02556,-0.00115,0.00000,0.00000,-0.111,-0.009,0
250.1160,-0.00522,-0.02555,-0.00115,0.00000,0.00000,-0.111,-0.009,0
250.1660,-0.00522,-0.02554,-0.00115,0.00000,0.00000,-0.111,-0.009,0
250.2160,-0.00522,-0.02554,-0.00115,0.00000,0.00000,-0.111,-0.009,0
250.2660,-0.00522,-0.02554,-0.00115,0.00000,0.00000,-0.111,-0.009,0
250.3160,-0.00522,-0.02553,-0.00115,0.00000,0.00000,-0.111,-0.009,0
250.3660,-0.00522,-0.02551,-0.00115,0.00000,0.00000,-0.110,-0.009,0
250.4160,-0.00521,-0.02548,-0.00115,0.00000,0.00000,-0.110,-0.009,0
250.4660,-0.00520,-0.02546,-0.00115,0.00000,0.00000,-0.110,-0.009,0
250.5160,-0.00520,-0.02542,-0.00115,0.00000,0.00000,-0.110,-0.009,0
250.5660,-0.00519,-0.02540,-0.00115,0.00000,0.00000,-0.110,-0.009,0
250.6160,-0.00519,-0.02537,-0.00115,0.00000,0.00000,-0.110,-0.009,0
250.6660,-0.00518,-0.02535,-0.00115,0.00000,0.00000,-0.110,-0.009,0
250.7160,-0.00518,-0.02532,-0.00115,0.00000,0.00000,-0.109,-0.009,0
250.7660,-0.00517,-0.02530,-0.00115,0.00000,0.00000,-0.109,-0.009,0
250.8160,-0.00517,-0.02529,-0.00115,0.00000,0.00000,-0.109,-0.009,0
250.8660,-0.00517,-0.02529,-0.00115,0.00000,0.00000,-0.109,-0.009,0
250.9160,-0.00518,-0.02529,-0.00115,0.00000,0.00000,-0.109,-0.009,0
250.9660,-0.00518,-0.02530,-0.00115,0.00000,0.00000,-0.109,-0.009,0
251.0160,-0.00518,-0.02530,-0.00115,0.00000,0.00000,-0.109,-0.009,0
251.0660,-0.00518,-0.02530,-0.00115,0.00000,0.00000,-0.109,-0.009,0
251.1160,-0.00518,-0.02529,-0.00115,0.00000,0.00000,-0.109,-0.009,0
251.1660,-0.00518,-0.02528,-0.00115,0.00000,0.00000,-0.109,-0.009,0
251.2160,-0.00518,-0.02527,-0.00115,0.00000,0.00000,-0.109,-0.009,0
251.2660,-0.00517,-0.02526,-0.00115,0.00000,0.00000,-0.109,-0.009,0
251.3160,-0.00517,-0.02526,-0.00115,0.00000,0.00000,-0.109,-0.009,0
251.3660,-0.00517,-0.02526,-0.00115,0.00000,0.00000,-0.109,-0.009,0
251.4160,-0.00517,-0.02525,-0.00115,0.00000,0.00000,-0.109,-0.009,0
251.4660,-0.00517,-0.02523,-0.00115,0.00000,0.00000,-0.109,-0.009,0
251.5160,-0.00517,-0.02523,-0.00115,0.00000,0.00000,-0.109,-0.009,0
251.5660,-0.00517,-0.02522,-0.00115,0.00000,0.00000,-0.109,-0.009,0
251.6160,-0.00517,-0.02522,-0.00115,0.00000,0.00000,-0.108,-0.009,0
251.6660,-0.00517,-0.02522,-0.00115,0.00000,0.00000,-0.108,-0.009,0
251.7160,-0.00517,-0.02522,-0.00115,0.00000,0.00000,-0.108,-0.009,0
251.7660,-0.00517,-0.02522,-0.00115,0.00000,0.00000,-0.108,-0.009,0
251.8160,-0.00517,-0.02523,-0.00115,0.00000,0.00000,-0.108,-0.009,0
251.8660,-0.00517,-0.02523,-0.00115,0.00000,0.00000,-0.108,-0.009,0
251.9160,-0.00517,-0.02522,-0.00115,0.00000,0.00000,-0.108,-0.009,0
251.9660,-0.00516,-0.02519,-0.00115,0.00000,0.00000,-0.108,-0.009,0
252.0160,-0.00516,-0.02517,-0.00115,0.00000,0.00000,-0.108,-0.009,0
252.0660,-0.00515,-0.02514,-0.00115,0.00000,0.00000,-0.108,-0.009,0
252.1160,-0.00515,-0.02511,-0.00115,0.00000,0.00000,-0.108,-0.009,0
252.1660,-0.00514,-0.02508,-0.00115,0.00000,0.00000,-0.108,-0.009,0
252.2160,-0.00513,-0.02505,-0.00115,0.00000,0.00000,-0.108,-0.009,0
252.2660,-0.00512,-0.02502,-0.00115,0.00000,0.00000,-0.107,-0.009,0
252.3160,-0.00512,-0.02498,-0.00115,0.00000,0.00000,-0.107,-0.009,0
252.3660,-0.00511,-0.02494,-0.00115,0.00000,0.00000,-0.107,-0.009,0
252.4160,-0.00511,-0.02493,-0.00115,0.00000,0.00000,-0.107,-0.009,0
252.4660,-0.00510,-0.02492,-0.00115,0.00000,0.00000,-0.107,-0.009,0
252.5160,-0.00510,-0.02492,-0.00115,0.00000,0.00000,-0.107,-0.009,0
252.5660,-0.00511,-0.02491,-0.00115,0.00000,0.00000,-0.107,-0.009,0
252.6160,-0.00510,-0.02490,-0.00115,0.00000,0.00000,-0.107,-0.009,0
252.6660,-0.00510,-0.02488,-0.00115,0.00000,0.00000,-0.107,-0.009,0
252.7160,-0.00509,-0.02484,-0.00115,0.00000,0.00000,-0.106,-0.009,0
252.7660,-0.00509,-0.02481,-0.00115,0.00000,0.00000,-0.106,-0.009,0
252.8160,-0.00508,-0.02480,-0.00115,0.00000,0.00000,-0.106,-0.009,0
252.8660,-0.00508,-0.02479,-0.00115,0.00000,0.00000,-0.106,-0.009,0
252.9160,-0.00508,-0.02479,-0.00115,0.00000,0.00000,-0.106,-0.009,0
252.9660,-0.00508,-0.02479,-0.00115,0.00000,0.00000,-0.106,-0.009,0
253.0160,-0.00508,-0.02478,-0.00115,0.00000,0.00000,-0.106,-0.009,0
253.0660,-0.00508,-0.02477,-0.00115,0.00000,0.00000,-0.106,-0.009,0
253.1160,-0.00508,-0.02477,-0.00115,0.00000,0.00000,-0.106,-0.009,0
253.1660,-0.00508,-0.02476,-0.00115,0.00000,0.00000,-0.106,-0.009,0
253.2160,-0.00508,-0.02476,-0.00115,0.00000,0.00000,-0.106,-0.009,0
253.2660,-0.00508,-0.02475,-0.00115,0.00000,0.00000,-0.106,-0.009,0
253.3160,-0.00508,-0.02475,-0.00115,0.00000,0.00000,-0.106,-0.009,0
253.3660,-0.00508,-0.02476,-0.00115,0.00000,0.00000,-0.106,-0.009,0
253.4160,-0.00508,-0.02476,-0.00115,0.00000,0.00000,-0.106,-0.009,0
253.4660,-0.00509,-0.02477,-0.00115,0.00000,0.00000,-0.106,-0.009,0
253.5160,-0.00509,-0.02478,-0.00115,0.00000,0.00000,-0.106,-0.009,0
253.5660,-0.00509,-0.02479,-0.00115,0.00000,0.00000,-0.106,-0.009,0
253.6160,-0.00509,-0.02480,-0.00115,0.00000,0.00000,-0.106,-0.009,0
253.6660,-0.00509,-0.02479,-0.00115,0.00000,0.00000,-0.106,-0.009,0
253.7160,-0.00509,-0.02479,-0.00115,0.00000,0.00000,-0.106,-0.009,0
253.7660,-0.00509,-0.02478,-0.00115,0.00000,0.00000,-0.106,-0.009,0
253.8160,-0.00509,-0.02477,-0.00115,0.00000,0.00000,-0.106,-0.009,0
253.8660,-0.00508,-0.02475,-0.00115,0.00000,0.00000,-0.105,-0.008,0
253.9160,-0.00508,-0.02474,-0.00115,0.00000,0.00000,-0.105,-0.008,0
253.9660,-0.00508,-0.02474,-0.00115,0.00000,0.00000,-0.105,-0.008,0
254.0160,-0.00508,-0.02473,-0.00115,0.00000,0.00000,-0.105,-0.009,0
254.0660,-0.00508,-0.02472,-0.00115,0.00000,0.00000,-0.105,-0.008,0
254.1160,-0.00508,-0.02472,-0.00115,0.00000,0.00000,-0.105,-0.008,0
254.1660,-0.00508,-0.02473,-0.00115,0.00000,0.00000,-0.105,-0.008,0
254.2160,-0.00508,-0.02473,-0.00115,0.00000,0.00000,-0.105,-0.009,0
254.2660,-0.00508,-0.02474,-0.00115,0.00000,0.00000,-0.105,-0.009,0
254.3160,-0.00508,-0.02475,-0.00115,0.00000,0.00000,-0.105,-0.009,0
254.3660,-0.00508,-0.02475,-0.00115,0.00000,0.00000,-0.105,-0.009,0
254.4160,-0.00508,-0.02475,-0.00115,0.00000,0.00000,-0.105,-0.008,0
254.4660,-0.00509,-0.02476,-0.00115,0.00000,0.00000,-0.105,-0.009,0
254.5160,-0.00509,-0.02478,-0.00115,0.00000,0.00000,-0.105,-0.009,0
254.5660,-0.00510,-0.02481,-0.00115,0.00000,0.00000,-0.105,-0.009,0
254.6160,-0.00511,-0.02484,-0.00115,0.00000,0.00000,-0.106,-0.009,0
254.6660,-0.00511,-0.02486,-0.00115,0.00000,0.00000,-0.106,-0.009,0
254.7160,-0.00511,-0.02488,-0.00115,0.00000,0.00000,-0.106,-0.009,0
254.7660,-0.00512,-0.02489,-0.00115,0.00000,0.00000,-0.106,-0.009,0
254.8160,-0.00512,-0.02490,-0.00115,0.00000,0.00000,-0.106,-0.009,0
254.8660,-0.00512,-0.02492,-0.00115,0.00000,0.00000,-0.106,-0.009,0
254.9160,-0.00513,-0.02494,-0.00115,0.00000,0.00000,-0.106,-0.009,0
254.9660,-0.00513,-0.02496,-0.00115,0.00000,0.00000,-0.106,-0.009,0
255.0160,-0.00514,-0.02498,-0.00115,0.00000,0.00000,-0.106,-0.009,0
255.0660,-0.00514,-0.02500,-0.00115,0.00000,0.00000,-0.106,-0.009,0
255.1160,-0.00515,-0.02503,-0.00115,0.00000,0.00000,-0.106,-0.009,0
255.1660,-0.00515,-0.02505,-0.00115,0.00000,0.00000,-0.107,-0.009,0
255.2160,-0.00515,-0.02505,-0.00115,0.00000,0.00000,-0.107,-0.009,0
255.2660,-0.00515,-0.02506,-0.00115,0.00000,0.00000,-0.107,-0.009,0
255.3160,-0.00515,-0.02507,-0.00115,0.00000,0.00000,-0.107,-0.009,0
255.3660,-0.00515,-0.02508,-0.00115,0.00000,0.00000,-0.107,-0.009,0
255.4160,-0.00515,-0.02509,-0.00115,0.00000,0.00000,-0.107,-0.009,0
255.4660,-0.00516,-0.02511,-0.00115,0.00000,0.00000,-0.107,-0.009,0
255.5160,-0.00517,-0.02514,-0.00115,0.00000,0.00000,-0.107,-0.009,0
255.5660,-0.00517,-0.02518,-0.00115,0.00000,0.00000,-0.107,-0.009,0
255.6160,-0.00518,-0.02521,-0.00115,0.00000,0.00000,-0.107,-0.009,0
255.6660,-0.00519,-0.02525,-0.00115,0.00000,0.00000,-0.107,-0.009,0
255.7160,-0.00520,-0.02530,-0.00115,0.00000,0.00000,-0.108,-0.009,0
255.7660,-0.00521,-0.02534,-0.00115,0.00000,0.00000,-0.108,-0.009,0
255.8160,-0.00522,-0.02538,-0.00115,0.00000,0.00000,-0.108,-0.009,0
255.8660,-0.00522,-0.02541,-0.00115,0.00000,0.00000,-0.108,-0.009,0
255.9160,-0.00523,-0.02545,-0.00115,0.00000,0.00000,-0.108,-0.009,0
255.9660,-0.00523,-0.02547,-0.00115,0.00000,0.00000,-0.109,-0.009,0
256.0160,-0.00523,-0.02548,-0.00115,0.00000,0.00000,-0.109,-0.009,0
256.0660,-0.00524,-0.02549,-0.00115,0.00000,0.00000,-0.109,-0.009,0
256.1160,-0.00524,-0.02550,-0.00115,0.00000,0.00000,-0.109,-0.009,0
256.1660,-0.00524,-0.02552,-0.00115,0.00000,0.00000,-0.109,-0.009,0
256.2160,-0.00524,-0.02553,-0.00115,0.00000,0.00000,-0.109,-0.009,0
256.2660,-0.00524,-0.02554,-0.00115,0.00000,0.00000,-0.109,-0.009,0
256.3160,-0.00524,-0.02556,-0.00115,0.00000,0.00000,-0.109,-0.009,0
256.3660,-0.00525,-0.02557,-0.00115,0.00000,0.00000,-0.109,-0.009,0
256.4160,-0.00525,-0.02559,-0.00115,0.00000,0.00000,-0.109,-0.009,0
256.4660,-0.00525,-0.02558,-0.00115,0.00000,0.00000,-0.109,-0.009,0
256.5160,-0.00524,-0.02557,-0.00115,0.00000,0.00000,-0.109,-0.009,0
256.5660,-0.00524,-0.02556,-0.00115,0.00000,0.00000,-0.109,-0.009,0
256.6160,-0.00524,-0.02556,-0.00115,0.00000,0.00000,-0.109,-0.009,0
256.6660,-0.00523,-0.02554,-0.00115,0.00000,0.00000,-0.109,-0.009,0
256.7160,-0.00523,-0.02553,-0.00115,0.00000,0.00000,-0.109,-0.009,0
256.7660,-0.00523,-0.02552,-0.00115,0.00000,0.00000,-0.109,-0.009,0
256.8160,-0.00522,-0.02551,-0.00115,0.00000,0.00000,-0.109,-0.009,0
256.8660,-0.00522,-0.02548,-0.00115,0.00000,0.00000,-0.109,-0.009,0
256.9160,-0.00521,-0.02546,-0.00115,0.00000,0.00000,-0.109,-0.009,0
256.9660,-0.00521,-0.02545,-0.00115,0.00000,0.00000,-0.109,-0.009,0
257.0160,-0.00521,-0.02545,-0.00115,0.00000,0.00000,-0.109,-0.009,0
257.0660,-0.00521,-0.02545,-0.00115,0.00000,0.00000,-0.109,-0.009,0
257.1160,-0.00521,-0.02544,-0.00115,0.00000,0.00000,-0.109,-0.009,0
257.1660,-0.00520,-0.02543,-0.00115,0.00000,0.00000,-0.109,-0.009,0
257.2160,-0.00520,-0.02543,-0.00115,0.00000,0.00000,-0.109,-0.009,0
257.2660,-0.00520,-0.02542,-0.00115,0.00000,0.00000,-0.109,-0.009,0
257.3160,-0.00520,-0.02541,-0.00115,0.00000,0.00000,-0.109,-0.009,0
257.3660,-0.00520,-0.02539,-0.00115,0.00000,0.00000,-0.109,-0.009,0
257.4160,-0.00519,-0.02538,-0.00115,0.00000,0.00000,-0.109,-0.009,0
257.4660,-0.00519,-0.02537,-0.00115,0.00000,0.00000,-0.109,-0.009,0
257.5160,-0.00519,-0.02536,-0.00115,0.00000,0.00000,-0.109,-0.009,0
257.5660,-0.00519,-0.02534,-0.00115,0.00000,0.00000,-0.109,-0.009,0
257.6160,-0.00518,-0.02533,-0.00115,0.00000,0.00000,-0.109,-0.009,0
257.6660,-0.00518,-0.02533,-0.00115,0.00000,0.00000,-0.109,-0.009,0
257.7160,-0.00519,-0.02534,-0.00115,0.00000,0.00000,-0.109,-0.009,0
257.7660,-0.00519,-0.02535,-0.00115,0.00000,0.00000,-0.109,-0.009,0
257.8160,-0.00519,-0.02537,-0.00115,0.00000,0.00000,-0.109,-0.009,0
257.8660,-0.00520,-0.02539,-0.00115,0.00000,0.00000,-0.109,-0.009,0
257.9160,-0.00521,-0.02541,-0.00115,0.00000,0.00000,-0.109,-0.009,0
257.9660,-0.00521,-0.02544,-0.00115,0.00000,0.00000,-0.109,-0.009,0
258.0160,-0.00521,-0.02545,-0.00115,0.00000,0.00000,-0.109,-0.009,0
258.0660,-0.00522,-0.02545,-0.00115,0.00000,0.00000,-0.109,-0.009,0
258.1160,-0.00522,-0.02547,-0.00115,0.00000,0.00000,-0.109,-0.009,0
258.1660,-0.00522,-0.02547,-0.00115,0.00000,0.00000,-0.109,-0.009,0
258.2160,-0.00522,-0.02548,-0.00115,0.00000,0.00000,-0.109,-0.009,0
258.2660,-0.00522,-0.02549,-0.00115,0.00000,0.00000,-0.109,-0.009,0
258.3160,-0.00523,-0.02550,-0.00115,0.00000,0.00000,-0.109,-0.009,0
258.3660,-0.00523,-0.02550,-0.00115,0.00000,0.00000,-0.109,-0.009,0
258.4160,-0.00523,-0.02551,-0.00115,0.00000,0.00000,-0.109,-0.009,0
258.4660,-0.00523,-0.02553,-0.00115,0.00000,0.00000,-0.110,-0.009,0
258.5160,-0.00524,-0.02555,-0.00115,0.00000,0.00000,-0.110,-0.009,0
258.5660,-0.00524,-0.02555,-0.00115,0.00000,0.00000,-0.110,-0.009,0
258.6160,-0.00524,-0.02556,-0.00115,0.00000,0.00000,-0.110,-0.009,0
258.6660,-0.00524,-0.02557,-0.00115,0.00000,0.00000,-0.110,-0.009,0
258.7160,-0.00524,-0.02558,-0.00115,0.00000,0.00000,-0.110,-0.009,0
258.7660,-0.00524,-0.02559,-0.00115,0.00000,0.00000,-0.110,-0.009,0
258.8160,-0.00525,-0.02560,-0.00115,0.00000,0.00000,-0.110,-0.009,0
258.8660,-0.00525,-0.02562,-0.00115,0.00000,0.00000,-0.110,-0.009,0
258.9160,-0.00526,-0.02565,-0.00115,0.00000,0.00000,-0.110,-0.009,0
258.9660,-0.00526,-0.02568,-0.00115,0.00000,0.00000,-0.110,-0.009,0
259.0160,-0.00527,-0.02572,-0.00115,0.00000,0.00000,-0.110,-0.009,0
259.0660,-0.00528,-0.02575,-0.00115,0.00000,0.00000,-0.111,-0.009,0
259.1160,-0.00528,-0.02577,-0.00115,0.00000,0.00000,-0.111,-0.009,0
259.1660,-0.00528,-0.02578,-0.00115,0.00000,0.00000,-0.111,-0.009,0
259.2160,-0.00528,-0.02578,-0.00115,0.00000,0.00000,-0.111,-0.009,0
259.2660,-0.00528,-0.02579,-0.00115,0.00000,0.00000,-0.111,-0.009,0
259.3160,-0.00529,-0.02581,-0.00115,0.00000,0.00000,-0.111,-0.009,0
259.3660,-0.00529,-0.02583,-0.00115,0.00000,0.00000,-0.111,-0.009,0
259.4160,-0.00529,-0.02583,-0.00115,0.00000,0.00000,-0.111,-0.009,0
259.4660,-0.00529,-0.02583,-0.00115,0.00000,0.00000,-0.111,-0.009,0
259.5160,-0.00529,-0.02583,-0.00115,0.00000,0.00000,-0.111,-0.009,0
259.5660,-0.00529,-0.02584,-0.00115,0.00000,0.00000,-0.111,-0.009,0
259.6160,-0.00529,-0.02585,-0.00115,0.00000,0.00000,-0.111,-0.009,0
259.6660,-0.00529,-0.02585,-0.00115,0.00000,0.00000,-0.111,-0.009,0
259.7160,-0.00529,-0.02586,-0.00115,0.00000,0.00000,-0.111,-0.009,0
259.7660,-0.00529,-0.02585,-0.00115,0.00000,0.00000,-0.111,-0.009,0
259.8160,-0.00529,-0.02585,-0.00115,0.00000,0.00000,-0.111,-0.009,0
259.8660,-0.00529,-0.02584,-0.00115,0.00000,0.00000,-0.111,-0.009,0
259.9160,-0.00529,-0.02584,-0.00115,0.00000,0.00000,-0.111,-0.009,0
259.9660,-0.00529,-0.02584,-0.00115,0.00000,0.00000,-0.111,-0.009,0
260.0160,-0.00528,-0.02583,-0.00115,0.00000,0.00000,-0.111,-0.009,0
260.0660,-0.00529,-0.02584,-0.00115,0.00000,0.00000,-0.111,-0.009,0
260.1160,-0.00529,-0.02584,-0.00115,0.00000,0.00000,-0.111,-0.009,0
260.1660,-0.00528,-0.02583,-0.00115,0.00000,0.00000,-0.111,-0.009,0
260.2160,-0.00528,-0.02582,-0.00115,0.00000,0.00000,-0.111,-0.009,0
260.2660,-0.00527,-0.02580,-0.00115,0.00000,0.00000,-0.111,-0.009,0
260.3160,-0.00527,-0.02578,-0.00115,0.00000,0.00000,-0.111,-0.009,0
260.3660,-0.00526,-0.02575,-0.00115,0.00000,0.00000,-0.111,-0.009,0
260.4160,-0.00526,-0.02572,-0.00115,0.00000,0.00000,-0.111,-0.009,0
260.4660,-0.00525,-0.02569,-0.00115,0.00000,0.00000,-0.111,-0.009,0
260.5160,-0.00524,-0.02565,-0.00115,0.00000,0.00000,-0.111,-0.009,0
260.5660,-0.00523,-0.02560,-0.00115,0.00000,0.00000,-0.111,-0.009,0
260.6160,-0.00522,-0.02555,-0.00115,0.00000,0.00000,-0.110,-0.009,0
260.6660,-0.00521,-0.02551,-0.00115,0.00000,0.00000,-0.110,-0.009,0
260.7160,-0.00520,-0.02547,-0.00115,0.00000,0.00000,-0.110,-0.009,0
260.7660,-0.00520,-0.02546,-0.00115,0.00000,0.00000,-0.110,-0.009,0
260.8160,-0.00520,-0.02545,-0.00115,0.00000,0.00000,-0.110,-0.009,0
260.8660,-0.00520,-0.02546,-0.00115,0.00000,0.00000,-0.110,-0.009,0
260.9160,-0.00520,-0.02547,-0.00115,0.00000,0.00000,-0.110,-0.009,0
260.9660,-0.00521,-0.02549,-0.00115,0.00000,0.00000,-0.110,-0.009,0
261.0160,-0.00522,-0.02552,-0.00115,0.00000,0.00000,-0.110,-0.009,0
261.0660,-0.00523,-0.02556,-0.00115,0.00000,0.00000,-0.110,-0.009,0
261.1160,-0.00524,-0.02560,-0.00115,0.00000,0.00000,-0.110,-0.009,0
261.1660,-0.00525,-0.02563,-0.00115,0.00000,0.00000,-0.111,-0.009,0
261.2160,-0.00525,-0.02566,-0.00115,0.00000,0.00000,-0.111,-0.009,0
261.2660,-0.00526,-0.02567,-0.00115,0.00000,0.00000,-0.111,-0.009,0
261.3160,-0.00526,-0.02568,-0.00115,0.00000,0.00000,-0.111,-0.009,0
261.3660,-0.00526,-0.02570,-0.00115,0.00000,0.00000,-0.111,-0.009,0
261.4160,-0.00527,-0.02571,-0.00115,0.00000,0.00000,-0.111,-0.009,0
261.4660,-0.00527,-0.02571,-0.00115,0.00000,0.00000,-0.111,-0.009,0
261.5160,-0.00527,-0.02570,-0.00115,0.00000,0.00000,-0.111,-0.009,0
261.5660,-0.00526,-0.02569,-0.00115,0.00000,0.00000,-0.111,-0.009,0
261.6160,-0.00526,-0.02568,-0.00115,0.00000,0.00000,-0.111,-0.009,0
261.6660,-0.00526,-0.02567,-0.00115,0.00000,0.00000,-0.111,-0.009,0
261.7160,-0.00525,-0.02565,-0.00115,0.00000,0.00000,-0.111,-0.009,0
261.7660,-0.00525,-0.02563,-0.00115,0.00000,0.00000,-0.111,-0.009,0
261.8160,-0.00524,-0.02561,-0.00115,0.00000,0.00000,-0.110,-0.009,0
261.8660,-0.00524,-0.02559,-0.00115,0.00000,0.00000,-0.110,-0.009,0
261.9160,-0.00523,-0.02558,-0.00115,0.00000,0.00000,-0.110,-0.009,0
261.9660,-0.00523,-0.02556,-0.00115,0.00000,0.00000,-0.110,-0.009,0
262.0160,-0.00522,-0.02553,-0.00115,0.00000,0.00000,-0.110,-0.009,0
262.0660,-0.00521,-0.02549,-0.00115,0.00000,0.00000,-0.110,-0.009,0
262.1160,-0.00521,-0.02546,-0.00115,0.00000,0.00000,-0.110,-0.009,0
262.1660,-0.00520,-0.02543,-0.00115,0.00000,0.00000,-0.110,-0.009,0
262.2160,-0.00519,-0.02541,-0.00115,0.00000,0.00000,-0.110,-0.009,0
262.2660,-0.00519,-0.02538,-0.00115,0.00000,0.00000,-0.109,-0.009,0
262.3160,-0.00518,-0.02535,-0.00115,0.00000,0.00000,-0.109,-0.009,0
262.3660,-0.00518,-0.02533,-0.00115,0.00000,0.00000,-0.109,-0.009,0
262.4160,-0.00518,-0.02531,-0.00115,0.00000,0.00000,-0.109,-0.009,0
262.4660,-0.00517,-0.02531,-0.00115,0.00000,0.00000,-0.109,-0.009,0
262.5160,-0.00517,-0.02530,-0.00115,0.00000,0.00000,-0.109,-0.009,0
262.5660,-0.00518,-0.02530,-0.00115,0.00000,0.00000,-0.109,-0.009,0
262.6160,-0.00518,-0.02530,-0.00115,0.00000,0.00000,-0.109,-0.009,0
262.6660,-0.00518,-0.02531,-0.00115,0.00000,0.00000,-0.109,-0.009,0
262.7160,-0.00518,-0.02532,-0.00115,0.00000,0.00000,-0.109,-0.009,0
262.7660,-0.00518,-0.02532,-0.00115,0.00000,0.00000,-0.109,-0.009,0
262.8160,-0.00518,-0.02531,-0.00115,0.00000,0.00000,-0.109,-0.009,0
262.8660,-0.00518,-0.02531,-0.00115,0.00000,0.00000,-0.109,-0.009,0
262.9160,-0.00518,-0.02531,-0.00115,0.00000,0.00000,-0.109,-0.009,0
262.9660,-0.00518,-0.02531,-0.00115,0.00000,0.00000,-0.109,-0.009,0
263.0160,-0.00519,-0.02532,-0.00115,0.00000,0.00000,-0.109,-0.009,0
263.0660,-0.00519,-0.02533,-0.00115,0.00000,0.00000,-0.109,-0.009,0
263.1160,-0.00520,-0.02535,-0.00115,0.00000,0.00000,-0.109,-0.009,0
263.1660,-0.00520,-0.02537,-0.00115,0.00000,0.00000,-0.109,-0.009,0
263.2160,-0.00520,-0.02539,-0.00115,0.00000,0.00000,-0.109,-0.009,0
263.2660,-0.00521,-0.02540,-0.00115,0.00000,0.00000,-0.109,-0.009,0
263.3160,-0.00521,-0.02541,-0.00115,0.00000,0.00000,-0.109,-0.009,0
263.3660,-0.00521,-0.02541,-0.00115,0.00000,0.00000,-0.109,-0.009,0
263.4160,-0.00521,-0.02542,-0.00115,0.00000,0.00000,-0.109,-0.009,0
263.4660,-0.00521,-0.02543,-0.00115,0.00000,0.00000,-0.109,-0.009,0
263.5160,-0.00522,-0.02544,-0.00115,0.00000,0.00000,-0.109,-0.009,0
263.5660,-0.00522,-0.02545,-0.00115,0.00000,0.00000,-0.109,-0.009,0
263.6160,-0.00522,-0.02545,-0.00115,0.00000,0.00000,-0.109,-0.009,0
263.6660,-0.00522,-0.02545,-0.00115,0.00000,0.00000,-0.109,-0.009,0
263.7160,-0.00522,-0.02546,-0.00115,0.00000,0.00000,-0.109,-0.009,0
263.7660,-0.00522,-0.02546,-0.00115,0.00000,0.00000,-0.109,-0.009,0
263.8160,-0.00522,-0.02547,-0.00115,0.00000,0.00000,-0.109,-0.009,0
263.8660,-0.00522,-0.02547,-0.00115,0.00000,0.00000,-0.109,-0.009,0
263.9160,-0.00522,-0.02546,-0.00115,0.00000,0.00000,-0.109,-0.009,0
263.9660,-0.00522,-0.02546,-0.00115,0.00000,0.00000,-0.109,-0.009,0
264.0160,-0.00522,-0.02545,-0.00115,0.00000,0.00000,-0.109,-0.009,0
264.0660,-0.00522,-0.02546,-0.00115,0.00000,0.00000,-0.109,-0.009,0
264.1160,-0.00522,-0.02546,-0.00115,0.00000,0.00000,-0.109,-0.009,0
264.1660,-0.00521,-0.02544,-0.00115,0.00000,0.00000,-0.109,-0.009,0
264.2160,-0.00521,-0.02542,-0.00115,0.00000,0.00000,-0.109,-0.009,0
264.2660,-0.00521,-0.02542,-0.00115,0.00000,0.00000,-0.109,-0.009,0
264.3160,-0.00521,-0.02542,-0.00115,0.00000,0.00000,-0.109,-0.009,0
264.3660,-0.00521,-0.02542,-0.00115,0.00000,0.00000,-0.109,-0.009,0
264.4160,-0.00521,-0.02543,-0.00115,0.00000,0.00000,-0.109,-0.009,0
264.4660,-0.00521,-0.02545,-0.00115,0.00000,0.00000,-0.109,-0.009,0
264.5160,-0.00522,-0.02547,-0.00115,0.00000,0.00000,-0.109,-0.009,0
264.5660,-0.00523,-0.02550,-0.00115,0.00000,0.00000,-0.110,-0.009,0
264.6160,-0.00523,-0.02553,-0.00115,0.00000,0.00000,-0.110,-0.009,0
264.6660,-0.00523,-0.02554,-0.00115,0.00000,0.00000,-0.110,-0.009,0
264.7160,-0.00524,-0.02556,-0.00115,0.00000,0.00000,-0.110,-0.009,0
264.7660,-0.00524,-0.02557,-0.00115,0.00000,0.00000,-0.110,-0.009,0
264.8160,-0.00524,-0.02557,-0.00115,0.00000,0.00000,-0.110,-0.009,0
264.8660,-0.00524,-0.02558,-0.00115,0.00000,0.00000,-0.110,-0.009,0
264.9160,-0.00524,-0.02558,-0.00115,0.00000,0.00000,-0.110,-0.009,0
264.9660,-0.00524,-0.02557,-0.00115,0.00000,0.00000,-0.110,-0.009,0
265.0160,-0.00523,-0.02554,-0.00115,0.00000,0.00000,-0.110,-0.009,0
265.0660,-0.00522,-0.02550,-0.00115,0.00000,0.00000,-0.110,-0.009,0
265.1160,-0.00521,-0.02546,-0.00115,0.00000,0.00000,-0.109,-0.009,0
265.1660,-0.00520,-0.02541,-0.00115,0.00000,0.00000,-0.109,-0.009,0
265.2160,-0.00519,-0.02536,-0.00115,0.00000,0.00000,-0.109,-0.009,0
265.2660,-0.00518,-0.02532,-0.00115,0.00000,0.00000,-0.109,-0.009,0
265.3160,-0.00517,-0.02529,-0.00115,0.00000,0.00000,-0.109,-0.009,0
265.3660,-0.00517,-0.02526,-0.00115,0.00000,0.00000,-0.109,-0.009,0
265.4160,-0.00516,-0.02523,-0.00115,0.00000,0.00000,-0.108,-0.009,0
265.4660,-0.00515,-0.02519,-0.00115,0.00000,0.00000,-0.108,-0.009,0
265.5160,-0.00514,-0.02516,-0.00115,0.00000,0.00000,-0.108,-0.009,0
265.5660,-0.00514,-0.02512,-0.00115,0.00000,0.00000,-0.108,-0.009,0
265.6160,-0.00513,-0.02509,-0.00115,0.00000,0.00000,-0.108,-0.009,0
265.6660,-0.00512,-0.02506,-0.00115,0.00000,0.00000,-0.108,-0.009,0
265.7160,-0.00512,-0.02503,-0.00115,0.00000,0.00000,-0.108,-0.009,0
265.7660,-0.00512,-0.02502,-0.00115,0.00000,0.00000,-0.107,-0.009,0
265.8160,-0.00511,-0.02500,-0.00115,0.00000,0.00000,-0.107,-0.009,0
265.8660,-0.00511,-0.02498,-0.00115,0.00000,0.00000,-0.107,-0.009,0
265.9160,-0.00511,-0.02497,-0.00115,0.00000,0.00000,-0.107,-0.009,0
265.9660,-0.00511,-0.02496,-0.00115,0.00000,0.00000,-0.107,-0.009,0
266.0160,-0.00510,-0.02494,-0.00115,0.00000,0.00000,-0.107,-0.009,0
266.0660,-0.00510,-0.02493,-0.00115,0.00000,0.00000,-0.107,-0.009,0
266.1160,-0.00510,-0.02491,-0.00115,0.00000,0.00000,-0.107,-0.009,0
266.1660,-0.00510,-0.02489,-0.00115,0.00000,0.00000,-0.107,-0.009,0
266.2160,-0.00509,-0.02486,-0.00115,0.00000,0.00000,-0.107,-0.009,0
266.2660,-0.00509,-0.02483,-0.00115,0.00000,0.00000,-0.107,-0.009,0
266.3160,-0.00508,-0.02480,-0.00115,0.00000,0.00000,-0.106,-0.009,0
266.3660,-0.00508,-0.02478,-0.00115,0.00000,0.00000,-0.106,-0.009,0
266.4160,-0.00507,-0.02475,-0.00115,0.00000,0.00000,-0.106,-0.009,0
266.4660,-0.00507,-0.02473,-0.00115,0.00000,0.00000,-0.106,-0.009,0
266.5160,-0.00507,-0.02472,-0.00115,0.00000,0.00000,-0.106,-0.009,0
266.5660,-0.00506,-0.02471,-0.00115,0.00000,0.00000,-0.106,-0.009,0
266.6160,-0.00506,-0.02468,-0.00115,0.00000,0.00000,-0.106,-0.009,0
266.6660,-0.00506,-0.02466,-0.00115,0.00000,0.00000,-0.106,-0.009,0
266.7160,-0.00505,-0.02464,-0.00115,0.00000,0.00000,-0.105,-0.009,0
266.7660,-0.00504,-0.02460,-0.00115,0.00000,0.00000,-0.105,-0.008,0
266.8160,-0.00504,-0.02456,-0.00115,0.00000,0.00000,-0.105,-0.008,0
266.8660,-0.00503,-0.02452,-0.00115,0.00000,0.00000,-0.105,-0.008,0
266.9160,-0.00502,-0.02449,-0.00115,0.00000,0.00000,-0.105,-0.008,0
266.9660,-0.00501,-0.02445,-0.00115,0.00000,0.00000,-0.104,-0.008,0
267.0160,-0.00501,-0.02442,-0.00115,0.00000,0.00000,-0.104,-0.008,0
267.0660,-0.00500,-0.02438,-0.00115,0.00000,0.00000,-0.104,-0.008,0
267.1160,-0.00499,-0.02434,-0.00115,0.00000,0.00000,-0.104,-0.008,0
267.1660,-0.00499,-0.02432,-0.00115,0.00000,0.00000,-0.104,-0.008,0
267.2160,-0.00499,-0.02431,-0.00115,0.00000,0.00000,-0.104,-0.008,0
267.2660,-0.00499,-0.02433,-0.00115,0.00000,0.00000,-0.104,-0.008,0
267.3160,-0.00500,-0.02435,-0.00115,0.00000,0.00000,-0.104,-0.008,0
267.3660,-0.00500,-0.02436,-0.00115,0.00000,0.00000,-0.104,-0.008,0
267.4160,-0.00501,-0.02438,-0.00115,0.00000,0.00000,-0.104,-0.008,0
267.4660,-0.00501,-0.02439,-0.00115,0.00000,0.00000,-0.104,-0.008,0
267.5160,-0.00502,-0.02441,-0.00115,0.00000,0.00000,-0.104,-0.008,0
267.5660,-0.00502,-0.02442,-0.00115,0.00000,0.00000,-0.104,-0.008,0
267.6160,-0.00503,-0.02444,-0.00115,0.00000,0.00000,-0.104,-0.008,0
267.6660,-0.00503,-0.02446,-0.00115,0.00000,0.00000,-0.104,-0.008,0
267.7160,-0.00504,-0.02448,-0.00115,0.00000,0.00000,-0.104,-0.008,0
267.7660,-0.00504,-0.02451,-0.00115,0.00000,0.00000,-0.104,-0.008,0
267.8160,-0.00505,-0.02452,-0.00115,0.00000,0.00000,-0.104,-0.008,0
267.8660,-0.00505,-0.02453,-0.00115,0.00000,0.00000,-0.104,-0.008,0
267.9160,-0.00505,-0.02455,-0.00115,0.00000,0.00000,-0.104,-0.008,0
267.9660,-0.00506,-0.02455,-0.00115,0.00000,0.00000,-0.104,-0.008,0
268.0160,-0.00506,-0.02456,-0.00115,0.00000,0.00000,-0.104,-0.008,0
268.0660,-0.00506,-0.02456,-0.00115,0.00000,0.00000,-0.104,-0.008,0
268.1160,-0.00505,-0.02454,-0.00115,0.00000,0.00000,-0.104,-0.008,0
268.1660,-0.00505,-0.02452,-0.00115,0.00000,0.00000,-0.104,-0.008,0
268.2160,-0.00504,-0.02450,-0.00115,0.00000,0.00000,-0.104,-0.008,0
268.2660,-0.00504,-0.02449,-0.00115,0.00000,0.00000,-0.104,-0.008,0
268.3160,-0.00504,-0.02448,-0.00115,0.00000,0.00000,-0.104,-0.008,0
268.3660,-0.00503,-0.02447,-0.00115,0.00000,0.00000,-0.104,-0.008,0
268.4160,-0.00503,-0.02446,-0.00115,0.00000,0.00000,-0.104,-0.008,0
268.4660,-0.00503,-0.02445,-0.00115,0.00000,0.00000,-0.104,-0.008,0
268.5160,-0.00503,-0.02444,-0.00115,0.00000,0.00000,-0.104,-0.008,0
268.5660,-0.00503,-0.02444,-0.00115,0.00000,0.00000,-0.103,-0.008,0
268.6160,-0.00503,-0.02444,-0.00115,0.00000,0.00000,-0.103,-0.008,0
268.6660,-0.00502,-0.02443,-0.00115,0.00000,0.00000,-0.103,-0.008,0
268.7160,-0.00502,-0.02443,-0.00115,0.00000,0.00000,-0.103,-0.008,0
268.7660,-0.00502,-0.02442,-0.00115,0.00000,0.00000,-0.103,-0.008,0
268.8160,-0.00502,-0.02442,-0.00115,0.00000,0.00000,-0.103,-0.008,0
268.8660,-0.00502,-0.02442,-0.00115,0.00000,0.00000,-0.103,-0.008,0
268.9160,-0.00502,-0.02441,-0.00115,0.00000,0.00000,-0.103,-0.008,0
268.9660,-0.00501,-0.02438,-0.00115,0.00000,0.00000,-0.103,-0.008,0
269.0160,-0.00501,-0.02436,-0.00115,0.00000,0.00000,-0.103,-0.008,0
269.0660,-0.00500,-0.02434,-0.00115,0.00000,0.00000,-0.103,-0.008,0
269.1160,-0.00499,-0.02430,-0.00115,0.00000,0.00000,-0.103,-0.008,0
269.1660,-0.00499,-0.02427,-0.00115,0.00000,0.00000,-0.103,-0.008,0
269.2160,-0.00498,-0.02425,-0.00115,0.00000,0.00000,-0.103,-0.008,0
269.2660,-0.00498,-0.02423,-0.00115,0.00000,0.00000,-0.102,-0.008,0
269.3160,-0.00498,-0.02422,-0.00115,0.00000,0.00000,-0.102,-0.008,0
269.3660,-0.00498,-0.02421,-0.00115,0.00000,0.00000,-0.102,-0.008,0
269.4160,-0.00498,-0.02422,-0.00115,0.00000,0.00000,-0.102,-0.008,0
269.4660,-0.00498,-0.02424,-0.00115,0.00000,0.00000,-0.102,-0.008,0
269.5160,-0.00498,-0.02424,-0.00115,0.00000,0.00000,-0.102,-0.008,0
269.5660,-0.00498,-0.02423,-0.00115,0.00000,0.00000,-0.102,-0.008,0
269.6160,-0.00498,-0.02421,-0.00115,0.00000,0.00000,-0.102,-0.008,0
269.6660,-0.00498,-0.02421,-0.00115,0.00000,0.00000,-0.102,-0.008,0
269.7160,-0.00498,-0.02420,-0.00115,0.00000,0.00000,-0.102,-0.008,0
269.7660,-0.00498,-0.02421,-0.00115,0.00000,0.00000,-0.102,-0.008,0
269.8160,-0.00498,-0.02420,-0.00115,0.00000,0.00000,-0.102,-0.008,0
269.8660,-0.00498,-0.02421,-0.00115,0.00000,0.00000,-0.102,-0.008,0
269.9160,-0.00498,-0.02421,-0.00115,0.00000,0.00000,-0.102,-0.008,0
269.9660,-0.00498,-0.02421,-0.00115,0.00000,0.00000,-0.102,-0.008,0
270.0160,-0.00498,-0.02420,-0.00115,0.00000,0.00000,-0.102,-0.008,0
270.0660,-0.00498,-0.02418,-0.00115,0.00000,0.00000,-0.102,-0.008,0
270.1160,-0.00497,-0.02417,-0.00115,0.00000,0.00000,-0.102,-0.008,0
270.1660,-0.00497,-0.02416,-0.00115,0.00000,0.00000,-0.102,-0.008,0
270.2160,-0.00497,-0.02415,-0.00115,0.00000,0.00000,-0.102,-0.008,0
270.2660,-0.00497,-0.02414,-0.00115,0.00000,0.00000,-0.102,-0.008,0
270.3160,-0.00497,-0.02414,-0.00115,0.00000,0.00000,-0.102,-0.008,0
270.3660,-0.00497,-0.02413,-0.00115,0.00000,0.00000,-0.102,-0.008,0
270.4160,-0.00496,-0.02412,-0.00115,0.00000,0.00000,-0.102,-0.008,0
270.4660,-0.00496,-0.02411,-0.00115,0.00000,0.00000,-0.102,-0.008,0
270.5160,-0.00496,-0.02409,-0.00115,0.00000,0.00000,-0.102,-0.008,0
270.5660,-0.00496,-0.02408,-0.00115,0.00000,0.00000,-0.101,-0.008,0
270.6160,-0.00496,-0.02409,-0.00115,0.00000,0.00000,-0.101,-0.008,0
270.6660,-0.00496,-0.02410,-0.00115,0.00000,0.00000,-0.101,-0.008,0
270.7160,-0.00496,-0.02410,-0.00115,0.00000,0.00000,-0.101,-0.008,0
270.7660,-0.00496,-0.02409,-0.00115,0.00000,0.00000,-0.101,-0.008,0
270.8160,-0.00496,-0.02407,-0.00115,0.00000,0.00000,-0.101,-0.008,0
270.8660,-0.00495,-0.02406,-0.00115,0.00000,0.00000,-0.101,-0.008,0
270.9160,-0.00495,-0.02405,-0.00115,0.00000,0.00000,-0.101,-0.008,0
270.9660,-0.00495,-0.02403,-0.00115,0.00000,0.00000,-0.101,-0.008,0
271.0160,-0.00495,-0.02402,-0.00115,0.00000,0.00000,-0.101,-0.008,0
271.0660,-0.00494,-0.02402,-0.00115,0.00000,0.00000,-0.101,-0.008,0
271.1160,-0.00494,-0.02401,-0.00115,0.00000,0.00000,-0.101,-0.008,0
271.1660,-0.00494,-0.02401,-0.00115,0.00000,0.00000,-0.101,-0.008,0
271.2160,-0.00494,-0.02401,-0.00115,0.00000,0.00000,-0.101,-0.008,0
271.2660,-0.00494,-0.02401,-0.00115,0.00000,0.00000,-0.101,-0.008,0
271.3160,-0.00494,-0.02401,-0.00115,0.00000,0.00000,-0.101,-0.008,0
271.3660,-0.00494,-0.02401,-0.00115,0.00000,0.00000,-0.101,-0.008,0
271.4160,-0.00495,-0.02401,-0.00115,0.00000,0.00000,-0.101,-0.008,0
271.4660,-0.00495,-0.02401,-0.00115,0.00000,0.00000,-0.101,-0.008,0
271.5160,-0.00495,-0.02402,-0.00115,0.00000,0.00000,-0.101,-0.008,0
271.5660,-0.00495,-0.02402,-0.00115,0.00000,0.00000,-0.101,-0.008,0
271.6160,-0.00495,-0.02401,-0.00115,0.00000,0.00000,-0.101,-0.008,0
271.6660,-0.00494,-0.02400,-0.00115,0.00000,0.00000,-0.101,-0.008,0
271.7160,-0.00494,-0.02400,-0.00115,0.00000,0.00000,-0.101,-0.008,0
271.7660,-0.00494,-0.02398,-0.00115,0.00000,0.00000,-0.101,-0.008,0
271.8160,-0.00494,-0.02396,-0.00115,0.00000,0.00000,-0.101,-0.008,0
271.8660,-0.00493,-0.02394,-0.00115,0.00000,0.00000,-0.101,-0.008,0
271.9160,-0.00493,-0.02393,-0.00115,0.00000,0.00000,-0.101,-0.008,0
271.9660,-0.00493,-0.02393,-0.00115,0.00000,0.00000,-0.101,-0.008,0
272.0160,-0.00493,-0.02394,-0.00115,0.00000,0.00000,-0.101,-0.008,0
272.0660,-0.00493,-0.02395,-0.00115,0.00000,0.00000,-0.101,-0.008,0
272.1160,-0.00494,-0.02396,-0.00115,0.00000,0.00000,-0.101,-0.008,0
272.1660,-0.00494,-0.02397,-0.00115,0.00000,0.00000,-0.101,-0.008,0
272.2160,-0.00494,-0.02399,-0.00115,0.00000,0.00000,-0.101,-0.008,0
272.2660,-0.00495,-0.02400,-0.00115,0.00000,0.00000,-0.101,-0.008,0
272.3160,-0.00495,-0.02401,-0.00115,0.00000,0.00000,-0.101,-0.008,0
272.3660,-0.00495,-0.02402,-0.00115,0.00000,0.00000,-0.101,-0.008,0
272.4160,-0.00495,-0.02402,-0.00115,0.00000,0.00000,-0.101,-0.008,0
272.4660,-0.00495,-0.02402,-0.00115,0.00000,0.00000,-0.101,-0.008,0
272.5160,-0.00495,-0.02401,-0.00115,0.00000,0.00000,-0.101,-0.008,0
272.5660,-0.00495,-0.02401,-0.00115,0.00000,0.00000,-0.101,-0.008,0
272.6160,-0.00495,-0.02400,-0.00115,0.00000,0.00000,-0.101,-0.008,0
272.6660,-0.00495,-0.02400,-0.00115,0.00000,0.00000,-0.101,-0.008,0
272.7160,-0.00495,-0.02400,-0.00115,0.00000,0.00000,-0.101,-0.008,0
272.7660,-0.00495,-0.02400,-0.00115,0.00000,0.00000,-0.101,-0.008,0
272.8160,-0.00494,-0.02398,-0.00115,0.00000,0.00000,-0.101,-0.008,0
272.8660,-0.00494,-0.02397,-0.00115,0.00000,0.00000,-0.101,-0.008,0
272.9160,-0.00494,-0.02395,-0.00115,0.00000,0.00000,-0.100,-0.008,0
272.9660,-0.00493,-0.02392,-0.00115,0.00000,0.00000,-0.100,-0.008,0
273.0160,-0.00492,-0.02390,-0.00115,0.00000,0.00000,-0.100,-0.008,0
273.0660,-0.00492,-0.02389,-0.00115,0.00000,0.00000,-0.100,-0.008,0
273.1160,-0.00492,-0.02388,-0.00115,0.00000,0.00000,-0.100,-0.008,0
273.1660,-0.00491,-0.02386,-0.00115,0.00000,0.00000,-0.100,-0.008,0
273.2160,-0.00491,-0.02386,-0.00115,0.00000,0.00000,-0.100,-0.008,0
273.2660,-0.00492,-0.02388,-0.00115,0.00000,0.00000,-0.100,-0.008,0
273.3160,-0.00492,-0.02390,-0.00115,0.00000,0.00000,-0.100,-0.008,0
273.3660,-0.00493,-0.02393,-0.00115,0.00000,0.00000,-0.100,-0.008,0
273.4160,-0.00494,-0.02396,-0.00115,0.00000,0.00000,-0.100,-0.008,0
273.4660,-0.00495,-0.02399,-0.00115,0.00000,0.00000,-0.101,-0.008,0
273.5160,-0.00496,-0.02403,-0.00115,0.00000,0.00000,-0.101,-0.008,0
273.5660,-0.00496,-0.02406,-0.00115,0.00000,0.00000,-0.101,-0.008,0
273.6160,-0.00497,-0.02408,-0.00115,0.00000,0.00000,-0.101,-0.008,0
273.6660,-0.00497,-0.02409,-0.00115,0.00000,0.00000,-0.101,-0.008,0
273.7160,-0.00497,-0.02410,-0.00115,0.00000,0.00000,-0.101,-0.008,0
273.7660,-0.00497,-0.02411,-0.00115,0.00000,0.00000,-0.101,-0.008,0
273.8160,-0.00498,-0.02413,-0.00115,0.00000,0.00000,-0.101,-0.008,0
273.8660,-0.00498,-0.02414,-0.00115,0.00000,0.00000,-0.101,-0.008,0
273.9160,-0.00499,-0.02417,-0.00115,0.00000,0.00000,-0.101,-0.008,0
273.9660,-0.00499,-0.02419,-0.00115,0.00000,0.00000,-0.101,-0.008,0
274.0160,-0.00500,-0.02423,-0.00115,0.00000,0.00000,-0.101,-0.008,0
274.0660,-0.00501,-0.02426,-0.00115,0.00000,0.00000,-0.102,-0.008,0
274.1160,-0.00501,-0.02429,-0.00115,0.00000,0.00000,-0.102,-0.008,0
274.1660,-0.00502,-0.02432,-0.00115,0.00000,0.00000,-0.102,-0.008,0
274.2160,-0.00502,-0.02434,-0.00115,0.00000,0.00000,-0.102,-0.008,0
274.2660,-0.00503,-0.02437,-0.00115,0.00000,0.00000,-0.102,-0.008,0
274.3160,-0.00503,-0.02438,-0.00115,0.00000,0.00000,-0.102,-0.008,0
274.3660,-0.00503,-0.02440,-0.00115,0.00000,0.00000,-0.102,-0.008,0
274.4160,-0.00503,-0.02441,-0.00115,0.00000,0.00000,-0.102,-0.008,0
274.4660,-0.00504,-0.02442,-0.00115,0.00000,0.00000,-0.102,-0.008,0
274.5160,-0.00504,-0.02443,-0.00115,0.00000,0.00000,-0.102,-0.008,0
274.5660,-0.00504,-0.02444,-0.00115,0.00000,0.00000,-0.103,-0.008,0
274.6160,-0.00504,-0.02444,-0.00115,0.00000,0.00000,-0.103,-0.008,0
274.6660,-0.00503,-0.02443,-0.00115,0.00000,0.00000,-0.103,-0.008,0
274.7160,-0.00503,-0.02443,-0.00115,0.00000,0.00000,-0.103,-0.008,0
274.7660,-0.00503,-0.02443,-0.00115,0.00000,0.00000,-0.103,-0.008,0
274.8160,-0.00503,-0.02443,-0.00115,0.00000,0.00000,-0.103,-0.008,0
274.8660,-0.00503,-0.02442,-0.00115,0.00000,0.00000,-0.103,-0.008,0
274.9160,-0.00502,-0.02439,-0.00115,0.00000,0.00000,-0.103,-0.008,0
274.9660,-0.00502,-0.02438,-0.00115,0.00000,0.00000,-0.103,-0.008,0
275.0160,-0.00501,-0.02436,-0.00115,0.00000,0.00000,-0.102,-0.008,0
275.0660,-0.00501,-0.02434,-0.00115,0.00000,0.00000,-0.102,-0.008,0
275.1160,-0.00500,-0.02433,-0.00115,0.00000,0.00000,-0.102,-0.008,0
275.1660,-0.00500,-0.02431,-0.00115,0.00000,0.00000,-0.102,-0.008,0
275.2160,-0.00499,-0.02429,-0.00115,0.00000,0.00000,-0.102,-0.008,0
275.2660,-0.00499,-0.02426,-0.00115,0.00000,0.00000,-0.102,-0.008,0
275.3160,-0.00498,-0.02422,-0.00115,0.00000,0.00000,-0.102,-0.008,0
275.3660,-0.00497,-0.02419,-0.00115,0.00000,0.00000,-0.102,-0.008,0
275.4160,-0.00496,-0.02415,-0.00115,0.00000,0.00000,-0.102,-0.008,0
275.4660,-0.00495,-0.02412,-0.00115,0.00000,0.00000,-0.102,-0.008,0
275.5160,-0.00495,-0.02408,-0.00115,0.00000,0.00000,-0.101,-0.008,0
275.5660,-0.00494,-0.02405,-0.00115,0.00000,0.00000,-0.101,-0.008,0
275.6160,-0.00494,-0.02403,-0.00115,0.00000,0.00000,-0.101,-0.008,0
275.6660,-0.00493,-0.02400,-0.00115,0.00000,0.00000,-0.101,-0.008,0
275.7160,-0.00493,-0.02399,-0.00115,0.00000,0.00000,-0.101,-0.008,0
275.7660,-0.00493,-0.02397,-0.00115,0.00000,0.00000,-0.101,-0.008,0
275.8160,-0.00492,-0.02396,-0.00115,0.00000,0.00000,-0.101,-0.008,0
275.8660,-0.00492,-0.02394,-0.00115,0.00000,0.00000,-0.101,-0.008,0
275.9160,-0.00492,-0.02393,-0.00115,0.00000,0.00000,-0.101,-0.008,0
275.9660,-0.00492,-0.02392,-0.00115,0.00000,0.00000,-0.101,-0.008,0
276.0160,-0.00492,-0.02392,-0.00115,0.00000,0.00000,-0.101,-0.008,0
276.0660,-0.00492,-0.02391,-0.00115,0.00000,0.00000,-0.101,-0.008,0
276.1160,-0.00492,-0.02391,-0.00115,0.00000,0.00000,-0.101,-0.008,0
276.1660,-0.00492,-0.02391,-0.00115,0.00000,0.00000,-0.101,-0.008,0
276.2160,-0.00492,-0.02390,-0.00115,0.00000,0.00000,-0.100,-0.008,0
276.2660,-0.00492,-0.02388,-0.00115,0.00000,0.00000,-0.100,-0.008,0
276.3160,-0.00491,-0.02387,-0.00115,0.00000,0.00000,-0.100,-0.008,0
276.3660,-0.00491,-0.02385,-0.00115,0.00000,0.00000,-0.100,-0.008,0
276.4160,-0.00491,-0.02383,-0.00115,0.00000,0.00000,-0.100,-0.008,0
276.4660,-0.00490,-0.02381,-0.00115,0.00000,0.00000,-0.100,-0.008,0
276.5160,-0.00490,-0.02379,-0.00115,0.00000,0.00000,-0.100,-0.008,0
276.5660,-0.00489,-0.02377,-0.00115,0.00000,0.00000,-0.100,-0.008,0
276.6160,-0.00489,-0.02375,-0.00115,0.00000,0.00000,-0.100,-0.008,0
276.6660,-0.00489,-0.02375,-0.00115,0.00000,0.00000,-0.100,-0.008,0
276.7160,-0.00489,-0.02376,-0.00115,0.00000,0.00000,-0.100,-0.008,0
276.7660,-0.00490,-0.02377,-0.00115,0.00000,0.00000,-0.100,-0.008,0
276.8160,-0.00490,-0.02379,-0.00115,0.00000,0.00000,-0.100,-0.008,0
276.8660,-0.00491,-0.02381,-0.00115,0.00000,0.00000,-0.100,-0.008,0
276.9160,-0.00492,-0.02386,-0.00115,0.00000,0.00000,-0.100,-0.008,0
276.9660,-0.00493,-0.02390,-0.00115,0.00000,0.00000,-0.100,-0.008,0
277.0160,-0.00494,-0.02394,-0.00115,0.00000,0.00000,-0.100,-0.008,0
277.0660,-0.00495,-0.02397,-0.00115,0.00000,0.00000,-0.100,-0.008,0
277.1160,-0.00496,-0.02400,-0.00115,0.00000,0.00000,-0.101,-0.008,0
277.1660,-0.00496,-0.02403,-0.00115,0.00000,0.00000,-0.101,-0.008,0
277.2160,-0.00497,-0.02405,-0.00115,0.00000,0.00000,-0.101,-0.008,0
277.2660,-0.00497,-0.02407,-0.00115,0.00000,0.00000,-0.101,-0.008,0
277.3160,-0.00498,-0.02410,-0.00115,0.00000,0.00000,-0.101,-0.008,0
277.3660,-0.00498,-0.02414,-0.00115,0.00000,0.00000,-0.101,-0.008,0
277.4160,-0.00499,-0.02417,-0.00115,0.00000,0.00000,-0.101,-0.008,0
277.4660,-0.00500,-0.02421,-0.00115,0.00000,0.00000,-0.101,-0.008,0
277.5160,-0.00501,-0.02424,-0.00115,0.00000,0.00000,-0.101,-0.008,0
277.5660,-0.00501,-0.02426,-0.00115,0.00000,0.00000,-0.102,-0.008,0
277.6160,-0.00501,-0.02428,-0.00115,0.00000,0.00000,-0.102,-0.008,0
277.6660,-0.00502,-0.02430,-0.00115,0.00000,0.00000,-0.102,-0.008,0
277.7160,-0.00502,-0.02431,-0.00115,0.00000,0.00000,-0.102,-0.008,0
277.7660,-0.00502,-0.02433,-0.00115,0.00000,0.00000,-0.102,-0.008,0
277.8160,-0.00503,-0.02435,-0.00115,0.00000,0.00000,-0.102,-0.008,0
277.8660,-0.00503,-0.02437,-0.00115,0.00000,0.00000,-0.102,-0.008,0
277.9160,-0.00503,-0.02439,-0.00115,0.00000,0.00000,-0.102,-0.008,0
277.9660,-0.00503,-0.02440,-0.00115,0.00000,0.00000,-0.102,-0.008,0
278.0160,-0.00503,-0.02440,-0.00115,0.00000,0.00000,-0.102,-0.008,0
278.0660,-0.00503,-0.02439,-0.00115,0.00000,0.00000,-0.102,-0.008,0
278.1160,-0.00502,-0.02437,-0.00115,0.00000,0.00000,-0.102,-0.008,0
278.1660,-0.00502,-0.02436,-0.00115,0.00000,0.00000,-0.102,-0.008,0
278.2160,-0.00502,-0.02437,-0.00115,0.00000,0.00000,-0.102,-0.008,0
278.2660,-0.00502,-0.02437,-0.00115,0.00000,0.00000,-0.102,-0.008,0
278.3160,-0.00502,-0.02437,-0.00115,0.00000,0.00000,-0.102,-0.008,0
278.3660,-0.00502,-0.02438,-0.00115,0.00000,0.00000,-0.102,-0.008,0
278.4160,-0.00502,-0.02439,-0.00115,0.00000,0.00000,-0.102,-0.008,0
278.4660,-0.00502,-0.02439,-0.00115,0.00000,0.00000,-0.102,-0.008,0
278.5160,-0.00502,-0.02439,-0.00115,0.00000,0.00000,-0.102,-0.008,0
278.5660,-0.00502,-0.02440,-0.00115,0.00000,0.00000,-0.103,-0.008,0
278.6160,-0.00502,-0.02440,-0.00115,0.00000,0.00000,-0.103,-0.008,0
278.6660,-0.00502,-0.02441,-0.00115,0.00000,0.00000,-0.103,-0.008,0
278.7160,-0.00502,-0.02440,-0.00115,0.00000,0.00000,-0.103,-0.008,0
278.7660,-0.00502,-0.02439,-0.00115,0.00000,0.00000,-0.103,-0.008,0
278.8160,-0.00501,-0.02438,-0.00115,0.00000,0.00000,-0.103,-0.008,0
278.8660,-0.00501,-0.02437,-0.00115,0.00000,0.00000,-0.103,-0.008,0
278.9160,-0.00501,-0.02436,-0.00115,0.00000,0.00000,-0.103,-0.008,0
278.9660,-0.00501,-0.02435,-0.00115,0.00000,0.00000,-0.102,-0.008,0
279.0160,-0.00500,-0.02433,-0.00115,0.00000,0.00000,-0.102,-0.008,0
279.0660,-0.00500,-0.02431,-0.00115,0.00000,0.00000,-0.102,-0.008,0
279.1160,-0.00499,-0.02429,-0.00115,0.00000,0.00000,-0.102,-0.008,0
279.1660,-0.00499,-0.02429,-0.00115,0.00000,0.00000,-0.102,-0.008,0
279.2160,-0.00499,-0.02429,-0.00115,0.00000,0.00000,-0.102,-0.008,0
279.2660,-0.00499,-0.02429,-0.00115,0.00000,0.00000,-0.102,-0.008,0
279.3160,-0.00499,-0.02429,-0.00115,0.00000,0.00000,-0.102,-0.008,0
279.3660,-0.00499,-0.02429,-0.00115,0.00000,0.00000,-0.102,-0.008,0
279.4160,-0.00499,-0.02428,-0.00115,0.00000,0.00000,-0.102,-0.008,0
279.4660,-0.00499,-0.02428,-0.00115,0.00000,0.00000,-0.102,-0.008,0
279.5160,-0.00499,-0.02427,-0.00115,0.00000,0.00000,-0.102,-0.008,0
279.5660,-0.00499,-0.02425,-0.00115,0.00000,0.00000,-0.102,-0.008,0
279.6160,-0.00498,-0.02424,-0.00115,0.00000,0.00000,-0.102,-0.008,0
279.6660,-0.00498,-0.02423,-0.00115,0.00000,0.00000,-0.102,-0.008,0
279.7160,-0.00498,-0.02423,-0.00115,0.00000,0.00000,-0.102,-0.008,0
279.7660,-0.00498,-0.02423,-0.00115,0.00000,0.00000,-0.102,-0.008,0
279.8160,-0.00498,-0.02423,-0.00115,0.00000,0.00000,-0.102,-0.008,0
279.8660,-0.00499,-0.02424,-0.00115,0.00000,0.00000,-0.102,-0.008,0
279.9160,-0.00499,-0.02425,-0.00115,0.00000,0.00000,-0.102,-0.008,0
279.9660,-0.00499,-0.02426,-0.00115,0.00000,0.00000,-0.102,-0.008,0
280.0160,-0.00500,-0.02430,-0.00115,0.00000,0.00000,-0.102,-0.008,0
280.0660,-0.00501,-0.02433,-0.00115,0.00000,0.00000,-0.102,-0.008,0
280.1160,-0.00502,-0.02436,-0.00115,0.00000,0.00000,-0.103,-0.008,0
280.1660,-0.00503,-0.02440,-0.00115,0.00000,0.00000,-0.103,-0.008,0
280.2160,-0.00504,-0.02444,-0.00115,0.00000,0.00000,-0.103,-0.008,0
280.2660,-0.00504,-0.02449,-0.00115,0.00000,0.00000,-0.103,-0.008,0
280.3160,-0.00505,-0.02452,-0.00115,0.00000,0.00000,-0.103,-0.008,0
280.3660,-0.00506,-0.02456,-0.00115,0.00000,0.00000,-0.103,-0.008,0
280.4160,-0.00507,-0.02460,-0.00115,0.00000,0.00000,-0.104,-0.008,0
280.4660,-0.00507,-0.02462,-0.00115,0.00000,0.00000,-0.104,-0.008,0
280.5160,-0.00508,-0.02464,-0.00115,0.00000,0.00000,-0.104,-0.008,0
280.5660,-0.00508,-0.02467,-0.00115,0.00000,0.00000,-0.104,-0.008,0
280.6160,-0.00509,-0.02471,-0.00115,0.00000,0.00000,-0.104,-0.008,0
280.6660,-0.00510,-0.02475,-0.00115,0.00000,0.00000,-0.104,-0.008,0
280.7160,-0.00511,-0.02478,-0.00115,0.00000,0.00000,-0.104,-0.008,0
280.7660,-0.00511,-0.02482,-0.00115,0.00000,0.00000,-0.105,-0.008,0
280.8160,-0.00512,-0.02485,-0.00115,0.00000,0.00000,-0.105,-0.008,0
280.8660,-0.00513,-0.02488,-0.00115,0.00000,0.00000,-0.105,-0.008,0
280.9160,-0.00513,-0.02490,-0.00115,0.00000,0.00000,-0.105,-0.008,0
280.9660,-0.00513,-0.02492,-0.00115,0.00000,0.00000,-0.105,-0.008,0
281.0160,-0.00514,-0.02495,-0.00115,0.00000,0.00000,-0.105,-0.008,0
281.0660,-0.00514,-0.02496,-0.00115,0.00000,0.00000,-0.105,-0.008,0
281.1160,-0.00514,-0.02496,-0.00115,0.00000,0.00000,-0.105,-0.008,0
281.1660,-0.00513,-0.02495,-0.00115,0.00000,0.00000,-0.105,-0.008,0
281.2160,-0.00513,-0.02495,-0.00115,0.00000,0.00000,-0.105,-0.008,0
281.2660,-0.00513,-0.02497,-0.00115,0.00000,0.00000,-0.106,-0.008,0
281.3160,-0.00513,-0.02497,-0.00115,0.00000,0.00000,-0.106,-0.009,0
281.3660,-0.00513,-0.02498,-0.00115,0.00000,0.00000,-0.106,-0.009,0
281.4160,-0.00513,-0.02497,-0.00115,0.00000,0.00000,-0.106,-0.009,0
281.4660,-0.00513,-0.02497,-0.00115,0.00000,0.00000,-0.106,-0.009,0
281.5160,-0.00513,-0.02498,-0.00115,0.00000,0.00000,-0.106,-0.009,0
281.5660,-0.00513,-0.02499,-0.00115,0.00000,0.00000,-0.106,-0.009,0
281.6160,-0.00513,-0.02499,-0.00115,0.00000,0.00000,-0.106,-0.009,0
281.6660,-0.00513,-0.02500,-0.00115,0.00000,0.00000,-0.106,-0.009,0
281.7160,-0.00514,-0.02501,-0.00115,0.00000,0.00000,-0.106,-0.009,0
281.7660,-0.00514,-0.02501,-0.00115,0.00000,0.00000,-0.106,-0.009,0
281.8160,-0.00513,-0.02500,-0.00115,0.00000,0.00000,-0.106,-0.009,0
281.8660,-0.00513,-0.02499,-0.00115,0.00000,0.00000,-0.106,-0.009,0
281.9160,-0.00513,-0.02498,-0.00115,0.00000,0.00000,-0.106,-0.009,0
281.9660,-0.00513,-0.02498,-0.00115,0.00000,0.00000,-0.106,-0.009,0
282.0160,-0.00513,-0.02499,-0.00115,0.00000,0.00000,-0.106,-0.009,0
282.0660,-0.00513,-0.02501,-0.00115,0.00000,0.00000,-0.106,-0.009,0
282.1160,-0.00514,-0.02504,-0.00115,0.00000,0.00000,-0.106,-0.009,0
282.1660,-0.00515,-0.02507,-0.00115,0.00000,0.00000,-0.106,-0.009,0
282.2160,-0.00515,-0.02509,-0.00115,0.00000,0.00000,-0.107,-0.009,0
282.2660,-0.00515,-0.02510,-0.00115,0.00000,0.00000,-0.107,-0.009,0
282.3160,-0.00516,-0.02512,-0.00115,0.00000,0.00000,-0.107,-0.009,0
282.3660,-0.00516,-0.02514,-0.00115,0.00000,0.00000,-0.107,-0.009,0
282.4160,-0.00516,-0.02516,-0.00115,0.00000,0.00000,-0.107,-0.009,0
282.4660,-0.00517,-0.02518,-0.00115,0.00000,0.00000,-0.107,-0.009,0
282.5160,-0.00517,-0.02519,-0.00115,0.00000,0.00000,-0.107,-0.009,0
282.5660,-0.00517,-0.02520,-0.00115,0.00000,0.00000,-0.107,-0.009,0
282.6160,-0.00518,-0.02522,-0.00115,0.00000,0.00000,-0.107,-0.009,0
282.6660,-0.00518,-0.02525,-0.00115,0.00000,0.00000,-0.107,-0.009,0
282.7160,-0.00519,-0.02526,-0.00115,0.00000,0.00000,-0.108,-0.009,0
282.7660,-0.00519,-0.02527,-0.00115,0.00000,0.00000,-0.108,-0.009,0
282.8160,-0.00519,-0.02528,-0.00115,0.00000,0.00000,-0.108,-0.009,0
282.8660,-0.00519,-0.02527,-0.00115,0.00000,0.00000,-0.108,-0.009,0
282.9160,-0.00518,-0.02526,-0.00115,0.00000,0.00000,-0.108,-0.009,0
282.9660,-0.00518,-0.02525,-0.00115,0.00000,0.00000,-0.108,-0.009,0
283.0160,-0.00518,-0.02524,-0.00115,0.00000,0.00000,-0.108,-0.009,0
283.0660,-0.00517,-0.02523,-0.00115,0.00000,0.00000,-0.108,-0.009,0
283.1160,-0.00517,-0.02522,-0.00115,0.00000,0.00000,-0.108,-0.009,0
283.1660,-0.00517,-0.02522,-0.00115,0.00000,0.00000,-0.108,-0.009,0
283.2160,-0.00517,-0.02521,-0.00115,0.00000,0.00000,-0.108,-0.009,0
283.2660,-0.00516,-0.02519,-0.00115,0.00000,0.00000,-0.107,-0.009,0
283.3160,-0.00516,-0.02516,-0.00115,0.00000,0.00000,-0.107,-0.009,0
283.3660,-0.00515,-0.02514,-0.00115,0.00000,0.00000,-0.107,-0.009,0
283.4160,-0.00514,-0.02510,-0.00115,0.00000,0.00000,-0.107,-0.009,0
283.4660,-0.00514,-0.02507,-0.00115,0.00000,0.00000,-0.107,-0.009,0
283.5160,-0.00513,-0.02504,-0.00115,0.00000,0.00000,-0.107,-0.009,0
283.5660,-0.00512,-0.02502,-0.00115,0.00000,0.00000,-0.107,-0.009,0
283.6160,-0.00512,-0.02500,-0.00115,0.00000,0.00000,-0.107,-0.009,0
283.6660,-0.00511,-0.02496,-0.00115,0.00000,0.00000,-0.107,-0.009,0
283.7160,-0.00510,-0.02492,-0.00115,0.00000,0.00000,-0.106,-0.009,0
283.7660,-0.00509,-0.02488,-0.00115,0.00000,0.00000,-0.106,-0.009,0
283.8160,-0.00509,-0.02484,-0.00115,0.00000,0.00000,-0.106,-0.009,0
283.8660,-0.00508,-0.02481,-0.00115,0.00000,0.00000,-0.106,-0.009,0
283.9160,-0.00507,-0.02479,-0.00115,0.00000,0.00000,-0.106,-0.009,0
283.9660,-0.00507,-0.02477,-0.00115,0.00000,0.00000,-0.106,-0.009,0
284.0160,-0.00506,-0.02473,-0.00115,0.00000,0.00000,-0.106,-0.009,0
284.0660,-0.00506,-0.02470,-0.00115,0.00000,0.00000,-0.105,-0.009,0
284.1160,-0.00505,-0.02466,-0.00115,0.00000,0.00000,-0.105,-0.008,0
284.1660,-0.00504,-0.02463,-0.00115,0.00000,0.00000,-0.105,-0.008,0
284.2160,-0.00504,-0.02461,-0.00115,0.00000,0.00000,-0.105,-0.008,0
284.2660,-0.00504,-0.02459,-0.00115,0.00000,0.00000,-0.105,-0.008,0
284.3160,-0.00504,-0.02458,-0.00115,0.00000,0.00000,-0.105,-0.008,0
284.3660,-0.00504,-0.02458,-0.00115,0.00000,0.00000,-0.105,-0.008,0
284.4160,-0.00504,-0.02458,-0.00115,0.00000,0.00000,-0.105,-0.008,0
284.4660,-0.00504,-0.02456,-0.00115,0.00000,0.00000,-0.105,-0.008,0
284.5160,-0.00504,-0.02455,-0.00115,0.00000,0.00000,-0.105,-0.008,0
284.5660,-0.00503,-0.02454,-0.00115,0.00000,0.00000,-0.105,-0.008,0
284.6160,-0.00503,-0.02452,-0.00115,0.00000,0.00000,-0.104,-0.008,0
284.6660,-0.00503,-0.02449,-0.00115,0.00000,0.00000,-0.104,-0.008,0
284.7160,-0.00502,-0.02447,-0.00115,0.00000,0.00000,-0.104,-0.008,0
284.7660,-0.00502,-0.02445,-0.00115,0.00000,0.00000,-0.104,-0.008,0
284.8160,-0.00502,-0.02444,-0.00115,0.00000,0.00000,-0.104,-0.008,0
284.8660,-0.00502,-0.02443,-0.00115,0.00000,0.00000,-0.104,-0.008,0
284.9160,-0.00502,-0.02443,-0.00115,0.00000,0.00000,-0.104,-0.008,0
284.9660,-0.00501,-0.02442,-0.00115,0.00000,0.00000,-0.104,-0.008,0
285.0160,-0.00501,-0.02441,-0.00115,0.00000,0.00000,-0.104,-0.008,0
285.0660,-0.00501,-0.02440,-0.00115,0.00000,0.00000,-0.104,-0.008,0
285.1160,-0.00501,-0.02438,-0.00115,0.00000,0.00000,-0.104,-0.008,0
285.1660,-0.00501,-0.02436,-0.00115,0.00000,0.00000,-0.103,-0.008,0
285.2160,-0.00501,-0.02436,-0.00115,0.00000,0.00000,-0.103,-0.008,0
285.2660,-0.00501,-0.02436,-0.00115,0.00000,0.00000,-0.103,-0.008,0
285.3160,-0.00501,-0.02437,-0.00115,0.00000,0.00000,-0.103,-0.008,0
285.3660,-0.00501,-0.02438,-0.00115,0.00000,0.00000,-0.103,-0.008,0
285.4160,-0.00502,-0.02440,-0.00115,0.00000,0.00000,-0.103,-0.008,0
285.4660,-0.00502,-0.02442,-0.00115,0.00000,0.00000,-0.104,-0.008,0
285.5160,-0.00503,-0.02443,-0.00115,0.00000,0.00000,-0.104,-0.008,0
285.5660,-0.00503,-0.02444,-0.00115,0.00000,0.00000,-0.104,-0.008,0
285.6160,-0.00503,-0.02445,-0.00115,0.00000,0.00000,-0.104,-0.008,0
285.6660,-0.00503,-0.02446,-0.00115,0.00000,0.00000,-0.104,-0.008,0
285.7160,-0.00503,-0.02445,-0.00115,0.00000,0.00000,-0.104,-0.008,0
285.7660,-0.00503,-0.02443,-0.00115,0.00000,0.00000,-0.104,-0.008,0
285.8160,-0.00502,-0.02441,-0.00115,0.00000,0.00000,-0.103,-0.008,0
285.8660,-0.00502,-0.02440,-0.00115,0.00000,0.00000,-0.103,-0.008,0
285.9160,-0.00502,-0.02438,-0.00115,0.00000,0.00000,-0.103,-0.008,0
285.9660,-0.00501,-0.02437,-0.00115,0.00000,0.00000,-0.103,-0.008,0
286.0160,-0.00501,-0.02436,-0.00115,0.00000,0.00000,-0.103,-0.008,0
286.0660,-0.00501,-0.02435,-0.00115,0.00000,0.00000,-0.103,-0.008,0
286.1160,-0.00501,-0.02435,-0.00115,0.00000,0.00000,-0.103,-0.008,0
286.1660,-0.00501,-0.02434,-0.00115,0.00000,0.00000,-0.103,-0.008,0
286.2160,-0.00501,-0.02434,-0.00115,0.00000,0.00000,-0.103,-0.008,0
286.2660,-0.00501,-0.02433,-0.00115,0.00000,0.00000,-0.103,-0.008,0
286.3160,-0.00500,-0.02432,-0.00115,0.00000,0.00000,-0.103,-0.008,0
286.3660,-0.00500,-0.02431,-0.00115,0.00000,0.00000,-0.103,-0.008,0
286.4160,-0.00500,-0.02430,-0.00115,0.00000,0.00000,-0.103,-0.008,0
286.4660,-0.00500,-0.02430,-0.00115,0.00000,0.00000,-0.103,-0.008,0
286.5160,-0.00500,-0.02430,-0.00115,0.00000,0.00000,-0.103,-0.008,0
286.5660,-0.00500,-0.02430,-0.00115,0.00000,0.00000,-0.103,-0.008,0
286.6160,-0.00500,-0.02431,-0.00115,0.00000,0.00000,-0.103,-0.008,0
286.6660,-0.00500,-0.02431,-0.00115,0.00000,0.00000,-0.103,-0.008,0
286.7160,-0.00501,-0.02433,-0.00115,0.00000,0.00000,-0.103,-0.008,0
286.7660,-0.00501,-0.02434,-0.00115,0.00000,0.00000,-0.103,-0.008,0
286.8160,-0.00501,-0.02433,-0.00115,0.00000,0.00000,-0.103,-0.008,0
286.8660,-0.00500,-0.02431,-0.00115,0.00000,0.00000,-0.103,-0.008,0
286.9160,-0.00500,-0.02430,-0.00115,0.00000,0.00000,-0.103,-0.008,0
286.9660,-0.00500,-0.02430,-0.00115,0.00000,0.00000,-0.103,-0.008,0
287.0160,-0.00500,-0.02430,-0.00115,0.00000,0.00000,-0.103,-0.008,0
287.0660,-0.00500,-0.02430,-0.00115,0.00000,0.00000,-0.103,-0.008,0
287.1160,-0.00500,-0.02430,-0.00115,0.00000,0.00000,-0.103,-0.008,0
287.1660,-0.00500,-0.02431,-0.00115,0.00000,0.00000,-0.103,-0.008,0
287.2160,-0.00501,-0.02433,-0.00115,0.00000,0.00000,-0.103,-0.008,0
287.2660,-0.00501,-0.02434,-0.00115,0.00000,0.00000,-0.103,-0.008,0
287.3160,-0.00502,-0.02437,-0.00115,0.00000,0.00000,-0.103,-0.008,0
287.3660,-0.00503,-0.02442,-0.00115,0.00000,0.00000,-0.103,-0.008,0
287.4160,-0.00504,-0.02445,-0.00115,0.00000,0.00000,-0.103,-0.008,0
287.4660,-0.00504,-0.02448,-0.00115,0.00000,0.00000,-0.103,-0.008,0
287.5160,-0.00505,-0.02451,-0.00115,0.00000,0.00000,-0.103,-0.008,0
287.5660,-0.00506,-0.02454,-0.00115,0.00000,0.00000,-0.103,-0.008,0
287.6160,-0.00506,-0.02458,-0.00115,0.00000,0.00000,-0.104,-0.008,0
287.6660,-0.00507,-0.02461,-0.00115,0.00000,0.00000,-0.104,-0.008,0
287.7160,-0.00508,-0.02465,-0.00115,0.00000,0.00000,-0.104,-0.008,0
287.7660,-0.00509,-0.02469,-0.00115,0.00000,0.00000,-0.104,-0.008,0
287.8160,-0.00510,-0.02473,-0.00115,0.00000,0.00000,-0.104,-0.008,0
287.8660,-0.00510,-0.02476,-0.00115,0.00000,0.00000,-0.104,-0.008,0
287.9160,-0.00510,-0.02477,-0.00115,0.00000,0.00000,-0.105,-0.008,0
287.9660,-0.00510,-0.02476,-0.00115,0.00000,0.00000,-0.105,-0.008,0
288.0160,-0.00510,-0.02475,-0.00115,0.00000,0.00000,-0.104,-0.008,0
288.0660,-0.00509,-0.02474,-0.00115,0.00000,0.00000,-0.104,-0.008,0
288.1160,-0.00509,-0.02473,-0.00115,0.00000,0.00000,-0.104,-0.008,0
288.1660,-0.00509,-0.02473,-0.00115,0.00000,0.00000,-0.104,-0.008,0
288.2160,-0.00508,-0.02472,-0.00115,0.00000,0.00000,-0.104,-0.008,0
288.2660,-0.00508,-0.02471,-0.00115,0.00000,0.00000,-0.104,-0.008,0
288.3160,-0.00508,-0.02470,-0.00115,0.00000,0.00000,-0.104,-0.008,0
288.3660,-0.00507,-0.02469,-0.00115,0.00000,0.00000,-0.104,-0.008,0
288.4160,-0.00507,-0.02467,-0.00115,0.00000,0.00000,-0.104,-0.008,0
288.4660,-0.00507,-0.02466,-0.00115,0.00000,0.00000,-0.104,-0.008,0
288.5160,-0.00506,-0.02465,-0.00115,0.00000,0.00000,-0.104,-0.008,0
288.5660,-0.00506,-0.02465,-0.00115,0.00000,0.00000,-0.104,-0.008,0
288.6160,-0.00506,-0.02464,-0.00115,0.00000,0.00000,-0.104,-0.008,0
288.6660,-0.00506,-0.02463,-0.00115,0.00000,0.00000,-0.104,-0.008,0
288.7160,-0.00506,-0.02462,-0.00115,0.00000,0.00000,-0.104,-0.008,0
288.7660,-0.00505,-0.02461,-0.00115,0.00000,0.00000,-0.104,-0.008,0
288.8160,-0.00505,-0.02459,-0.00115,0.00000,0.00000,-0.104,-0.008,0
288.8660,-0.00505,-0.02460,-0.00115,0.00000,0.00000,-0.104,-0.008,0
288.9160,-0.00505,-0.02461,-0.00115,0.00000,0.00000,-0.104,-0.008,0
288.9660,-0.00506,-0.02462,-0.00115,0.00000,0.00000,-0.104,-0.008,0
289.0160,-0.00506,-0.02463,-0.00115,0.00000,0.00000,-0.104,-0.008,0
289.0660,-0.00506,-0.02464,-0.00115,0.00000,0.00000,-0.104,-0.008,0
289.1160,-0.00506,-0.02465,-0.00115,0.00000,0.00000,-0.104,-0.008,0
289.1660,-0.00506,-0.02465,-0.00115,0.00000,0.00000,-0.104,-0.008,0
289.2160,-0.00507,-0.02466,-0.00115,0.00000,0.00000,-0.104,-0.008,0
289.2660,-0.00507,-0.02467,-0.00115,0.00000,0.00000,-0.104,-0.008,0
289.3160,-0.00507,-0.02468,-0.00115,0.00000,0.00000,-0.105,-0.008,0
289.3660,-0.00508,-0.02470,-0.00115,0.00000,0.00000,-0.105,-0.008,0
289.4160,-0.00508,-0.02472,-0.00115,0.00000,0.00000,-0.105,-0.008,0
289.4660,-0.00508,-0.02473,-0.00115,0.00000,0.00000,-0.105,-0.008,0
289.5160,-0.00509,-0.02474,-0.00115,0.00000,0.00000,-0.105,-0.008,0
289.5660,-0.00509,-0.02475,-0.00115,0.00000,0.00000,-0.105,-0.008,0
289.6160,-0.00509,-0.02474,-0.00115,0.00000,0.00000,-0.105,-0.008,0
289.6660,-0.00509,-0.02475,-0.00115,0.00000,0.00000,-0.105,-0.008,0
289.7160,-0.00509,-0.02476,-0.00115,0.00000,0.00000,-0.105,-0.008,0
289.7660,-0.00509,-0.02477,-0.00115,0.00000,0.00000,-0.105,-0.008,0
289.8160,-0.00509,-0.02477,-0.00115,0.00000,0.00000,-0.105,-0.008,0
289.8660,-0.00509,-0.02476,-0.00115,0.00000,0.00000,-0.105,-0.008,0
289.9160,-0.00509,-0.02476,-0.00115,0.00000,0.00000,-0.105,-0.008,0
289.9660,-0.00509,-0.02476,-0.00115,0.00000,0.00000,-0.105,-0.008,0
290.0160,-0.00509,-0.02476,-0.00115,0.00000,0.00000,-0.105,-0.008,0
290.0660,-0.00509,-0.02477,-0.00115,0.00000,0.00000,-0.105,-0.008,0
290.1160,-0.00509,-0.02478,-0.00115,0.00000,0.00000,-0.105,-0.008,0
290.1660,-0.00509,-0.02479,-0.00115,0.00000,0.00000,-0.105,-0.008,0
290.2160,-0.00510,-0.02480,-0.00115,0.00000,0.00000,-0.105,-0.008,0
290.2660,-0.00510,-0.02480,-0.00115,0.00000,0.00000,-0.105,-0.008,0
290.3160,-0.00510,-0.02481,-0.00115,0.00000,0.00000,-0.105,-0.008,0
290.3660,-0.00510,-0.02481,-0.00115,0.00000,0.00000,-0.105,-0.008,0
290.4160,-0.00510,-0.02481,-0.00115,0.00000,0.00000,-0.105,-0.008,0
290.4660,-0.00510,-0.02482,-0.00115,0.00000,0.00000,-0.105,-0.008,0
290.5160,-0.00510,-0.02483,-0.00115,0.00000,0.00000,-0.105,-0.008,0
290.5660,-0.00510,-0.02482,-0.00115,0.00000,0.00000,-0.105,-0.008,0
290.6160,-0.00510,-0.02481,-0.00115,0.00000,0.00000,-0.105,-0.008,0
290.6660,-0.00509,-0.02480,-0.00115,0.00000,0.00000,-0.105,-0.008,0
290.7160,-0.00509,-0.02479,-0.00115,0.00000,0.00000,-0.105,-0.008,0
290.7660,-0.00509,-0.02479,-0.00115,0.00000,0.00000,-0.105,-0.008,0
290.8160,-0.00509,-0.02479,-0.00115,0.00000,0.00000,-0.105,-0.008,0
290.8660,-0.00509,-0.02478,-0.00115,0.00000,0.00000,-0.105,-0.008,0
290.9160,-0.00509,-0.02478,-0.00115,0.00000,0.00000,-0.105,-0.008,0
290.9660,-0.00509,-0.02478,-0.00115,0.00000,0.00000,-0.105,-0.008,0
291.0160,-0.00509,-0.02478,-0.00115,0.00000,0.00000,-0.105,-0.008,0
291.0660,-0.00509,-0.02480,-0.00115,0.00000,0.00000,-0.105,-0.008,0
291.1160,-0.00509,-0.02481,-0.00115,0.00000,0.00000,-0.105,-0.009,0
291.1660,-0.00509,-0.02480,-0.00115,0.00000,0.00000,-0.105,-0.009,0
291.2160,-0.00509,-0.02479,-0.00115,0.00000,0.00000,-0.105,-0.008,0
291.2660,-0.00509,-0.02478,-0.00115,0.00000,0.00000,-0.105,-0.008,0
291.3160,-0.00509,-0.02478,-0.00115,0.00000,0.00000,-0.105,-0.008,0
291.3660,-0.00509,-0.02477,-0.00115,0.00000,0.00000,-0.105,-0.008,0
291.4160,-0.00508,-0.02476,-0.00115,0.00000,0.00000,-0.105,-0.008,0
291.4660,-0.00508,-0.02475,-0.00115,0.00000,0.00000,-0.105,-0.008,0
291.5160,-0.00508,-0.02474,-0.00115,0.00000,0.00000,-0.105,-0.008,0
291.5660,-0.00508,-0.02474,-0.00115,0.00000,0.00000,-0.105,-0.008,0
291.6160,-0.00508,-0.02473,-0.00115,0.00000,0.00000,-0.105,-0.008,0
291.6660,-0.00508,-0.02472,-0.00115,0.00000,0.00000,-0.105,-0.008,0
291.7160,-0.00507,-0.02472,-0.00115,0.00000,0.00000,-0.105,-0.008,0
291.7660,-0.00507,-0.02472,-0.00115,0.00000,0.00000,-0.105,-0.008,0
291.8160,-0.00507,-0.02471,-0.00115,0.00000,0.00000,-0.105,-0.008,0
291.8660,-0.00507,-0.02470,-0.00115,0.00000,0.00000,-0.105,-0.008,0
291.9160,-0.00507,-0.02470,-0.00115,0.00000,0.00000,-0.105,-0.008,0
291.9660,-0.00507,-0.02469,-0.00115,0.00000,0.00000,-0.105,-0.008,0
292.0160,-0.00507,-0.02469,-0.00115,0.00000,0.00000,-0.105,-0.008,0
292.0660,-0.00507,-0.02469,-0.00115,0.00000,0.00000,-0.105,-0.008,0
292.1160,-0.00507,-0.02471,-0.00115,0.00000,0.00000,-0.105,-0.008,0
292.1660,-0.00507,-0.02471,-0.00115,0.00000,0.00000,-0.105,-0.008,0
292.2160,-0.00507,-0.02470,-0.00115,0.00000,0.00000,-0.105,-0.008,0
292.2660,-0.00507,-0.02468,-0.00115,0.00000,0.00000,-0.105,-0.008,0
292.3160,-0.00507,-0.02467,-0.00115,0.00000,0.00000,-0.105,-0.008,0
292.3660,-0.00506,-0.02464,-0.00115,0.00000,0.00000,-0.105,-0.008,0
292.4160,-0.00505,-0.02461,-0.00115,0.00000,0.00000,-0.105,-0.008,0
292.4660,-0.00504,-0.02458,-0.00115,0.00000,0.00000,-0.104,-0.008,0
292.5160,-0.00504,-0.02455,-0.00115,0.00000,0.00000,-0.104,-0.008,0
292.5660,-0.00503,-0.02453,-0.00115,0.00000,0.00000,-0.104,-0.008,0
292.6160,-0.00503,-0.02453,-0.00115,0.00000,0.00000,-0.104,-0.008,0
292.6660,-0.00504,-0.02454,-0.00115,0.00000,0.00000,-0.104,-0.008,0
292.7160,-0.00504,-0.02455,-0.00115,0.00000,0.00000,-0.104,-0.008,0
292.7660,-0.00504,-0.02456,-0.00115,0.00000,0.00000,-0.104,-0.008,0
292.8160,-0.00505,-0.02457,-0.00115,0.00000,0.00000,-0.104,-0.008,0
292.8660,-0.00505,-0.02457,-0.00115,0.00000,0.00000,-0.104,-0.008,0
292.9160,-0.00505,-0.02458,-0.00115,0.00000,0.00000,-0.104,-0.008,0
292.9660,-0.00506,-0.02461,-0.00115,0.00000,0.00000,-0.104,-0.008,0
293.0160,-0.00506,-0.02463,-0.00115,0.00000,0.00000,-0.104,-0.008,0
293.0660,-0.00507,-0.02464,-0.00115,0.00000,0.00000,-0.104,-0.008,0
293.1160,-0.00507,-0.02466,-0.00115,0.00000,0.00000,-0.105,-0.008,0
293.1660,-0.00507,-0.02468,-0.00115,0.00000,0.00000,-0.105,-0.008,0
293.2160,-0.00508,-0.02469,-0.00115,0.00000,0.00000,-0.105,-0.008,0
293.2660,-0.00508,-0.02471,-0.00115,0.00000,0.00000,-0.105,-0.008,0
293.3160,-0.00509,-0.02474,-0.00115,0.00000,0.00000,-0.105,-0.008,0
293.3660,-0.00509,-0.02476,-0.00115,0.00000,0.00000,-0.105,-0.008,0
293.4160,-0.00509,-0.02475,-0.00115,0.00000,0.00000,-0.105,-0.008,0
293.4660,-0.00509,-0.02476,-0.00115,0.00000,0.00000,-0.105,-0.008,0
293.5160,-0.00509,-0.02477,-0.00115,0.00000,0.00000,-0.105,-0.008,0
293.5660,-0.00510,-0.02479,-0.00115,0.00000,0.00000,-0.105,-0.008,0
293.6160,-0.00510,-0.02480,-0.00115,0.00000,0.00000,-0.105,-0.008,0
293.6660,-0.00510,-0.02481,-0.00115,0.00000,0.00000,-0.105,-0.008,0
293.7160,-0.00510,-0.02482,-0.00115,0.00000,0.00000,-0.105,-0.008,0
293.7660,-0.00510,-0.02483,-0.00115,0.00000,0.00000,-0.105,-0.008,0
293.8160,-0.00511,-0.02484,-0.00115,0.00000,0.00000,-0.105,-0.008,0
293.8660,-0.00511,-0.02484,-0.00115,0.00000,0.00000,-0.105,-0.008,0
293.9160,-0.00511,-0.02484,-0.00115,0.00000,0.00000,-0.105,-0.008,0
293.9660,-0.00511,-0.02484,-0.00115,0.00000,0.00000,-0.105,-0.008,0
294.0160,-0.00511,-0.02484,-0.00115,0.00000,0.00000,-0.105,-0.008,0
294.0660,-0.00511,-0.02485,-0.00115,0.00000,0.00000,-0.105,-0.008,0
294.1160,-0.00511,-0.02486,-0.00115,0.00000,0.00000,-0.105,-0.008,0
294.1660,-0.00511,-0.02486,-0.00115,0.00000,0.00000,-0.105,-0.009,0
294.2160,-0.00511,-0.02486,-0.00115,0.00000,0.00000,-0.105,-0.009,0
294.2660,-0.00511,-0.02485,-0.00115,0.00000,0.00000,-0.105,-0.008,0
294.3160,-0.00510,-0.02484,-0.00115,0.00000,0.00000,-0.105,-0.008,0
294.3660,-0.00510,-0.02483,-0.00115,0.00000,0.00000,-0.105,-0.008,0
294.4160,-0.00510,-0.02482,-0.00115,0.00000,0.00000,-0.105,-0.008,0
294.4660,-0.00509,-0.02479,-0.00115,0.00000,0.00000,-0.105,-0.008,0
294.5160,-0.00508,-0.02476,-0.00115,0.00000,0.00000,-0.105,-0.008,0
294.5660,-0.00508,-0.02473,-0.00115,0.00000,0.00000,-0.105,-0.008,0
294.6160,-0.00507,-0.02470,-0.00115,0.00000,0.00000,-0.105,-0.008,0
294.6660,-0.00506,-0.02469,-0.00115,0.00000,0.00000,-0.105,-0.008,0
294.7160,-0.00506,-0.02467,-0.00115,0.00000,0.00000,-0.105,-0.008,0
294.7660,-0.00506,-0.02466,-0.00115,0.00000,0.00000,-0.105,-0.008,0
294.8160,-0.00506,-0.02465,-0.00115,0.00000,0.00000,-0.105,-0.008,0
294.8660,-0.00506,-0.02465,-0.00115,0.00000,0.00000,-0.105,-0.008,0
294.9160,-0.00506,-0.02464,-0.00115,0.00000,0.00000,-0.105,-0.008,0
294.9660,-0.00506,-0.02464,-0.00115,0.00000,0.00000,-0.105,-0.008,0
295.0160,-0.00506,-0.02463,-0.00115,0.00000,0.00000,-0.105,-0.008,0
295.0660,-0.00505,-0.02462,-0.00115,0.00000,0.00000,-0.105,-0.008,0
295.1160,-0.00505,-0.02459,-0.00115,0.00000,0.00000,-0.104,-0.008,0
295.1660,-0.00504,-0.02456,-0.00115,0.00000,0.00000,-0.104,-0.008,0
295.2160,-0.00504,-0.02454,-0.00115,0.00000,0.00000,-0.104,-0.008,0
295.2660,-0.00503,-0.02452,-0.00115,0.00000,0.00000,-0.104,-0.008,0
295.3160,-0.00503,-0.02451,-0.00115,0.00000,0.00000,-0.104,-0.008,0
295.3660,-0.00503,-0.02451,-0.00115,0.00000,0.00000,-0.104,-0.008,0
295.4160,-0.00503,-0.02450,-0.00115,0.00000,0.00000,-0.104,-0.008,0
295.4660,-0.00503,-0.02450,-0.00115,0.00000,0.00000,-0.104,-0.008,0
295.5160,-0.00502,-0.02447,-0.00115,0.00000,0.00000,-0.104,-0.008,0
295.5660,-0.00502,-0.02445,-0.00115,0.00000,0.00000,-0.104,-0.008,0
295.6160,-0.00502,-0.02445,-0.00115,0.00000,0.00000,-0.104,-0.008,0
295.6660,-0.00502,-0.02445,-0.00115,0.00000,0.00000,-0.104,-0.008,0
295.7160,-0.00503,-0.02448,-0.00115,0.00000,0.00000,-0.104,-0.008,0
295.7660,-0.00504,-0.02453,-0.00115,0.00000,0.00000,-0.104,-0.008,0
295.8160,-0.00505,-0.02457,-0.00115,0.00000,0.00000,-0.104,-0.008,0
295.8660,-0.00506,-0.02462,-0.00115,0.00000,0.00000,-0.104,-0.008,0
295.9160,-0.00507,-0.02466,-0.00115,0.00000,0.00000,-0.104,-0.008,0
295.9660,-0.00508,-0.02468,-0.00115,0.00000,0.00000,-0.105,-0.008,0
296.0160,-0.00509,-0.02472,-0.00115,0.00000,0.00000,-0.105,-0.008,0
296.0660,-0.00509,-0.02474,-0.00115,0.00000,0.00000,-0.105,-0.008,0
296.1160,-0.00510,-0.02478,-0.00115,0.00000,0.00000,-0.105,-0.008,0
296.1660,-0.00511,-0.02481,-0.00115,0.00000,0.00000,-0.105,-0.008,0
296.2160,-0.00511,-0.02484,-0.00115,0.00000,0.00000,-0.105,-0.008,0
296.2660,-0.00512,-0.02487,-0.00115,0.00000,0.00000,-0.105,-0.009,0
296.3160,-0.00512,-0.02489,-0.00115,0.00000,0.00000,-0.105,-0.009,0
296.3660,-0.00513,-0.02491,-0.00115,0.00000,0.00000,-0.106,-0.009,0
296.4160,-0.00513,-0.02493,-0.00115,0.00000,0.00000,-0.106,-0.009,0
296.4660,-0.00513,-0.02494,-0.00115,0.00000,0.00000,-0.106,-0.009,0
296.5160,-0.00513,-0.02494,-0.00115,0.00000,0.00000,-0.106,-0.009,0
296.5660,-0.00513,-0.02494,-0.00115,0.00000,0.00000,-0.106,-0.009,0
296.6160,-0.00513,-0.02495,-0.00115,0.00000,0.00000,-0.106,-0.009,0
296.6660,-0.00513,-0.02495,-0.00115,0.00000,0.00000,-0.106,-0.009,0
296.7160,-0.00513,-0.02495,-0.00115,0.00000,0.00000,-0.106,-0.009,0
296.7660,-0.00513,-0.02496,-0.00115,0.00000,0.00000,-0.106,-0.009,0
296.8160,-0.00513,-0.02497,-0.00115,0.00000,0.00000,-0.106,-0.009,0
296.8660,-0.00513,-0.02496,-0.00115,0.00000,0.00000,-0.106,-0.009,0
296.9160,-0.00512,-0.02494,-0.00115,0.00000,0.00000,-0.106,-0.009,0
296.9660,-0.00512,-0.02492,-0.00115,0.00000,0.00000,-0.106,-0.009,0
297.0160,-0.00511,-0.02490,-0.00115,0.00000,0.00000,-0.106,-0.008,0
297.0660,-0.00511,-0.02489,-0.00115,0.00000,0.00000,-0.106,-0.009,0
297.1160,-0.00511,-0.02487,-0.00115,0.00000,0.00000,-0.106,-0.009,0
297.1660,-0.00510,-0.02486,-0.00115,0.00000,0.00000,-0.106,-0.009,0
297.2160,-0.00510,-0.02486,-0.00115,0.00000,0.00000,-0.106,-0.009,0
297.2660,-0.00511,-0.02488,-0.00115,0.00000,0.00000,-0.106,-0.009,0
297.3160,-0.00511,-0.02490,-0.00115,0.00000,0.00000,-0.106,-0.009,0
297.3660,-0.00511,-0.02491,-0.00115,0.00000,0.00000,-0.106,-0.009,0
297.4160,-0.00512,-0.02494,-0.00115,0.00000,0.00000,-0.106,-0.009,0
297.4660,-0.00513,-0.02497,-0.00115,0.00000,0.00000,-0.106,-0.009,0
297.5160,-0.00514,-0.02500,-0.00115,0.00000,0.00000,-0.106,-0.009,0
297.5660,-0.00514,-0.02503,-0.00115,0.00000,0.00000,-0.106,-0.009,0
297.6160,-0.00515,-0.02506,-0.00115,0.00000,0.00000,-0.106,-0.009,0
297.6660,-0.00516,-0.02510,-0.00115,0.00000,0.00000,-0.107,-0.009,0
297.7160,-0.00516,-0.02512,-0.00115,0.00000,0.00000,-0.107,-0.009,0
297.7660,-0.00517,-0.02514,-0.00115,0.00000,0.00000,-0.107,-0.009,0
297.8160,-0.00517,-0.02515,-0.00115,0.00000,0.00000,-0.107,-0.009,0
297.8660,-0.00517,-0.02516,-0.00115,0.00000,0.00000,-0.107,-0.009,0
297.9160,-0.00517,-0.02518,-0.00115,0.00000,0.00000,-0.107,-0.009,0
297.9660,-0.00518,-0.02522,-0.00115,0.00000,0.00000,-0.107,-0.009,0
298.0160,-0.00519,-0.02525,-0.00115,0.00000,0.00000,-0.107,-0.009,0
298.0660,-0.00519,-0.02527,-0.00115,0.00000,0.00000,-0.108,-0.009,0
298.1160,-0.00520,-0.02529,-0.00115,0.00000,0.00000,-0.108,-0.009,0
298.1660,-0.00520,-0.02530,-0.00115,0.00000,0.00000,-0.108,-0.009,0
298.2160,-0.00520,-0.02530,-0.00115,0.00000,0.00000,-0.108,-0.009,0
298.2660,-0.00519,-0.02530,-0.00115,0.00000,0.00000,-0.108,-0.009,0
298.3160,-0.00519,-0.02529,-0.00115,0.00000,0.00000,-0.108,-0.009,0
298.3660,-0.00519,-0.02529,-0.00115,0.00000,0.00000,-0.108,-0.009,0
298.4160,-0.00519,-0.02529,-0.00115,0.00000,0.00000,-0.108,-0.009,0
298.4660,-0.00519,-0.02528,-0.00115,0.00000,0.00000,-0.108,-0.009,0
298.5160,-0.00518,-0.02527,-0.00115,0.00000,0.00000,-0.108,-0.009,0
298.5660,-0.00518,-0.02526,-0.00115,0.00000,0.00000,-0.108,-0.009,0
298.6160,-0.00518,-0.02526,-0.00115,0.00000,0.00000,-0.108,-0.009,0
298.6660,-0.00517,-0.02525,-0.00115,0.00000,0.00000,-0.108,-0.009,0
298.7160,-0.00517,-0.02523,-0.00115,0.00000,0.00000,-0.108,-0.009,0
298.7660,-0.00517,-0.02521,-0.00115,0.00000,0.00000,-0.108,-0.009,0
298.8160,-0.00516,-0.02518,-0.00115,0.00000,0.00000,-0.108,-0.009,0
298.8660,-0.00515,-0.02514,-0.00115,0.00000,0.00000,-0.107,-0.009,0
298.9160,-0.00514,-0.02511,-0.00115,0.00000,0.00000,-0.107,-0.009,0
298.9660,-0.00514,-0.02508,-0.00115,0.00000,0.00000,-0.107,-0.009,0
299.0160,-0.00513,-0.02506,-0.00115,0.00000,0.00000,-0.107,-0.009,0
299.0660,-0.00513,-0.02504,-0.00115,0.00000,0.00000,-0.107,-0.009,0
299.1160,-0.00512,-0.02503,-0.00115,0.00000,0.00000,-0.107,-0.009,0
299.1660,-0.00512,-0.02502,-0.00115,0.00000,0.00000,-0.107,-0.009,0
299.2160,-0.00513,-0.02503,-0.00115,0.00000,0.00000,-0.107,-0.009,0
299.2660,-0.00513,-0.02503,-0.00115,0.00000,0.00000,-0.107,-0.009,0
299.3160,-0.00512,-0.02500,-0.00115,0.00000,0.00000,-0.107,-0.009,0
299.3660,-0.00511,-0.02497,-0.00115,0.00000,0.00000,-0.107,-0.009,0
299.4160,-0.00511,-0.02495,-0.00115,0.00000,0.00000,-0.107,-0.009,0
299.4660,-0.00511,-0.02493,-0.00115,0.00000,0.00000,-0.107,-0.009,0
299.5160,-0.00510,-0.02491,-0.00115,0.00000,0.00000,-0.106,-0.009,0
299.5660,-0.00510,-0.02490,-0.00115,0.00000,0.00000,-0.106,-0.009,0
299.6160,-0.00510,-0.02488,-0.00115,0.00000,0.00000,-0.106,-0.009,0
299.6660,-0.00510,-0.02487,-0.00115,0.00000,0.00000,-0.106,-0.009,0
299.7160,-0.00509,-0.02486,-0.00115,0.00000,0.00000,-0.106,-0.009,0
299.7660,-0.00509,-0.02485,-0.00115,0.00000,0.00000,-0.106,-0.009,0
299.8160,-0.00509,-0.02483,-0.00115,0.00000,0.00000,-0.106,-0.009,0
299.8660,-0.00509,-0.02483,-0.00115,0.00000,0.00000,-0.106,-0.009,0
299.9160,-0.00509,-0.02483,-0.00115,0.00000,0.00000,-0.106,-0.009,0
299.9660,-0.00509,-0.02483,-0.00115,0.00000,0.00000,-0.106,-0.009,0
300.0160,-0.00509,-0.02483,-0.00115,0.00000,0.00000,-0.106,-0.009,0
300.0660,-0.00509,-0.02484,-0.00115,0.00000,0.00000,-0.106,-0.009,0
300.1160,-0.00510,-0.02486,-0.00115,0.00000,0.00000,-0.106,-0.009,0
300.1660,-0.00511,-0.02488,-0.00115,0.00000,0.00000,-0.106,-0.009,0
300.2160,-0.00511,-0.02490,-0.00115,0.00000,0.00000,-0.106,-0.009,0
300.2660,-0.00512,-0.02492,-0.00115,0.00000,0.00000,-0.106,-0.009,0
300.3160,-0.00512,-0.02494,-0.00115,0.00000,0.00000,-0.106,-0.009,0
300.3660,-0.00513,-0.02497,-0.00115,0.00000,0.00000,-0.106,-0.009,0
300.4160,-0.00514,-0.02500,-0.00115,0.00000,0.00000,-0.107,-0.009,0
300.4660,-0.00514,-0.02503,-0.00115,0.00000,0.00000,-0.107,-0.009,0
300.5160,-0.00515,-0.02506,-0.00115,0.00000,0.00000,-0.107,-0.009,0
300.5660,-0.00515,-0.02508,-0.00115,0.00000,0.00000,-0.107,-0.009,0
300.6160,-0.00516,-0.02509,-0.00115,0.00000,0.00000,-0.107,-0.009,0
300.6660,-0.00516,-0.02511,-0.00115,0.00000,0.00000,-0.107,-0.009,0
300.7160,-0.00516,-0.02513,-0.00115,0.00000,0.00000,-0.107,-0.009,0
300.7660,-0.00517,-0.02515,-0.00115,0.00000,0.00000,-0.107,-0.009,0
300.8160,-0.00517,-0.02515,-0.00115,0.00000,0.00000,-0.107,-0.009,0
300.8660,-0.00517,-0.02515,-0.00115,0.00000,0.00000,-0.107,-0.009,0
300.9160,-0.00517,-0.02515,-0.00115,0.00000,0.00000,-0.107,-0.009,0
300.9660,-0.00517,-0.02516,-0.00115,0.00000,0.00000,-0.107,-0.009,0
301.0160,-0.00517,-0.02516,-0.00115,0.00000,0.00000,-0.107,-0.009,0
301.0660,-0.00517,-0.02517,-0.00115,0.00000,0.00000,-0.107,-0.009,0
301.1160,-0.00517,-0.02517,-0.00115,0.00000,0.00000,-0.107,-0.009,0
301.1660,-0.00517,-0.02517,-0.00115,0.00000,0.00000,-0.107,-0.009,0
301.2160,-0.00517,-0.02516,-0.00115,0.00000,0.00000,-0.107,-0.009,0
301.2660,-0.00516,-0.02515,-0.00115,0.00000,0.00000,-0.107,-0.009,0
301.3160,-0.00516,-0.02515,-0.00115,0.00000,0.00000,-0.107,-0.009,0
301.3660,-0.00516,-0.02516,-0.00115,0.00000,0.00000,-0.107,-0.009,0
301.4160,-0.00517,-0.02517,-0.00115,0.00000,0.00000,-0.107,-0.009,0
301.4660,-0.00517,-0.02518,-0.00115,0.00000,0.00000,-0.107,-0.009,0
301.5160,-0.00517,-0.02519,-0.00115,0.00000,0.00000,-0.107,-0.009,0
301.5660,-0.00517,-0.02521,-0.00115,0.00000,0.00000,-0.108,-0.009,0
301.6160,-0.00518,-0.02524,-0.00115,0.00000,0.00000,-0.108,-0.009,0
301.6660,-0.00519,-0.02528,-0.00115,0.00000,0.00000,-0.108,-0.009,0
301.7160,-0.00520,-0.02531,-0.00115,0.00000,0.00000,-0.108,-0.009,0
301.7660,-0.00520,-0.02533,-0.00115,0.00000,0.00000,-0.108,-0.009,0
301.8160,-0.00521,-0.02536,-0.00115,0.00000,0.00000,-0.108,-0.009,0
301.8660,-0.00521,-0.02540,-0.00115,0.00000,0.00000,-0.108,-0.009,0
301.9160,-0.00522,-0.02543,-0.00115,0.00000,0.00000,-0.109,-0.009,0
301.9660,-0.00523,-0.02546,-0.00115,0.00000,0.00000,-0.109,-0.009,0
302.0160,-0.00523,-0.02549,-0.00115,0.00000,0.00000,-0.109,-0.009,0
302.0660,-0.00524,-0.02552,-0.00115,0.00000,0.00000,-0.109,-0.009,0
302.1160,-0.00525,-0.02557,-0.00115,0.00000,0.00000,-0.109,-0.009,0
302.1660,-0.00526,-0.02562,-0.00115,0.00000,0.00000,-0.109,-0.009,0
302.2160,-0.00527,-0.02567,-0.00115,0.00000,0.00000,-0.110,-0.009,0
302.2660,-0.00528,-0.02569,-0.00115,0.00000,0.00000,-0.110,-0.009,0
302.3160,-0.00528,-0.02572,-0.00115,0.00000,0.00000,-0.110,-0.009,0
302.3660,-0.00529,-0.02575,-0.00115,0.00000,0.00000,-0.110,-0.009,0
302.4160,-0.00529,-0.02577,-0.00115,0.00000,0.00000,-0.110,-0.009,0
302.4660,-0.00529,-0.02579,-0.00115,0.00000,0.00000,-0.110,-0.009,0
302.5160,-0.00530,-0.02581,-0.00115,0.00000,0.00000,-0.111,-0.009,0
302.5660,-0.00530,-0.02584,-0.00115,0.00000,0.00000,-0.111,-0.009,0
302.6160,-0.00530,-0.02586,-0.00115,0.00000,0.00000,-0.111,-0.009,0
302.6660,-0.00531,-0.02587,-0.00115,0.00000,0.00000,-0.111,-0.009,0
302.7160,-0.00531,-0.02589,-0.00115,0.00000,0.00000,-0.111,-0.009,0
302.7660,-0.00531,-0.02590,-0.00115,0.00000,0.00000,-0.111,-0.009,0
302.8160,-0.00531,-0.02591,-0.00115,0.00000,0.00000,-0.111,-0.009,0
302.8660,-0.00531,-0.02593,-0.00115,0.00000,0.00000,-0.111,-0.009,0
302.9160,-0.00532,-0.02596,-0.00115,0.00000,0.00000,-0.111,-0.009,0
302.9660,-0.00532,-0.02597,-0.00115,0.00000,0.00000,-0.112,-0.009,0
303.0160,-0.00532,-0.02599,-0.00115,0.00000,0.00000,-0.112,-0.009,0
303.0660,-0.00533,-0.02600,-0.00115,0.00000,0.00000,-0.112,-0.009,0
303.1160,-0.00533,-0.02601,-0.00115,0.00000,0.00000,-0.112,-0.009,0
303.1660,-0.00533,-0.02604,-0.00115,0.00000,0.00000,-0.112,-0.009,0
303.2160,-0.00534,-0.02607,-0.00115,0.00000,0.00000,-0.112,-0.009,0
303.2660,-0.00534,-0.02609,-0.00115,0.00000,0.00000,-0.112,-0.009,0
303.3160,-0.00535,-0.02611,-0.00115,0.00000,0.00000,-0.112,-0.009,0
303.3660,-0.00535,-0.02613,-0.00115,0.00000,0.00000,-0.113,-0.009,0
303.4160,-0.00535,-0.02614,-0.00115,0.00000,0.00000,-0.113,-0.009,0
303.4660,-0.00535,-0.02616,-0.00115,0.00000,0.00000,-0.113,-0.009,0
303.5160,-0.00535,-0.02617,-0.00115,0.00000,0.00000,-0.113,-0.009,0
303.5660,-0.00536,-0.02618,-0.00115,0.00000,0.00000,-0.113,-0.009,0
303.6160,-0.00536,-0.02619,-0.00115,0.00000,0.00000,-0.113,-0.009,0
303.6660,-0.00535,-0.02618,-0.00115,0.00000,0.00000,-0.113,-0.009,0
303.7160,-0.00535,-0.02617,-0.00115,0.00000,0.00000,-0.113,-0.009,0
303.7660,-0.00535,-0.02616,-0.00115,0.00000,0.00000,-0.113,-0.009,0
303.8160,-0.00535,-0.02616,-0.00115,0.00000,0.00000,-0.113,-0.009,0
303.8660,-0.00534,-0.02615,-0.00115,0.00000,0.00000,-0.113,-0.009,0
303.9160,-0.00534,-0.02615,-0.00115,0.00000,0.00000,-0.113,-0.009,0
303.9660,-0.00534,-0.02615,-0.00115,0.00000,0.00000,-0.113,-0.009,0
304.0160,-0.00534,-0.02615,-0.00115,0.00000,0.00000,-0.113,-0.009,0
304.0660,-0.00534,-0.02615,-0.00115,0.00000,0.00000,-0.113,-0.009,0
304.1160,-0.00534,-0.02614,-0.00115,0.00000,0.00000,-0.113,-0.009,0
304.1660,-0.00534,-0.02613,-0.00115,0.00000,0.00000,-0.113,-0.009,0
304.2160,-0.00533,-0.02612,-0.00115,0.00000,0.00000,-0.113,-0.009,0
304.2660,-0.00533,-0.02610,-0.00115,0.00000,0.00000,-0.113,-0.009,0
304.3160,-0.00533,-0.02609,-0.00115,0.00000,0.00000,-0.113,-0.009,0
304.3660,-0.00532,-0.02608,-0.00115,0.00000,0.00000,-0.113,-0.009,0
304.4160,-0.00532,-0.02606,-0.00115,0.00000,0.00000,-0.113,-0.009,0
304.4660,-0.00532,-0.02606,-0.00115,0.00000,0.00000,-0.113,-0.009,0
304.5160,-0.00532,-0.02606,-0.00115,0.00000,0.00000,-0.113,-0.009,0
304.5660,-0.00532,-0.02605,-0.00115,0.00000,0.00000,-0.113,-0.009,0
304.6160,-0.00532,-0.02605,-0.00115,0.00000,0.00000,-0.113,-0.009,0
304.6660,-0.00532,-0.02606,-0.00115,0.00000,0.00000,-0.113,-0.009,0
304.7160,-0.00532,-0.02606,-0.00115,0.00000,0.00000,-0.113,-0.009,0
304.7660,-0.00532,-0.02606,-0.00115,0.00000,0.00000,-0.113,-0.009,0
304.8160,-0.00532,-0.02606,-0.00115,0.00000,0.00000,-0.113,-0.009,0
304.8660,-0.00532,-0.02606,-0.00115,0.00000,0.00000,-0.113,-0.009,0
304.9160,-0.00532,-0.02607,-0.00115,0.00000,0.00000,-0.113,-0.009,0
304.9660,-0.00533,-0.02608,-0.00115,0.00000,0.00000,-0.113,-0.009,0
305.0160,-0.00533,-0.02610,-0.00115,0.00000,0.00000,-0.113,-0.009,0
305.0660,-0.00533,-0.02611,-0.00115,0.00000,0.00000,-0.113,-0.009,0
305.1160,-0.00533,-0.02611,-0.00115,0.00000,0.00000,-0.113,-0.009,0
305.1660,-0.00533,-0.02611,-0.00115,0.00000,0.00000,-0.113,-0.009,0
305.2160,-0.00533,-0.02610,-0.00115,0.00000,0.00000,-0.113,-0.009,0
305.2660,-0.00533,-0.02610,-0.00115,0.00000,0.00000,-0.113,-0.009,0
305.3160,-0.00533,-0.02610,-0.00115,0.00000,0.00000,-0.113,-0.009,0
305.3660,-0.00533,-0.02610,-0.00115,0.00000,0.00000,-0.113,-0.009,0
305.4160,-0.00533,-0.02609,-0.00115,0.00000,0.00000,-0.113,-0.009,0
305.4660,-0.00533,-0.02607,-0.00115,0.00000,0.00000,-0.113,-0.009,0
305.5160,-0.00532,-0.02606,-0.00115,0.00000,0.00000,-0.113,-0.009,0
305.5660,-0.00532,-0.02605,-0.00115,0.00000,0.00000,-0.113,-0.009,0
305.6160,-0.00532,-0.02605,-0.00115,0.00000,0.00000,-0.113,-0.009,0
305.6660,-0.00532,-0.02606,-0.00115,0.00000,0.00000,-0.113,-0.009,0
305.7160,-0.00533,-0.02609,-0.00115,0.00000,0.00000,-0.113,-0.009,0
305.7660,-0.00533,-0.02611,-0.00115,0.00000,0.00000,-0.113,-0.009,0
305.8160,-0.00534,-0.02614,-0.00115,0.00000,0.00000,-0.113,-0.009,0
305.8660,-0.00535,-0.02617,-0.00115,0.00000,0.00000,-0.113,-0.009,0
305.9160,-0.00536,-0.02620,-0.00115,0.00000,0.00000,-0.114,-0.009,0
305.9660,-0.00536,-0.02622,-0.00115,0.00000,0.00000,-0.114,-0.009,0
306.0160,-0.00536,-0.02623,-0.00115,0.00000,0.00000,-0.114,-0.009,0
306.0660,-0.00537,-0.02626,-0.00115,0.00000,0.00000,-0.114,-0.009,0
306.1160,-0.00538,-0.02629,-0.00115,0.00000,0.00000,-0.114,-0.009,0
306.1660,-0.00538,-0.02632,-0.00115,0.00000,0.00000,-0.114,-0.009,0
306.2160,-0.00539,-0.02635,-0.00115,0.00000,0.00000,-0.114,-0.009,0
306.2660,-0.00540,-0.02638,-0.00115,0.00000,0.00000,-0.115,-0.009,0
306.3160,-0.00540,-0.02641,-0.00115,0.00000,0.00000,-0.115,-0.009,0
306.3660,-0.00541,-0.02643,-0.00115,0.00000,0.00000,-0.115,-0.009,0
306.4160,-0.00541,-0.02645,-0.00115,0.00000,0.00000,-0.115,-0.009,0
306.4660,-0.00542,-0.02648,-0.00115,0.00000,0.00000,-0.115,-0.009,0
306.5160,-0.00542,-0.02652,-0.00115,0.00000,0.00000,-0.115,-0.009,0
306.5660,-0.00543,-0.02657,-0.00115,0.00000,0.00000,-0.115,-0.009,0
306.6160,-0.00544,-0.02661,-0.00115,0.00000,0.00000,-0.116,-0.009,0
306.6660,-0.00545,-0.02665,-0.00115,0.00000,0.00000,-0.116,-0.009,0
306.7160,-0.00546,-0.02670,-0.00115,0.00000,0.00000,-0.116,-0.009,0
306.7660,-0.00547,-0.02674,-0.00115,0.00000,0.00000,-0.116,-0.009,0
306.8160,-0.00548,-0.02678,-0.00115,0.00000,0.00000,-0.117,-0.009,0
306.8660,-0.00549,-0.02683,-0.00115,0.00000,0.00000,-0.117,-0.009,0
306.9160,-0.00550,-0.02688,-0.00115,0.00000,0.00000,-0.117,-0.009,0
306.9660,-0.00551,-0.02692,-0.00115,0.00000,0.00000,-0.117,-0.009,0
307.0160,-0.00551,-0.02696,-0.00115,0.00000,0.00000,-0.117,-0.009,0
307.0660,-0.00552,-0.02699,-0.00115,0.00000,0.00000,-0.118,-0.009,0
307.1160,-0.00552,-0.02702,-0.00115,0.00000,0.00000,-0.118,-0.009,0
307.1660,-0.00553,-0.02705,-0.00115,0.00000,0.00000,-0.118,-0.009,0
307.2160,-0.00554,-0.02708,-0.00115,0.00000,0.00000,-0.118,-0.009,0
307.2660,-0.00554,-0.02711,-0.00115,0.00000,0.00000,-0.118,-0.009,0
307.3160,-0.00554,-0.02713,-0.00115,0.00000,0.00000,-0.119,-0.009,0
307.3660,-0.00554,-0.02714,-0.00115,0.00000,0.00000,-0.119,-0.009,0
307.4160,-0.00554,-0.02715,-0.00115,0.00000,0.00000,-0.119,-0.009,0
307.4660,-0.00554,-0.02715,-0.00115,0.00000,0.00000,-0.119,-0.009,0
307.5160,-0.00554,-0.02714,-0.00115,0.00000,0.00000,-0.119,-0.009,0
307.5660,-0.00553,-0.02713,-0.00115,0.00000,0.00000,-0.119,-0.009,0
307.6160,-0.00553,-0.02712,-0.00115,0.00000,0.00000,-0.119,-0.009,0
307.6660,-0.00552,-0.02711,-0.00115,0.00000,0.00000,-0.119,-0.009,0
307.7160,-0.00552,-0.02710,-0.00115,0.00000,0.00000,-0.119,-0.009,0
307.7660,-0.00552,-0.02709,-0.00115,0.00000,0.00000,-0.119,-0.009,0
307.8160,-0.00551,-0.02708,-0.00115,0.00000,0.00000,-0.119,-0.009,0
307.8660,-0.00551,-0.02707,-0.00115,0.00000,0.00000,-0.119,-0.009,0
307.9160,-0.00551,-0.02708,-0.00115,0.00000,0.00000,-0.119,-0.009,0
307.9660,-0.00551,-0.02708,-0.00115,0.00000,0.00000,-0.119,-0.009,0
308.0160,-0.00551,-0.02708,-0.00115,0.00000,0.00000,-0.119,-0.009,0
308.0660,-0.00551,-0.02707,-0.00115,0.00000,0.00000,-0.119,-0.009,0
308.1160,-0.00551,-0.02706,-0.00115,0.00000,0.00000,-0.119,-0.009,0
308.1660,-0.00550,-0.02705,-0.00115,0.00000,0.00000,-0.119,-0.009,0
308.2160,-0.00550,-0.02704,-0.00115,0.00000,0.00000,-0.119,-0.009,0
308.2660,-0.00550,-0.02703,-0.00115,0.00000,0.00000,-0.119,-0.009,0
308.3160,-0.00550,-0.02702,-0.00115,0.00000,0.00000,-0.119,-0.009,0
308.3660,-0.00549,-0.02701,-0.00115,0.00000,0.00000,-0.119,-0.009,0
308.4160,-0.00549,-0.02701,-0.00115,0.00000,0.00000,-0.119,-0.009,0
308.4660,-0.00549,-0.02701,-0.00115,0.00000,0.00000,-0.119,-0.009,0
308.5160,-0.00549,-0.02701,-0.00115,0.00000,0.00000,-0.119,-0.009,0
308.5660,-0.00549,-0.02701,-0.00115,0.00000,0.00000,-0.119,-0.009,0
308.6160,-0.00549,-0.02701,-0.00115,0.00000,0.00000,-0.119,-0.009,0
308.6660,-0.00550,-0.02703,-0.00115,0.00000,0.00000,-0.119,-0.009,0
308.7160,-0.00550,-0.02705,-0.00115,0.00000,0.00000,-0.119,-0.009,0
308.7660,-0.00550,-0.02705,-0.00115,0.00000,0.00000,-0.119,-0.009,0
308.8160,-0.00551,-0.02706,-0.00115,0.00000,0.00000,-0.119,-0.009,0
308.8660,-0.00551,-0.02707,-0.00115,0.00000,0.00000,-0.119,-0.009,0
308.9160,-0.00551,-0.02709,-0.00115,0.00000,0.00000,-0.119,-0.009,0
308.9660,-0.00551,-0.02709,-0.00115,0.00000,0.00000,-0.119,-0.009,0
309.0160,-0.00552,-0.02710,-0.00115,0.00000,0.00000,-0.119,-0.009,0
309.0660,-0.00552,-0.02709,-0.00115,0.00000,0.00000,-0.119,-0.009,0
309.1160,-0.00551,-0.02709,-0.00115,0.00000,0.00000,-0.119,-0.009,0
309.1660,-0.00551,-0.02709,-0.00115,0.00000,0.00000,-0.119,-0.009,0
309.2160,-0.00551,-0.02709,-0.00115,0.00000,0.00000,-0.119,-0.009,0
309.2660,-0.00552,-0.02711,-0.00115,0.00000,0.00000,-0.119,-0.009,0
309.3160,-0.00552,-0.02711,-0.00115,0.00000,0.00000,-0.119,-0.009,0
309.3660,-0.00552,-0.02712,-0.00115,0.00000,0.00000,-0.119,-0.009,0
309.4160,-0.00552,-0.02711,-0.00115,0.00000,0.00000,-0.119,-0.009,0
309.4660,-0.00552,-0.02711,-0.00115,0.00000,0.00000,-0.119,-0.009,0
309.5160,-0.00552,-0.02710,-0.00115,0.00000,0.00000,-0.119,-0.009,0
309.5660,-0.00551,-0.02709,-0.00115,0.00000,0.00000,-0.119,-0.009,0
309.6160,-0.00551,-0.02708,-0.00115,0.00000,0.00000,-0.119,-0.009,0
309.6660,-0.00551,-0.02708,-0.00115,0.00000,0.00000,-0.119,-0.009,0
309.7160,-0.00551,-0.02708,-0.00115,0.00000,0.00000,-0.119,-0.009,0
309.7660,-0.00551,-0.02709,-0.00115,0.00000,0.00000,-0.119,-0.009,0
309.8160,-0.00551,-0.02709,-0.00115,0.00000,0.00000,-0.119,-0.009,0
309.8660,-0.00551,-0.02708,-0.00115,0.00000,0.00000,-0.119,-0.009,0
309.9160,-0.00551,-0.02707,-0.00115,0.00000,0.00000,-0.119,-0.009,0
309.9660,-0.00551,-0.02706,-0.00115,0.00000,0.00000,-0.119,-0.009,0
310.0160,-0.00551,-0.02706,-0.00115,0.00000,0.00000,-0.119,-0.009,0
310.0660,-0.00551,-0.02705,-0.00115,0.00000,0.00000,-0.119,-0.009,0
310.1160,-0.00551,-0.02706,-0.00115,0.00000,0.00000,-0.119,-0.009,0
310.1660,-0.00551,-0.02707,-0.00115,0.00000,0.00000,-0.119,-0.009,0
310.2160,-0.00551,-0.02708,-0.00115,0.00000,0.00000,-0.119,-0.009,0
310.2660,-0.00551,-0.02709,-0.00115,0.00000,0.00000,-0.119,-0.009,0
310.3160,-0.00552,-0.02710,-0.00115,0.00000,0.00000,-0.119,-0.009,0
310.3660,-0.00552,-0.02710,-0.00115,0.00000,0.00000,-0.119,-0.009,0
310.4160,-0.00552,-0.02711,-0.00115,0.00000,0.00000,-0.119,-0.009,0
310.4660,-0.00552,-0.02712,-0.00115,0.00000,0.00000,-0.120,-0.009,0
310.5160,-0.00552,-0.02714,-0.00115,0.00000,0.00000,-0.120,-0.009,0
310.5660,-0.00553,-0.02714,-0.00115,0.00000,0.00000,-0.120,-0.009,0
310.6160,-0.00553,-0.02714,-0.00115,0.00000,0.00000,-0.120,-0.009,0
310.6660,-0.00552,-0.02713,-0.00115,0.00000,0.00000,-0.120,-0.009,0
310.7160,-0.00552,-0.02713,-0.00115,0.00000,0.00000,-0.120,-0.009,0
310.7660,-0.00552,-0.02714,-0.00115,0.00000,0.00000,-0.120,-0.009,0
310.8160,-0.00552,-0.02714,-0.00115,0.00000,0.00000,-0.120,-0.009,0
310.8660,-0.00552,-0.02713,-0.00115,0.00000,0.00000,-0.120,-0.009,0
310.9160,-0.00552,-0.02711,-0.00115,0.00000,0.00000,-0.120,-0.009,0
310.9660,-0.00551,-0.02709,-0.00115,0.00000,0.00000,-0.119,-0.009,0
311.0160,-0.00551,-0.02708,-0.00115,0.00000,0.00000,-0.119,-0.009,0
311.0660,-0.00550,-0.02706,-0.00115,0.00000,0.00000,-0.119,-0.009,0
311.1160,-0.00550,-0.02704,-0.00115,0.00000,0.00000,-0.119,-0.009,0
311.1660,-0.00550,-0.02703,-0.00115,0.00000,0.00000,-0.119,-0.009,0
311.2160,-0.00549,-0.02700,-0.00115,0.00000,0.00000,-0.119,-0.009,0
311.2660,-0.00549,-0.02699,-0.00115,0.00000,0.00000,-0.119,-0.009,0
311.3160,-0.00549,-0.02699,-0.00115,0.00000,0.00000,-0.119,-0.009,0
311.3660,-0.00549,-0.02699,-0.00115,0.00000,0.00000,-0.119,-0.009,0
311.4160,-0.00549,-0.02699,-0.00115,0.00000,0.00000,-0.119,-0.009,0
311.4660,-0.00549,-0.02700,-0.00115,0.00000,0.00000,-0.119,-0.009,0
311.5160,-0.00550,-0.02703,-0.00115,0.00000,0.00000,-0.119,-0.009,0
311.5660,-0.00551,-0.02706,-0.00115,0.00000,0.00000,-0.119,-0.009,0
311.6160,-0.00551,-0.02708,-0.00115,0.00000,0.00000,-0.119,-0.009,0
311.6660,-0.00552,-0.02712,-0.00115,0.00000,0.00000,-0.119,-0.009,0
311.7160,-0.00553,-0.02715,-0.00115,0.00000,0.00000,-0.120,-0.009,0
311.7660,-0.00554,-0.02719,-0.00115,0.00000,0.00000,-0.120,-0.009,0
311.8160,-0.00554,-0.02720,-0.00115,0.00000,0.00000,-0.120,-0.009,0
311.8660,-0.00555,-0.02722,-0.00115,0.00000,0.00000,-0.120,-0.009,0
311.9160,-0.00555,-0.02725,-0.00115,0.00000,0.00000,-0.120,-0.009,0
311.9660,-0.00556,-0.02727,-0.00115,0.00000,0.00000,-0.120,-0.009,0
312.0160,-0.00556,-0.02729,-0.00115,0.00000,0.00000,-0.120,-0.009,0
312.0660,-0.00556,-0.02731,-0.00115,0.00000,0.00000,-0.120,-0.009,0
312.1160,-0.00557,-0.02734,-0.00115,0.00000,0.00000,-0.121,-0.009,0
312.1660,-0.00558,-0.02738,-0.00115,0.00000,0.00000,-0.121,-0.009,0
312.2160,-0.00559,-0.02741,-0.00115,0.00000,0.00000,-0.121,-0.009,0
312.2660,-0.00559,-0.02743,-0.00115,0.00000,0.00000,-0.121,-0.009,0
312.3160,-0.00559,-0.02744,-0.00115,0.00000,0.00000,-0.121,-0.009,0
312.3660,-0.00559,-0.02746,-0.00115,0.00000,0.00000,-0.121,-0.009,0
312.4160,-0.00559,-0.02746,-0.00115,0.00000,0.00000,-0.121,-0.009,0
312.4660,-0.00559,-0.02746,-0.00115,0.00000,0.00000,-0.121,-0.009,0
312.5160,-0.00559,-0.02745,-0.00115,0.00000,0.00000,-0.121,-0.009,0
312.5660,-0.00558,-0.02743,-0.00115,0.00000,0.00000,-0.121,-0.009,0
312.6160,-0.00558,-0.02741,-0.00115,0.00000,0.00000,-0.121,-0.009,0
312.6660,-0.00557,-0.02738,-0.00115,0.00000,0.00000,-0.121,-0.009,0
312.7160,-0.00556,-0.02735,-0.00115,0.00000,0.00000,-0.121,-0.009,0
312.7660,-0.00555,-0.02731,-0.00115,0.00000,0.00000,-0.121,-0.009,0
312.8160,-0.00554,-0.02728,-0.00115,0.00000,0.00000,-0.121,-0.009,0
312.8660,-0.00554,-0.02724,-0.00115,0.00000,0.00000,-0.120,-0.009,0
312.9160,-0.00553,-0.02721,-0.00115,0.00000,0.00000,-0.120,-0.009,0
312.9660,-0.00552,-0.02719,-0.00115,0.00000,0.00000,-0.120,-0.009,0
313.0160,-0.00552,-0.02716,-0.00115,0.00000,0.00000,-0.120,-0.009,0
313.0660,-0.00551,-0.02714,-0.00115,0.00000,0.00000,-0.120,-0.009,0
313.1160,-0.00551,-0.02712,-0.00115,0.00000,0.00000,-0.120,-0.009,0
313.1660,-0.00550,-0.02710,-0.00115,0.00000,0.00000,-0.120,-0.009,0
313.2160,-0.00550,-0.02708,-0.00115,0.00000,0.00000,-0.120,-0.009,0
313.2660,-0.00549,-0.02705,-0.00115,0.00000,0.00000,-0.120,-0.009,0
313.3160,-0.00549,-0.02702,-0.00115,0.00000,0.00000,-0.119,-0.009,0
313.3660,-0.00547,-0.02696,-0.00115,0.00000,0.00000,-0.119,-0.009,0
313.4160,-0.00546,-0.02689,-0.00115,0.00000,0.00000,-0.119,-0.009,0
313.4660,-0.00544,-0.02683,-0.00115,0.00000,0.00000,-0.119,-0.009,0
313.5160,-0.00543,-0.02678,-0.00115,0.00000,0.00000,-0.118,-0.009,0
313.5660,-0.00543,-0.02674,-0.00115,0.00000,0.00000,-0.118,-0.009,0
313.6160,-0.00542,-0.02670,-0.00115,0.00000,0.00000,-0.118,-0.009,0
313.6660,-0.00541,-0.02667,-0.00115,0.00000,0.00000,-0.118,-0.009,0
313.7160,-0.00541,-0.02663,-0.00115,0.00000,0.00000,-0.118,-0.009,0
313.7660,-0.00540,-0.02660,-0.00115,0.00000,0.00000,-0.117,-0.009,0
313.8160,-0.00540,-0.02657,-0.00115,0.00000,0.00000,-0.117,-0.009,0
313.8660,-0.00539,-0.02655,-0.00115,0.00000,0.00000,-0.117,-0.009,0
313.9160,-0.00539,-0.02652,-0.00115,0.00000,0.00000,-0.117,-0.009,0
313.9660,-0.00538,-0.02649,-0.00115,0.00000,0.00000,-0.117,-0.009,0
314.0160,-0.00538,-0.02646,-0.00115,0.00000,0.00000,-0.117,-0.009,0
314.0660,-0.00537,-0.02643,-0.00115,0.00000,0.00000,-0.117,-0.009,0
314.1160,-0.00537,-0.02639,-0.00115,0.00000,0.00000,-0.116,-0.009,0
314.1660,-0.00536,-0.02637,-0.00115,0.00000,0.00000,-0.116,-0.009,0
314.2160,-0.00536,-0.02635,-0.00115,0.00000,0.00000,-0.116,-0.009,0
314.2660,-0.00536,-0.02633,-0.00115,0.00000,0.00000,-0.116,-0.009,0
314.3160,-0.00535,-0.02630,-0.00115,0.00000,0.00000,-0.116,-0.009,0
314.3660,-0.00535,-0.02627,-0.00115,0.00000,0.00000,-0.116,-0.009,0
314.4160,-0.00534,-0.02625,-0.00115,0.00000,0.00000,-0.115,-0.009,0
314.4660,-0.00534,-0.02623,-0.00115,0.00000,0.00000,-0.115,-0.009,0
314.5160,-0.00534,-0.02623,-0.00115,0.00000,0.00000,-0.115,-0.009,0
314.5660,-0.00535,-0.02624,-0.00115,0.00000,0.00000,-0.115,-0.009,0
314.6160,-0.00535,-0.02627,-0.00115,0.00000,0.00000,-0.115,-0.009,0
314.6660,-0.00536,-0.02630,-0.00115,0.00000,0.00000,-0.115,-0.009,0
314.7160,-0.00537,-0.02632,-0.00115,0.00000,0.00000,-0.115,-0.009,0
314.7660,-0.00537,-0.02632,-0.00115,0.00000,0.00000,-0.115,-0.009,0
314.8160,-0.00537,-0.02632,-0.00115,0.00000,0.00000,-0.115,-0.009,0
314.8660,-0.00537,-0.02632,-0.00115,0.00000,0.00000,-0.115,-0.009,0
314.9160,-0.00537,-0.02632,-0.00115,0.00000,0.00000,-0.115,-0.009,0
314.9660,-0.00537,-0.02632,-0.00115,0.00000,0.00000,-0.115,-0.009,0
315.0160,-0.00538,-0.02633,-0.00115,0.00000,0.00000,-0.115,-0.009,0
315.0660,-0.00538,-0.02634,-0.00115,0.00000,0.00000,-0.115,-0.009,0
315.1160,-0.00538,-0.02634,-0.00115,0.00000,0.00000,-0.115,-0.009,0
315.1660,-0.00538,-0.02634,-0.00115,0.00000,0.00000,-0.115,-0.009,0
315.2160,-0.00538,-0.02634,-0.00115,0.00000,0.00000,-0.115,-0.009,0
315.2660,-0.00538,-0.02633,-0.00115,0.00000,0.00000,-0.115,-0.009,0
315.3160,-0.00537,-0.02631,-0.00115,0.00000,0.00000,-0.115,-0.009,0
315.3660,-0.00537,-0.02632,-0.00115,0.00000,0.00000,-0.115,-0.009,0
315.4160,-0.00538,-0.02634,-0.00115,0.00000,0.00000,-0.115,-0.009,0
315.4660,-0.00539,-0.02638,-0.00115,0.00000,0.00000,-0.115,-0.009,0
315.5160,-0.00540,-0.02643,-0.00115,0.00000,0.00000,-0.115,-0.009,0
315.5660,-0.00541,-0.02648,-0.00115,0.00000,0.00000,-0.116,-0.009,0
315.6160,-0.00542,-0.02652,-0.00115,0.00000,0.00000,-0.116,-0.009,0
315.6660,-0.00543,-0.02656,-0.00115,0.00000,0.00000,-0.116,-0.009,0
315.7160,-0.00544,-0.02659,-0.00115,0.00000,0.00000,-0.116,-0.009,0
315.7660,-0.00545,-0.02663,-0.00115,0.00000,0.00000,-0.116,-0.009,0
315.8160,-0.00546,-0.02668,-0.00115,0.00000,0.00000,-0.117,-0.009,0
315.8660,-0.00547,-0.02673,-0.00115,0.00000,0.00000,-0.117,-0.009,0
315.9160,-0.00547,-0.02676,-0.00115,0.00000,0.00000,-0.117,-0.009,0
315.9660,-0.00548,-0.02680,-0.00115,0.00000,0.00000,-0.117,-0.009,0
316.0160,-0.00549,-0.02684,-0.00115,0.00000,0.00000,-0.117,-0.009,0
316.0660,-0.00550,-0.02689,-0.00115,0.00000,0.00000,-0.117,-0.009,0
316.1160,-0.00551,-0.02692,-0.00115,0.00000,0.00000,-0.118,-0.009,0
316.1660,-0.00551,-0.02696,-0.00115,0.00000,0.00000,-0.118,-0.009,0
316.2160,-0.00552,-0.02699,-0.00115,0.00000,0.00000,-0.118,-0.009,0
316.2660,-0.00552,-0.02702,-0.00115,0.00000,0.00000,-0.118,-0.009,0
316.3160,-0.00553,-0.02704,-0.00115,0.00000,0.00000,-0.118,-0.009,0
316.3660,-0.00553,-0.02706,-0.00115,0.00000,0.00000,-0.118,-0.009,0
316.4160,-0.00553,-0.02709,-0.00115,0.00000,0.00000,-0.119,-0.009,0
316.4660,-0.00554,-0.02711,-0.00115,0.00000,0.00000,-0.119,-0.009,0
316.5160,-0.00554,-0.02713,-0.00115,0.00000,0.00000,-0.119,-0.009,0
316.5660,-0.00554,-0.02716,-0.00115,0.00000,0.00000,-0.119,-0.009,0
316.6160,-0.00555,-0.02717,-0.00115,0.00000,0.00000,-0.119,-0.009,0
316.6660,-0.00555,-0.02718,-0.00115,0.00000,0.00000,-0.119,-0.009,0
316.7160,-0.00555,-0.02720,-0.00115,0.00000,0.00000,-0.119,-0.009,0
316.7660,-0.00555,-0.02721,-0.00115,0.00000,0.00000,-0.119,-0.009,0
316.8160,-0.00555,-0.02721,-0.00115,0.00000,0.00000,-0.119,-0.009,0
316.8660,-0.00555,-0.02721,-0.00115,0.00000,0.00000,-0.119,-0.009,0
316.9160,-0.00554,-0.02720,-0.00115,0.00000,0.00000,-0.119,-0.009,0
316.9660,-0.00553,-0.02717,-0.00115,0.00000,0.00000,-0.119,-0.009,0
317.0160,-0.00553,-0.02713,-0.00115,0.00000,0.00000,-0.119,-0.009,0
317.0660,-0.00551,-0.02709,-0.00115,0.00000,0.00000,-0.119,-0.009,0
317.1160,-0.00550,-0.02703,-0.00115,0.00000,0.00000,-0.119,-0.009,0
317.1660,-0.00548,-0.02697,-0.00115,0.00000,0.00000,-0.119,-0.009,0
317.2160,-0.00547,-0.02692,-0.00115,0.00000,0.00000,-0.118,-0.009,0
317.2660,-0.00546,-0.02687,-0.00115,0.00000,0.00000,-0.118,-0.009,0
317.3160,-0.00545,-0.02681,-0.00115,0.00000,0.00000,-0.118,-0.009,0
317.3660,-0.00543,-0.02676,-0.00115,0.00000,0.00000,-0.118,-0.009,0
317.4160,-0.00543,-0.02672,-0.00115,0.00000,0.00000,-0.118,-0.009,0
317.4660,-0.00542,-0.02669,-0.00115,0.00000,0.00000,-0.117,-0.009,0
317.5160,-0.00541,-0.02665,-0.00115,0.00000,0.00000,-0.117,-0.009,0
317.5660,-0.00541,-0.02662,-0.00115,0.00000,0.00000,-0.117,-0.009,0
317.6160,-0.00540,-0.02658,-0.00115,0.00000,0.00000,-0.117,-0.009,0
317.6660,-0.00539,-0.02656,-0.00115,0.00000,0.00000,-0.117,-0.009,0
317.7160,-0.00539,-0.02652,-0.00115,0.00000,0.00000,-0.117,-0.009,0
317.7660,-0.00538,-0.02649,-0.00115,0.00000,0.00000,-0.116,-0.009,0
317.8160,-0.00537,-0.02644,-0.00115,0.00000,0.00000,-0.116,-0.009,0
317.8660,-0.00536,-0.02640,-0.00115,0.00000,0.00000,-0.116,-0.009,0
317.9160,-0.00536,-0.02637,-0.00115,0.00000,0.00000,-0.116,-0.009,0
317.9660,-0.00535,-0.02634,-0.00115,0.00000,0.00000,-0.116,-0.009,0
318.0160,-0.00535,-0.02631,-0.00115,0.00000,0.00000,-0.116,-0.009,0
318.0660,-0.00534,-0.02628,-0.00115,0.00000,0.00000,-0.115,-0.009,0
318.1160,-0.00534,-0.02627,-0.00115,0.00000,0.00000,-0.115,-0.009,0
318.1660,-0.00534,-0.02626,-0.00115,0.00000,0.00000,-0.115,-0.009,0
318.2160,-0.00534,-0.02625,-0.00115,0.00000,0.00000,-0.115,-0.009,0
318.2660,-0.00534,-0.02625,-0.00115,0.00000,0.00000,-0.115,-0.009,0
318.3160,-0.00535,-0.02625,-0.00115,0.00000,0.00000,-0.115,-0.009,0
318.3660,-0.00535,-0.02625,-0.00115,0.00000,0.00000,-0.115,-0.009,0
318.4160,-0.00535,-0.02625,-0.00115,0.00000,0.00000,-0.115,-0.009,0
318.4660,-0.00535,-0.02625,-0.00115,0.00000,0.00000,-0.115,-0.009,0
318.5160,-0.00535,-0.02623,-0.00115,0.00000,0.00000,-0.115,-0.009,0
318.5660,-0.00534,-0.02621,-0.00115,0.00000,0.00000,-0.115,-0.009,0
318.6160,-0.00534,-0.02619,-0.00115,0.00000,0.00000,-0.115,-0.009,0
318.6660,-0.00534,-0.02617,-0.00115,0.00000,0.00000,-0.115,-0.009,0
318.7160,-0.00533,-0.02615,-0.00115,0.00000,0.00000,-0.114,-0.009,0
318.7660,-0.00533,-0.02613,-0.00115,0.00000,0.00000,-0.114,-0.009,0
318.8160,-0.00533,-0.02611,-0.00115,0.00000,0.00000,-0.114,-0.009,0
318.8660,-0.00532,-0.02609,-0.00115,0.00000,0.00000,-0.114,-0.009,0
318.9160,-0.00532,-0.02607,-0.00115,0.00000,0.00000,-0.114,-0.009,0
318.9660,-0.00532,-0.02607,-0.00115,0.00000,0.00000,-0.114,-0.009,0
319.0160,-0.00532,-0.02607,-0.00115,0.00000,0.00000,-0.114,-0.009,0
319.0660,-0.00532,-0.02607,-0.00115,0.00000,0.00000,-0.114,-0.009,0
319.1160,-0.00532,-0.02605,-0.00115,0.00000,0.00000,-0.114,-0.009,0
319.1660,-0.00531,-0.02602,-0.00115,0.00000,0.00000,-0.114,-0.009,0
319.2160,-0.00531,-0.02600,-0.00115,0.00000,0.00000,-0.114,-0.009,0
319.2660,-0.00530,-0.02597,-0.00115,0.00000,0.00000,-0.113,-0.009,0
319.3160,-0.00530,-0.02595,-0.00115,0.00000,0.00000,-0.113,-0.009,0
319.3660,-0.00529,-0.02593,-0.00115,0.00000,0.00000,-0.113,-0.009,0
319.4160,-0.00529,-0.02591,-0.00115,0.00000,0.00000,-0.113,-0.009,0
319.4660,-0.00529,-0.02590,-0.00115,0.00000,0.00000,-0.113,-0.009,0
319.5160,-0.00528,-0.02587,-0.00115,0.00000,0.00000,-0.113,-0.009,0
319.5660,-0.00528,-0.02585,-0.00115,0.00000,0.00000,-0.113,-0.009,0
319.6160,-0.00528,-0.02584,-0.00115,0.00000,0.00000,-0.113,-0.009,0
319.6660,-0.00527,-0.02582,-0.00115,0.00000,0.00000,-0.112,-0.009,0
319.7160,-0.00527,-0.02581,-0.00115,0.00000,0.00000,-0.112,-0.009,0
319.7660,-0.00527,-0.02581,-0.00115,0.00000,0.00000,-0.112,-0.009,0
319.8160,-0.00528,-0.02582,-0.00115,0.00000,0.00000,-0.112,-0.009,0
319.8660,-0.00528,-0.02584,-0.00115,0.00000,0.00000,-0.112,-0.009,0
319.9160,-0.00529,-0.02587,-0.00115,0.00000,0.00000,-0.112,-0.009,0
319.9660,-0.00530,-0.02590,-0.00115,0.00000,0.00000,-0.113,-0.009,0
320.0160,-0.00530,-0.02593,-0.00115,0.00000,0.00000,-0.113,-0.009,0
320.0660,-0.00531,-0.02595,-0.00115,0.00000,0.00000,-0.113,-0.009,0
320.1160,-0.00531,-0.02596,-0.00115,0.00000,0.00000,-0.113,-0.009,0
320.1660,-0.00532,-0.02598,-0.00115,0.00000,0.00000,-0.113,-0.009,0
320.2160,-0.00532,-0.02599,-0.00115,0.00000,0.00000,-0.113,-0.009,0
320.2660,-0.00532,-0.02601,-0.00115,0.00000,0.00000,-0.113,-0.009,0
320.3160,-0.00533,-0.02604,-0.00115,0.00000,0.00000,-0.113,-0.009,0
320.3660,-0.00534,-0.02608,-0.00115,0.00000,0.00000,-0.113,-0.009,0
320.4160,-0.00535,-0.02614,-0.00115,0.00000,0.00000,-0.113,-0.009,0
320.4660,-0.00537,-0.02620,-0.00115,0.00000,0.00000,-0.114,-0.009,0
320.5160,-0.00538,-0.02626,-0.00115,0.00000,0.00000,-0.114,-0.009,0
320.5660,-0.00539,-0.02632,-0.00115,0.00000,0.00000,-0.114,-0.009,0
320.6160,-0.00540,-0.02637,-0.00115,0.00000,0.00000,-0.114,-0.009,0
320.6660,-0.00541,-0.02642,-0.00115,0.00000,0.00000,-0.115,-0.009,0
320.7160,-0.00542,-0.02646,-0.00115,0.00000,0.00000,-0.115,-0.009,0
320.7660,-0.00543,-0.02649,-0.00115,0.00000,0.00000,-0.115,-0.009,0
320.8160,-0.00543,-0.02652,-0.00115,0.00000,0.00000,-0.115,-0.009,0
320.8660,-0.00544,-0.02656,-0.00115,0.00000,0.00000,-0.115,-0.009,0
320.9160,-0.00545,-0.02661,-0.00115,0.00000,0.00000,-0.116,-0.009,0
320.9660,-0.00546,-0.02664,-0.00115,0.00000,0.00000,-0.116,-0.009,0
321.0160,-0.00546,-0.02667,-0.00115,0.00000,0.00000,-0.116,-0.009,0
321.0660,-0.00546,-0.02669,-0.00115,0.00000,0.00000,-0.116,-0.009,0
321.1160,-0.00547,-0.02672,-0.00115,0.00000,0.00000,-0.116,-0.009,0
321.1660,-0.00547,-0.02674,-0.00115,0.00000,0.00000,-0.116,-0.009,0
321.2160,-0.00548,-0.02677,-0.00115,0.00000,0.00000,-0.116,-0.009,0
321.2660,-0.00548,-0.02681,-0.00115,0.00000,0.00000,-0.117,-0.009,0
321.3160,-0.00549,-0.02684,-0.00115,0.00000,0.00000,-0.117,-0.009,0
321.3660,-0.00549,-0.02687,-0.00115,0.00000,0.00000,-0.117,-0.009,0
321.4160,-0.00550,-0.02689,-0.00115,0.00000,0.00000,-0.117,-0.009,0
321.4660,-0.00550,-0.02691,-0.00115,0.00000,0.00000,-0.117,-0.009,0
321.5160,-0.00550,-0.02691,-0.00115,0.00000,0.00000,-0.117,-0.009,0
321.5660,-0.00550,-0.02691,-0.00115,0.00000,0.00000,-0.117,-0.009,0
321.6160,-0.00549,-0.02689,-0.00115,0.00000,0.00000,-0.117,-0.009,0
321.6660,-0.00548,-0.02686,-0.00115,0.00000,0.00000,-0.117,-0.009,0
321.7160,-0.00547,-0.02684,-0.00115,0.00000,0.00000,-0.117,-0.009,0
321.7660,-0.00547,-0.02683,-0.00115,0.00000,0.00000,-0.117,-0.009,0
321.8160,-0.00546,-0.02680,-0.00115,0.00000,0.00000,-0.117,-0.009,0
321.8660,-0.00545,-0.02677,-0.00115,0.00000,0.00000,-0.117,-0.009,0
321.9160,-0.00544,-0.02673,-0.00115,0.00000,0.00000,-0.117,-0.009,0
321.9660,-0.00544,-0.02670,-0.00115,0.00000,0.00000,-0.117,-0.009,0
322.0160,-0.00543,-0.02668,-0.00115,0.00000,0.00000,-0.117,-0.009,0
322.0660,-0.00542,-0.02665,-0.00115,0.00000,0.00000,-0.117,-0.009,0
322.1160,-0.00542,-0.02663,-0.00115,0.00000,0.00000,-0.116,-0.009,0
322.1660,-0.00541,-0.02661,-0.00115,0.00000,0.00000,-0.116,-0.009,0
322.2160,-0.00541,-0.02658,-0.00115,0.00000,0.00000,-0.116,-0.009,0
322.2660,-0.00540,-0.02655,-0.00115,0.00000,0.00000,-0.116,-0.009,0
322.3160,-0.00539,-0.02652,-0.00115,0.00000,0.00000,-0.116,-0.009,0
322.3660,-0.00539,-0.02650,-0.00115,0.00000,0.00000,-0.116,-0.009,0
322.4160,-0.00539,-0.02648,-0.00115,0.00000,0.00000,-0.116,-0.009,0
322.4660,-0.00538,-0.02646,-0.00115,0.00000,0.00000,-0.116,-0.009,0
322.5160,-0.00538,-0.02643,-0.00115,0.00000,0.00000,-0.116,-0.009,0
322.5660,-0.00537,-0.02641,-0.00115,0.00000,0.00000,-0.116,-0.009,0
322.6160,-0.00537,-0.02639,-0.00115,0.00000,0.00000,-0.115,-0.009,0
322.6660,-0.00537,-0.02637,-0.00115,0.00000,0.00000,-0.115,-0.009,0
322.7160,-0.00536,-0.02634,-0.00115,0.00000,0.00000,-0.115,-0.009,0
322.7660,-0.00536,-0.02632,-0.00115,0.00000,0.00000,-0.115,-0.009,0
322.8160,-0.00535,-0.02628,-0.00115,0.00000,0.00000,-0.115,-0.009,0
322.8660,-0.00534,-0.02625,-0.00115,0.00000,0.00000,-0.115,-0.009,0
322.9160,-0.00534,-0.02624,-0.00115,0.00000,0.00000,-0.115,-0.009,0
322.9660,-0.00534,-0.02621,-0.00115,0.00000,0.00000,-0.115,-0.009,0
323.0160,-0.00533,-0.02618,-0.00115,0.00000,0.00000,-0.115,-0.009,0
323.0660,-0.00532,-0.02615,-0.00115,0.00000,0.00000,-0.114,-0.009,0
323.1160,-0.00532,-0.02614,-0.00115,0.00000,0.00000,-0.114,-0.009,0
323.1660,-0.00532,-0.02611,-0.00115,0.00000,0.00000,-0.114,-0.009,0
323.2160,-0.00532,-0.02610,-0.00115,0.00000,0.00000,-0.114,-0.009,0
323.2660,-0.00532,-0.02609,-0.00115,0.00000,0.00000,-0.114,-0.009,0
323.3160,-0.00532,-0.02608,-0.00115,0.00000,0.00000,-0.114,-0.009,0
323.3660,-0.00531,-0.02607,-0.00115,0.00000,0.00000,-0.114,-0.009,0
323.4160,-0.00532,-0.02607,-0.00115,0.00000,0.00000,-0.114,-0.009,0
323.4660,-0.00532,-0.02607,-0.00115,0.00000,0.00000,-0.114,-0.009,0
323.5160,-0.00531,-0.02605,-0.00115,0.00000,0.00000,-0.114,-0.009,0
323.5660,-0.00531,-0.02602,-0.00115,0.00000,0.00000,-0.114,-0.009,0
323.6160,-0.00530,-0.02599,-0.00115,0.00000,0.00000,-0.113,-0.009,0
323.6660,-0.00530,-0.02597,-0.00115,0.00000,0.00000,-0.113,-0.009,0
323.7160,-0.00529,-0.02594,-0.00115,0.00000,0.00000,-0.113,-0.009,0
323.7660,-0.00529,-0.02591,-0.00115,0.00000,0.00000,-0.113,-0.009,0
323.8160,-0.00528,-0.02587,-0.00115,0.00000,0.00000,-0.113,-0.009,0
323.8660,-0.00527,-0.02584,-0.00115,0.00000,0.00000,-0.113,-0.009,0
323.9160,-0.00526,-0.02580,-0.00115,0.00000,0.00000,-0.112,-0.009,0
323.9660,-0.00526,-0.02577,-0.00115,0.00000,0.00000,-0.112,-0.009,0
324.0160,-0.00525,-0.02574,-0.00115,0.00000,0.00000,-0.112,-0.009,0
324.0660,-0.00525,-0.02572,-0.00115,0.00000,0.00000,-0.112,-0.009,0
324.1160,-0.00525,-0.02571,-0.00115,0.00000,0.00000,-0.112,-0.009,0
324.1660,-0.00524,-0.02569,-0.00115,0.00000,0.00000,-0.112,-0.009,0
324.2160,-0.00524,-0.02569,-0.00115,0.00000,0.00000,-0.112,-0.009,0
324.2660,-0.00525,-0.02569,-0.00115,0.00000,0.00000,-0.112,-0.009,0
324.3160,-0.00525,-0.02569,-0.00115,0.00000,0.00000,-0.112,-0.009,0
324.3660,-0.00525,-0.02569,-0.00115,0.00000,0.00000,-0.112,-0.009,0
324.4160,-0.00525,-0.02570,-0.00115,0.00000,0.00000,-0.112,-0.009,0
324.4660,-0.00525,-0.02570,-0.00115,0.00000,0.00000,-0.112,-0.009,0
324.5160,-0.00525,-0.02570,-0.00115,0.00000,0.00000,-0.112,-0.009,0
324.5660,-0.00526,-0.02572,-0.00115,0.00000,0.00000,-0.112,-0.009,0
324.6160,-0.00527,-0.02576,-0.00115,0.00000,0.00000,-0.112,-0.009,0
324.6660,-0.00528,-0.02578,-0.00115,0.00000,0.00000,-0.112,-0.009,0
324.7160,-0.00528,-0.02580,-0.00115,0.00000,0.00000,-0.112,-0.009,0
324.7660,-0.00528,-0.02581,-0.00115,0.00000,0.00000,-0.112,-0.009,0
324.8160,-0.00529,-0.02582,-0.00115,0.00000,0.00000,-0.112,-0.009,0
324.8660,-0.00529,-0.02582,-0.00115,0.00000,0.00000,-0.112,-0.009,0
324.9160,-0.00529,-0.02582,-0.00115,0.00000,0.00000,-0.112,-0.009,0
324.9660,-0.00529,-0.02583,-0.00115,0.00000,0.00000,-0.112,-0.009,0
325.0160,-0.00529,-0.02584,-0.00115,0.00000,0.00000,-0.112,-0.009,0
325.0660,-0.00530,-0.02586,-0.00115,0.00000,0.00000,-0.112,-0.009,0
325.1160,-0.00531,-0.02591,-0.00115,0.00000,0.00000,-0.112,-0.009,0
325.1660,-0.00532,-0.02598,-0.00115,0.00000,0.00000,-0.112,-0.009,0
325.2160,-0.00534,-0.02604,-0.00115,0.00000,0.00000,-0.113,-0.009,0
325.2660,-0.00535,-0.02611,-0.00115,0.00000,0.00000,-0.113,-0.009,0
325.3160,-0.00537,-0.02617,-0.00115,0.00000,0.00000,-0.113,-0.009,0
325.3660,-0.00538,-0.02623,-0.00115,0.00000,0.00000,-0.114,-0.009,0
325.4160,-0.00539,-0.02629,-0.00115,0.00000,0.00000,-0.114,-0.009,0
325.4660,-0.00540,-0.02634,-0.00115,0.00000,0.00000,-0.114,-0.009,0
325.5160,-0.00541,-0.02638,-0.00115,0.00000,0.00000,-0.114,-0.009,0
325.5660,-0.00542,-0.02642,-0.00115,0.00000,0.00000,-0.114,-0.009,0
325.6160,-0.00542,-0.02646,-0.00115,0.00000,0.00000,-0.115,-0.009,0
325.6660,-0.00543,-0.02648,-0.00115,0.00000,0.00000,-0.115,-0.009,0
325.7160,-0.00543,-0.02649,-0.00115,0.00000,0.00000,-0.115,-0.009,0
325.7660,-0.00543,-0.02650,-0.00115,0.00000,0.00000,-0.115,-0.009,0
325.8160,-0.00543,-0.02650,-0.00115,0.00000,0.00000,-0.115,-0.009,0
325.8660,-0.00542,-0.02650,-0.00115,0.00000,0.00000,-0.115,-0.009,0
325.9160,-0.00542,-0.02648,-0.00115,0.00000,0.00000,-0.115,-0.009,0
325.9660,-0.00541,-0.02646,-0.00115,0.00000,0.00000,-0.115,-0.009,0
326.0160,-0.00540,-0.02644,-0.00115,0.00000,0.00000,-0.115,-0.009,0
326.0660,-0.00540,-0.02641,-0.00115,0.00000,0.00000,-0.115,-0.009,0
326.1160,-0.00539,-0.02637,-0.00115,0.00000,0.00000,-0.115,-0.009,0
326.1660,-0.00538,-0.02635,-0.00115,0.00000,0.00000,-0.114,-0.009,0
326.2160,-0.00537,-0.02633,-0.00115,0.00000,0.00000,-0.114,-0.009,0
326.2660,-0.00537,-0.02633,-0.00115,0.00000,0.00000,-0.114,-0.009,0
326.3160,-0.00537,-0.02634,-0.00115,0.00000,0.00000,-0.114,-0.009,0
326.3660,-0.00538,-0.02635,-0.00115,0.00000,0.00000,-0.114,-0.009,0
326.4160,-0.00538,-0.02638,-0.00115,0.00000,0.00000,-0.115,-0.009,0
326.4660,-0.00539,-0.02640,-0.00115,0.00000,0.00000,-0.115,-0.009,0
326.5160,-0.00540,-0.02644,-0.00115,0.00000,0.00000,-0.115,-0.009,0
326.5660,-0.00541,-0.02648,-0.00115,0.00000,0.00000,-0.115,-0.009,0
326.6160,-0.00541,-0.02651,-0.00115,0.00000,0.00000,-0.115,-0.009,0
326.6660,-0.00542,-0.02653,-0.00115,0.00000,0.00000,-0.115,-0.009,0
326.7160,-0.00542,-0.02655,-0.00115,0.00000,0.00000,-0.116,-0.009,0
326.7660,-0.00542,-0.02656,-0.00115,0.00000,0.00000,-0.116,-0.009,0
326.8160,-0.00542,-0.02656,-0.00115,0.00000,0.00000,-0.116,-0.009,0
326.8660,-0.00542,-0.02656,-0.00115,0.00000,0.00000,-0.116,-0.009,0
326.9160,-0.00542,-0.02655,-0.00115,0.00000,0.00000,-0.116,-0.009,0
326.9660,-0.00542,-0.02655,-0.00115,0.00000,0.00000,-0.116,-0.009,0
327.0160,-0.00542,-0.02654,-0.00115,0.00000,0.00000,-0.116,-0.009,0
327.0660,-0.00541,-0.02653,-0.00115,0.00000,0.00000,-0.116,-0.009,0
327.1160,-0.00541,-0.02652,-0.00115,0.00000,0.00000,-0.116,-0.009,0
327.1660,-0.00541,-0.02651,-0.00115,0.00000,0.00000,-0.116,-0.009,0
327.2160,-0.00540,-0.02650,-0.00115,0.00000,0.00000,-0.116,-0.009,0
327.2660,-0.00540,-0.02647,-0.00115,0.00000,0.00000,-0.115,-0.009,0
327.3160,-0.00539,-0.02645,-0.00115,0.00000,0.00000,-0.115,-0.009,0
327.3660,-0.00539,-0.02643,-0.00115,0.00000,0.00000,-0.115,-0.009,0
327.4160,-0.00538,-0.02640,-0.00115,0.00000,0.00000,-0.115,-0.009,0
327.4660,-0.00538,-0.02638,-0.00115,0.00000,0.00000,-0.115,-0.009,0
327.5160,-0.00537,-0.02636,-0.00115,0.00000,0.00000,-0.115,-0.009,0
327.5660,-0.00536,-0.02633,-0.00115,0.00000,0.00000,-0.115,-0.009,0
327.6160,-0.00536,-0.02631,-0.00115,0.00000,0.00000,-0.115,-0.009,0
327.6660,-0.00535,-0.02628,-0.00115,0.00000,0.00000,-0.115,-0.009,0
327.7160,-0.00535,-0.02626,-0.00115,0.00000,0.00000,-0.115,-0.009,0
327.7660,-0.00534,-0.02623,-0.00115,0.00000,0.00000,-0.115,-0.009,0
327.8160,-0.00534,-0.02621,-0.00115,0.00000,0.00000,-0.114,-0.009,0
327.8660,-0.00534,-0.02619,-0.00115,0.00000,0.00000,-0.114,-0.009,0
327.9160,-0.00533,-0.02617,-0.00115,0.00000,0.00000,-0.114,-0.009,0
327.9660,-0.00533,-0.02616,-0.00115,0.00000,0.00000,-0.114,-0.009,0
328.0160,-0.00532,-0.02613,-0.00115,0.00000,0.00000,-0.114,-0.009,0
328.0660,-0.00532,-0.02611,-0.00115,0.00000,0.00000,-0.114,-0.009,0
328.1160,-0.00532,-0.02611,-0.00115,0.00000,0.00000,-0.114,-0.009,0
328.1660,-0.00532,-0.02610,-0.00115,0.00000,0.00000,-0.114,-0.009,0
328.2160,-0.00532,-0.02610,-0.00115,0.00000,0.00000,-0.114,-0.009,0
328.2660,-0.00532,-0.02610,-0.00115,0.00000,0.00000,-0.114,-0.009,0
328.3160,-0.00532,-0.02609,-0.00115,0.00000,0.00000,-0.114,-0.009,0
328.3660,-0.00532,-0.02608,-0.00115,0.00000,0.00000,-0.114,-0.009,0
328.4160,-0.00532,-0.02607,-0.00115,0.00000,0.00000,-0.114,-0.009,0
328.4660,-0.00532,-0.02605,-0.00115,0.00000,0.00000,-0.114,-0.009,0
328.5160,-0.00531,-0.02605,-0.00115,0.00000,0.00000,-0.114,-0.009,0
328.5660,-0.00531,-0.02603,-0.00115,0.00000,0.00000,-0.113,-0.009,0
328.6160,-0.00531,-0.02603,-0.00115,0.00000,0.00000,-0.113,-0.009,0
328.6660,-0.00531,-0.02602,-0.00115,0.00000,0.00000,-0.113,-0.009,0
328.7160,-0.00531,-0.02601,-0.00115,0.00000,0.00000,-0.113,-0.009,0
328.7660,-0.00531,-0.02601,-0.00115,0.00000,0.00000,-0.113,-0.009,0
328.8160,-0.00531,-0.02601,-0.00115,0.00000,0.00000,-0.113,-0.009,0
328.8660,-0.00531,-0.02602,-0.00115,0.00000,0.00000,-0.113,-0.009,0
328.9160,-0.00532,-0.02602,-0.00115,0.00000,0.00000,-0.113,-0.009,0
328.9660,-0.00532,-0.02603,-0.00115,0.00000,0.00000,-0.113,-0.009,0
329.0160,-0.00532,-0.02604,-0.00115,0.00000,0.00000,-0.113,-0.009,0
329.0660,-0.00532,-0.02605,-0.00115,0.00000,0.00000,-0.113,-0.009,0
329.1160,-0.00533,-0.02606,-0.00115,0.00000,0.00000,-0.113,-0.009,0
329.1660,-0.00533,-0.02607,-0.00115,0.00000,0.00000,-0.113,-0.009,0
329.2160,-0.00533,-0.02606,-0.00115,0.00000,0.00000,-0.113,-0.009,0
329.2660,-0.00533,-0.02606,-0.00115,0.00000,0.00000,-0.113,-0.009,0
329.3160,-0.00533,-0.02608,-0.00115,0.00000,0.00000,-0.113,-0.009,0
329.3660,-0.00534,-0.02612,-0.00115,0.00000,0.00000,-0.113,-0.009,0
329.4160,-0.00534,-0.02614,-0.00115,0.00000,0.00000,-0.114,-0.009,0
329.4660,-0.00535,-0.02614,-0.00115,0.00000,0.00000,-0.114,-0.009,0
329.5160,-0.00535,-0.02615,-0.00115,0.00000,0.00000,-0.114,-0.009,0
329.5660,-0.00535,-0.02615,-0.00115,0.00000,0.00000,-0.114,-0.009,0
329.6160,-0.00534,-0.02614,-0.00115,0.00000,0.00000,-0.114,-0.009,0
329.6660,-0.00534,-0.02613,-0.00115,0.00000,0.00000,-0.114,-0.009,0
329.7160,-0.00534,-0.02613,-0.00115,0.00000,0.00000,-0.114,-0.009,0
329.7660,-0.00534,-0.02613,-0.00115,0.00000,0.00000,-0.114,-0.009,0
329.8160,-0.00534,-0.02612,-0.00115,0.00000,0.00000,-0.113,-0.009,0
329.8660,-0.00533,-0.02610,-0.00115,0.00000,0.00000,-0.113,-0.009,0
329.9160,-0.00533,-0.02608,-0.00115,0.00000,0.00000,-0.113,-0.009,0
329.9660,-0.00532,-0.02606,-0.00115,0.00000,0.00000,-0.113,-0.009,0
330.0160,-0.00532,-0.02603,-0.00115,0.00000,0.00000,-0.113,-0.009,0
330.0660,-0.00531,-0.02601,-0.00115,0.00000,0.00000,-0.113,-0.009,0
330.1160,-0.00531,-0.02601,-0.00115,0.00000,0.00000,-0.113,-0.009,0
330.1660,-0.00531,-0.02600,-0.00115,0.00000,0.00000,-0.113,-0.009,0
330.2160,-0.00531,-0.02601,-0.00115,0.00000,0.00000,-0.113,-0.009,0
330.2660,-0.00531,-0.02601,-0.00115,0.00000,0.00000,-0.113,-0.009,0
330.3160,-0.00531,-0.02600,-0.00115,0.00000,0.00000,-0.113,-0.009,0
330.3660,-0.00531,-0.02599,-0.00115,0.00000,0.00000,-0.113,-0.009,0
330.4160,-0.00531,-0.02599,-0.00115,0.00000,0.00000,-0.113,-0.009,0
330.4660,-0.00531,-0.02599,-0.00115,0.00000,0.00000,-0.113,-0.009,0
330.5160,-0.00531,-0.02600,-0.00115,0.00000,0.00000,-0.113,-0.009,0
330.5660,-0.00532,-0.02602,-0.00115,0.00000,0.00000,-0.113,-0.009,0
330.6160,-0.00532,-0.02605,-0.00115,0.00000,0.00000,-0.113,-0.009,0
330.6660,-0.00533,-0.02607,-0.00115,0.00000,0.00000,-0.113,-0.009,0
330.7160,-0.00534,-0.02610,-0.00115,0.00000,0.00000,-0.113,-0.009,0
330.7660,-0.00534,-0.02612,-0.00115,0.00000,0.00000,-0.113,-0.009,0
330.8160,-0.00535,-0.02614,-0.00115,0.00000,0.00000,-0.114,-0.009,0
330.8660,-0.00535,-0.02617,-0.00115,0.00000,0.00000,-0.114,-0.009,0
330.9160,-0.00536,-0.02618,-0.00115,0.00000,0.00000,-0.114,-0.009,0
330.9660,-0.00536,-0.02620,-0.00115,0.00000,0.00000,-0.114,-0.009,0
331.0160,-0.00536,-0.02621,-0.00115,0.00000,0.00000,-0.114,-0.009,0
331.0660,-0.00536,-0.02621,-0.00115,0.00000,0.00000,-0.114,-0.009,0
331.1160,-0.00536,-0.02620,-0.00115,0.00000,0.00000,-0.114,-0.009,0
331.1660,-0.00535,-0.02617,-0.00115,0.00000,0.00000,-0.114,-0.009,0
331.2160,-0.00534,-0.02615,-0.00115,0.00000,0.00000,-0.114,-0.009,0
331.2660,-0.00534,-0.02614,-0.00115,0.00000,0.00000,-0.114,-0.009,0
331.3160,-0.00534,-0.02614,-0.00115,0.00000,0.00000,-0.113,-0.009,0
331.3660,-0.00534,-0.02615,-0.00115,0.00000,0.00000,-0.114,-0.009,0
331.4160,-0.00535,-0.02617,-0.00115,0.00000,0.00000,-0.114,-0.009,0
331.4660,-0.00535,-0.02620,-0.00115,0.00000,0.00000,-0.114,-0.009,0
331.5160,-0.00536,-0.02623,-0.00115,0.00000,0.00000,-0.114,-0.009,0
331.5660,-0.00537,-0.02626,-0.00115,0.00000,0.00000,-0.114,-0.009,0
331.6160,-0.00538,-0.02629,-0.00115,0.00000,0.00000,-0.114,-0.009,0
331.6660,-0.00538,-0.02633,-0.00115,0.00000,0.00000,-0.114,-0.009,0
331.7160,-0.00539,-0.02637,-0.00115,0.00000,0.00000,-0.115,-0.009,0
331.7660,-0.00540,-0.02642,-0.00115,0.00000,0.00000,-0.115,-0.009,0
331.8160,-0.00541,-0.02646,-0.00115,0.00000,0.00000,-0.115,-0.009,0
331.8660,-0.00542,-0.02649,-0.00115,0.00000,0.00000,-0.115,-0.009,0
331.9160,-0.00543,-0.02653,-0.00115,0.00000,0.00000,-0.115,-0.009,0
331.9660,-0.00543,-0.02657,-0.00115,0.00000,0.00000,-0.115,-0.009,0
332.0160,-0.00544,-0.02661,-0.00115,0.00000,0.00000,-0.116,-0.009,0
332.0660,-0.00545,-0.02665,-0.00115,0.00000,0.00000,-0.116,-0.009,0
332.1160,-0.00546,-0.02668,-0.00115,0.00000,0.00000,-0.116,-0.009,0
332.1660,-0.00546,-0.02669,-0.00115,0.00000,0.00000,-0.116,-0.009,0
332.2160,-0.00546,-0.02670,-0.00115,0.00000,0.00000,-0.116,-0.009,0
332.2660,-0.00546,-0.02671,-0.00115,0.00000,0.00000,-0.116,-0.009,0
332.3160,-0.00546,-0.02671,-0.00115,0.00000,0.00000,-0.116,-0.009,0
332.3660,-0.00546,-0.02672,-0.00115,0.00000,0.00000,-0.116,-0.009,0
332.4160,-0.00546,-0.02673,-0.00115,0.00000,0.00000,-0.116,-0.009,0
332.4660,-0.00546,-0.02674,-0.00115,0.00000,0.00000,-0.116,-0.009,0
332.5160,-0.00546,-0.02676,-0.00115,0.00000,0.00000,-0.117,-0.009,0
332.5660,-0.00546,-0.02676,-0.00115,0.00000,0.00000,-0.117,-0.009,0
332.6160,-0.00546,-0.02675,-0.00115,0.00000,0.00000,-0.117,-0.009,0
332.6660,-0.00545,-0.02673,-0.00115,0.00000,0.00000,-0.117,-0.009,0
332.7160,-0.00544,-0.02669,-0.00115,0.00000,0.00000,-0.117,-0.009,0
332.7660,-0.00543,-0.02664,-0.00115,0.00000,0.00000,-0.116,-0.009,0
332.8160,-0.00542,-0.02660,-0.00115,0.00000,0.00000,-0.116,-0.009,0
332.8660,-0.00541,-0.02656,-0.00115,0.00000,0.00000,-0.116,-0.009,0
332.9160,-0.00540,-0.02653,-0.00115,0.00000,0.00000,-0.116,-0.009,0
332.9660,-0.00540,-0.02651,-0.00115,0.00000,0.00000,-0.116,-0.009,0
333.0160,-0.00539,-0.02649,-0.00115,0.00000,0.00000,-0.116,-0.009,0
333.0660,-0.00539,-0.02647,-0.00115,0.00000,0.00000,-0.116,-0.009,0
333.1160,-0.00538,-0.02645,-0.00115,0.00000,0.00000,-0.116,-0.009,0
333.1660,-0.00538,-0.02644,-0.00115,0.00000,0.00000,-0.116,-0.009,0
333.2160,-0.00538,-0.02642,-0.00115,0.00000,0.00000,-0.115,-0.009,0
333.2660,-0.00538,-0.02641,-0.00115,0.00000,0.00000,-0.115,-0.009,0
333.3160,-0.00538,-0.02641,-0.00115,0.00000,0.00000,-0.115,-0.009,0
333.3660,-0.00538,-0.02641,-0.00115,0.00000,0.00000,-0.115,-0.009,0
333.4160,-0.00538,-0.02642,-0.00115,0.00000,0.00000,-0.115,-0.009,0
333.4660,-0.00538,-0.02642,-0.00115,0.00000,0.00000,-0.115,-0.009,0
333.5160,-0.00538,-0.02642,-0.00115,0.00000,0.00000,-0.115,-0.009,0
333.5660,-0.00539,-0.02643,-0.00115,0.00000,0.00000,-0.116,-0.009,0
333.6160,-0.00539,-0.02645,-0.00115,0.00000,0.00000,-0.116,-0.009,0
333.6660,-0.00539,-0.02646,-0.00115,0.00000,0.00000,-0.116,-0.009,0
333.7160,-0.00540,-0.02646,-0.00115,0.00000,0.00000,-0.116,-0.009,0
333.7660,-0.00540,-0.02646,-0.00115,0.00000,0.00000,-0.116,-0.009,0
333.8160,-0.00540,-0.02647,-0.00115,0.00000,0.00000,-0.116,-0.009,0
333.8660,-0.00540,-0.02648,-0.00115,0.00000,0.00000,-0.116,-0.009,0
333.9160,-0.00540,-0.02647,-0.00115,0.00000,0.00000,-0.116,-0.009,0
333.9660,-0.00539,-0.02645,-0.00115,0.00000,0.00000,-0.116,-0.009,0
334.0160,-0.00539,-0.02642,-0.00115,0.00000,0.00000,-0.116,-0.009,0
334.0660,-0.00538,-0.02639,-0.00115,0.00000,0.00000,-0.115,-0.009,0
334.1160,-0.00537,-0.02635,-0.00115,0.00000,0.00000,-0.115,-0.009,0
334.1660,-0.00536,-0.02631,-0.00115,0.00000,0.00000,-0.115,-0.009,0
334.2160,-0.00535,-0.02626,-0.00115,0.00000,0.00000,-0.115,-0.009,0
334.2660,-0.00534,-0.02621,-0.00115,0.00000,0.00000,-0.115,-0.009,0
334.3160,-0.00533,-0.02618,-0.00115,0.00000,0.00000,-0.114,-0.009,0
334.3660,-0.00533,-0.02615,-0.00115,0.00000,0.00000,-0.114,-0.009,0
334.4160,-0.00532,-0.02612,-0.00115,0.00000,0.00000,-0.114,-0.009,0
334.4660,-0.00532,-0.02609,-0.00115,0.00000,0.00000,-0.114,-0.009,0
334.5160,-0.00531,-0.02608,-0.00115,0.00000,0.00000,-0.114,-0.009,0
334.5660,-0.00531,-0.02605,-0.00115,0.00000,0.00000,-0.114,-0.009,0
334.6160,-0.00530,-0.02602,-0.00115,0.00000,0.00000,-0.114,-0.009,0
334.6660,-0.00530,-0.02599,-0.00115,0.00000,0.00000,-0.113,-0.009,0
334.7160,-0.00529,-0.02596,-0.00115,0.00000,0.00000,-0.113,-0.009,0
334.7660,-0.00529,-0.02594,-0.00115,0.00000,0.00000,-0.113,-0.009,0
334.8160,-0.00528,-0.02592,-0.00115,0.00000,0.00000,-0.113,-0.009,0
334.8660,-0.00528,-0.02590,-0.00115,0.00000,0.00000,-0.113,-0.009,0
334.9160,-0.00528,-0.02589,-0.00115,0.00000,0.00000,-0.113,-0.009,0
334.9660,-0.00528,-0.02588,-0.00115,0.00000,0.00000,-0.113,-0.009,0
335.0160,-0.00528,-0.02586,-0.00115,0.00000,0.00000,-0.113,-0.009,0
335.0660,-0.00527,-0.02584,-0.00115,0.00000,0.00000,-0.113,-0.009,0
335.1160,-0.00527,-0.02583,-0.00115,0.00000,0.00000,-0.113,-0.009,0
335.1660,-0.00527,-0.02584,-0.00115,0.00000,0.00000,-0.113,-0.009,0
335.2160,-0.00528,-0.02586,-0.00115,0.00000,0.00000,-0.113,-0.009,0
335.2660,-0.00528,-0.02588,-0.00115,0.00000,0.00000,-0.113,-0.009,0
335.3160,-0.00529,-0.02588,-0.00115,0.00000,0.00000,-0.113,-0.009,0
335.3660,-0.00529,-0.02588,-0.00115,0.00000,0.00000,-0.113,-0.009,0
335.4160,-0.00529,-0.02588,-0.00115,0.00000,0.00000,-0.113,-0.009,0
335.4660,-0.00529,-0.02590,-0.00115,0.00000,0.00000,-0.113,-0.009,0
335.5160,-0.00530,-0.02591,-0.00115,0.00000,0.00000,-0.113,-0.009,0
335.5660,-0.00530,-0.02593,-0.00115,0.00000,0.00000,-0.113,-0.009,0
335.6160,-0.00530,-0.02593,-0.00115,0.00000,0.00000,-0.113,-0.009,0
335.6660,-0.00530,-0.02593,-0.00115,0.00000,0.00000,-0.113,-0.009,0
335.7160,-0.00530,-0.02592,-0.00115,0.00000,0.00000,-0.113,-0.009,0
335.7660,-0.00530,-0.02591,-0.00115,0.00000,0.00000,-0.113,-0.009,0
335.8160,-0.00530,-0.02590,-0.00115,0.00000,0.00000,-0.113,-0.009,0
335.8660,-0.00530,-0.02590,-0.00115,0.00000,0.00000,-0.112,-0.009,0
335.9160,-0.00529,-0.02589,-0.00115,0.00000,0.00000,-0.112,-0.009,0
335.9660,-0.00529,-0.02588,-0.00115,0.00000,0.00000,-0.112,-0.009,0
336.0160,-0.00529,-0.02587,-0.00115,0.00000,0.00000,-0.112,-0.009,0
336.0660,-0.00528,-0.02585,-0.00115,0.00000,0.00000,-0.112,-0.009,0
336.1160,-0.00528,-0.02584,-0.00115,0.00000,0.00000,-0.112,-0.009,0
336.1660,-0.00528,-0.02584,-0.00115,0.00000,0.00000,-0.112,-0.009,0
336.2160,-0.00528,-0.02584,-0.00115,0.00000,0.00000,-0.112,-0.009,0
336.2660,-0.00528,-0.02585,-0.00115,0.00000,0.00000,-0.112,-0.009,0
336.3160,-0.00529,-0.02586,-0.00115,0.00000,0.00000,-0.112,-0.009,0
336.3660,-0.00529,-0.02586,-0.00115,0.00000,0.00000,-0.112,-0.009,0
336.4160,-0.00529,-0.02586,-0.00115,0.00000,0.00000,-0.112,-0.009,0
336.4660,-0.00529,-0.02586,-0.00115,0.00000,0.00000,-0.112,-0.009,0
336.5160,-0.00529,-0.02586,-0.00115,0.00000,0.00000,-0.112,-0.009,0
336.5660,-0.00529,-0.02586,-0.00115,0.00000,0.00000,-0.112,-0.009,0
336.6160,-0.00529,-0.02587,-0.00115,0.00000,0.00000,-0.112,-0.009,0
336.6660,-0.00529,-0.02586,-0.00115,0.00000,0.00000,-0.112,-0.009,0
336.7160,-0.00528,-0.02584,-0.00115,0.00000,0.00000,-0.112,-0.009,0
336.7660,-0.00528,-0.02582,-0.00115,0.00000,0.00000,-0.112,-0.009,0
336.8160,-0.00527,-0.02579,-0.00115,0.00000,0.00000,-0.112,-0.009,0
336.8660,-0.00526,-0.02575,-0.00115,0.00000,0.00000,-0.112,-0.009,0
336.9160,-0.00526,-0.02573,-0.00115,0.00000,0.00000,-0.111,-0.009,0
336.9660,-0.00525,-0.02570,-0.00115,0.00000,0.00000,-0.111,-0.009,0
337.0160,-0.00525,-0.02568,-0.00115,0.00000,0.00000,-0.111,-0.009,0
337.0660,-0.00524,-0.02566,-0.00115,0.00000,0.00000,-0.111,-0.009,0
337.1160,-0.00524,-0.02565,-0.00115,0.00000,0.00000,-0.111,-0.009,0
337.1660,-0.00524,-0.02564,-0.00115,0.00000,0.00000,-0.111,-0.009,0
337.2160,-0.00524,-0.02563,-0.00115,0.00000,0.00000,-0.111,-0.009,0
337.2660,-0.00523,-0.02561,-0.00115,0.00000,0.00000,-0.111,-0.009,0
337.3160,-0.00523,-0.02561,-0.00115,0.00000,0.00000,-0.111,-0.009,0
337.3660,-0.00523,-0.02560,-0.00115,0.00000,0.00000,-0.111,-0.009,0
337.4160,-0.00523,-0.02561,-0.00115,0.00000,0.00000,-0.111,-0.009,0
337.4660,-0.00524,-0.02561,-0.00115,0.00000,0.00000,-0.111,-0.009,0
337.5160,-0.00524,-0.02561,-0.00115,0.00000,0.00000,-0.111,-0.009,0
337.5660,-0.00524,-0.02563,-0.00115,0.00000,0.00000,-0.111,-0.009,0
337.6160,-0.00525,-0.02564,-0.00115,0.00000,0.00000,-0.111,-0.009,0
337.6660,-0.00525,-0.02566,-0.00115,0.00000,0.00000,-0.111,-0.009,0
337.7160,-0.00526,-0.02568,-0.00115,0.00000,0.00000,-0.111,-0.009,0
337.7660,-0.00526,-0.02569,-0.00115,0.00000,0.00000,-0.111,-0.009,0
337.8160,-0.00526,-0.02569,-0.00115,0.00000,0.00000,-0.111,-0.009,0
337.8660,-0.00526,-0.02570,-0.00115,0.00000,0.00000,-0.111,-0.009,0
337.9160,-0.00526,-0.02571,-0.00115,0.00000,0.00000,-0.111,-0.009,0
337.9660,-0.00527,-0.02573,-0.00115,0.00000,0.00000,-0.111,-0.009,0
338.0160,-0.00527,-0.02575,-0.00115,0.00000,0.00000,-0.111,-0.009,0
338.0660,-0.00527,-0.02574,-0.00115,0.00000,0.00000,-0.111,-0.009,0
338.1160,-0.00527,-0.02574,-0.00115,0.00000,0.00000,-0.111,-0.009,0
338.1660,-0.00527,-0.02573,-0.00115,0.00000,0.00000,-0.111,-0.009,0
338.2160,-0.00527,-0.02573,-0.00115,0.00000,0.00000,-0.111,-0.009,0
338.2660,-0.00527,-0.02573,-0.00115,0.00000,0.00000,-0.111,-0.009,0
338.3160,-0.00527,-0.02574,-0.00115,0.00000,0.00000,-0.111,-0.009,0
338.3660,-0.00527,-0.02575,-0.00115,0.00000,0.00000,-0.111,-0.009,0
338.4160,-0.00527,-0.02575,-0.00115,0.00000,0.00000,-0.111,-0.009,0
338.4660,-0.00527,-0.02575,-0.00115,0.00000,0.00000,-0.111,-0.009,0
338.5160,-0.00527,-0.02576,-0.00115,0.00000,0.00000,-0.111,-0.009,0
338.5660,-0.00528,-0.02577,-0.00115,0.00000,0.00000,-0.111,-0.009,0
338.6160,-0.00528,-0.02580,-0.00115,0.00000,0.00000,-0.111,-0.009,0
338.6660,-0.00529,-0.02582,-0.00115,0.00000,0.00000,-0.111,-0.009,0
338.7160,-0.00529,-0.02582,-0.00115,0.00000,0.00000,-0.112,-0.009,0
338.7660,-0.00529,-0.02583,-0.00115,0.00000,0.00000,-0.112,-0.009,0
338.8160,-0.00529,-0.02583,-0.00115,0.00000,0.00000,-0.112,-0.009,0
338.8660,-0.00529,-0.02583,-0.00115,0.00000,0.00000,-0.112,-0.009,0
338.9160,-0.00529,-0.02583,-0.00115,0.00000,0.00000,-0.112,-0.009,0
338.9660,-0.00529,-0.02584,-0.00115,0.00000,0.00000,-0.112,-0.009,0
339.0160,-0.00529,-0.02585,-0.00115,0.00000,0.00000,-0.112,-0.009,0
339.0660,-0.00529,-0.02586,-0.00115,0.00000,0.00000,-0.112,-0.009,0
339.1160,-0.00529,-0.02587,-0.00115,0.00000,0.00000,-0.112,-0.009,0
339.1660,-0.00530,-0.02588,-0.00115,0.00000,0.00000,-0.112,-0.009,0
339.2160,-0.00530,-0.02591,-0.00115,0.00000,0.00000,-0.112,-0.009,0
339.2660,-0.00531,-0.02594,-0.00115,0.00000,0.00000,-0.112,-0.009,0
339.3160,-0.00531,-0.02595,-0.00115,0.00000,0.00000,-0.112,-0.009,0
339.3660,-0.00531,-0.02596,-0.00115,0.00000,0.00000,-0.112,-0.009,0
339.4160,-0.00532,-0.02598,-0.00115,0.00000,0.00000,-0.112,-0.009,0
339.4660,-0.00532,-0.02598,-0.00115,0.00000,0.00000,-0.112,-0.009,0
339.5160,-0.00531,-0.02597,-0.00115,0.00000,0.00000,-0.112,-0.009,0
339.5660,-0.00531,-0.02595,-0.00115,0.00000,0.00000,-0.112,-0.009,0
339.6160,-0.00530,-0.02591,-0.00115,0.00000,0.00000,-0.112,-0.009,0
339.6660,-0.00529,-0.02587,-0.00115,0.00000,0.00000,-0.112,-0.009,0
339.7160,-0.00528,-0.02583,-0.00115,0.00000,0.00000,-0.112,-0.009,0
339.7660,-0.00527,-0.02580,-0.00115,0.00000,0.00000,-0.112,-0.009,0
339.8160,-0.00527,-0.02577,-0.00115,0.00000,0.00000,-0.112,-0.009,0
339.8660,-0.00526,-0.02576,-0.00115,0.00000,0.00000,-0.111,-0.009,0
339.9160,-0.00526,-0.02574,-0.00115,0.00000,0.00000,-0.111,-0.009,0
339.9660,-0.00525,-0.02572,-0.00115,0.00000,0.00000,-0.111,-0.009,0
340.0160,-0.00525,-0.02571,-0.00115,0.00000,0.00000,-0.111,-0.009,0
340.0660,-0.00525,-0.02569,-0.00115,0.00000,0.00000,-0.111,-0.009,0
340.1160,-0.00524,-0.02567,-0.00115,0.00000,0.00000,-0.111,-0.009,0
340.1660,-0.00524,-0.02565,-0.00115,0.00000,0.00000,-0.111,-0.009,0
340.2160,-0.00524,-0.02564,-0.00115,0.00000,0.00000,-0.111,-0.009,0
340.2660,-0.00523,-0.02561,-0.00115,0.00000,0.00000,-0.111,-0.009,0
340.3160,-0.00523,-0.02559,-0.00115,0.00000,0.00000,-0.111,-0.009,0
340.3660,-0.00522,-0.02556,-0.00115,0.00000,0.00000,-0.111,-0.009,0
340.4160,-0.00522,-0.02556,-0.00115,0.00000,0.00000,-0.110,-0.009,0
340.4660,-0.00522,-0.02555,-0.00115,0.00000,0.00000,-0.110,-0.009,0
340.5160,-0.00522,-0.02553,-0.00115,0.00000,0.00000,-0.110,-0.009,0
340.5660,-0.00522,-0.02552,-0.00115,0.00000,0.00000,-0.110,-0.009,0
340.6160,-0.00521,-0.02551,-0.00115,0.00000,0.00000,-0.110,-0.009,0
340.6660,-0.00521,-0.02549,-0.00115,0.00000,0.00000,-0.110,-0.009,0
340.7160,-0.00521,-0.02548,-0.00115,0.00000,0.00000,-0.110,-0.009,0
340.7660,-0.00520,-0.02546,-0.00115,0.00000,0.00000,-0.110,-0.009,0
340.8160,-0.00520,-0.02544,-0.00115,0.00000,0.00000,-0.110,-0.009,0
340.8660,-0.00520,-0.02543,-0.00115,0.00000,0.00000,-0.110,-0.009,0
340.9160,-0.00520,-0.02543,-0.00115,0.00000,0.00000,-0.110,-0.009,0
340.9660,-0.00520,-0.02544,-0.00115,0.00000,0.00000,-0.110,-0.009,0
341.0160,-0.00521,-0.02545,-0.00115,0.00000,0.00000,-0.110,-0.009,0
341.0660,-0.00521,-0.02547,-0.00115,0.00000,0.00000,-0.110,-0.009,0
341.1160,-0.00522,-0.02548,-0.00115,0.00000,0.00000,-0.110,-0.009,0
341.1660,-0.00522,-0.02550,-0.00115,0.00000,0.00000,-0.110,-0.009,0
341.2160,-0.00522,-0.02551,-0.00115,0.00000,0.00000,-0.110,-0.009,0
341.2660,-0.00523,-0.02552,-0.00115,0.00000,0.00000,-0.110,-0.009,0
341.3160,-0.00523,-0.02553,-0.00115,0.00000,0.00000,-0.110,-0.009,0
341.3660,-0.00523,-0.02554,-0.00115,0.00000,0.00000,-0.110,-0.009,0
341.4160,-0.00524,-0.02556,-0.00115,0.00000,0.00000,-0.110,-0.009,0
341.4660,-0.00524,-0.02556,-0.00115,0.00000,0.00000,-0.110,-0.009,0
341.5160,-0.00524,-0.02557,-0.00115,0.00000,0.00000,-0.110,-0.009,0
341.5660,-0.00524,-0.02557,-0.00115,0.00000,0.00000,-0.110,-0.009,0
341.6160,-0.00524,-0.02557,-0.00115,0.00000,0.00000,-0.110,-0.009,0
341.6660,-0.00523,-0.02555,-0.00115,0.00000,0.00000,-0.110,-0.009,0
341.7160,-0.00523,-0.02553,-0.00115,0.00000,0.00000,-0.110,-0.009,0
341.7660,-0.00522,-0.02551,-0.00115,0.00000,0.00000,-0.110,-0.009,0
341.8160,-0.00522,-0.02549,-0.00115,0.00000,0.00000,-0.110,-0.009,0
341.8660,-0.00522,-0.02547,-0.00115,0.00000,0.00000,-0.110,-0.009,0
341.9160,-0.00521,-0.02546,-0.00115,0.00000,0.00000,-0.110,-0.009,0
341.9660,-0.00521,-0.02545,-0.00115,0.00000,0.00000,-0.110,-0.009,0
342.0160,-0.00521,-0.02543,-0.00115,0.00000,0.00000,-0.110,-0.009,0
342.0660,-0.00520,-0.02540,-0.00115,0.00000,0.00000,-0.109,-0.009,0
342.1160,-0.00519,-0.02537,-0.00115,0.00000,0.00000,-0.109,-0.009,0
342.1660,-0.00519,-0.02534,-0.00115,0.00000,0.00000,-0.109,-0.009,0
342.2160,-0.00518,-0.02532,-0.00115,0.00000,0.00000,-0.109,-0.009,0
342.2660,-0.00518,-0.02530,-0.00115,0.00000,0.00000,-0.109,-0.009,0
342.3160,-0.00517,-0.02527,-0.00115,0.00000,0.00000,-0.109,-0.009,0
342.3660,-0.00517,-0.02525,-0.00115,0.00000,0.00000,-0.109,-0.009,0
342.4160,-0.00516,-0.02523,-0.00115,0.00000,0.00000,-0.109,-0.009,0
342.4660,-0.00516,-0.02521,-0.00115,0.00000,0.00000,-0.108,-0.009,0
342.5160,-0.00516,-0.02519,-0.00115,0.00000,0.00000,-0.108,-0.009,0
342.5660,-0.00515,-0.02517,-0.00115,0.00000,0.00000,-0.108,-0.009,0
342.6160,-0.00514,-0.02514,-0.00115,0.00000,0.00000,-0.108,-0.009,0
342.6660,-0.00514,-0.02512,-0.00115,0.00000,0.00000,-0.108,-0.009,0
342.7160,-0.00514,-0.02510,-0.00115,0.00000,0.00000,-0.108,-0.009,0
342.7660,-0.00513,-0.02508,-0.00115,0.00000,0.00000,-0.108,-0.009,0
342.8160,-0.00513,-0.02505,-0.00115,0.00000,0.00000,-0.108,-0.009,0
342.8660,-0.00512,-0.02502,-0.00115,0.00000,0.00000,-0.108,-0.009,0
342.9160,-0.00512,-0.02500,-0.00115,0.00000,0.00000,-0.107,-0.009,0
342.9660,-0.00511,-0.02498,-0.00115,0.00000,0.00000,-0.107,-0.009,0
343.0160,-0.00511,-0.02497,-0.00115,0.00000,0.00000,-0.107,-0.009,0
343.0660,-0.00511,-0.02497,-0.00115,0.00000,0.00000,-0.107,-0.009,0
343.1160,-0.00511,-0.02496,-0.00115,0.00000,0.00000,-0.107,-0.009,0
343.1660,-0.00512,-0.02497,-0.00115,0.00000,0.00000,-0.107,-0.009,0
343.2160,-0.00512,-0.02498,-0.00115,0.00000,0.00000,-0.107,-0.009,0
343.2660,-0.00512,-0.02500,-0.00115,0.00000,0.00000,-0.107,-0.009,0
343.3160,-0.00513,-0.02502,-0.00115,0.00000,0.00000,-0.107,-0.009,0
343.3660,-0.00514,-0.02505,-0.00115,0.00000,0.00000,-0.107,-0.009,0
343.4160,-0.00515,-0.02509,-0.00115,0.00000,0.00000,-0.107,-0.009,0
343.4660,-0.00516,-0.02512,-0.00115,0.00000,0.00000,-0.108,-0.009,0
343.5160,-0.00517,-0.02516,-0.00115,0.00000,0.00000,-0.108,-0.009,0
343.5660,-0.00518,-0.02520,-0.00115,0.00000,0.00000,-0.108,-0.009,0
343.6160,-0.00519,-0.02525,-0.00115,0.00000,0.00000,-0.108,-0.009,0
343.6660,-0.00520,-0.02529,-0.00115,0.00000,0.00000,-0.108,-0.009,0
343.7160,-0.00520,-0.02531,-0.00115,0.00000,0.00000,-0.108,-0.009,0
343.7660,-0.00520,-0.02532,-0.00115,0.00000,0.00000,-0.108,-0.009,0
343.8160,-0.00520,-0.02533,-0.00115,0.00000,0.00000,-0.108,-0.009,0
343.8660,-0.00521,-0.02535,-0.00115,0.00000,0.00000,-0.109,-0.009,0
343.9160,-0.00521,-0.02536,-0.00115,0.00000,0.00000,-0.109,-0.009,0
343.9660,-0.00521,-0.02536,-0.00115,0.00000,0.00000,-0.109,-0.009,0
344.0160,-0.00521,-0.02537,-0.00115,0.00000,0.00000,-0.109,-0.009,0
344.0660,-0.00521,-0.02538,-0.00115,0.00000,0.00000,-0.109,-0.009,0
344.1160,-0.00521,-0.02540,-0.00115,0.00000,0.00000,-0.109,-0.009,0
344.1660,-0.00522,-0.02541,-0.00115,0.00000,0.00000,-0.109,-0.009,0
344.2160,-0.00522,-0.02541,-0.00115,0.00000,0.00000,-0.109,-0.009,0
344.2660,-0.00522,-0.02542,-0.00115,0.00000,0.00000,-0.109,-0.009,0
344.3160,-0.00522,-0.02542,-0.00115,0.00000,0.00000,-0.109,-0.009,0
344.3660,-0.00522,-0.02543,-0.00115,0.00000,0.00000,-0.109,-0.009,0
344.4160,-0.00522,-0.02544,-0.00115,0.00000,0.00000,-0.109,-0.009,0
344.4660,-0.00522,-0.02546,-0.00115,0.00000,0.00000,-0.109,-0.009,0
344.5160,-0.00523,-0.02548,-0.00115,0.00000,0.00000,-0.109,-0.009,0
344.5660,-0.00523,-0.02549,-0.00115,0.00000,0.00000,-0.109,-0.009,0
344.6160,-0.00523,-0.02549,-0.00115,0.00000,0.00000,-0.109,-0.009,0
344.6660,-0.00522,-0.02548,-0.00115,0.00000,0.00000,-0.109,-0.009,0
344.7160,-0.00522,-0.02546,-0.00115,0.00000,0.00000,-0.109,-0.009,0
344.7660,-0.00522,-0.02545,-0.00115,0.00000,0.00000,-0.109,-0.009,0
344.8160,-0.00521,-0.02543,-0.00115,0.00000,0.00000,-0.109,-0.009,0
344.8660,-0.00521,-0.02541,-0.00115,0.00000,0.00000,-0.109,-0.009,0
344.9160,-0.00520,-0.02538,-0.00115,0.00000,0.00000,-0.109,-0.009,0
344.9660,-0.00519,-0.02536,-0.00115,0.00000,0.00000,-0.109,-0.009,0
345.0160,-0.00519,-0.02535,-0.00115,0.00000,0.00000,-0.109,-0.009,0
345.0660,-0.00519,-0.02536,-0.00115,0.00000,0.00000,-0.109,-0.009,0
345.1160,-0.00519,-0.02537,-0.00115,0.00000,0.00000,-0.109,-0.009,0
345.1660,-0.00520,-0.02538,-0.00115,0.00000,0.00000,-0.109,-0.009,0
345.2160,-0.00520,-0.02540,-0.00115,0.00000,0.00000,-0.109,-0.009,0
345.2660,-0.00520,-0.02541,-0.00115,0.00000,0.00000,-0.109,-0.009,0
345.3160,-0.00521,-0.02543,-0.00115,0.00000,0.00000,-0.109,-0.009,0
345.3660,-0.00522,-0.02546,-0.00115,0.00000,0.00000,-0.109,-0.009,0
345.4160,-0.00522,-0.02548,-0.00115,0.00000,0.00000,-0.109,-0.009,0
345.4660,-0.00522,-0.02549,-0.00115,0.00000,0.00000,-0.109,-0.009,0
345.5160,-0.00522,-0.02549,-0.00115,0.00000,0.00000,-0.109,-0.009,0
345.5660,-0.00523,-0.02551,-0.00115,0.00000,0.00000,-0.109,-0.009,0
345.6160,-0.00523,-0.02552,-0.00115,0.00000,0.00000,-0.110,-0.009,0
345.6660,-0.00523,-0.02554,-0.00115,0.00000,0.00000,-0.110,-0.009,0
345.7160,-0.00524,-0.02556,-0.00115,0.00000,0.00000,-0.110,-0.009,0
345.7660,-0.00524,-0.02557,-0.00115,0.00000,0.00000,-0.110,-0.009,0
345.8160,-0.00524,-0.02558,-0.00115,0.00000,0.00000,-0.110,-0.009,0
345.8660,-0.00525,-0.02559,-0.00115,0.00000,0.00000,-0.110,-0.009,0
345.9160,-0.00525,-0.02561,-0.00115,0.00000,0.00000,-0.110,-0.009,0
345.9660,-0.00525,-0.02563,-0.00115,0.00000,0.00000,-0.110,-0.009,0
346.0160,-0.00525,-0.02564,-0.00115,0.00000,0.00000,-0.110,-0.009,0
346.0660,-0.00526,-0.02565,-0.00115,0.00000,0.00000,-0.110,-0.009,0
346.1160,-0.00526,-0.02565,-0.00115,0.00000,0.00000,-0.110,-0.009,0
346.1660,-0.00526,-0.02566,-0.00115,0.00000,0.00000,-0.110,-0.009,0
346.2160,-0.00526,-0.02567,-0.00115,0.00000,0.00000,-0.110,-0.009,0
346.2660,-0.00526,-0.02568,-0.00115,0.00000,0.00000,-0.110,-0.009,0
346.3160,-0.00527,-0.02570,-0.00115,0.00000,0.00000,-0.110,-0.009,0
346.3660,-0.00527,-0.02573,-0.00115,0.00000,0.00000,-0.111,-0.009,0
346.4160,-0.00528,-0.02576,-0.00115,0.00000,0.00000,-0.111,-0.009,0
346.4660,-0.00529,-0.02579,-0.00115,0.00000,0.00000,-0.111,-0.009,0
346.5160,-0.00529,-0.02582,-0.00115,0.00000,0.00000,-0.111,-0.009,0
346.5660,-0.00529,-0.02583,-0.00115,0.00000,0.00000,-0.111,-0.009,0
346.6160,-0.00530,-0.02585,-0.00115,0.00000,0.00000,-0.111,-0.009,0
346.6660,-0.00530,-0.02587,-0.00115,0.00000,0.00000,-0.111,-0.009,0
346.7160,-0.00530,-0.02586,-0.00115,0.00000,0.00000,-0.111,-0.009,0
346.7660,-0.00529,-0.02584,-0.00115,0.00000,0.00000,-0.111,-0.009,0
346.8160,-0.00529,-0.02582,-0.00115,0.00000,0.00000,-0.111,-0.009,0
346.8660,-0.00528,-0.02581,-0.00115,0.00000,0.00000,-0.111,-0.009,0
346.9160,-0.00528,-0.02580,-0.00115,0.00000,0.00000,-0.111,-0.009,0
346.9660,-0.00528,-0.02581,-0.00115,0.00000,0.00000,-0.111,-0.009,0
347.0160,-0.00528,-0.02580,-0.00115,0.00000,0.00000,-0.111,-0.009,0
347.0660,-0.00528,-0.02579,-0.00115,0.00000,0.00000,-0.111,-0.009,0
347.1160,-0.00528,-0.02579,-0.00115,0.00000,0.00000,-0.111,-0.009,0
347.1660,-0.00527,-0.02578,-0.00115,0.00000,0.00000,-0.111,-0.009,0
347.2160,-0.00527,-0.02577,-0.00115,0.00000,0.00000,-0.111,-0.009,0
347.2660,-0.00527,-0.02578,-0.00115,0.00000,0.00000,-0.111,-0.009,0
347.3160,-0.00527,-0.02578,-0.00115,0.00000,0.00000,-0.111,-0.009,0
347.3660,-0.00527,-0.02578,-0.00115,0.00000,0.00000,-0.111,-0.009,0
347.4160,-0.00527,-0.02576,-0.00115,0.00000,0.00000,-0.111,-0.009,0
347.4660,-0.00526,-0.02574,-0.00115,0.00000,0.00000,-0.111,-0.009,0
347.5160,-0.00526,-0.02572,-0.00115,0.00000,0.00000,-0.111,-0.009,0
347.5660,-0.00525,-0.02569,-0.00115,0.00000,0.00000,-0.111,-0.009,0
347.6160,-0.00525,-0.02567,-0.00115,0.00000,0.00000,-0.111,-0.009,0
347.6660,-0.00525,-0.02566,-0.00115,0.00000,0.00000,-0.111,-0.009,0
347.7160,-0.00524,-0.02566,-0.00115,0.00000,0.00000,-0.111,-0.009,0
347.7660,-0.00525,-0.02566,-0.00115,0.00000,0.00000,-0.111,-0.009,0
347.8160,-0.00525,-0.02567,-0.00115,0.00000,0.00000,-0.111,-0.009,0
347.8660,-0.00525,-0.02568,-0.00115,0.00000,0.00000,-0.111,-0.009,0
347.9160,-0.00525,-0.02568,-0.00115,0.00000,0.00000,-0.111,-0.009,0
347.9660,-0.00526,-0.02570,-0.00115,0.00000,0.00000,-0.111,-0.009,0
348.0160,-0.00526,-0.02571,-0.00115,0.00000,0.00000,-0.111,-0.009,0
348.0660,-0.00526,-0.02573,-0.00115,0.00000,0.00000,-0.111,-0.009,0
348.1160,-0.00527,-0.02574,-0.00115,0.00000,0.00000,-0.111,-0.009,0
348.1660,-0.00527,-0.02575,-0.00115,0.00000,0.00000,-0.111,-0.009,0
348.2160,-0.00527,-0.02577,-0.00115,0.00000,0.00000,-0.111,-0.009,0
348.2660,-0.00528,-0.02579,-0.00115,0.00000,0.00000,-0.111,-0.009,0
348.3160,-0.00528,-0.02582,-0.00115,0.00000,0.00000,-0.111,-0.009,0
348.3660,-0.00529,-0.02584,-0.00115,0.00000,0.00000,-0.111,-0.009,0
348.4160,-0.00530,-0.02587,-0.00115,0.00000,0.00000,-0.112,-0.009,0
348.4660,-0.00531,-0.02591,-0.00115,0.00000,0.00000,-0.112,-0.009,0
348.5160,-0.00531,-0.02594,-0.00115,0.00000,0.00000,-0.112,-0.009,0
348.5660,-0.00532,-0.02596,-0.00115,0.00000,0.00000,-0.112,-0.009,0
348.6160,-0.00532,-0.02597,-0.00115,0.00000,0.00000,-0.112,-0.009,0
348.6660,-0.00532,-0.02597,-0.00115,0.00000,0.00000,-0.112,-0.009,0
348.7160,-0.00532,-0.02598,-0.00115,0.00000,0.00000,-0.112,-0.009,0
348.7660,-0.00532,-0.02599,-0.00115,0.00000,0.00000,-0.112,-0.009,0
348.8160,-0.00532,-0.02599,-0.00115,0.00000,0.00000,-0.112,-0.009,0
348.8660,-0.00532,-0.02598,-0.00115,0.00000,0.00000,-0.112,-0.009,0
348.9160,-0.00532,-0.02598,-0.00115,0.00000,0.00000,-0.112,-0.009,0
348.9660,-0.00532,-0.02599,-0.00115,0.00000,0.00000,-0.112,-0.009,0
349.0160,-0.00532,-0.02599,-0.00115,0.00000,0.00000,-0.112,-0.009,0
349.0660,-0.00531,-0.02598,-0.00115,0.00000,0.00000,-0.112,-0.009,0
349.1160,-0.00531,-0.02597,-0.00115,0.00000,0.00000,-0.112,-0.009,0
349.1660,-0.00531,-0.02595,-0.00115,0.00000,0.00000,-0.112,-0.009,0
349.2160,-0.00530,-0.02593,-0.00115,0.00000,0.00000,-0.112,-0.009,0
349.2660,-0.00530,-0.02592,-0.00115,0.00000,0.00000,-0.112,-0.009,0
349.3160,-0.00530,-0.02591,-0.00115,0.00000,0.00000,-0.112,-0.009,0
349.3660,-0.00529,-0.02590,-0.00115,0.00000,0.00000,-0.112,-0.009,0
349.4160,-0.00529,-0.02587,-0.00115,0.00000,0.00000,-0.112,-0.009,0
349.4660,-0.00528,-0.02586,-0.00115,0.00000,0.00000,-0.112,-0.009,0
349.5160,-0.00528,-0.02586,-0.00115,0.00000,0.00000,-0.112,-0.009,0
349.5660,-0.00528,-0.02587,-0.00115,0.00000,0.00000,-0.112,-0.009,0
349.6160,-0.00529,-0.02587,-0.00115,0.00000,0.00000,-0.112,-0.009,0
349.6660,-0.00529,-0.02588,-0.00115,0.00000,0.00000,-0.112,-0.009,0
349.7160,-0.00529,-0.02589,-0.00115,0.00000,0.00000,-0.112,-0.009,0
349.7660,-0.00529,-0.02588,-0.00115,0.00000,0.00000,-0.112,-0.009,0
349.8160,-0.00529,-0.02588,-0.00115,0.00000,0.00000,-0.112,-0.009,0
349.8660,-0.00529,-0.02587,-0.00115,0.00000,0.00000,-0.112,-0.009,0
349.9160,-0.00529,-0.02587,-0.00115,0.00000,0.00000,-0.112,-0.009,0
349.9660,-0.00529,-0.02587,-0.00115,0.00000,0.00000,-0.112,-0.009,0
350.0160,-0.00528,-0.02586,-0.00115,0.00000,0.00000,-0.112,-0.009,0
350.0660,-0.00528,-0.02585,-0.00115,0.00000,0.00000,-0.112,-0.009,0
350.1160,-0.00528,-0.02583,-0.00115,0.00000,0.00000,-0.112,-0.009,0
350.1660,-0.00528,-0.02583,-0.00115,0.00000,0.00000,-0.112,-0.009,0
350.2160,-0.00528,-0.02583,-0.00115,0.00000,0.00000,-0.112,-0.009,0
350.2660,-0.00528,-0.02584,-0.00115,0.00000,0.00000,-0.112,-0.009,0
350.3160,-0.00529,-0.02587,-0.00115,0.00000,0.00000,-0.112,-0.009,0
350.3660,-0.00529,-0.02589,-0.00115,0.00000,0.00000,-0.112,-0.009,0
350.4160,-0.00530,-0.02593,-0.00115,0.00000,0.00000,-0.112,-0.009,0
350.4660,-0.00531,-0.02596,-0.00115,0.00000,0.00000,-0.112,-0.009,0
350.5160,-0.00532,-0.02599,-0.00115,0.00000,0.00000,-0.112,-0.009,0
350.5660,-0.00533,-0.02603,-0.00115,0.00000,0.00000,-0.113,-0.009,0
350.6160,-0.00534,-0.02607,-0.00115,0.00000,0.00000,-0.113,-0.009,0
350.6660,-0.00534,-0.02610,-0.00115,0.00000,0.00000,-0.113,-0.009,0
350.7160,-0.00535,-0.02613,-0.00115,0.00000,0.00000,-0.113,-0.009,0
350.7660,-0.00535,-0.02615,-0.00115,0.00000,0.00000,-0.113,-0.009,0
350.8160,-0.00536,-0.02618,-0.00115,0.00000,0.00000,-0.113,-0.009,0
350.8660,-0.00537,-0.02621,-0.00115,0.00000,0.00000,-0.113,-0.009,0
350.9160,-0.00537,-0.02624,-0.00115,0.00000,0.00000,-0.114,-0.009,0
350.9660,-0.00538,-0.02626,-0.00115,0.00000,0.00000,-0.114,-0.009,0
351.0160,-0.00538,-0.02628,-0.00115,0.00000,0.00000,-0.114,-0.009,0
351.0660,-0.00538,-0.02629,-0.00115,0.00000,0.00000,-0.114,-0.009,0
351.1160,-0.00538,-0.02629,-0.00115,0.00000,0.00000,-0.114,-0.009,0
351.1660,-0.00538,-0.02630,-0.00115,0.00000,0.00000,-0.114,-0.009,0
351.2160,-0.00538,-0.02632,-0.00115,0.00000,0.00000,-0.114,-0.009,0
351.2660,-0.00539,-0.02633,-0.00115,0.00000,0.00000,-0.114,-0.009,0
351.3160,-0.00539,-0.02635,-0.00115,0.00000,0.00000,-0.114,-0.009,0
351.3660,-0.00539,-0.02635,-0.00115,0.00000,0.00000,-0.114,-0.009,0
351.4160,-0.00539,-0.02635,-0.00115,0.00000,0.00000,-0.114,-0.009,0
351.4660,-0.00539,-0.02634,-0.00115,0.00000,0.00000,-0.114,-0.009,0
351.5160,-0.00538,-0.02632,-0.00115,0.00000,0.00000,-0.114,-0.009,0
351.5660,-0.00537,-0.02630,-0.00115,0.00000,0.00000,-0.114,-0.009,0
351.6160,-0.00537,-0.02630,-0.00115,0.00000,0.00000,-0.114,-0.009,0
351.6660,-0.00537,-0.02629,-0.00115,0.00000,0.00000,-0.114,-0.009,0
351.7160,-0.00537,-0.02628,-0.00115,0.00000,0.00000,-0.114,-0.009,0
351.7660,-0.00536,-0.02628,-0.00115,0.00000,0.00000,-0.114,-0.009,0
351.8160,-0.00536,-0.02627,-0.00115,0.00000,0.00000,-0.114,-0.009,0
351.8660,-0.00536,-0.02627,-0.00115,0.00000,0.00000,-0.114,-0.009,0
351.9160,-0.00536,-0.02626,-0.00115,0.00000,0.00000,-0.114,-0.009,0
351.9660,-0.00536,-0.02625,-0.00115,0.00000,0.00000,-0.114,-0.009,0
352.0160,-0.00536,-0.02625,-0.00115,0.00000,0.00000,-0.114,-0.009,0
352.0660,-0.00535,-0.02623,-0.00115,0.00000,0.00000,-0.114,-0.009,0
352.1160,-0.00535,-0.02623,-0.00115,0.00000,0.00000,-0.114,-0.009,0
352.1660,-0.00535,-0.02622,-0.00115,0.00000,0.00000,-0.114,-0.009,0
352.2160,-0.00535,-0.02622,-0.00115,0.00000,0.00000,-0.114,-0.009,0
352.2660,-0.00535,-0.02624,-0.00115,0.00000,0.00000,-0.114,-0.009,0
352.3160,-0.00535,-0.02624,-0.00115,0.00000,0.00000,-0.114,-0.009,0
352.3660,-0.00535,-0.02623,-0.00115,0.00000,0.00000,-0.114,-0.009,0
352.4160,-0.00535,-0.02622,-0.00115,0.00000,0.00000,-0.114,-0.009,0
352.4660,-0.00535,-0.02620,-0.00115,0.00000,0.00000,-0.114,-0.009,0
352.5160,-0.00534,-0.02618,-0.00115,0.00000,0.00000,-0.114,-0.009,0
352.5660,-0.00534,-0.02617,-0.00115,0.00000,0.00000,-0.114,-0.009,0
352.6160,-0.00533,-0.02615,-0.00115,0.00000,0.00000,-0.114,-0.009,0
352.6660,-0.00533,-0.02613,-0.00115,0.00000,0.00000,-0.114,-0.009,0
352.7160,-0.00533,-0.02612,-0.00115,0.00000,0.00000,-0.114,-0.009,0
352.7660,-0.00533,-0.02611,-0.00115,0.00000,0.00000,-0.114,-0.009,0
352.8160,-0.00533,-0.02611,-0.00115,0.00000,0.00000,-0.114,-0.009,0
352.8660,-0.00533,-0.02612,-0.00115,0.00000,0.00000,-0.114,-0.009,0
352.9160,-0.00533,-0.02613,-0.00115,0.00000,0.00000,-0.114,-0.009,0
352.9660,-0.00534,-0.02615,-0.00115,0.00000,0.00000,-0.114,-0.009,0
353.0160,-0.00534,-0.02616,-0.00115,0.00000,0.00000,-0.114,-0.009,0
353.0660,-0.00534,-0.02616,-0.00115,0.00000,0.00000,-0.114,-0.009,0
353.1160,-0.00535,-0.02618,-0.00115,0.00000,0.00000,-0.114,-0.009,0
353.1660,-0.00535,-0.02618,-0.00115,0.00000,0.00000,-0.114,-0.009,0
353.2160,-0.00534,-0.02617,-0.00115,0.00000,0.00000,-0.114,-0.009,0
353.2660,-0.00534,-0.02617,-0.00115,0.00000,0.00000,-0.114,-0.009,0
353.3160,-0.00535,-0.02617,-0.00115,0.00000,0.00000,-0.114,-0.009,0
353.3660,-0.00534,-0.02617,-0.00115,0.00000,0.00000,-0.114,-0.009,0
353.4160,-0.00534,-0.02616,-0.00115,0.00000,0.00000,-0.114,-0.009,0
353.4660,-0.00534,-0.02615,-0.00115,0.00000,0.00000,-0.114,-0.009,0
353.5160,-0.00534,-0.02614,-0.00115,0.00000,0.00000,-0.114,-0.009,0
353.5660,-0.00534,-0.02614,-0.00115,0.00000,0.00000,-0.114,-0.009,0
353.6160,-0.00534,-0.02613,-0.00115,0.00000,0.00000,-0.114,-0.009,0
353.6660,-0.00533,-0.02612,-0.00115,0.00000,0.00000,-0.114,-0.009,0
353.7160,-0.00533,-0.02610,-0.00115,0.00000,0.00000,-0.114,-0.009,0
353.7660,-0.00532,-0.02608,-0.00115,0.00000,0.00000,-0.113,-0.009,0
353.8160,-0.00532,-0.02606,-0.00115,0.00000,0.00000,-0.113,-0.009,0
353.8660,-0.00532,-0.02604,-0.00115,0.00000,0.00000,-0.113,-0.009,0
353.9160,-0.00531,-0.02603,-0.00115,0.00000,0.00000,-0.113,-0.009,0
353.9660,-0.00531,-0.02602,-0.00115,0.00000,0.00000,-0.113,-0.009,0
354.0160,-0.00531,-0.02602,-0.00115,0.00000,0.00000,-0.113,-0.009,0
354.0660,-0.00531,-0.02602,-0.00115,0.00000,0.00000,-0.113,-0.009,0
354.1160,-0.00531,-0.02603,-0.00115,0.00000,0.00000,-0.113,-0.009,0
354.1660,-0.00532,-0.02603,-0.00115,0.00000,0.00000,-0.113,-0.009,0
354.2160,-0.00532,-0.02606,-0.00115,0.00000,0.00000,-0.113,-0.009,0
354.2660,-0.00533,-0.02607,-0.00115,0.00000,0.00000,-0.113,-0.009,0
354.3160,-0.00533,-0.02610,-0.00115,0.00000,0.00000,-0.113,-0.009,0
354.3660,-0.00534,-0.02612,-0.00115,0.00000,0.00000,-0.114,-0.009,0
354.4160,-0.00534,-0.02614,-0.00115,0.00000,0.00000,-0.114,-0.009,0
354.4660,-0.00534,-0.02614,-0.00115,0.00000,0.00000,-0.114,-0.009,0
354.5160,-0.00534,-0.02613,-0.00115,0.00000,0.00000,-0.114,-0.009,0
354.5660,-0.00534,-0.02614,-0.00115,0.00000,0.00000,-0.114,-0.009,0
354.6160,-0.00535,-0.02615,-0.00115,0.00000,0.00000,-0.114,-0.009,0
354.6660,-0.00535,-0.02617,-0.00115,0.00000,0.00000,-0.114,-0.009,0
354.7160,-0.00535,-0.02619,-0.00115,0.00000,0.00000,-0.114,-0.009,0
354.7660,-0.00536,-0.02621,-0.00115,0.00000,0.00000,-0.114,-0.009,0
354.8160,-0.00536,-0.02622,-0.00115,0.00000,0.00000,-0.114,-0.009,0
354.8660,-0.00537,-0.02624,-0.00115,0.00000,0.00000,-0.114,-0.009,0
354.9160,-0.00537,-0.02626,-0.00115,0.00000,0.00000,-0.114,-0.009,0
354.9660,-0.00538,-0.02629,-0.00115,0.00000,0.00000,-0.114,-0.009,0
355.0160,-0.00538,-0.02633,-0.00115,0.00000,0.00000,-0.114,-0.009,0
355.0660,-0.00539,-0.02637,-0.00115,0.00000,0.00000,-0.115,-0.009,0
355.1160,-0.00540,-0.02641,-0.00115,0.00000,0.00000,-0.115,-0.009,0
355.1660,-0.00541,-0.02644,-0.00115,0.00000,0.00000,-0.115,-0.009,0
355.2160,-0.00542,-0.02649,-0.00115,0.00000,0.00000,-0.115,-0.009,0
355.2660,-0.00543,-0.02653,-0.00115,0.00000,0.00000,-0.115,-0.009,0
355.3160,-0.00544,-0.02657,-0.00115,0.00000,0.00000,-0.116,-0.009,0
355.3660,-0.00544,-0.02660,-0.00115,0.00000,0.00000,-0.116,-0.009,0
355.4160,-0.00545,-0.02664,-0.00115,0.00000,0.00000,-0.116,-0.009,0
355.4660,-0.00546,-0.02668,-0.00115,0.00000,0.00000,-0.116,-0.009,0
355.5160,-0.00547,-0.02672,-0.00115,0.00000,0.00000,-0.116,-0.009,0
355.5660,-0.00547,-0.02674,-0.00115,0.00000,0.00000,-0.116,-0.009,0
355.6160,-0.00547,-0.02675,-0.00115,0.00000,0.00000,-0.117,-0.009,0
355.6660,-0.00547,-0.02677,-0.00115,0.00000,0.00000,-0.117,-0.009,0
355.7160,-0.00547,-0.02677,-0.00115,0.00000,0.00000,-0.117,-0.009,0
355.7660,-0.00547,-0.02678,-0.00115,0.00000,0.00000,-0.117,-0.009,0
355.8160,-0.00547,-0.02679,-0.00115,0.00000,0.00000,-0.117,-0.009,0
355.8660,-0.00547,-0.02680,-0.00115,0.00000,0.00000,-0.117,-0.009,0
355.9160,-0.00547,-0.02679,-0.00115,0.00000,0.00000,-0.117,-0.009,0
355.9660,-0.00547,-0.02679,-0.00115,0.00000,0.00000,-0.117,-0.009,0
356.0160,-0.00546,-0.02677,-0.00115,0.00000,0.00000,-0.117,-0.009,0
356.0660,-0.00546,-0.02676,-0.00115,0.00000,0.00000,-0.117,-0.009,0
356.1160,-0.00546,-0.02675,-0.00115,0.00000,0.00000,-0.117,-0.009,0
356.1660,-0.00545,-0.02674,-0.00115,0.00000,0.00000,-0.117,-0.009,0
356.2160,-0.00545,-0.02674,-0.00115,0.00000,0.00000,-0.117,-0.009,0
356.2660,-0.00546,-0.02676,-0.00115,0.00000,0.00000,-0.117,-0.009,0
356.3160,-0.00546,-0.02677,-0.00115,0.00000,0.00000,-0.117,-0.009,0
356.3660,-0.00546,-0.02678,-0.00115,0.00000,0.00000,-0.117,-0.009,0
356.4160,-0.00546,-0.02679,-0.00115,0.00000,0.00000,-0.117,-0.009,0
356.4660,-0.00547,-0.02681,-0.00115,0.00000,0.00000,-0.117,-0.009,0
356.5160,-0.00547,-0.02684,-0.00115,0.00000,0.00000,-0.117,-0.009,0
356.5660,-0.00548,-0.02687,-0.00115,0.00000,0.00000,-0.117,-0.009,0
356.6160,-0.00548,-0.02690,-0.00115,0.00000,0.00000,-0.118,-0.009,0
356.6660,-0.00549,-0.02691,-0.00115,0.00000,0.00000,-0.118,-0.009,0
356.7160,-0.00549,-0.02691,-0.00115,0.00000,0.00000,-0.118,-0.009,0
356.7660,-0.00549,-0.02692,-0.00115,0.00000,0.00000,-0.118,-0.009,0
356.8160,-0.00549,-0.02692,-0.00115,0.00000,0.00000,-0.118,-0.009,0
356.8660,-0.00548,-0.02691,-0.00115,0.00000,0.00000,-0.118,-0.009,0
356.9160,-0.00548,-0.02690,-0.00115,0.00000,0.00000,-0.118,-0.009,0
356.9660,-0.00548,-0.02691,-0.00115,0.00000,0.00000,-0.118,-0.009,0
357.0160,-0.00548,-0.02690,-0.00115,0.00000,0.00000,-0.118,-0.009,0
357.0660,-0.00548,-0.02690,-0.00115,0.00000,0.00000,-0.118,-0.009,0
357.1160,-0.00548,-0.02689,-0.00115,0.00000,0.00000,-0.118,-0.009,0
357.1660,-0.00548,-0.02689,-0.00115,0.00000,0.00000,-0.118,-0.009,0
357.2160,-0.00548,-0.02688,-0.00115,0.00000,0.00000,-0.118,-0.009,0
357.2660,-0.00547,-0.02688,-0.00115,0.00000,0.00000,-0.118,-0.009,0
357.3160,-0.00548,-0.02689,-0.00115,0.00000,0.00000,-0.118,-0.009,0
357.3660,-0.00548,-0.02689,-0.00115,0.00000,0.00000,-0.118,-0.009,0
357.4160,-0.00548,-0.02689,-0.00115,0.00000,0.00000,-0.118,-0.009,0
357.4660,-0.00547,-0.02687,-0.00115,0.00000,0.00000,-0.118,-0.009,0
357.5160,-0.00547,-0.02686,-0.00115,0.00000,0.00000,-0.118,-0.009,0
357.5660,-0.00547,-0.02686,-0.00115,0.00000,0.00000,-0.118,-0.009,0
357.6160,-0.00547,-0.02687,-0.00115,0.00000,0.00000,-0.118,-0.009,0
357.6660,-0.00547,-0.02688,-0.00115,0.00000,0.00000,-0.118,-0.009,0
357.7160,-0.00547,-0.02688,-0.00115,0.00000,0.00000,-0.118,-0.009,0
357.7660,-0.00547,-0.02687,-0.00115,0.00000,0.00000,-0.118,-0.009,0
357.8160,-0.00547,-0.02685,-0.00115,0.00000,0.00000,-0.118,-0.009,0
357.8660,-0.00546,-0.02684,-0.00115,0.00000,0.00000,-0.118,-0.009,0
357.9160,-0.00546,-0.02683,-0.00115,0.00000,0.00000,-0.118,-0.009,0
357.9660,-0.00546,-0.02684,-0.00115,0.00000,0.00000,-0.118,-0.009,0
358.0160,-0.00547,-0.02685,-0.00115,0.00000,0.00000,-0.118,-0.009,0
358.0660,-0.00547,-0.02687,-0.00115,0.00000,0.00000,-0.118,-0.009,0
358.1160,-0.00548,-0.02689,-0.00115,0.00000,0.00000,-0.118,-0.009,0
358.1660,-0.00549,-0.02693,-0.00115,0.00000,0.00000,-0.118,-0.009,0
358.2160,-0.00549,-0.02696,-0.00115,0.00000,0.00000,-0.118,-0.009,0
358.2660,-0.00550,-0.02700,-0.00115,0.00000,0.00000,-0.118,-0.009,0
358.3160,-0.00551,-0.02702,-0.00115,0.00000,0.00000,-0.119,-0.009,0
358.3660,-0.00551,-0.02703,-0.00115,0.00000,0.00000,-0.119,-0.009,0
358.4160,-0.00551,-0.02704,-0.00115,0.00000,0.00000,-0.119,-0.009,0
358.4660,-0.00551,-0.02705,-0.00115,0.00000,0.00000,-0.119,-0.009,0
358.5160,-0.00552,-0.02706,-0.00115,0.00000,0.00000,-0.119,-0.009,0
358.5660,-0.00552,-0.02708,-0.00115,0.00000,0.00000,-0.119,-0.009,0
358.6160,-0.00552,-0.02708,-0.00115,0.00000,0.00000,-0.119,-0.009,0
358.6660,-0.00552,-0.02708,-0.00115,0.00000,0.00000,-0.119,-0.009,0
358.7160,-0.00552,-0.02708,-0.00115,0.00000,0.00000,-0.119,-0.009,0
358.7660,-0.00552,-0.02709,-0.00115,0.00000,0.00000,-0.119,-0.009,0
358.8160,-0.00552,-0.02710,-0.00115,0.00000,0.00000,-0.119,-0.009,0
358.8660,-0.00552,-0.02711,-0.00115,0.00000,0.00000,-0.119,-0.009,0
358.9160,-0.00553,-0.02712,-0.00115,0.00000,0.00000,-0.119,-0.009,0
358.9660,-0.00553,-0.02714,-0.00115,0.00000,0.00000,-0.119,-0.009,0
359.0160,-0.00553,-0.02714,-0.00115,0.00000,0.00000,-0.119,-0.009,0
359.0660,-0.00553,-0.02714,-0.00115,0.00000,0.00000,-0.119,-0.009,0
359.1160,-0.00552,-0.02712,-0.00115,0.00000,0.00000,-0.119,-0.009,0
359.1660,-0.00552,-0.02711,-0.00115,0.00000,0.00000,-0.119,-0.009,0
359.2160,-0.00552,-0.02712,-0.00115,0.00000,0.00000,-0.119,-0.009,0
359.2660,-0.00552,-0.02713,-0.00115,0.00000,0.00000,-0.119,-0.009,0
359.3160,-0.00553,-0.02714,-0.00115,0.00000,0.00000,-0.119,-0.009,0
359.3660,-0.00553,-0.02714,-0.00115,0.00000,0.00000,-0.119,-0.009,0
359.4160,-0.00552,-0.02714,-0.00115,0.00000,0.00000,-0.119,-0.009,0
359.4660,-0.00552,-0.02712,-0.00115,0.00000,0.00000,-0.119,-0.009,0
359.5160,-0.00552,-0.02710,-0.00115,0.00000,0.00000,-0.119,-0.009,0
359.5660,-0.00551,-0.02708,-0.00115,0.00000,0.00000,-0.119,-0.009,0
359.6160,-0.00550,-0.02706,-0.00115,0.00000,0.00000,-0.119,-0.009,0
359.6660,-0.00550,-0.02703,-0.00115,0.00000,0.00000,-0.119,-0.009,0
359.7160,-0.00550,-0.02703,-0.00115,0.00000,0.00000,-0.119,-0.009,0
359.7660,-0.00550,-0.02704,-0.00115,0.00000,0.00000,-0.119,-0.009,0
359.8160,-0.00550,-0.02704,-0.00115,0.00000,0.00000,-0.119,-0.009,0
359.8660,-0.00550,-0.02702,-0.00115,0.00000,0.00000,-0.119,-0.009,0
359.9160,-0.00549,-0.02700,-0.00115,0.00000,0.00000,-0.119,-0.009,0
359.9660,-0.00549,-0.02699,-0.00115,0.00000,0.00000,-0.119,-0.009,0
360.0160,-0.00549,-0.02698,-0.00115,0.00000,0.00000,-0.119,-0.009,0
360.0660,-0.00549,-0.02697,-0.00115,0.00000,0.00000,-0.119,-0.009,0
360.1160,-0.00548,-0.02696,-0.00115,0.00000,0.00000,-0.119,-0.009,0
360.1660,-0.00548,-0.02695,-0.00115,0.00000,0.00000,-0.119,-0.009,0
360.2160,-0.00548,-0.02694,-0.00115,0.00000,0.00000,-0.119,-0.009,0
360.2660,-0.00548,-0.02692,-0.00115,0.00000,0.00000,-0.119,-0.009,0
360.3160,-0.00547,-0.02691,-0.00115,0.00000,0.00000,-0.119,-0.009,0
360.3660,-0.00547,-0.02691,-0.00115,0.00000,0.00000,-0.119,-0.009,0
360.4160,-0.00547,-0.02690,-0.00115,0.00000,0.00000,-0.119,-0.009,0
360.4660,-0.00547,-0.02690,-0.00115,0.00000,0.00000,-0.119,-0.009,0
360.5160,-0.00547,-0.02690,-0.00115,0.00000,0.00000,-0.119,-0.009,0
360.5660,-0.00547,-0.02690,-0.00115,0.00000,0.00000,-0.119,-0.009,0
360.6160,-0.00547,-0.02688,-0.00115,0.00000,0.00000,-0.118,-0.009,0
360.6660,-0.00546,-0.02685,-0.00115,0.00000,0.00000,-0.118,-0.009,0
360.7160,-0.00546,-0.02684,-0.00115,0.00000,0.00000,-0.118,-0.009,0
360.7660,-0.00546,-0.02684,-0.00115,0.00000,0.00000,-0.118,-0.009,0
360.8160,-0.00546,-0.02682,-0.00115,0.00000,0.00000,-0.118,-0.009,0
360.8660,-0.00545,-0.02681,-0.00115,0.00000,0.00000,-0.118,-0.009,0
360.9160,-0.00546,-0.02681,-0.00115,0.00000,0.00000,-0.118,-0.009,0
360.9660,-0.00546,-0.02681,-0.00115,0.00000,0.00000,-0.118,-0.009,0
361.0160,-0.00545,-0.02680,-0.00115,0.00000,0.00000,-0.118,-0.009,0
361.0660,-0.00545,-0.02678,-0.00115,0.00000,0.00000,-0.118,-0.009,0
361.1160,-0.00544,-0.02675,-0.00115,0.00000,0.00000,-0.118,-0.009,0
361.1660,-0.00544,-0.02672,-0.00115,0.00000,0.00000,-0.118,-0.009,0
361.2160,-0.00543,-0.02667,-0.00115,0.00000,0.00000,-0.117,-0.009,0
361.2660,-0.00542,-0.02662,-0.00115,0.00000,0.00000,-0.117,-0.009,0
361.3160,-0.00541,-0.02658,-0.00115,0.00000,0.00000,-0.117,-0.009,0
361.3660,-0.00540,-0.02654,-0.00115,0.00000,0.00000,-0.117,-0.009,0
361.4160,-0.00539,-0.02650,-0.00115,0.00000,0.00000,-0.117,-0.009,0
361.4660,-0.00538,-0.02647,-0.00115,0.00000,0.00000,-0.116,-0.009,0
361.5160,-0.00538,-0.02644,-0.00115,0.00000,0.00000,-0.116,-0.009,0
361.5660,-0.00537,-0.02641,-0.00115,0.00000,0.00000,-0.116,-0.009,0
361.6160,-0.00537,-0.02639,-0.00115,0.00000,0.00000,-0.116,-0.009,0
361.6660,-0.00537,-0.02638,-0.00115,0.00000,0.00000,-0.116,-0.009,0
361.7160,-0.00537,-0.02637,-0.00115,0.00000,0.00000,-0.116,-0.009,0
361.7660,-0.00537,-0.02637,-0.00115,0.00000,0.00000,-0.116,-0.009,0
361.8160,-0.00537,-0.02637,-0.00115,0.00000,0.00000,-0.116,-0.009,0
361.8660,-0.00537,-0.02636,-0.00115,0.00000,0.00000,-0.116,-0.009,0
361.9160,-0.00537,-0.02637,-0.00115,0.00000,0.00000,-0.116,-0.009,0
361.9660,-0.00538,-0.02639,-0.00115,0.00000,0.00000,-0.116,-0.009,0
362.0160,-0.00538,-0.02641,-0.00115,0.00000,0.00000,-0.116,-0.009,0
362.0660,-0.00539,-0.02643,-0.00115,0.00000,0.00000,-0.116,-0.009,0
362.1160,-0.00540,-0.02645,-0.00115,0.00000,0.00000,-0.116,-0.009,0
362.1660,-0.00540,-0.02648,-0.00115,0.00000,0.00000,-0.116,-0.009,0
362.2160,-0.00541,-0.02651,-0.00115,0.00000,0.00000,-0.116,-0.009,0
362.2660,-0.00541,-0.02653,-0.00115,0.00000,0.00000,-0.116,-0.009,0
362.3160,-0.00542,-0.02654,-0.00115,0.00000,0.00000,-0.116,-0.009,0
362.3660,-0.00542,-0.02655,-0.00115,0.00000,0.00000,-0.116,-0.009,0
362.4160,-0.00543,-0.02657,-0.00115,0.00000,0.00000,-0.116,-0.009,0
362.4660,-0.00543,-0.02659,-0.00115,0.00000,0.00000,-0.116,-0.009,0
362.5160,-0.00543,-0.02660,-0.00115,0.00000,0.00000,-0.116,-0.009,0
362.5660,-0.00543,-0.02661,-0.00115,0.00000,0.00000,-0.116,-0.009,0
362.6160,-0.00544,-0.02663,-0.00115,0.00000,0.00000,-0.117,-0.009,0
362.6660,-0.00544,-0.02664,-0.00115,0.00000,0.00000,-0.117,-0.009,0
362.7160,-0.00544,-0.02665,-0.00115,0.00000,0.00000,-0.117,-0.009,0
362.7660,-0.00544,-0.02665,-0.00115,0.00000,0.00000,-0.117,-0.009,0
362.8160,-0.00544,-0.02665,-0.00115,0.00000,0.00000,-0.117,-0.009,0
362.8660,-0.00544,-0.02665,-0.00115,0.00000,0.00000,-0.117,-0.009,0
362.9160,-0.00544,-0.02666,-0.00115,0.00000,0.00000,-0.117,-0.009,0
362.9660,-0.00545,-0.02668,-0.00115,0.00000,0.00000,-0.117,-0.009,0
363.0160,-0.00545,-0.02668,-0.00115,0.00000,0.00000,-0.117,-0.009,0
363.0660,-0.00545,-0.02668,-0.00115,0.00000,0.00000,-0.117,-0.009,0
363.1160,-0.00544,-0.02668,-0.00115,0.00000,0.00000,-0.117,-0.009,0
363.1660,-0.00544,-0.02668,-0.00115,0.00000,0.00000,-0.117,-0.009,0
363.2160,-0.00545,-0.02670,-0.00115,0.00000,0.00000,-0.117,-0.009,0
363.2660,-0.00545,-0.02671,-0.00115,0.00000,0.00000,-0.117,-0.009,0
363.3160,-0.00545,-0.02672,-0.00115,0.00000,0.00000,-0.117,-0.009,0
363.3660,-0.00545,-0.02672,-0.00115,0.00000,0.00000,-0.117,-0.009,0
363.4160,-0.00545,-0.02672,-0.00115,0.00000,0.00000,-0.117,-0.009,0
363.4660,-0.00545,-0.02673,-0.00115,0.00000,0.00000,-0.117,-0.009,0
363.5160,-0.00545,-0.02673,-0.00115,0.00000,0.00000,-0.117,-0.009,0
363.5660,-0.00545,-0.02673,-0.00115,0.00000,0.00000,-0.117,-0.009,0
363.6160,-0.00545,-0.02674,-0.00115,0.00000,0.00000,-0.117,-0.009,0
363.6660,-0.00546,-0.02675,-0.00115,0.00000,0.00000,-0.117,-0.009,0
363.7160,-0.00546,-0.02676,-0.00115,0.00000,0.00000,-0.117,-0.009,0
363.7660,-0.00546,-0.02677,-0.00115,0.00000,0.00000,-0.117,-0.009,0
363.8160,-0.00546,-0.02679,-0.00115,0.00000,0.00000,-0.117,-0.009,0
363.8660,-0.00547,-0.02680,-0.00115,0.00000,0.00000,-0.117,-0.009,0
363.9160,-0.00547,-0.02680,-0.00115,0.00000,0.00000,-0.117,-0.009,0
363.9660,-0.00546,-0.02679,-0.00115,0.00000,0.00000,-0.117,-0.009,0
364.0160,-0.00546,-0.02678,-0.00115,0.00000,0.00000,-0.117,-0.009,0
364.0660,-0.00545,-0.02676,-0.00115,0.00000,0.00000,-0.117,-0.009,0
364.1160,-0.00545,-0.02674,-0.00115,0.00000,0.00000,-0.117,-0.009,0
364.1660,-0.00545,-0.02672,-0.00115,0.00000,0.00000,-0.117,-0.009,0
364.2160,-0.00544,-0.02672,-0.00115,0.00000,0.00000,-0.117,-0.009,0
364.2660,-0.00544,-0.02670,-0.00115,0.00000,0.00000,-0.117,-0.009,0
364.3160,-0.00544,-0.02670,-0.00115,0.00000,0.00000,-0.117,-0.009,0
364.3660,-0.00544,-0.02669,-0.00115,0.00000,0.00000,-0.117,-0.009,0
364.4160,-0.00544,-0.02669,-0.00115,0.00000,0.00000,-0.117,-0.009,0
364.4660,-0.00544,-0.02669,-0.00115,0.00000,0.00000,-0.117,-0.009,0
364.5160,-0.00543,-0.02667,-0.00115,0.00000,0.00000,-0.117,-0.009,0
364.5660,-0.00543,-0.02665,-0.00115,0.00000,0.00000,-0.117,-0.009,0
364.6160,-0.00542,-0.02662,-0.00115,0.00000,0.00000,-0.117,-0.009,0
364.6660,-0.00541,-0.02659,-0.00115,0.00000,0.00000,-0.117,-0.009,0
364.7160,-0.00541,-0.02656,-0.00115,0.00000,0.00000,-0.116,-0.009,0
364.7660,-0.00540,-0.02653,-0.00115,0.00000,0.00000,-0.116,-0.009,0
364.8160,-0.00539,-0.02650,-0.00115,0.00000,0.00000,-0.116,-0.009,0
364.8660,-0.00539,-0.02647,-0.00115,0.00000,0.00000,-0.116,-0.009,0
364.9160,-0.00538,-0.02645,-0.00115,0.00000,0.00000,-0.116,-0.009,0
364.9660,-0.00538,-0.02644,-0.00115,0.00000,0.00000,-0.116,-0.009,0
365.0160,-0.00538,-0.02643,-0.00115,0.00000,0.00000,-0.116,-0.009,0
365.0660,-0.00538,-0.02642,-0.00115,0.00000,0.00000,-0.116,-0.009,0
365.1160,-0.00537,-0.02639,-0.00115,0.00000,0.00000,-0.116,-0.009,0
365.1660,-0.00537,-0.02638,-0.00115,0.00000,0.00000,-0.116,-0.009,0
365.2160,-0.00537,-0.02637,-0.00115,0.00000,0.00000,-0.115,-0.009,0
365.2660,-0.00537,-0.02635,-0.00115,0.00000,0.00000,-0.115,-0.009,0
365.3160,-0.00537,-0.02634,-0.00115,0.00000,0.00000,-0.115,-0.009,0
365.3660,-0.00537,-0.02635,-0.00115,0.00000,0.00000,-0.115,-0.009,0
365.4160,-0.00537,-0.02636,-0.00115,0.00000,0.00000,-0.115,-0.009,0
365.4660,-0.00538,-0.02638,-0.00115,0.00000,0.00000,-0.115,-0.009,0
365.5160,-0.00538,-0.02638,-0.00115,0.00000,0.00000,-0.115,-0.009,0
365.5660,-0.00538,-0.02638,-0.00115,0.00000,0.00000,-0.115,-0.009,0
365.6160,-0.00538,-0.02637,-0.00115,0.00000,0.00000,-0.115,-0.009,0
365.6660,-0.00538,-0.02638,-0.00115,0.00000,0.00000,-0.115,-0.009,0
365.7160,-0.00539,-0.02639,-0.00115,0.00000,0.00000,-0.115,-0.009,0
365.7660,-0.00539,-0.02641,-0.00115,0.00000,0.00000,-0.115,-0.009,0
365.8160,-0.00539,-0.02643,-0.00115,0.00000,0.00000,-0.115,-0.009,0
365.8660,-0.00539,-0.02643,-0.00115,0.00000,0.00000,-0.116,-0.009,0
365.9160,-0.00539,-0.02641,-0.00115,0.00000,0.00000,-0.115,-0.009,0
365.9660,-0.00539,-0.02639,-0.00115,0.00000,0.00000,-0.115,-0.009,0
366.0160,-0.00538,-0.02637,-0.00115,0.00000,0.00000,-0.115,-0.009,0
366.0660,-0.00537,-0.02634,-0.00115,0.00000,0.00000,-0.115,-0.009,0
366.1160,-0.00537,-0.02633,-0.00115,0.00000,0.00000,-0.115,-0.009,0
366.1660,-0.00537,-0.02631,-0.00115,0.00000,0.00000,-0.115,-0.009,0
366.2160,-0.00536,-0.02629,-0.00115,0.00000,0.00000,-0.115,-0.009,0
366.2660,-0.00536,-0.02626,-0.00115,0.00000,0.00000,-0.115,-0.009,0
366.3160,-0.00535,-0.02623,-0.00115,0.00000,0.00000,-0.115,-0.009,0
366.3660,-0.00534,-0.02620,-0.00115,0.00000,0.00000,-0.114,-0.009,0
366.4160,-0.00534,-0.02618,-0.00115,0.00000,0.00000,-0.114,-0.009,0
366.4660,-0.00534,-0.02617,-0.00115,0.00000,0.00000,-0.114,-0.009,0
366.5160,-0.00534,-0.02616,-0.00115,0.00000,0.00000,-0.114,-0.009,0
366.5660,-0.00534,-0.02616,-0.00115,0.00000,0.00000,-0.114,-0.009,0
366.6160,-0.00534,-0.02617,-0.00115,0.00000,0.00000,-0.114,-0.009,0
366.6660,-0.00534,-0.02618,-0.00115,0.00000,0.00000,-0.114,-0.009,0
366.7160,-0.00534,-0.02618,-0.00115,0.00000,0.00000,-0.114,-0.009,0
366.7660,-0.00535,-0.02619,-0.00115,0.00000,0.00000,-0.114,-0.009,0
366.8160,-0.00535,-0.02621,-0.00115,0.00000,0.00000,-0.114,-0.009,0
366.8660,-0.00536,-0.02623,-0.00115,0.00000,0.00000,-0.114,-0.009,0
366.9160,-0.00536,-0.02623,-0.00115,0.00000,0.00000,-0.114,-0.009,0
366.9660,-0.00536,-0.02623,-0.00115,0.00000,0.00000,-0.114,-0.009,0
367.0160,-0.00535,-0.02622,-0.00115,0.00000,0.00000,-0.114,-0.009,0
367.0660,-0.00535,-0.02622,-0.00115,0.00000,0.00000,-0.114,-0.009,0
367.1160,-0.00535,-0.02622,-0.00115,0.00000,0.00000,-0.114,-0.009,0
367.1660,-0.00536,-0.02623,-0.00115,0.00000,0.00000,-0.114,-0.009,0
367.2160,-0.00536,-0.02624,-0.00115,0.00000,0.00000,-0.114,-0.009,0
367.2660,-0.00536,-0.02623,-0.00115,0.00000,0.00000,-0.114,-0.009,0
367.3160,-0.00535,-0.02621,-0.00115,0.00000,0.00000,-0.114,-0.009,0
367.3660,-0.00535,-0.02619,-0.00115,0.00000,0.00000,-0.114,-0.009,0
367.4160,-0.00534,-0.02617,-0.00115,0.00000,0.00000,-0.114,-0.009,0
367.4660,-0.00534,-0.02616,-0.00115,0.00000,0.00000,-0.114,-0.009,0
367.5160,-0.00534,-0.02615,-0.00115,0.00000,0.00000,-0.114,-0.009,0
367.5660,-0.00534,-0.02615,-0.00115,0.00000,0.00000,-0.114,-0.009,0
367.6160,-0.00534,-0.02614,-0.00115,0.00000,0.00000,-0.114,-0.009,0
367.6660,-0.00533,-0.02612,-0.00115,0.00000,0.00000,-0.114,-0.009,0
367.7160,-0.00533,-0.02610,-0.00115,0.00000,0.00000,-0.114,-0.009,0
367.7660,-0.00532,-0.02608,-0.00115,0.00000,0.00000,-0.114,-0.009,0
367.8160,-0.00532,-0.02607,-0.00115,0.00000,0.00000,-0.113,-0.009,0
367.8660,-0.00532,-0.02607,-0.00115,0.00000,0.00000,-0.113,-0.009,0
367.9160,-0.00532,-0.02606,-0.00115,0.00000,0.00000,-0.113,-0.009,0
367.9660,-0.00532,-0.02606,-0.00115,0.00000,0.00000,-0.113,-0.009,0
368.0160,-0.00532,-0.02607,-0.00115,0.00000,0.00000,-0.113,-0.009,0
368.0660,-0.00533,-0.02608,-0.00115,0.00000,0.00000,-0.113,-0.009,0
368.1160,-0.00533,-0.02610,-0.00115,0.00000,0.00000,-0.114,-0.009,0
368.1660,-0.00533,-0.02611,-0.00115,0.00000,0.00000,-0.114,-0.009,0
368.2160,-0.00533,-0.02611,-0.00115,0.00000,0.00000,-0.114,-0.009,0
368.2660,-0.00533,-0.02611,-0.00115,0.00000,0.00000,-0.114,-0.009,0
368.3160,-0.00533,-0.02611,-0.00115,0.00000,0.00000,-0.114,-0.009,0
368.3660,-0.00534,-0.02611,-0.00115,0.00000,0.00000,-0.114,-0.009,0
368.4160,-0.00534,-0.02611,-0.00115,0.00000,0.00000,-0.114,-0.009,0
368.4660,-0.00533,-0.02610,-0.00115,0.00000,0.00000,-0.114,-0.009,0
368.5160,-0.00533,-0.02610,-0.00115,0.00000,0.00000,-0.113,-0.009,0
368.5660,-0.00533,-0.02610,-0.00115,0.00000,0.00000,-0.113,-0.009,0
368.6160,-0.00533,-0.02609,-0.00115,0.00000,0.00000,-0.113,-0.009,0
368.6660,-0.00532,-0.02606,-0.00115,0.00000,0.00000,-0.113,-0.009,0
368.7160,-0.00532,-0.02605,-0.00115,0.00000,0.00000,-0.113,-0.009,0
368.7660,-0.00532,-0.02603,-0.00115,0.00000,0.00000,-0.113,-0.009,0
368.8160,-0.00532,-0.02603,-0.00115,0.00000,0.00000,-0.113,-0.009,0
368.8660,-0.00532,-0.02604,-0.00115,0.00000,0.00000,-0.113,-0.009,0
368.9160,-0.00532,-0.02605,-0.00115,0.00000,0.00000,-0.113,-0.009,0
368.9660,-0.00532,-0.02606,-0.00115,0.00000,0.00000,-0.113,-0.009,0
369.0160,-0.00533,-0.02607,-0.00115,0.00000,0.00000,-0.113,-0.009,0
369.0660,-0.00533,-0.02607,-0.00115,0.00000,0.00000,-0.113,-0.009,0
369.1160,-0.00533,-0.02607,-0.00115,0.00000,0.00000,-0.113,-0.009,0
369.1660,-0.00532,-0.02606,-0.00115,0.00000,0.00000,-0.113,-0.009,0
369.2160,-0.00532,-0.02605,-0.00115,0.00000,0.00000,-0.113,-0.009,0
369.2660,-0.00532,-0.02605,-0.00115,0.00000,0.00000,-0.113,-0.009,0
369.3160,-0.00532,-0.02604,-0.00115,0.00000,0.00000,-0.113,-0.009,0
369.3660,-0.00532,-0.02603,-0.00115,0.00000,0.00000,-0.113,-0.009,0
369.4160,-0.00532,-0.02602,-0.00115,0.00000,0.00000,-0.113,-0.009,0
369.4660,-0.00532,-0.02602,-0.00115,0.00000,0.00000,-0.113,-0.009,0
369.5160,-0.00531,-0.02601,-0.00115,0.00000,0.00000,-0.113,-0.009,0
369.5660,-0.00531,-0.02601,-0.00115,0.00000,0.00000,-0.113,-0.009,0
369.6160,-0.00531,-0.02601,-0.00115,0.00000,0.00000,-0.113,-0.009,0
369.6660,-0.00531,-0.02600,-0.00115,0.00000,0.00000,-0.113,-0.009,0
369.7160,-0.00531,-0.02600,-0.00115,0.00000,0.00000,-0.113,-0.009,0
369.7660,-0.00531,-0.02599,-0.00115,0.00000,0.00000,-0.113,-0.009,0
369.8160,-0.00531,-0.02599,-0.00115,0.00000,0.00000,-0.113,-0.009,0
369.8660,-0.00530,-0.02596,-0.00115,0.00000,0.00000,-0.113,-0.009,0
369.9160,-0.00530,-0.02594,-0.00115,0.00000,0.00000,-0.113,-0.009,0
369.9660,-0.00529,-0.02592,-0.00115,0.00000,0.00000,-0.113,-0.009,0
370.0160,-0.00529,-0.02589,-0.00115,0.00000,0.00000,-0.112,-0.009,0
370.0660,-0.00529,-0.02588,-0.00115,0.00000,0.00000,-0.112,-0.009,0
370.1160,-0.00528,-0.02587,-0.00115,0.00000,0.00000,-0.112,-0.009,0
370.1660,-0.00528,-0.02587,-0.00115,0.00000,0.00000,-0.112,-0.009,0
370.2160,-0.00528,-0.02587,-0.00115,0.00000,0.00000,-0.112,-0.009,0
370.2660,-0.00529,-0.02587,-0.00115,0.00000,0.00000,-0.112,-0.009,0
370.3160,-0.00529,-0.02588,-0.00115,0.00000,0.00000,-0.112,-0.009,0
370.3660,-0.00529,-0.02589,-0.00115,0.00000,0.00000,-0.112,-0.009,0
370.4160,-0.00530,-0.02592,-0.00115,0.00000,0.00000,-0.112,-0.009,0
370.4660,-0.00530,-0.02594,-0.00115,0.00000,0.00000,-0.112,-0.009,0
370.5160,-0.00531,-0.02598,-0.00115,0.00000,0.00000,-0.113,-0.009,0
370.5660,-0.00532,-0.02602,-0.00115,0.00000,0.00000,-0.113,-0.009,0
370.6160,-0.00533,-0.02606,-0.00115,0.00000,0.00000,-0.113,-0.009,0
370.6660,-0.00534,-0.02611,-0.00115,0.00000,0.00000,-0.113,-0.009,0
370.7160,-0.00535,-0.02615,-0.00115,0.00000,0.00000,-0.113,-0.009,0
370.7660,-0.00536,-0.02617,-0.00115,0.00000,0.00000,-0.113,-0.009,0
370.8160,-0.00536,-0.02619,-0.00115,0.00000,0.00000,-0.114,-0.009,0
370.8660,-0.00537,-0.02622,-0.00115,0.00000,0.00000,-0.114,-0.009,0
370.9160,-0.00537,-0.02625,-0.00115,0.00000,0.00000,-0.114,-0.009,0
370.9660,-0.00538,-0.02627,-0.00115,0.00000,0.00000,-0.114,-0.009,0
371.0160,-0.00538,-0.02630,-0.00115,0.00000,0.00000,-0.114,-0.009,0
371.0660,-0.00539,-0.02633,-0.00115,0.00000,0.00000,-0.114,-0.009,0
371.1160,-0.00540,-0.02637,-0.00115,0.00000,0.00000,-0.114,-0.009,0
371.1660,-0.00540,-0.02640,-0.00115,0.00000,0.00000,-0.114,-0.009,0
371.2160,-0.00541,-0.02642,-0.00115,0.00000,0.00000,-0.115,-0.009,0
371.2660,-0.00541,-0.02646,-0.00115,0.00000,0.00000,-0.115,-0.009,0
371.3160,-0.00542,-0.02649,-0.00115,0.00000,0.00000,-0.115,-0.009,0
371.3660,-0.00543,-0.02653,-0.00115,0.00000,0.00000,-0.115,-0.009,0
371.4160,-0.00544,-0.02658,-0.00115,0.00000,0.00000,-0.115,-0.009,0
371.4660,-0.00545,-0.02662,-0.00115,0.00000,0.00000,-0.116,-0.009,0
371.5160,-0.00545,-0.02665,-0.00115,0.00000,0.00000,-0.116,-0.009,0
371.5660,-0.00546,-0.02667,-0.00115,0.00000,0.00000,-0.116,-0.009,0
371.6160,-0.00546,-0.02669,-0.00115,0.00000,0.00000,-0.116,-0.009,0
371.6660,-0.00546,-0.02670,-0.00115,0.00000,0.00000,-0.116,-0.009,0
371.7160,-0.00546,-0.02672,-0.00115,0.00000,0.00000,-0.116,-0.009,0
371.7660,-0.00546,-0.02672,-0.00115,0.00000,0.00000,-0.116,-0.009,0
371.8160,-0.00546,-0.02672,-0.00115,0.00000,0.00000,-0.116,-0.009,0
371.8660,-0.00546,-0.02671,-0.00115,0.00000,0.00000,-0.116,-0.009,0
371.9160,-0.00545,-0.02671,-0.00115,0.00000,0.00000,-0.116,-0.009,0
371.9660,-0.00545,-0.02671,-0.00115,0.00000,0.00000,-0.116,-0.009,0
372.0160,-0.00545,-0.02669,-0.00115,0.00000,0.00000,-0.116,-0.009,0
372.0660,-0.00544,-0.02668,-0.00115,0.00000,0.00000,-0.116,-0.009,0
372.1160,-0.00544,-0.02667,-0.00115,0.00000,0.00000,-0.116,-0.009,0
372.1660,-0.00544,-0.02665,-0.00115,0.00000,0.00000,-0.116,-0.009,0
372.2160,-0.00543,-0.02663,-0.00115,0.00000,0.00000,-0.116,-0.009,0
372.2660,-0.00542,-0.02660,-0.00115,0.00000,0.00000,-0.116,-0.009,0
372.3160,-0.00541,-0.02657,-0.00115,0.00000,0.00000,-0.116,-0.009,0
372.3660,-0.00541,-0.02654,-0.00115,0.00000,0.00000,-0.116,-0.009,0
372.4160,-0.00540,-0.02652,-0.00115,0.00000,0.00000,-0.116,-0.009,0
372.4660,-0.00540,-0.02650,-0.00115,0.00000,0.00000,-0.116,-0.009,0
372.5160,-0.00540,-0.02649,-0.00115,0.00000,0.00000,-0.116,-0.009,0
372.5660,-0.00539,-0.02647,-0.00115,0.00000,0.00000,-0.116,-0.009,0
372.6160,-0.00539,-0.02645,-0.00115,0.00000,0.00000,-0.116,-0.009,0
372.6660,-0.00538,-0.02643,-0.00115,0.00000,0.00000,-0.115,-0.009,0
372.7160,-0.00537,-0.02639,-0.00115,0.00000,0.00000,-0.115,-0.009,0
372.7660,-0.00536,-0.02635,-0.00115,0.00000,0.00000,-0.115,-0.009,0
372.8160,-0.00536,-0.02633,-0.00115,0.00000,0.00000,-0.115,-0.009,0
372.8660,-0.00536,-0.02632,-0.00115,0.00000,0.00000,-0.115,-0.009,0
372.9160,-0.00536,-0.02631,-0.00115,0.00000,0.00000,-0.115,-0.009,0
372.9660,-0.00535,-0.02628,-0.00115,0.00000,0.00000,-0.115,-0.009,0
373.0160,-0.00535,-0.02628,-0.00115,0.00000,0.00000,-0.115,-0.009,0
373.0660,-0.00535,-0.02628,-0.00115,0.00000,0.00000,-0.115,-0.009,0
373.1160,-0.00535,-0.02628,-0.00115,0.00000,0.00000,-0.115,-0.009,0
373.1660,-0.00535,-0.02628,-0.00115,0.00000,0.00000,-0.115,-0.009,0
373.2160,-0.00535,-0.02627,-0.00115,0.00000,0.00000,-0.115,-0.009,0
373.2660,-0.00535,-0.02626,-0.00115,0.00000,0.00000,-0.115,-0.009,0
373.3160,-0.00535,-0.02624,-0.00115,0.00000,0.00000,-0.115,-0.009,0
373.3660,-0.00534,-0.02621,-0.00115,0.00000,0.00000,-0.114,-0.009,0
373.4160,-0.00534,-0.02621,-0.00115,0.00000,0.00000,-0.114,-0.009,0
373.4660,-0.00534,-0.02619,-0.00115,0.00000,0.00000,-0.114,-0.009,0
373.5160,-0.00534,-0.02618,-0.00115,0.00000,0.00000,-0.114,-0.009,0
373.5660,-0.00534,-0.02618,-0.00115,0.00000,0.00000,-0.114,-0.009,0
373.6160,-0.00534,-0.02619,-0.00115,0.00000,0.00000,-0.114,-0.009,0
373.6660,-0.00535,-0.02620,-0.00115,0.00000,0.00000,-0.114,-0.009,0
373.7160,-0.00535,-0.02623,-0.00115,0.00000,0.00000,-0.114,-0.009,0
373.7660,-0.00536,-0.02625,-0.00115,0.00000,0.00000,-0.114,-0.009,0
373.8160,-0.00536,-0.02628,-0.00115,0.00000,0.00000,-0.115,-0.009,0
373.8660,-0.00537,-0.02629,-0.00115,0.00000,0.00000,-0.115,-0.009,0
373.9160,-0.00537,-0.02631,-0.00115,0.00000,0.00000,-0.115,-0.009,0
373.9660,-0.00537,-0.02631,-0.00115,0.00000,0.00000,-0.115,-0.009,0
374.0160,-0.00537,-0.02631,-0.00115,0.00000,0.00000,-0.115,-0.009,0
374.0660,-0.00537,-0.02630,-0.00115,0.00000,0.00000,-0.115,-0.009,0
374.1160,-0.00537,-0.02629,-0.00115,0.00000,0.00000,-0.115,-0.009,0
374.1660,-0.00537,-0.02628,-0.00115,0.00000,0.00000,-0.115,-0.009,0
374.2160,-0.00536,-0.02626,-0.00115,0.00000,0.00000,-0.114,-0.009,0
374.2660,-0.00536,-0.02625,-0.00115,0.00000,0.00000,-0.114,-0.009,0
374.3160,-0.00536,-0.02626,-0.00115,0.00000,0.00000,-0.114,-0.009,0
374.3660,-0.00536,-0.02626,-0.00115,0.00000,0.00000,-0.114,-0.009,0
374.4160,-0.00536,-0.02627,-0.00115,0.00000,0.00000,-0.114,-0.009,0
374.4660,-0.00536,-0.02627,-0.00115,0.00000,0.00000,-0.114,-0.009,0
374.5160,-0.00536,-0.02626,-0.00115,0.00000,0.00000,-0.114,-0.009,0
374.5660,-0.00536,-0.02623,-0.00115,0.00000,0.00000,-0.114,-0.009,0
374.6160,-0.00535,-0.02620,-0.00115,0.00000,0.00000,-0.114,-0.009,0
374.6660,-0.00534,-0.02618,-0.00115,0.00000,0.00000,-0.114,-0.009,0
374.7160,-0.00534,-0.02616,-0.00115,0.00000,0.00000,-0.114,-0.009,0
374.7660,-0.00533,-0.02613,-0.00115,0.00000,0.00000,-0.114,-0.009,0
374.8160,-0.00532,-0.02609,-0.00115,0.00000,0.00000,-0.114,-0.009,0
374.8660,-0.00531,-0.02606,-0.00115,0.00000,0.00000,-0.114,-0.009,0
374.9160,-0.00531,-0.02604,-0.00115,0.00000,0.00000,-0.113,-0.009,0
374.9660,-0.00531,-0.02601,-0.00115,0.00000,0.00000,-0.113,-0.009,0
375.0160,-0.00530,-0.02598,-0.00115,0.00000,0.00000,-0.113,-0.009,0
375.0660,-0.00530,-0.02597,-0.00115,0.00000,0.00000,-0.113,-0.009,0
375.1160,-0.00530,-0.02596,-0.00115,0.00000,0.00000,-0.113,-0.009,0
375.1660,-0.00530,-0.02596,-0.00115,0.00000,0.00000,-0.113,-0.009,0
375.2160,-0.00530,-0.02595,-0.00115,0.00000,0.00000,-0.113,-0.009,0
375.2660,-0.00530,-0.02597,-0.00115,0.00000,0.00000,-0.113,-0.009,0
375.3160,-0.00531,-0.02599,-0.00115,0.00000,0.00000,-0.113,-0.009,0
375.3660,-0.00531,-0.02602,-0.00115,0.00000,0.00000,-0.113,-0.009,0
375.4160,-0.00532,-0.02605,-0.00115,0.00000,0.00000,-0.113,-0.009,0
375.4660,-0.00533,-0.02608,-0.00115,0.00000,0.00000,-0.113,-0.009,0
375.5160,-0.00534,-0.02612,-0.00115,0.00000,0.00000,-0.114,-0.009,0
375.5660,-0.00535,-0.02617,-0.00115,0.00000,0.00000,-0.114,-0.009,0
375.6160,-0.00536,-0.02622,-0.00115,0.00000,0.00000,-0.114,-0.009,0
375.6660,-0.00538,-0.02627,-0.00115,0.00000,0.00000,-0.114,-0.009,0
375.7160,-0.00539,-0.02632,-0.00115,0.00000,0.00000,-0.114,-0.009,0
375.7660,-0.00540,-0.02636,-0.00115,0.00000,0.00000,-0.115,-0.009,0
375.8160,-0.00540,-0.02638,-0.00115,0.00000,0.00000,-0.115,-0.009,0
375.8660,-0.00540,-0.02640,-0.00115,0.00000,0.00000,-0.115,-0.009,0
375.9160,-0.00541,-0.02641,-0.00115,0.00000,0.00000,-0.115,-0.009,0
375.9660,-0.00541,-0.02642,-0.00115,0.00000,0.00000,-0.115,-0.009,0
376.0160,-0.00541,-0.02642,-0.00115,0.00000,0.00000,-0.115,-0.009,0
376.0660,-0.00540,-0.02642,-0.00115,0.00000,0.00000,-0.115,-0.009,0
376.1160,-0.00540,-0.02641,-0.00115,0.00000,0.00000,-0.115,-0.009,0
376.1660,-0.00540,-0.02642,-0.00115,0.00000,0.00000,-0.115,-0.009,0
376.2160,-0.00540,-0.02641,-0.00115,0.00000,0.00000,-0.115,-0.009,0
376.2660,-0.00540,-0.02641,-0.00115,0.00000,0.00000,-0.115,-0.009,0
376.3160,-0.00540,-0.02640,-0.00115,0.00000,0.00000,-0.115,-0.009,0
376.3660,-0.00539,-0.02640,-0.00115,0.00000,0.00000,-0.115,-0.009,0
376.4160,-0.00539,-0.02639,-0.00115,0.00000,0.00000,-0.115,-0.009,0
376.4660,-0.00538,-0.02637,-0.00115,0.00000,0.00000,-0.115,-0.009,0
376.5160,-0.00538,-0.02636,-0.00115,0.00000,0.00000,-0.115,-0.009,0
376.5660,-0.00538,-0.02634,-0.00115,0.00000,0.00000,-0.115,-0.009,0
376.6160,-0.00537,-0.02631,-0.00115,0.00000,0.00000,-0.115,-0.009,0
376.6660,-0.00536,-0.02629,-0.00115,0.00000,0.00000,-0.115,-0.009,0
376.7160,-0.00536,-0.02628,-0.00115,0.00000,0.00000,-0.114,-0.009,0
376.7660,-0.00536,-0.02627,-0.00115,0.00000,0.00000,-0.114,-0.009,0
376.8160,-0.00536,-0.02626,-0.00115,0.00000,0.00000,-0.114,-0.009,0
376.8660,-0.00536,-0.02626,-0.00115,0.00000,0.00000,-0.114,-0.009,0
376.9160,-0.00536,-0.02627,-0.00115,0.00000,0.00000,-0.114,-0.009,0
376.9660,-0.00536,-0.02628,-0.00115,0.00000,0.00000,-0.114,-0.009,0
377.0160,-0.00536,-0.02626,-0.00115,0.00000,0.00000,-0.114,-0.009,0
377.0660,-0.00536,-0.02626,-0.00115,0.00000,0.00000,-0.114,-0.009,0
377.1160,-0.00536,-0.02627,-0.00115,0.00000,0.00000,-0.114,-0.009,0
377.1660,-0.00537,-0.02629,-0.00115,0.00000,0.00000,-0.115,-0.009,0
377.2160,-0.00537,-0.02631,-0.00115,0.00000,0.00000,-0.115,-0.009,0
377.2660,-0.00538,-0.02634,-0.00115,0.00000,0.00000,-0.115,-0.009,0
377.3160,-0.00538,-0.02636,-0.00115,0.00000,0.00000,-0.115,-0.009,0
377.3660,-0.00539,-0.02638,-0.00115,0.00000,0.00000,-0.115,-0.009,0
377.4160,-0.00539,-0.02640,-0.00115,0.00000,0.00000,-0.115,-0.009,0
377.4660,-0.00540,-0.02643,-0.00115,0.00000,0.00000,-0.115,-0.009,0
377.5160,-0.00540,-0.02646,-0.00115,0.00000,0.00000,-0.115,-0.009,0
377.5660,-0.00541,-0.02649,-0.00115,0.00000,0.00000,-0.115,-0.009,0
377.6160,-0.00542,-0.02652,-0.00115,0.00000,0.00000,-0.116,-0.009,0
377.6660,-0.00543,-0.02656,-0.00115,0.00000,0.00000,-0.116,-0.009,0
377.7160,-0.00543,-0.02659,-0.00115,0.00000,0.00000,-0.116,-0.009,0
377.7660,-0.00544,-0.02663,-0.00115,0.00000,0.00000,-0.116,-0.009,0
377.8160,-0.00545,-0.02667,-0.00115,0.00000,0.00000,-0.116,-0.009,0
377.8660,-0.00546,-0.02671,-0.00115,0.00000,0.00000,-0.116,-0.009,0
377.9160,-0.00547,-0.02676,-0.00115,0.00000,0.00000,-0.117,-0.009,0
377.9660,-0.00548,-0.02681,-0.00115,0.00000,0.00000,-0.117,-0.009,0
378.0160,-0.00549,-0.02685,-0.00115,0.00000,0.00000,-0.117,-0.009,0
378.0660,-0.00550,-0.02690,-0.00115,0.00000,0.00000,-0.117,-0.009,0
378.1160,-0.00551,-0.02694,-0.00115,0.00000,0.00000,-0.118,-0.009,0
378.1660,-0.00552,-0.02698,-0.00115,0.00000,0.00000,-0.118,-0.009,0
378.2160,-0.00552,-0.02701,-0.00115,0.00000,0.00000,-0.118,-0.009,0
378.2660,-0.00552,-0.02703,-0.00115,0.00000,0.00000,-0.118,-0.009,0
378.3160,-0.00553,-0.02706,-0.00115,0.00000,0.00000,-0.118,-0.009,0
378.3660,-0.00553,-0.02709,-0.00115,0.00000,0.00000,-0.118,-0.009,0
378.4160,-0.00554,-0.02710,-0.00115,0.00000,0.00000,-0.118,-0.009,0
378.4660,-0.00554,-0.02712,-0.00115,0.00000,0.00000,-0.119,-0.009,0
378.5160,-0.00554,-0.02714,-0.00115,0.00000,0.00000,-0.119,-0.009,0
378.5660,-0.00554,-0.02716,-0.00115,0.00000,0.00000,-0.119,-0.009,0
378.6160,-0.00554,-0.02717,-0.00115,0.00000,0.00000,-0.119,-0.009,0
378.6660,-0.00554,-0.02718,-0.00115,0.00000,0.00000,-0.119,-0.009,0
378.7160,-0.00554,-0.02718,-0.00115,0.00000,0.00000,-0.119,-0.009,0
378.7660,-0.00554,-0.02718,-0.00115,0.00000,0.00000,-0.119,-0.009,0
378.8160,-0.00554,-0.02719,-0.00115,0.00000,0.00000,-0.119,-0.009,0
378.8660,-0.00554,-0.02720,-0.00115,0.00000,0.00000,-0.119,-0.009,0
378.9160,-0.00554,-0.02720,-0.00115,0.00000,0.00000,-0.119,-0.009,0
378.9660,-0.00554,-0.02719,-0.00115,0.00000,0.00000,-0.119,-0.009,0
379.0160,-0.00553,-0.02716,-0.00115,0.00000,0.00000,-0.119,-0.009,0
379.0660,-0.00552,-0.02714,-0.00115,0.00000,0.00000,-0.119,-0.009,0
379.1160,-0.00552,-0.02711,-0.00115,0.00000,0.00000,-0.119,-0.009,0
379.1660,-0.00551,-0.02710,-0.00115,0.00000,0.00000,-0.119,-0.009,0
379.2160,-0.00551,-0.02708,-0.00115,0.00000,0.00000,-0.119,-0.009,0
379.2660,-0.00551,-0.02707,-0.00115,0.00000,0.00000,-0.119,-0.009,0
379.3160,-0.00550,-0.02705,-0.00115,0.00000,0.00000,-0.119,-0.009,0
379.3660,-0.00550,-0.02704,-0.00115,0.00000,0.00000,-0.119,-0.009,0
379.4160,-0.00550,-0.02704,-0.00115,0.00000,0.00000,-0.119,-0.009,0
379.4660,-0.00549,-0.02702,-0.00115,0.00000,0.00000,-0.119,-0.009,0
379.5160,-0.00549,-0.02700,-0.00115,0.00000,0.00000,-0.119,-0.009,0
379.5660,-0.00548,-0.02698,-0.00115,0.00000,0.00000,-0.119,-0.009,0
379.6160,-0.00548,-0.02695,-0.00115,0.00000,0.00000,-0.119,-0.009,0
379.6660,-0.00547,-0.02693,-0.00115,0.00000,0.00000,-0.118,-0.009,0
379.7160,-0.00547,-0.02692,-0.00115,0.00000,0.00000,-0.118,-0.009,0
379.7660,-0.00547,-0.02691,-0.00115,0.00000,0.00000,-0.118,-0.009,0
379.8160,-0.00547,-0.02689,-0.00115,0.00000,0.00000,-0.118,-0.009,0
379.8660,-0.00546,-0.02686,-0.00115,0.00000,0.00000,-0.118,-0.009,0
379.9160,-0.00545,-0.02683,-0.00115,0.00000,0.00000,-0.118,-0.009,0
379.9660,-0.00545,-0.02680,-0.00115,0.00000,0.00000,-0.118,-0.009,0
380.0160,-0.00544,-0.02677,-0.00115,0.00000,0.00000,-0.118,-0.009,0
380.0660,-0.00544,-0.02674,-0.00115,0.00000,0.00000,-0.118,-0.009,0
380.1160,-0.00543,-0.02672,-0.00115,0.00000,0.00000,-0.118,-0.009,0
380.1660,-0.00543,-0.02669,-0.00115,0.00000,0.00000,-0.117,-0.009,0
380.2160,-0.00542,-0.02666,-0.00115,0.00000,0.00000,-0.117,-0.009,0
380.2660,-0.00542,-0.02664,-0.00115,0.00000,0.00000,-0.117,-0.009,0
380.3160,-0.00541,-0.02662,-0.00115,0.00000,0.00000,-0.117,-0.009,0
380.3660,-0.00541,-0.02662,-0.00115,0.00000,0.00000,-0.117,-0.009,0
380.4160,-0.00542,-0.02663,-0.00115,0.00000,0.00000,-0.117,-0.009,0
380.4660,-0.00542,-0.02664,-0.00115,0.00000,0.00000,-0.117,-0.009,0
380.5160,-0.00542,-0.02665,-0.00115,0.00000,0.00000,-0.117,-0.009,0
380.5660,-0.00543,-0.02667,-0.00115,0.00000,0.00000,-0.117,-0.009,0
380.6160,-0.00543,-0.02669,-0.00115,0.00000,0.00000,-0.117,-0.009,0
380.6660,-0.00544,-0.02670,-0.00115,0.00000,0.00000,-0.117,-0.009,0
380.7160,-0.00545,-0.02674,-0.00115,0.00000,0.00000,-0.117,-0.009,0
380.7660,-0.00546,-0.02677,-0.00115,0.00000,0.00000,-0.118,-0.009,0
380.8160,-0.00547,-0.02681,-0.00115,0.00000,0.00000,-0.118,-0.009,0
380.8660,-0.00548,-0.02686,-0.00115,0.00000,0.00000,-0.118,-0.009,0
380.9160,-0.00549,-0.02690,-0.00115,0.00000,0.00000,-0.118,-0.009,0
380.9660,-0.00550,-0.02694,-0.00115,0.00000,0.00000,-0.118,-0.009,0
381.0160,-0.00551,-0.02698,-0.00115,0.00000,0.00000,-0.119,-0.009,0
381.0660,-0.00552,-0.02703,-0.00115,0.00000,0.00000,-0.119,-0.009,0
381.1160,-0.00553,-0.02708,-0.00115,0.00000,0.00000,-0.119,-0.009,0
381.1660,-0.00554,-0.02711,-0.00115,0.00000,0.00000,-0.119,-0.009,0
381.2160,-0.00554,-0.02714,-0.00115,0.00000,0.00000,-0.119,-0.009,0
381.2660,-0.00555,-0.02717,-0.00115,0.00000,0.00000,-0.119,-0.009,0
381.3160,-0.00555,-0.02718,-0.00115,0.00000,0.00000,-0.119,-0.009,0
381.3660,-0.00555,-0.02719,-0.00115,0.00000,0.00000,-0.120,-0.009,0
381.4160,-0.00555,-0.02720,-0.00115,0.00000,0.00000,-0.120,-0.009,0
381.4660,-0.00555,-0.02722,-0.00115,0.00000,0.00000,-0.120,-0.009,0
381.5160,-0.00555,-0.02722,-0.00115,0.00000,0.00000,-0.120,-0.009,0
381.5660,-0.00555,-0.02722,-0.00115,0.00000,0.00000,-0.120,-0.009,0
381.6160,-0.00555,-0.02721,-0.00115,0.00000,0.00000,-0.120,-0.009,0
381.6660,-0.00554,-0.02719,-0.00115,0.00000,0.00000,-0.120,-0.009,0
381.7160,-0.00554,-0.02717,-0.00115,0.00000,0.00000,-0.120,-0.009,0
381.7660,-0.00553,-0.02715,-0.00115,0.00000,0.00000,-0.119,-0.009,0
381.8160,-0.00553,-0.02714,-0.00115,0.00000,0.00000,-0.119,-0.009,0
381.8660,-0.00552,-0.02712,-0.00115,0.00000,0.00000,-0.119,-0.009,0
381.9160,-0.00552,-0.02710,-0.00115,0.00000,0.00000,-0.119,-0.009,0
381.9660,-0.00551,-0.02708,-0.00115,0.00000,0.00000,-0.119,-0.009,0
382.0160,-0.00551,-0.02708,-0.00115,0.00000,0.00000,-0.119,-0.009,0
382.0660,-0.00551,-0.02706,-0.00115,0.00000,0.00000,-0.119,-0.009,0
382.1160,-0.00550,-0.02705,-0.00115,0.00000,0.00000,-0.119,-0.009,0
382.1660,-0.00550,-0.02703,-0.00115,0.00000,0.00000,-0.119,-0.009,0
382.2160,-0.00550,-0.02703,-0.00115,0.00000,0.00000,-0.119,-0.009,0
382.2660,-0.00550,-0.02703,-0.00115,0.00000,0.00000,-0.119,-0.009,0
382.3160,-0.00550,-0.02704,-0.00115,0.00000,0.00000,-0.119,-0.009,0
382.3660,-0.00550,-0.02706,-0.00115,0.00000,0.00000,-0.119,-0.009,0
382.4160,-0.00551,-0.02708,-0.00115,0.00000,0.00000,-0.119,-0.009,0
382.4660,-0.00552,-0.02710,-0.00115,0.00000,0.00000,-0.119,-0.009,0
382.5160,-0.00553,-0.02714,-0.00115,0.00000,0.00000,-0.119,-0.009,0
382.5660,-0.00554,-0.02719,-0.00115,0.00000,0.00000,-0.120,-0.009,0
382.6160,-0.00555,-0.02723,-0.00115,0.00000,0.00000,-0.120,-0.009,0
382.6660,-0.00556,-0.02728,-0.00115,0.00000,0.00000,-0.120,-0.009,0
382.7160,-0.00557,-0.02732,-0.00115,0.00000,0.00000,-0.120,-0.009,0
382.7660,-0.00558,-0.02736,-0.00115,0.00000,0.00000,-0.120,-0.009,0
382.8160,-0.00558,-0.02739,-0.00115,0.00000,0.00000,-0.121,-0.009,0
382.8660,-0.00559,-0.02743,-0.00115,0.00000,0.00000,-0.121,-0.009,0
382.9160,-0.00560,-0.02747,-0.00115,0.00000,0.00000,-0.121,-0.009,0
382.9660,-0.00561,-0.02751,-0.00115,0.00000,0.00000,-0.121,-0.009,0
383.0160,-0.00562,-0.02755,-0.00115,0.00000,0.00000,-0.121,-0.009,0
383.0660,-0.00562,-0.02758,-0.00115,0.00000,0.00000,-0.122,-0.009,0
383.1160,-0.00563,-0.02762,-0.00115,0.00000,0.00000,-0.122,-0.009,0
383.1660,-0.00564,-0.02765,-0.00115,0.00000,0.00000,-0.122,-0.009,0
383.2160,-0.00564,-0.02769,-0.00115,0.00000,0.00000,-0.122,-0.009,0
383.2660,-0.00565,-0.02773,-0.00115,0.00000,0.00000,-0.122,-0.009,0
383.3160,-0.00566,-0.02776,-0.00115,0.00000,0.00000,-0.123,-0.009,0
383.3660,-0.00566,-0.02779,-0.00115,0.00000,0.00000,-0.123,-0.009,0
383.4160,-0.00567,-0.02783,-0.00115,0.00000,0.00000,-0.123,-0.009,0
383.4660,-0.00568,-0.02786,-0.00115,0.00000,0.00000,-0.123,-0.009,0
383.5160,-0.00568,-0.02788,-0.00115,0.00000,0.00000,-0.123,-0.009,0
383.5660,-0.00568,-0.02788,-0.00115,0.00000,0.00000,-0.123,-0.009,0
383.6160,-0.00568,-0.02789,-0.00115,0.00000,0.00000,-0.123,-0.009,0
383.6660,-0.00568,-0.02789,-0.00115,0.00000,0.00000,-0.123,-0.009,0
383.7160,-0.00567,-0.02788,-0.00115,0.00000,0.00000,-0.123,-0.009,0
383.7660,-0.00567,-0.02786,-0.00115,0.00000,0.00000,-0.123,-0.009,0
383.8160,-0.00566,-0.02784,-0.00115,0.00000,0.00000,-0.123,-0.009,0
383.8660,-0.00565,-0.02781,-0.00115,0.00000,0.00000,-0.123,-0.009,0
383.9160,-0.00565,-0.02780,-0.00115,0.00000,0.00000,-0.123,-0.009,0
383.9660,-0.00564,-0.02778,-0.00115,0.00000,0.00000,-0.123,-0.009,0
384.0160,-0.00564,-0.02776,-0.00115,0.00000,0.00000,-0.123,-0.009,0
384.0660,-0.00563,-0.02774,-0.00115,0.00000,0.00000,-0.123,-0.009,0
384.1160,-0.00562,-0.02771,-0.00115,0.00000,0.00000,-0.123,-0.009,0
384.1660,-0.00561,-0.02768,-0.00115,0.00000,0.00000,-0.123,-0.009,0
384.2160,-0.00561,-0.02765,-0.00115,0.00000,0.00000,-0.123,-0.009,0
384.2660,-0.00560,-0.02764,-0.00115,0.00000,0.00000,-0.123,-0.009,0
384.3160,-0.00560,-0.02762,-0.00115,0.00000,0.00000,-0.123,-0.009,0
384.3660,-0.00560,-0.02761,-0.00115,0.00000,0.00000,-0.123,-0.009,0
384.4160,-0.00560,-0.02760,-0.00115,0.00000,0.00000,-0.123,-0.009,0
384.4660,-0.00560,-0.02760,-0.00115,0.00000,0.00000,-0.123,-0.009,0
384.5160,-0.00560,-0.02760,-0.00115,0.00000,0.00000,-0.123,-0.009,0
384.5660,-0.00560,-0.02759,-0.00115,0.00000,0.00000,-0.123,-0.009,0
384.6160,-0.00560,-0.02758,-0.00115,0.00000,0.00000,-0.123,-0.009,0
384.6660,-0.00559,-0.02758,-0.00115,0.00000,0.00000,-0.122,-0.009,0
384.7160,-0.00559,-0.02757,-0.00115,0.00000,0.00000,-0.122,-0.009,0
384.7660,-0.00559,-0.02757,-0.00115,0.00000,0.00000,-0.122,-0.009,0
384.8160,-0.00560,-0.02758,-0.00115,0.00000,0.00000,-0.122,-0.009,0
384.8660,-0.00560,-0.02759,-0.00115,0.00000,0.00000,-0.122,-0.009,0
384.9160,-0.00560,-0.02760,-0.00115,0.00000,0.00000,-0.123,-0.009,0
384.9660,-0.00560,-0.02761,-0.00115,0.00000,0.00000,-0.123,-0.009,0
385.0160,-0.00560,-0.02760,-0.00115,0.00000,0.00000,-0.123,-0.009,0
385.0660,-0.00560,-0.02760,-0.00115,0.00000,0.00000,-0.123,-0.009,0
385.1160,-0.00560,-0.02760,-0.00115,0.00000,0.00000,-0.123,-0.009,0
385.1660,-0.00561,-0.02761,-0.00115,0.00000,0.00000,-0.123,-0.009,0
385.2160,-0.00561,-0.02761,-0.00115,0.00000,0.00000,-0.123,-0.009,0
385.2660,-0.00561,-0.02760,-0.00115,0.00000,0.00000,-0.123,-0.009,0
385.3160,-0.00561,-0.02760,-0.00115,0.00000,0.00000,-0.123,-0.009,0
385.3660,-0.00561,-0.02761,-0.00115,0.00000,0.00000,-0.123,-0.009,0
385.4160,-0.00561,-0.02761,-0.00115,0.00000,0.00000,-0.123,-0.009,0
385.4660,-0.00561,-0.02762,-0.00115,0.00000,0.00000,-0.123,-0.009,0
385.5160,-0.00561,-0.02763,-0.00115,0.00000,0.00000,-0.123,-0.009,0
385.5660,-0.00562,-0.02765,-0.00115,0.00000,0.00000,-0.123,-0.009,0
385.6160,-0.00562,-0.02765,-0.00115,0.00000,0.00000,-0.123,-0.009,0
385.6660,-0.00562,-0.02765,-0.00115,0.00000,0.00000,-0.123,-0.009,0
385.7160,-0.00562,-0.02764,-0.00115,0.00000,0.00000,-0.123,-0.009,0
385.7660,-0.00561,-0.02763,-0.00115,0.00000,0.00000,-0.123,-0.009,0
385.8160,-0.00561,-0.02759,-0.00115,0.00000,0.00000,-0.123,-0.009,0
385.8660,-0.00560,-0.02756,-0.00115,0.00000,0.00000,-0.123,-0.009,0
385.9160,-0.00559,-0.02752,-0.00115,0.00000,0.00000,-0.122,-0.009,0
385.9660,-0.00558,-0.02748,-0.00115,0.00000,0.00000,-0.122,-0.009,0
386.0160,-0.00557,-0.02743,-0.00115,0.00000,0.00000,-0.122,-0.009,0
386.0660,-0.00556,-0.02741,-0.00115,0.00000,0.00000,-0.122,-0.009,0
386.1160,-0.00555,-0.02738,-0.00115,0.00000,0.00000,-0.122,-0.009,0
386.1660,-0.00555,-0.02735,-0.00115,0.00000,0.00000,-0.121,-0.009,0
386.2160,-0.00554,-0.02733,-0.00115,0.00000,0.00000,-0.121,-0.009,0
386.2660,-0.00554,-0.02732,-0.00115,0.00000,0.00000,-0.121,-0.009,0
386.3160,-0.00555,-0.02732,-0.00115,0.00000,0.00000,-0.121,-0.009,0
386.3660,-0.00555,-0.02733,-0.00115,0.00000,0.00000,-0.121,-0.009,0
386.4160,-0.00555,-0.02734,-0.00115,0.00000,0.00000,-0.121,-0.009,0
386.4660,-0.00555,-0.02734,-0.00115,0.00000,0.00000,-0.121,-0.009,0
386.5160,-0.00555,-0.02734,-0.00115,0.00000,0.00000,-0.121,-0.009,0
386.5660,-0.00555,-0.02734,-0.00115,0.00000,0.00000,-0.121,-0.009,0
386.6160,-0.00555,-0.02734,-0.00115,0.00000,0.00000,-0.121,-0.009,0
386.6660,-0.00555,-0.02734,-0.00115,0.00000,0.00000,-0.121,-0.009,0
386.7160,-0.00556,-0.02735,-0.00115,0.00000,0.00000,-0.121,-0.009,0
386.7660,-0.00556,-0.02736,-0.00115,0.00000,0.00000,-0.121,-0.009,0
386.8160,-0.00556,-0.02737,-0.00115,0.00000,0.00000,-0.121,-0.009,0
386.8660,-0.00556,-0.02737,-0.00115,0.00000,0.00000,-0.122,-0.009,0
386.9160,-0.00556,-0.02737,-0.00115,0.00000,0.00000,-0.122,-0.009,0
386.9660,-0.00557,-0.02738,-0.00115,0.00000,0.00000,-0.121,-0.009,0
387.0160,-0.00557,-0.02739,-0.00115,0.00000,0.00000,-0.122,-0.009,0
387.0660,-0.00557,-0.02740,-0.00115,0.00000,0.00000,-0.122,-0.009,0
387.1160,-0.00558,-0.02742,-0.00115,0.00000,0.00000,-0.122,-0.009,0
387.1660,-0.00558,-0.02744,-0.00115,0.00000,0.00000,-0.122,-0.009,0
387.2160,-0.00559,-0.02746,-0.00115,0.00000,0.00000,-0.122,-0.009,0
387.2660,-0.00559,-0.02748,-0.00115,0.00000,0.00000,-0.122,-0.009,0
387.3160,-0.00560,-0.02750,-0.00115,0.00000,0.00000,-0.122,-0.009,0
387.3660,-0.00560,-0.02753,-0.00115,0.00000,0.00000,-0.122,-0.009,0
387.4160,-0.00561,-0.02755,-0.00115,0.00000,0.00000,-0.122,-0.009,0
387.4660,-0.00561,-0.02757,-0.00115,0.00000,0.00000,-0.122,-0.009,0
387.5160,-0.00561,-0.02758,-0.00115,0.00000,0.00000,-0.122,-0.009,0
387.5660,-0.00562,-0.02760,-0.00115,0.00000,0.00000,-0.122,-0.009,0
387.6160,-0.00562,-0.02761,-0.00115,0.00000,0.00000,-0.122,-0.009,0
387.6660,-0.00562,-0.02762,-0.00115,0.00000,0.00000,-0.122,-0.009,0
387.7160,-0.00562,-0.02763,-0.00115,0.00000,0.00000,-0.123,-0.009,0
387.7660,-0.00562,-0.02764,-0.00115,0.00000,0.00000,-0.123,-0.009,0
387.8160,-0.00562,-0.02765,-0.00115,0.00000,0.00000,-0.123,-0.009,0
387.8660,-0.00563,-0.02766,-0.00115,0.00000,0.00000,-0.123,-0.009,0
387.9160,-0.00563,-0.02767,-0.00115,0.00000,0.00000,-0.123,-0.009,0
387.9660,-0.00563,-0.02767,-0.00115,0.00000,0.00000,-0.123,-0.009,0
388.0160,-0.00563,-0.02767,-0.00115,0.00000,0.00000,-0.123,-0.009,0
388.0660,-0.00563,-0.02767,-0.00115,0.00000,0.00000,-0.123,-0.009,0
388.1160,-0.00563,-0.02768,-0.00115,0.00000,0.00000,-0.123,-0.009,0
388.1660,-0.00563,-0.02768,-0.00115,0.00000,0.00000,-0.123,-0.009,0
388.2160,-0.00563,-0.02769,-0.00115,0.00000,0.00000,-0.123,-0.009,0
388.2660,-0.00563,-0.02769,-0.00115,0.00000,0.00000,-0.123,-0.009,0
388.3160,-0.00562,-0.02768,-0.00115,0.00000,0.00000,-0.123,-0.009,0
388.3660,-0.00563,-0.02769,-0.00115,0.00000,0.00000,-0.123,-0.009,0
388.4160,-0.00563,-0.02770,-0.00115,0.00000,0.00000,-0.123,-0.009,0
388.4660,-0.00563,-0.02771,-0.00115,0.00000,0.00000,-0.123,-0.009,0
388.5160,-0.00563,-0.02771,-0.00115,0.00000,0.00000,-0.123,-0.009,0
388.5660,-0.00563,-0.02771,-0.00115,0.00000,0.00000,-0.123,-0.009,0
388.6160,-0.00563,-0.02771,-0.00115,0.00000,0.00000,-0.123,-0.009,0
388.6660,-0.00563,-0.02772,-0.00115,0.00000,0.00000,-0.123,-0.009,0
388.7160,-0.00563,-0.02773,-0.00115,0.00000,0.00000,-0.123,-0.009,0
388.7660,-0.00563,-0.02772,-0.00115,0.00000,0.00000,-0.123,-0.009,0
388.8160,-0.00563,-0.02771,-0.00115,0.00000,0.00000,-0.123,-0.009,0
388.8660,-0.00562,-0.02768,-0.00115,0.00000,0.00000,-0.123,-0.009,0
388.9160,-0.00561,-0.02764,-0.00115,0.00000,0.00000,-0.123,-0.009,0
388.9660,-0.00560,-0.02759,-0.00115,0.00000,0.00000,-0.123,-0.009,0
389.0160,-0.00559,-0.02754,-0.00115,0.00000,0.00000,-0.123,-0.009,0
389.0660,-0.00557,-0.02748,-0.00115,0.00000,0.00000,-0.122,-0.009,0
389.1160,-0.00556,-0.02743,-0.00115,0.00000,0.00000,-0.122,-0.009,0
389.1660,-0.00555,-0.02739,-0.00115,0.00000,0.00000,-0.122,-0.009,0
389.2160,-0.00555,-0.02735,-0.00115,0.00000,0.00000,-0.122,-0.009,0
389.2660,-0.00554,-0.02731,-0.00115,0.00000,0.00000,-0.121,-0.009,0
389.3160,-0.00553,-0.02727,-0.00115,0.00000,0.00000,-0.121,-0.009,0
389.3660,-0.00552,-0.02723,-0.00115,0.00000,0.00000,-0.121,-0.009,0
389.4160,-0.00551,-0.02720,-0.00115,0.00000,0.00000,-0.121,-0.009,0
389.4660,-0.00550,-0.02716,-0.00115,0.00000,0.00000,-0.121,-0.009,0
389.5160,-0.00550,-0.02713,-0.00115,0.00000,0.00000,-0.120,-0.009,0
389.5660,-0.00549,-0.02710,-0.00115,0.00000,0.00000,-0.120,-0.009,0
389.6160,-0.00549,-0.02708,-0.00115,0.00000,0.00000,-0.120,-0.009,0
389.6660,-0.00549,-0.02707,-0.00115,0.00000,0.00000,-0.120,-0.009,0
389.7160,-0.00549,-0.02704,-0.00115,0.00000,0.00000,-0.120,-0.009,0
389.7660,-0.00548,-0.02703,-0.00115,0.00000,0.00000,-0.120,-0.009,0
389.8160,-0.00548,-0.02702,-0.00115,0.00000,0.00000,-0.120,-0.009,0
389.8660,-0.00548,-0.02702,-0.00115,0.00000,0.00000,-0.120,-0.009,0
389.9160,-0.00549,-0.02702,-0.00115,0.00000,0.00000,-0.120,-0.009,0
389.9660,-0.00549,-0.02703,-0.00115,0.00000,0.00000,-0.120,-0.009,0
390.0160,-0.00549,-0.02703,-0.00115,0.00000,0.00000,-0.120,-0.009,0
390.0660,-0.00549,-0.02703,-0.00115,0.00000,0.00000,-0.120,-0.009,0
390.1160,-0.00549,-0.02703,-0.00115,0.00000,0.00000,-0.120,-0.009,0
390.1660,-0.00549,-0.02703,-0.00115,0.00000,0.00000,-0.120,-0.009,0
390.2160,-0.00550,-0.02703,-0.00115,0.00000,0.00000,-0.120,-0.009,0
390.2660,-0.00550,-0.02704,-0.00115,0.00000,0.00000,-0.120,-0.009,0
390.3160,-0.00550,-0.02705,-0.00115,0.00000,0.00000,-0.120,-0.009,0
390.3660,-0.00550,-0.02705,-0.00115,0.00000,0.00000,-0.120,-0.009,0
390.4160,-0.00551,-0.02706,-0.00115,0.00000,0.00000,-0.120,-0.009,0
390.4660,-0.00550,-0.02705,-0.00115,0.00000,0.00000,-0.120,-0.009,0
390.5160,-0.00550,-0.02704,-0.00115,0.00000,0.00000,-0.120,-0.009,0
390.5660,-0.00550,-0.02703,-0.00115,0.00000,0.00000,-0.120,-0.009,0
390.6160,-0.00550,-0.02703,-0.00115,0.00000,0.00000,-0.120,-0.009,0
390.6660,-0.00550,-0.02704,-0.00115,0.00000,0.00000,-0.120,-0.009,0
390.7160,-0.00551,-0.02705,-0.00115,0.00000,0.00000,-0.120,-0.009,0
390.7660,-0.00551,-0.02708,-0.00115,0.00000,0.00000,-0.120,-0.009,0
390.8160,-0.00552,-0.02711,-0.00115,0.00000,0.00000,-0.120,-0.009,0
390.8660,-0.00553,-0.02716,-0.00115,0.00000,0.00000,-0.120,-0.009,0
390.9160,-0.00554,-0.02720,-0.00115,0.00000,0.00000,-0.120,-0.009,0
390.9660,-0.00555,-0.02724,-0.00115,0.00000,0.00000,-0.120,-0.009,0
391.0160,-0.00556,-0.02728,-0.00115,0.00000,0.00000,-0.120,-0.009,0
391.0660,-0.00557,-0.02733,-0.00115,0.00000,0.00000,-0.121,-0.009,0
391.1160,-0.00558,-0.02737,-0.00115,0.00000,0.00000,-0.121,-0.009,0
391.1660,-0.00558,-0.02739,-0.00115,0.00000,0.00000,-0.121,-0.009,0
391.2160,-0.00559,-0.02741,-0.00115,0.00000,0.00000,-0.121,-0.009,0
391.2660,-0.00560,-0.02745,-0.00115,0.00000,0.00000,-0.121,-0.009,0
391.3160,-0.00560,-0.02748,-0.00115,0.00000,0.00000,-0.121,-0.009,0
391.3660,-0.00561,-0.02751,-0.00115,0.00000,0.00000,-0.121,-0.009,0
391.4160,-0.00561,-0.02753,-0.00115,0.00000,0.00000,-0.122,-0.009,0
391.4660,-0.00562,-0.02755,-0.00115,0.00000,0.00000,-0.122,-0.009,0
391.5160,-0.00562,-0.02757,-0.00115,0.00000,0.00000,-0.122,-0.009,0
391.5660,-0.00562,-0.02760,-0.00115,0.00000,0.00000,-0.122,-0.009,0
391.6160,-0.00563,-0.02763,-0.00115,0.00000,0.00000,-0.122,-0.009,0
391.6660,-0.00563,-0.02765,-0.00115,0.00000,0.00000,-0.122,-0.009,0
391.7160,-0.00564,-0.02769,-0.00115,0.00000,0.00000,-0.122,-0.009,0
391.7660,-0.00565,-0.02771,-0.00115,0.00000,0.00000,-0.123,-0.009,0
391.8160,-0.00565,-0.02773,-0.00115,0.00000,0.00000,-0.123,-0.009,0
391.8660,-0.00565,-0.02773,-0.00115,0.00000,0.00000,-0.123,-0.009,0
391.9160,-0.00565,-0.02773,-0.00115,0.00000,0.00000,-0.123,-0.009,0
391.9660,-0.00564,-0.02772,-0.00115,0.00000,0.00000,-0.123,-0.009,0
392.0160,-0.00564,-0.02771,-0.00115,0.00000,0.00000,-0.123,-0.009,0
392.0660,-0.00564,-0.02773,-0.00115,0.00000,0.00000,-0.123,-0.009,0
392.1160,-0.00564,-0.02774,-0.00115,0.00000,0.00000,-0.123,-0.009,0
392.1660,-0.00564,-0.02775,-0.00115,0.00000,0.00000,-0.123,-0.009,0
392.2160,-0.00565,-0.02777,-0.00115,0.00000,0.00000,-0.123,-0.009,0
392.2660,-0.00565,-0.02779,-0.00115,0.00000,0.00000,-0.123,-0.009,0
392.3160,-0.00565,-0.02779,-0.00115,0.00000,0.00000,-0.123,-0.009,0
392.3660,-0.00565,-0.02779,-0.00115,0.00000,0.00000,-0.123,-0.009,0
392.4160,-0.00564,-0.02778,-0.00115,0.00000,0.00000,-0.123,-0.009,0
392.4660,-0.00564,-0.02778,-0.00115,0.00000,0.00000,-0.123,-0.009,0
392.5160,-0.00564,-0.02777,-0.00115,0.00000,0.00000,-0.123,-0.009,0
392.5660,-0.00564,-0.02775,-0.00115,0.00000,0.00000,-0.123,-0.009,0
392.6160,-0.00563,-0.02773,-0.00115,0.00000,0.00000,-0.123,-0.009,0
392.6660,-0.00563,-0.02771,-0.00115,0.00000,0.00000,-0.123,-0.009,0
392.7160,-0.00562,-0.02771,-0.00115,0.00000,0.00000,-0.123,-0.009,0
392.7660,-0.00562,-0.02769,-0.00115,0.00000,0.00000,-0.123,-0.009,0
392.8160,-0.00562,-0.02769,-0.00115,0.00000,0.00000,-0.123,-0.009,0
392.8660,-0.00562,-0.02767,-0.00115,0.00000,0.00000,-0.123,-0.009,0
392.9160,-0.00561,-0.02766,-0.00115,0.00000,0.00000,-0.123,-0.009,0
392.9660,-0.00561,-0.02766,-0.00115,0.00000,0.00000,-0.123,-0.009,0
393.0160,-0.00561,-0.02765,-0.00115,0.00000,0.00000,-0.123,-0.009,0
393.0660,-0.00561,-0.02764,-0.00115,0.00000,0.00000,-0.123,-0.009,0
393.1160,-0.00561,-0.02763,-0.00115,0.00000,0.00000,-0.123,-0.009,0
393.1660,-0.00560,-0.02762,-0.00115,0.00000,0.00000,-0.123,-0.009,0
393.2160,-0.00560,-0.02762,-0.00115,0.00000,0.00000,-0.123,-0.009,0
393.2660,-0.00560,-0.02762,-0.00115,0.00000,0.00000,-0.123,-0.009,0
393.3160,-0.00560,-0.02761,-0.00115,0.00000,0.00000,-0.123,-0.009,0
393.3660,-0.00560,-0.02761,-0.00115,0.00000,0.00000,-0.123,-0.009,0
393.4160,-0.00560,-0.02761,-0.00115,0.00000,0.00000,-0.123,-0.009,0
393.4660,-0.00561,-0.02762,-0.00115,0.00000,0.00000,-0.123,-0.009,0
393.5160,-0.00561,-0.02763,-0.00115,0.00000,0.00000,-0.123,-0.009,0
393.5660,-0.00561,-0.02762,-0.00115,0.00000,0.00000,-0.123,-0.009,0
393.6160,-0.00560,-0.02761,-0.00115,0.00000,0.00000,-0.123,-0.009,0
393.6660,-0.00560,-0.02760,-0.00115,0.00000,0.00000,-0.123,-0.009,0
393.7160,-0.00560,-0.02758,-0.00115,0.00000,0.00000,-0.123,-0.009,0
393.7660,-0.00559,-0.02756,-0.00115,0.00000,0.00000,-0.123,-0.009,0
393.8160,-0.00559,-0.02755,-0.00115,0.00000,0.00000,-0.122,-0.009,0
393.8660,-0.00559,-0.02754,-0.00115,0.00000,0.00000,-0.122,-0.009,0
393.9160,-0.00559,-0.02754,-0.00115,0.00000,0.00000,-0.122,-0.009,0
393.9660,-0.00559,-0.02752,-0.00115,0.00000,0.00000,-0.122,-0.009,0
394.0160,-0.00558,-0.02750,-0.00115,0.00000,0.00000,-0.122,-0.009,0
394.0660,-0.00558,-0.02748,-0.00115,0.00000,0.00000,-0.122,-0.009,0
394.1160,-0.00557,-0.02746,-0.00115,0.00000,0.00000,-0.122,-0.009,0
394.1660,-0.00557,-0.02745,-0.00115,0.00000,0.00000,-0.122,-0.009,0
394.2160,-0.00557,-0.02743,-0.00115,0.00000,0.00000,-0.122,-0.009,0
394.2660,-0.00556,-0.02741,-0.00115,0.00000,0.00000,-0.122,-0.009,0
394.3160,-0.00556,-0.02738,-0.00115,0.00000,0.00000,-0.122,-0.009,0
394.3660,-0.00555,-0.02736,-0.00115,0.00000,0.00000,-0.122,-0.009,0
394.4160,-0.00555,-0.02734,-0.00115,0.00000,0.00000,-0.121,-0.009,0
394.4660,-0.00555,-0.02733,-0.00115,0.00000,0.00000,-0.121,-0.009,0
394.5160,-0.00555,-0.02733,-0.00115,0.00000,0.00000,-0.121,-0.009,0
394.5660,-0.00555,-0.02732,-0.00115,0.00000,0.00000,-0.121,-0.009,0
394.6160,-0.00555,-0.02731,-0.00115,0.00000,0.00000,-0.121,-0.009,0
394.6660,-0.00554,-0.02730,-0.00115,0.00000,0.00000,-0.121,-0.009,0
394.7160,-0.00554,-0.02729,-0.00115,0.00000,0.00000,-0.121,-0.009,0
394.7660,-0.00554,-0.02729,-0.00115,0.00000,0.00000,-0.121,-0.009,0
394.8160,-0.00554,-0.02729,-0.00115,0.00000,0.00000,-0.121,-0.009,0
394.8660,-0.00554,-0.02728,-0.00115,0.00000,0.00000,-0.121,-0.009,0
394.9160,-0.00554,-0.02728,-0.00115,0.00000,0.00000,-0.121,-0.009,0
394.9660,-0.00554,-0.02728,-0.00115,0.00000,0.00000,-0.121,-0.009,0
395.0160,-0.00554,-0.02728,-0.00115,0.00000,0.00000,-0.121,-0.009,0
395.0660,-0.00554,-0.02727,-0.00115,0.00000,0.00000,-0.121,-0.009,0
395.1160,-0.00554,-0.02727,-0.00115,0.00000,0.00000,-0.121,-0.009,0
395.1660,-0.00554,-0.02728,-0.00115,0.00000,0.00000,-0.121,-0.009,0
395.2160,-0.00555,-0.02728,-0.00115,0.00000,0.00000,-0.121,-0.009,0
395.2660,-0.00555,-0.02728,-0.00115,0.00000,0.00000,-0.121,-0.009,0
395.3160,-0.00555,-0.02728,-0.00115,0.00000,0.00000,-0.121,-0.009,0
395.3660,-0.00555,-0.02729,-0.00115,0.00000,0.00000,-0.121,-0.009,0
395.4160,-0.00555,-0.02730,-0.00115,0.00000,0.00000,-0.121,-0.009,0
395.4660,-0.00556,-0.02732,-0.00115,0.00000,0.00000,-0.121,-0.009,0
395.5160,-0.00556,-0.02734,-0.00115,0.00000,0.00000,-0.121,-0.009,0
395.5660,-0.00557,-0.02736,-0.00115,0.00000,0.00000,-0.121,-0.009,0
395.6160,-0.00557,-0.02739,-0.00115,0.00000,0.00000,-0.121,-0.009,0
395.6660,-0.00558,-0.02742,-0.00115,0.00000,0.00000,-0.121,-0.009,0
395.7160,-0.00559,-0.02745,-0.00115,0.00000,0.00000,-0.122,-0.009,0
395.7660,-0.00559,-0.02747,-0.00115,0.00000,0.00000,-0.122,-0.009,0
395.8160,-0.00559,-0.02748,-0.00115,0.00000,0.00000,-0.122,-0.009,0
395.8660,-0.00560,-0.02750,-0.00115,0.00000,0.00000,-0.122,-0.009,0
395.9160,-0.00561,-0.02754,-0.00115,0.00000,0.00000,-0.122,-0.009,0
395.9660,-0.00561,-0.02757,-0.00115,0.00000,0.00000,-0.122,-0.009,0
396.0160,-0.00562,-0.02761,-0.00115,0.00000,0.00000,-0.122,-0.009,0
396.0660,-0.00562,-0.02762,-0.00115,0.00000,0.00000,-0.122,-0.009,0
396.1160,-0.00562,-0.02762,-0.00115,0.00000,0.00000,-0.122,-0.009,0
396.1660,-0.00562,-0.02762,-0.00115,0.00000,0.00000,-0.122,-0.009,0
396.2160,-0.00562,-0.02762,-0.00115,0.00000,0.00000,-0.122,-0.009,0
396.2660,-0.00562,-0.02761,-0.00115,0.00000,0.00000,-0.122,-0.009,0
396.3160,-0.00561,-0.02760,-0.00115,0.00000,0.00000,-0.122,-0.009,0
396.3660,-0.00561,-0.02757,-0.00115,0.00000,0.00000,-0.122,-0.009,0
396.4160,-0.00560,-0.02754,-0.00115,0.00000,0.00000,-0.122,-0.009,0
396.4660,-0.00559,-0.02750,-0.00115,0.00000,0.00000,-0.122,-0.009,0
396.5160,-0.00558,-0.02746,-0.00115,0.00000,0.00000,-0.122,-0.009,0
396.5660,-0.00557,-0.02742,-0.00115,0.00000,0.00000,-0.122,-0.009,0
396.6160,-0.00556,-0.02738,-0.00115,0.00000,0.00000,-0.121,-0.009,0
396.6660,-0.00555,-0.02735,-0.00115,0.00000,0.00000,-0.121,-0.009,0
396.7160,-0.00555,-0.02733,-0.00115,0.00000,0.00000,-0.121,-0.009,0
396.7660,-0.00554,-0.02731,-0.00115,0.00000,0.00000,-0.121,-0.009,0
396.8160,-0.00554,-0.02729,-0.00115,0.00000,0.00000,-0.121,-0.009,0
396.8660,-0.00553,-0.02727,-0.00115,0.00000,0.00000,-0.121,-0.009,0
396.9160,-0.00553,-0.02726,-0.00115,0.00000,0.00000,-0.121,-0.009,0
396.9660,-0.00553,-0.02725,-0.00115,0.00000,0.00000,-0.121,-0.009,0
397.0160,-0.00553,-0.02723,-0.00115,0.00000,0.00000,-0.121,-0.009,0
397.0660,-0.00552,-0.02721,-0.00115,0.00000,0.00000,-0.121,-0.009,0
397.1160,-0.00552,-0.02720,-0.00115,0.00000,0.00000,-0.121,-0.009,0
397.1660,-0.00552,-0.02718,-0.00115,0.00000,0.00000,-0.121,-0.009,0
397.2160,-0.00551,-0.02715,-0.00115,0.00000,0.00000,-0.120,-0.009,0
397.2660,-0.00550,-0.02711,-0.00115,0.00000,0.00000,-0.120,-0.009,0
397.3160,-0.00550,-0.02709,-0.00115,0.00000,0.00000,-0.120,-0.009,0
397.3660,-0.00550,-0.02707,-0.00115,0.00000,0.00000,-0.120,-0.009,0
397.4160,-0.00549,-0.02706,-0.00115,0.00000,0.00000,-0.120,-0.009,0
397.4660,-0.00549,-0.02704,-0.00115,0.00000,0.00000,-0.120,-0.009,0
397.5160,-0.00549,-0.02702,-0.00115,0.00000,0.00000,-0.120,-0.009,0
397.5660,-0.00548,-0.02700,-0.00115,0.00000,0.00000,-0.120,-0.009,0
397.6160,-0.00548,-0.02699,-0.00115,0.00000,0.00000,-0.120,-0.009,0
397.6660,-0.00548,-0.02698,-0.00115,0.00000,0.00000,-0.119,-0.009,0
397.7160,-0.00548,-0.02697,-0.00115,0.00000,0.00000,-0.119,-0.009,0
397.7660,-0.00548,-0.02695,-0.00115,0.00000,0.00000,-0.119,-0.009,0
397.8160,-0.00547,-0.02693,-0.00115,0.00000,0.00000,-0.119,-0.009,0
397.8660,-0.00547,-0.02690,-0.00115,0.00000,0.00000,-0.119,-0.009,0
397.9160,-0.00546,-0.02688,-0.00115,0.00000,0.00000,-0.119,-0.009,0
397.9660,-0.00546,-0.02686,-0.00115,0.00000,0.00000,-0.119,-0.009,0
398.0160,-0.00546,-0.02684,-0.00115,0.00000,0.00000,-0.119,-0.009,0
398.0660,-0.00546,-0.02684,-0.00115,0.00000,0.00000,-0.119,-0.009,0
398.1160,-0.00546,-0.02684,-0.00115,0.00000,0.00000,-0.119,-0.009,0
398.1660,-0.00546,-0.02684,-0.00115,0.00000,0.00000,-0.119,-0.009,0
398.2160,-0.00546,-0.02683,-0.00115,0.00000,0.00000,-0.119,-0.009,0
398.2660,-0.00546,-0.02682,-0.00115,0.00000,0.00000,-0.118,-0.009,0
398.3160,-0.00546,-0.02682,-0.00115,0.00000,0.00000,-0.118,-0.009,0
398.3660,-0.00546,-0.02682,-0.00115,0.00000,0.00000,-0.118,-0.009,0
398.4160,-0.00546,-0.02682,-0.00115,0.00000,0.00000,-0.118,-0.009,0
398.4660,-0.00546,-0.02681,-0.00115,0.00000,0.00000,-0.118,-0.009,0
398.5160,-0.00545,-0.02679,-0.00115,0.00000,0.00000,-0.118,-0.009,0
398.5660,-0.00545,-0.02677,-0.00115,0.00000,0.00000,-0.118,-0.009,0
398.6160,-0.00545,-0.02676,-0.00115,0.00000,0.00000,-0.118,-0.009,0
398.6660,-0.00545,-0.02675,-0.00115,0.00000,0.00000,-0.118,-0.009,0
398.7160,-0.00544,-0.02673,-0.00115,0.00000,0.00000,-0.118,-0.009,0
398.7660,-0.00544,-0.02670,-0.00115,0.00000,0.00000,-0.118,-0.009,0
398.8160,-0.00543,-0.02668,-0.00115,0.00000,0.00000,-0.118,-0.009,0
398.8660,-0.00543,-0.02666,-0.00115,0.00000,0.00000,-0.117,-0.009,0
398.9160,-0.00542,-0.02663,-0.00115,0.00000,0.00000,-0.117,-0.009,0
398.9660,-0.00542,-0.02661,-0.00115,0.00000,0.00000,-0.117,-0.009,0
399.0160,-0.00542,-0.02661,-0.00115,0.00000,0.00000,-0.117,-0.009,0
399.0660,-0.00542,-0.02662,-0.00115,0.00000,0.00000,-0.117,-0.009,0
399.1160,-0.00542,-0.02662,-0.00115,0.00000,0.00000,-0.117,-0.009,0
399.1660,-0.00543,-0.02664,-0.00115,0.00000,0.00000,-0.117,-0.009,0
399.2160,-0.00543,-0.02665,-0.00115,0.00000,0.00000,-0.117,-0.009,0
399.2660,-0.00544,-0.02667,-0.00115,0.00000,0.00000,-0.117,-0.009,0
399.3160,-0.00544,-0.02670,-0.00115,0.00000,0.00000,-0.117,-0.009,0
399.3660,-0.00545,-0.02674,-0.00115,0.00000,0.00000,-0.117,-0.009,0
399.4160,-0.00546,-0.02677,-0.00115,0.00000,0.00000,-0.118,-0.009,0
399.4660,-0.00547,-0.02680,-0.00115,0.00000,0.00000,-0.118,-0.009,0
399.5160,-0.00547,-0.02683,-0.00115,0.00000,0.00000,-0.118,-0.009,0
399.5660,-0.00548,-0.02685,-0.00115,0.00000,0.00000,-0.118,-0.009,0
399.6160,-0.00549,-0.02688,-0.00115,0.00000,0.00000,-0.118,-0.009,0
399.6660,-0.00549,-0.02689,-0.00115,0.00000,0.00000,-0.118,-0.009,0
399.7160,-0.00549,-0.02691,-0.00115,0.00000,0.00000,-0.118,-0.009,0
399.7660,-0.00550,-0.02693,-0.00115,0.00000,0.00000,-0.118,-0.009,0
399.8160,-0.00550,-0.02695,-0.00115,0.00000,0.00000,-0.118,-0.009,0
399.8660,-0.00550,-0.02695,-0.00115,0.00000,0.00000,-0.118,-0.009,0
399.9160,-0.00550,-0.02695,-0.00115,0.00000,0.00000,-0.118,-0.009,0
399.9660,-0.00550,-0.02695,-0.00115,0.00000,0.00000,-0.118,-0.009,0
400.0160,-0.00550,-0.02696,-0.00115,0.00000,0.00000,-0.118,-0.009,0
400.0660,-0.00550,-0.02696,-0.00115,0.00000,0.00000,-0.118,-0.009,0
400.1160,-0.00549,-0.02695,-0.00115,0.00000,0.00000,-0.118,-0.009,0
400.1660,-0.00549,-0.02692,-0.00115,0.00000,0.00000,-0.118,-0.009,0
400.2160,-0.00548,-0.02689,-0.00115,0.00000,0.00000,-0.118,-0.009,0
400.2660,-0.00547,-0.02687,-0.00115,0.00000,0.00000,-0.118,-0.009,0
400.3160,-0.00547,-0.02685,-0.00115,0.00000,0.00000,-0.118,-0.009,0
400.3660,-0.00547,-0.02684,-0.00115,0.00000,0.00000,-0.118,-0.009,0
400.4160,-0.00546,-0.02682,-0.00115,0.00000,0.00000,-0.118,-0.009,0
400.4660,-0.00546,-0.02680,-0.00115,0.00000,0.00000,-0.118,-0.009,0
400.5160,-0.00545,-0.02678,-0.00115,0.00000,0.00000,-0.118,-0.009,0
400.5660,-0.00545,-0.02676,-0.00115,0.00000,0.00000,-0.118,-0.009,0
400.6160,-0.00544,-0.02674,-0.00115,0.00000,0.00000,-0.118,-0.009,0
400.6660,-0.00544,-0.02672,-0.00115,0.00000,0.00000,-0.117,-0.009,0
400.7160,-0.00543,-0.02669,-0.00115,0.00000,0.00000,-0.117,-0.009,0
400.7660,-0.00543,-0.02666,-0.00115,0.00000,0.00000,-0.117,-0.009,0
400.8160,-0.00542,-0.02664,-0.00115,0.00000,0.00000,-0.117,-0.009,0
400.8660,-0.00542,-0.02662,-0.00115,0.00000,0.00000,-0.117,-0.009,0
400.9160,-0.00542,-0.02662,-0.00115,0.00000,0.00000,-0.117,-0.009,0
400.9660,-0.00542,-0.02662,-0.00115,0.00000,0.00000,-0.117,-0.009,0
401.0160,-0.00541,-0.02660,-0.00115,0.00000,0.00000,-0.117,-0.009,0
401.0660,-0.00541,-0.02658,-0.00115,0.00000,0.00000,-0.117,-0.009,0
401.1160,-0.00541,-0.02656,-0.00115,0.00000,0.00000,-0.117,-0.009,0
401.1660,-0.00540,-0.02654,-0.00115,0.00000,0.00000,-0.117,-0.009,0
401.2160,-0.00540,-0.02653,-0.00115,0.00000,0.00000,-0.116,-0.009,0
401.2660,-0.00540,-0.02653,-0.00115,0.00000,0.00000,-0.116,-0.009,0
401.3160,-0.00540,-0.02653,-0.00115,0.00000,0.00000,-0.116,-0.009,0
401.3660,-0.00540,-0.02653,-0.00115,0.00000,0.00000,-0.116,-0.009,0
401.4160,-0.00541,-0.02654,-0.00115,0.00000,0.00000,-0.116,-0.009,0
401.4660,-0.00541,-0.02656,-0.00115,0.00000,0.00000,-0.117,-0.009,0
401.5160,-0.00542,-0.02658,-0.00115,0.00000,0.00000,-0.117,-0.009,0
401.5660,-0.00542,-0.02659,-0.00115,0.00000,0.00000,-0.117,-0.009,0
401.6160,-0.00542,-0.02660,-0.00115,0.00000,0.00000,-0.117,-0.009,0
401.6660,-0.00542,-0.02660,-0.00115,0.00000,0.00000,-0.117,-0.009,0
401.7160,-0.00543,-0.02660,-0.00115,0.00000,0.00000,-0.117,-0.009,0
401.7660,-0.00543,-0.02662,-0.00115,0.00000,0.00000,-0.117,-0.009,0
401.8160,-0.00543,-0.02663,-0.00115,0.00000,0.00000,-0.117,-0.009,0
401.8660,-0.00543,-0.02664,-0.00115,0.00000,0.00000,-0.117,-0.009,0
401.9160,-0.00544,-0.02664,-0.00115,0.00000,0.00000,-0.117,-0.009,0
401.9660,-0.00544,-0.02665,-0.00115,0.00000,0.00000,-0.117,-0.009,0
402.0160,-0.00544,-0.02666,-0.00115,0.00000,0.00000,-0.117,-0.009,0
402.0660,-0.00544,-0.02667,-0.00115,0.00000,0.00000,-0.117,-0.009,0
402.1160,-0.00544,-0.02667,-0.00115,0.00000,0.00000,-0.117,-0.009,0
402.1660,-0.00544,-0.02666,-0.00115,0.00000,0.00000,-0.117,-0.009,0
402.2160,-0.00544,-0.02665,-0.00115,0.00000,0.00000,-0.117,-0.009,0
402.2660,-0.00544,-0.02665,-0.00115,0.00000,0.00000,-0.117,-0.009,0
402.3160,-0.00544,-0.02665,-0.00115,0.00000,0.00000,-0.117,-0.009,0
402.3660,-0.00544,-0.02667,-0.00115,0.00000,0.00000,-0.117,-0.009,0
402.4160,-0.00544,-0.02668,-0.00115,0.00000,0.00000,-0.117,-0.009,0
402.4660,-0.00545,-0.02670,-0.00115,0.00000,0.00000,-0.117,-0.009,0
402.5160,-0.00545,-0.02671,-0.00115,0.00000,0.00000,-0.117,-0.009,0
402.5660,-0.00545,-0.02674,-0.00115,0.00000,0.00000,-0.117,-0.009,0
402.6160,-0.00546,-0.02676,-0.00115,0.00000,0.00000,-0.117,-0.009,0
402.6660,-0.00547,-0.02679,-0.00115,0.00000,0.00000,-0.117,-0.009,0
402.7160,-0.00547,-0.02681,-0.00115,0.00000,0.00000,-0.117,-0.009,0
402.7660,-0.00547,-0.02683,-0.00115,0.00000,0.00000,-0.118,-0.009,0
402.8160,-0.00548,-0.02685,-0.00115,0.00000,0.00000,-0.118,-0.009,0
402.8660,-0.00548,-0.02687,-0.00115,0.00000,0.00000,-0.118,-0.009,0
402.9160,-0.00549,-0.02688,-0.00115,0.00000,0.00000,-0.118,-0.009,0
402.9660,-0.00549,-0.02689,-0.00115,0.00000,0.00000,-0.118,-0.009,0
403.0160,-0.00548,-0.02688,-0.00115,0.00000,0.00000,-0.118,-0.009,0
403.0660,-0.00548,-0.02686,-0.00115,0.00000,0.00000,-0.118,-0.009,0
403.1160,-0.00548,-0.02685,-0.00115,0.00000,0.00000,-0.118,-0.009,0
403.1660,-0.00547,-0.02684,-0.00115,0.00000,0.00000,-0.118,-0.009,0
403.2160,-0.00547,-0.02684,-0.00115,0.00000,0.00000,-0.118,-0.009,0
403.2660,-0.00547,-0.02683,-0.00115,0.00000,0.00000,-0.118,-0.009,0
403.3160,-0.00546,-0.02682,-0.00115,0.00000,0.00000,-0.118,-0.009,0
403.3660,-0.00546,-0.02680,-0.00115,0.00000,0.00000,-0.118,-0.009,0
403.4160,-0.00546,-0.02679,-0.00115,0.00000,0.00000,-0.117,-0.009,0
403.4660,-0.00546,-0.02680,-0.00115,0.00000,0.00000,-0.117,-0.009,0
403.5160,-0.00546,-0.02680,-0.00115,0.00000,0.00000,-0.117,-0.009,0
403.5660,-0.00546,-0.02680,-0.00115,0.00000,0.00000,-0.118,-0.009,0
403.6160,-0.00546,-0.02681,-0.00115,0.00000,0.00000,-0.118,-0.009,0
403.6660,-0.00546,-0.02682,-0.00115,0.00000,0.00000,-0.118,-0.009,0
403.7160,-0.00546,-0.02682,-0.00115,0.00000,0.00000,-0.118,-0.009,0
403.7660,-0.00546,-0.02682,-0.00115,0.00000,0.00000,-0.118,-0.009,0
403.8160,-0.00546,-0.02681,-0.00115,0.00000,0.00000,-0.118,-0.009,0
403.8660,-0.00546,-0.02681,-0.00115,0.00000,0.00000,-0.118,-0.009,0
403.9160,-0.00546,-0.02681,-0.00115,0.00000,0.00000,-0.118,-0.009,0
403.9660,-0.00546,-0.02680,-0.00115,0.00000,0.00000,-0.118,-0.009,0
404.0160,-0.00545,-0.02677,-0.00115,0.00000,0.00000,-0.117,-0.009,0
404.0660,-0.00545,-0.02674,-0.00115,0.00000,0.00000,-0.117,-0.009,0
404.1160,-0.00544,-0.02670,-0.00115,0.00000,0.00000,-0.117,-0.009,0
404.1660,-0.00543,-0.02667,-0.00115,0.00000,0.00000,-0.117,-0.009,0
404.2160,-0.00543,-0.02666,-0.00115,0.00000,0.00000,-0.117,-0.009,0
404.2660,-0.00542,-0.02665,-0.00115,0.00000,0.00000,-0.117,-0.009,0
404.3160,-0.00542,-0.02664,-0.00115,0.00000,0.00000,-0.117,-0.009,0
404.3660,-0.00542,-0.02662,-0.00115,0.00000,0.00000,-0.117,-0.009,0
404.4160,-0.00542,-0.02662,-0.00115,0.00000,0.00000,-0.117,-0.009,0
404.4660,-0.00542,-0.02663,-0.00115,0.00000,0.00000,-0.117,-0.009,0
404.5160,-0.00543,-0.02664,-0.00115,0.00000,0.00000,-0.117,-0.009,0
404.5660,-0.00543,-0.02666,-0.00115,0.00000,0.00000,-0.117,-0.009,0
404.6160,-0.00544,-0.02668,-0.00115,0.00000,0.00000,-0.117,-0.009,0
404.6660,-0.00544,-0.02669,-0.00115,0.00000,0.00000,-0.117,-0.009,0
404.7160,-0.00544,-0.02670,-0.00115,0.00000,0.00000,-0.117,-0.009,0
404.7660,-0.00544,-0.02671,-0.00115,0.00000,0.00000,-0.117,-0.009,0
404.8160,-0.00545,-0.02672,-0.00115,0.00000,0.00000,-0.117,-0.009,0
404.8660,-0.00545,-0.02672,-0.00115,0.00000,0.00000,-0.117,-0.009,0
404.9160,-0.00545,-0.02674,-0.00115,0.00000,0.00000,-0.117,-0.009,0
404.9660,-0.00546,-0.02678,-0.00115,0.00000,0.00000,-0.117,-0.009,0
405.0160,-0.00547,-0.02680,-0.00115,0.00000,0.00000,-0.118,-0.009,0
405.0660,-0.00548,-0.02684,-0.00115,0.00000,0.00000,-0.118,-0.009,0
405.1160,-0.00549,-0.02689,-0.00115,0.00000,0.00000,-0.118,-0.009,0
405.1660,-0.00549,-0.02693,-0.00115,0.00000,0.00000,-0.118,-0.009,0
405.2160,-0.00550,-0.02696,-0.00115,0.00000,0.00000,-0.118,-0.009,0
405.2660,-0.00551,-0.02701,-0.00115,0.00000,0.00000,-0.118,-0.009,0
405.3160,-0.00552,-0.02705,-0.00115,0.00000,0.00000,-0.119,-0.009,0
405.3660,-0.00553,-0.02709,-0.00115,0.00000,0.00000,-0.119,-0.009,0
405.4160,-0.00554,-0.02713,-0.00115,0.00000,0.00000,-0.119,-0.009,0
405.4660,-0.00555,-0.02717,-0.00115,0.00000,0.00000,-0.119,-0.009,0
405.5160,-0.00555,-0.02720,-0.00115,0.00000,0.00000,-0.119,-0.009,0
405.5660,-0.00556,-0.02722,-0.00115,0.00000,0.00000,-0.120,-0.009,0
405.6160,-0.00555,-0.02721,-0.00115,0.00000,0.00000,-0.120,-0.009,0
405.6660,-0.00555,-0.02721,-0.00115,0.00000,0.00000,-0.120,-0.009,0
405.7160,-0.00555,-0.02721,-0.00115,0.00000,0.00000,-0.120,-0.009,0
405.7660,-0.00555,-0.02721,-0.00115,0.00000,0.00000,-0.120,-0.009,0
405.8160,-0.00555,-0.02720,-0.00115,0.00000,0.00000,-0.120,-0.009,0
405.8660,-0.00554,-0.02719,-0.00115,0.00000,0.00000,-0.120,-0.009,0
405.9160,-0.00554,-0.02719,-0.00115,0.00000,0.00000,-0.119,-0.009,0
405.9660,-0.00554,-0.02718,-0.00115,0.00000,0.00000,-0.119,-0.009,0
406.0160,-0.00554,-0.02719,-0.00115,0.00000,0.00000,-0.119,-0.009,0
406.0660,-0.00554,-0.02719,-0.00115,0.00000,0.00000,-0.120,-0.009,0
406.1160,-0.00553,-0.02718,-0.00115,0.00000,0.00000,-0.120,-0.009,0
406.1660,-0.00553,-0.02718,-0.00115,0.00000,0.00000,-0.120,-0.009,0
406.2160,-0.00553,-0.02717,-0.00115,0.00000,0.00000,-0.120,-0.009,0
406.2660,-0.00552,-0.02715,-0.00115,0.00000,0.00000,-0.119,-0.009,0
406.3160,-0.00552,-0.02713,-0.00115,0.00000,0.00000,-0.119,-0.009,0
406.3660,-0.00551,-0.02710,-0.00115,0.00000,0.00000,-0.119,-0.009,0
406.4160,-0.00550,-0.02706,-0.00115,0.00000,0.00000,-0.119,-0.009,0
406.4660,-0.00550,-0.02703,-0.00115,0.00000,0.00000,-0.119,-0.009,0
406.5160,-0.00549,-0.02702,-0.00115,0.00000,0.00000,-0.119,-0.009,0
406.5660,-0.00549,-0.02701,-0.00115,0.00000,0.00000,-0.119,-0.009,0
406.6160,-0.00549,-0.02701,-0.00115,0.00000,0.00000,-0.119,-0.009,0
406.6660,-0.00549,-0.02702,-0.00115,0.00000,0.00000,-0.119,-0.009,0
406.7160,-0.00550,-0.02703,-0.00115,0.00000,0.00000,-0.119,-0.009,0
406.7660,-0.00550,-0.02705,-0.00115,0.00000,0.00000,-0.119,-0.009,0
406.8160,-0.00551,-0.02707,-0.00115,0.00000,0.00000,-0.119,-0.009,0
406.8660,-0.00551,-0.02709,-0.00115,0.00000,0.00000,-0.119,-0.009,0
406.9160,-0.00551,-0.02710,-0.00115,0.00000,0.00000,-0.119,-0.009,0
406.9660,-0.00552,-0.02711,-0.00115,0.00000,0.00000,-0.119,-0.009,0
407.0160,-0.00552,-0.02711,-0.00115,0.00000,0.00000,-0.119,-0.009,0
407.0660,-0.00552,-0.02710,-0.00115,0.00000,0.00000,-0.119,-0.009,0
407.1160,-0.00551,-0.02710,-0.00115,0.00000,0.00000,-0.119,-0.009,0
407.1660,-0.00551,-0.02708,-0.00115,0.00000,0.00000,-0.119,-0.009,0
407.2160,-0.00551,-0.02706,-0.00115,0.00000,0.00000,-0.119,-0.009,0
407.2660,-0.00550,-0.02704,-0.00115,0.00000,0.00000,-0.119,-0.009,0
407.3160,-0.00550,-0.02703,-0.00115,0.00000,0.00000,-0.119,-0.009,0
407.3660,-0.00550,-0.02702,-0.00115,0.00000,0.00000,-0.119,-0.009,0
407.4160,-0.00549,-0.02700,-0.00115,0.00000,0.00000,-0.119,-0.009,0
407.4660,-0.00549,-0.02698,-0.00115,0.00000,0.00000,-0.119,-0.009,0
407.5160,-0.00548,-0.02696,-0.00115,0.00000,0.00000,-0.119,-0.009,0
407.5660,-0.00548,-0.02693,-0.00115,0.00000,0.00000,-0.119,-0.009,0
407.6160,-0.00547,-0.02692,-0.00115,0.00000,0.00000,-0.119,-0.009,0
407.6660,-0.00547,-0.02690,-0.00115,0.00000,0.00000,-0.119,-0.009,0
407.7160,-0.00546,-0.02687,-0.00115,0.00000,0.00000,-0.118,-0.009,0
407.7660,-0.00546,-0.02685,-0.00115,0.00000,0.00000,-0.118,-0.009,0
407.8160,-0.00546,-0.02685,-0.00115,0.00000,0.00000,-0.118,-0.009,0
407.8660,-0.00546,-0.02686,-0.00115,0.00000,0.00000,-0.118,-0.009,0
407.9160,-0.00546,-0.02684,-0.00115,0.00000,0.00000,-0.118,-0.009,0
407.9660,-0.00546,-0.02683,-0.00115,0.00000,0.00000,-0.118,-0.009,0
408.0160,-0.00546,-0.02683,-0.00115,0.00000,0.00000,-0.118,-0.009,0
408.0660,-0.00546,-0.02684,-0.00115,0.00000,0.00000,-0.118,-0.009,0
408.1160,-0.00547,-0.02686,-0.00115,0.00000,0.00000,-0.118,-0.009,0
408.1660,-0.00547,-0.02688,-0.00115,0.00000,0.00000,-0.118,-0.009,0
408.2160,-0.00548,-0.02691,-0.00115,0.00000,0.00000,-0.118,-0.009,0
408.2660,-0.00548,-0.02692,-0.00115,0.00000,0.00000,-0.119,-0.009,0
408.3160,-0.00549,-0.02693,-0.00115,0.00000,0.00000,-0.119,-0.009,0
408.3660,-0.00549,-0.02695,-0.00115,0.00000,0.00000,-0.119,-0.009,0
408.4160,-0.00550,-0.02697,-0.00115,0.00000,0.00000,-0.119,-0.009,0
408.4660,-0.00550,-0.02700,-0.00115,0.00000,0.00000,-0.119,-0.009,0
408.5160,-0.00551,-0.02703,-0.00115,0.00000,0.00000,-0.119,-0.009,0
408.5660,-0.00552,-0.02706,-0.00115,0.00000,0.00000,-0.119,-0.009,0
408.6160,-0.00553,-0.02710,-0.00115,0.00000,0.00000,-0.119,-0.009,0
408.6660,-0.00554,-0.02715,-0.00115,0.00000,0.00000,-0.119,-0.009,0
408.7160,-0.00555,-0.02721,-0.00115,0.00000,0.00000,-0.120,-0.009,0
408.7660,-0.00556,-0.02726,-0.00115,0.00000,0.00000,-0.120,-0.009,0
408.8160,-0.00557,-0.02732,-0.00115,0.00000,0.00000,-0.120,-0.009,0
408.8660,-0.00559,-0.02737,-0.00115,0.00000,0.00000,-0.121,-0.009,0
408.9160,-0.00560,-0.02744,-0.00115,0.00000,0.00000,-0.121,-0.009,0
408.9660,-0.00561,-0.02749,-0.00115,0.00000,0.00000,-0.121,-0.009,0
409.0160,-0.00562,-0.02753,-0.00115,0.00000,0.00000,-0.121,-0.009,0
409.0660,-0.00563,-0.02757,-0.00115,0.00000,0.00000,-0.122,-0.009,0
409.1160,-0.00563,-0.02760,-0.00115,0.00000,0.00000,-0.122,-0.009,0
409.1660,-0.00564,-0.02762,-0.00115,0.00000,0.00000,-0.122,-0.009,0
409.2160,-0.00563,-0.02762,-0.00115,0.00000,0.00000,-0.122,-0.009,0
409.2660,-0.00563,-0.02763,-0.00115,0.00000,0.00000,-0.122,-0.009,0
409.3160,-0.00564,-0.02765,-0.00115,0.00000,0.00000,-0.122,-0.009,0
409.3660,-0.00564,-0.02766,-0.00115,0.00000,0.00000,-0.122,-0.009,0
409.4160,-0.00564,-0.02769,-0.00115,0.00000,0.00000,-0.122,-0.009,0
409.4660,-0.00565,-0.02772,-0.00115,0.00000,0.00000,-0.122,-0.009,0
409.5160,-0.00565,-0.02774,-0.00115,0.00000,0.00000,-0.122,-0.009,0
409.5660,-0.00565,-0.02775,-0.00115,0.00000,0.00000,-0.123,-0.009,0
409.6160,-0.00565,-0.02776,-0.00115,0.00000,0.00000,-0.123,-0.009,0
409.6660,-0.00565,-0.02778,-0.00115,0.00000,0.00000,-0.123,-0.009,0
409.7160,-0.00566,-0.02779,-0.00115,0.00000,0.00000,-0.123,-0.009,0
409.7660,-0.00566,-0.02780,-0.00115,0.00000,0.00000,-0.123,-0.009,0
409.8160,-0.00566,-0.02781,-0.00115,0.00000,0.00000,-0.123,-0.009,0
409.8660,-0.00565,-0.02780,-0.00115,0.00000,0.00000,-0.123,-0.009,0
409.9160,-0.00564,-0.02777,-0.00115,0.00000,0.00000,-0.123,-0.009,0
409.9660,-0.00564,-0.02774,-0.00115,0.00000,0.00000,-0.123,-0.009,0
410.0160,-0.00564,-0.02774,-0.00115,0.00000,0.00000,-0.123,-0.009,0
410.0660,-0.00564,-0.02774,-0.00115,0.00000,0.00000,-0.123,-0.009,0
410.1160,-0.00564,-0.02775,-0.00115,0.00000,0.00000,-0.123,-0.009,0
410.1660,-0.00564,-0.02776,-0.00115,0.00000,0.00000,-0.123,-0.009,0
410.2160,-0.00564,-0.02777,-0.00115,0.00000,0.00000,-0.123,-0.009,0
410.2660,-0.00564,-0.02778,-0.00115,0.00000,0.00000,-0.123,-0.009,0
410.3160,-0.00565,-0.02780,-0.00115,0.00000,0.00000,-0.123,-0.009,0
410.3660,-0.00565,-0.02782,-0.00115,0.00000,0.00000,-0.123,-0.009,0
410.4160,-0.00565,-0.02783,-0.00115,0.00000,0.00000,-0.123,-0.009,0
410.4660,-0.00566,-0.02785,-0.00115,0.00000,0.00000,-0.124,-0.009,0
410.5160,-0.00566,-0.02788,-0.00115,0.00000,0.00000,-0.124,-0.009,0
410.5660,-0.00567,-0.02789,-0.00115,0.00000,0.00000,-0.124,-0.009,0
410.6160,-0.00567,-0.02791,-0.00115,0.00000,0.00000,-0.124,-0.009,0
410.6660,-0.00567,-0.02791,-0.00115,0.00000,0.00000,-0.124,-0.009,0
410.7160,-0.00567,-0.02792,-0.00115,0.00000,0.00000,-0.124,-0.009,0
410.7660,-0.00567,-0.02793,-0.00115,0.00000,0.00000,-0.124,-0.009,0
410.8160,-0.00567,-0.02794,-0.00115,0.00000,0.00000,-0.124,-0.009,0
410.8660,-0.00568,-0.02796,-0.00115,0.00000,0.00000,-0.124,-0.009,0
410.9160,-0.00568,-0.02797,-0.00115,0.00000,0.00000,-0.124,-0.009,0
410.9660,-0.00568,-0.02799,-0.00115,0.00000,0.00000,-0.124,-0.009,0
411.0160,-0.00569,-0.02802,-0.00115,0.00000,0.00000,-0.125,-0.009,0
411.0660,-0.00570,-0.02804,-0.00115,0.00000,0.00000,-0.125,-0.009,0
411.1160,-0.00570,-0.02806,-0.00115,0.00000,0.00000,-0.125,-0.009,0
411.1660,-0.00570,-0.02806,-0.00115,0.00000,0.00000,-0.125,-0.009,0
411.2160,-0.00570,-0.02807,-0.00115,0.00000,0.00000,-0.125,-0.009,0
411.2660,-0.00570,-0.02807,-0.00115,0.00000,0.00000,-0.125,-0.009,0
411.3160,-0.00570,-0.02806,-0.00115,0.00000,0.00000,-0.125,-0.009,0
411.3660,-0.00570,-0.02807,-0.00115,0.00000,0.00000,-0.125,-0.009,0
411.4160,-0.00570,-0.02808,-0.00115,0.00000,0.00000,-0.125,-0.009,0
411.4660,-0.00570,-0.02809,-0.00115,0.00000,0.00000,-0.125,-0.009,0
411.5160,-0.00570,-0.02811,-0.00115,0.00000,0.00000,-0.125,-0.009,0
411.5660,-0.00571,-0.02811,-0.00115,0.00000,0.00000,-0.125,-0.009,0
411.6160,-0.00571,-0.02813,-0.00115,0.00000,0.00000,-0.125,-0.009,0
411.6660,-0.00571,-0.02814,-0.00115,0.00000,0.00000,-0.125,-0.009,0
411.7160,-0.00572,-0.02817,-0.00115,0.00000,0.00000,-0.126,-0.009,0
411.7660,-0.00572,-0.02819,-0.00115,0.00000,0.00000,-0.126,-0.009,0
411.8160,-0.00573,-0.02821,-0.00115,0.00000,0.00000,-0.126,-0.009,0
411.8660,-0.00573,-0.02824,-0.00115,0.00000,0.00000,-0.126,-0.009,0
411.9160,-0.00574,-0.02826,-0.00115,0.00000,0.00000,-0.126,-0.009,0
411.9660,-0.00574,-0.02827,-0.00115,0.00000,0.00000,-0.126,-0.009,0
412.0160,-0.00574,-0.02829,-0.00115,0.00000,0.00000,-0.126,-0.009,0
412.0660,-0.00575,-0.02831,-0.00115,0.00000,0.00000,-0.126,-0.009,0
412.1160,-0.00575,-0.02833,-0.00115,0.00000,0.00000,-0.126,-0.009,0
412.1660,-0.00575,-0.02834,-0.00115,0.00000,0.00000,-0.127,-0.009,0
412.2160,-0.00575,-0.02835,-0.00115,0.00000,0.00000,-0.127,-0.009,0
412.2660,-0.00575,-0.02835,-0.00115,0.00000,0.00000,-0.127,-0.009,0
412.3160,-0.00575,-0.02835,-0.00115,0.00000,0.00000,-0.127,-0.009,0
412.3660,-0.00575,-0.02835,-0.00115,0.00000,0.00000,-0.127,-0.009,0
412.4160,-0.00575,-0.02834,-0.00115,0.00000,0.00000,-0.127,-0.009,0
412.4660,-0.00575,-0.02834,-0.00115,0.00000,0.00000,-0.127,-0.009,0
412.5160,-0.00575,-0.02834,-0.00115,0.00000,0.00000,-0.127,-0.009,0
412.5660,-0.00575,-0.02834,-0.00115,0.00000,0.00000,-0.127,-0.009,0
412.6160,-0.00574,-0.02833,-0.00115,0.00000,0.00000,-0.127,-0.009,0
412.6660,-0.00574,-0.02832,-0.00115,0.00000,0.00000,-0.127,-0.009,0
412.7160,-0.00574,-0.02831,-0.00115,0.00000,0.00000,-0.127,-0.009,0
412.7660,-0.00573,-0.02830,-0.00115,0.00000,0.00000,-0.127,-0.009,0
412.8160,-0.00573,-0.02828,-0.00115,0.00000,0.00000,-0.127,-0.009,0
412.8660,-0.00572,-0.02824,-0.00115,0.00000,0.00000,-0.127,-0.009,0
412.9160,-0.00571,-0.02822,-0.00115,0.00000,0.00000,-0.126,-0.009,0
412.9660,-0.00571,-0.02819,-0.00115,0.00000,0.00000,-0.126,-0.009,0
413.0160,-0.00570,-0.02817,-0.00115,0.00000,0.00000,-0.126,-0.009,0
413.0660,-0.00570,-0.02814,-0.00115,0.00000,0.00000,-0.126,-0.009,0
413.1160,-0.00569,-0.02811,-0.00115,0.00000,0.00000,-0.126,-0.009,0
413.1660,-0.00568,-0.02808,-0.00115,0.00000,0.00000,-0.126,-0.009,0
413.2160,-0.00568,-0.02805,-0.00115,0.00000,0.00000,-0.126,-0.009,0
413.2660,-0.00567,-0.02802,-0.00115,0.00000,0.00000,-0.126,-0.009,0
413.3160,-0.00566,-0.02798,-0.00115,0.00000,0.00000,-0.125,-0.009,0
413.3660,-0.00565,-0.02794,-0.00115,0.00000,0.00000,-0.125,-0.009,0
413.4160,-0.00564,-0.02790,-0.00115,0.00000,0.00000,-0.125,-0.009,0
413.4660,-0.00564,-0.02787,-0.00115,0.00000,0.00000,-0.125,-0.009,0
413.5160,-0.00563,-0.02785,-0.00115,0.00000,0.00000,-0.125,-0.009,0
413.5660,-0.00563,-0.02783,-0.00115,0.00000,0.00000,-0.125,-0.009,0
413.6160,-0.00563,-0.02781,-0.00115,0.00000,0.00000,-0.125,-0.009,0
413.6660,-0.00563,-0.02779,-0.00115,0.00000,0.00000,-0.124,-0.009,0
413.7160,-0.00562,-0.02777,-0.00115,0.00000,0.00000,-0.124,-0.009,0
413.7660,-0.00562,-0.02774,-0.00115,0.00000,0.00000,-0.124,-0.009,0
413.8160,-0.00561,-0.02772,-0.00115,0.00000,0.00000,-0.124,-0.009,0
413.8660,-0.00561,-0.02769,-0.00115,0.00000,0.00000,-0.124,-0.009,0
413.9160,-0.00560,-0.02766,-0.00115,0.00000,0.00000,-0.124,-0.009,0
413.9660,-0.00560,-0.02764,-0.00115,0.00000,0.00000,-0.124,-0.009,0
414.0160,-0.00560,-0.02763,-0.00115,0.00000,0.00000,-0.124,-0.009,0
414.0660,-0.00560,-0.02762,-0.00115,0.00000,0.00000,-0.124,-0.009,0
414.1160,-0.00560,-0.02761,-0.00115,0.00000,0.00000,-0.123,-0.009,0
414.1660,-0.00560,-0.02761,-0.00115,0.00000,0.00000,-0.123,-0.009,0
414.2160,-0.00560,-0.02763,-0.00115,0.00000,0.00000,-0.123,-0.009,0
414.2660,-0.00561,-0.02764,-0.00115,0.00000,0.00000,-0.123,-0.009,0
414.3160,-0.00561,-0.02764,-0.00115,0.00000,0.00000,-0.124,-0.009,0
414.3660,-0.00561,-0.02764,-0.00115,0.00000,0.00000,-0.123,-0.009,0
414.4160,-0.00561,-0.02764,-0.00115,0.00000,0.00000,-0.123,-0.009,0
414.4660,-0.00561,-0.02765,-0.00115,0.00000,0.00000,-0.123,-0.009,0
414.5160,-0.00562,-0.02766,-0.00115,0.00000,0.00000,-0.124,-0.009,0
414.5660,-0.00562,-0.02766,-0.00115,0.00000,0.00000,-0.123,-0.009,0
414.6160,-0.00562,-0.02766,-0.00115,0.00000,0.00000,-0.123,-0.009,0
414.6660,-0.00562,-0.02766,-0.00115,0.00000,0.00000,-0.123,-0.009,0
414.7160,-0.00562,-0.02766,-0.00115,0.00000,0.00000,-0.123,-0.009,0
414.7660,-0.00562,-0.02765,-0.00115,0.00000,0.00000,-0.123,-0.009,0
414.8160,-0.00561,-0.02764,-0.00115,0.00000,0.00000,-0.123,-0.009,0
414.8660,-0.00561,-0.02763,-0.00115,0.00000,0.00000,-0.123,-0.009,0
414.9160,-0.00561,-0.02762,-0.00115,0.00000,0.00000,-0.123,-0.009,0
414.9660,-0.00561,-0.02760,-0.00115,0.00000,0.00000,-0.123,-0.009,0
415.0160,-0.00560,-0.02758,-0.00115,0.00000,0.00000,-0.123,-0.009,0
415.0660,-0.00560,-0.02757,-0.00115,0.00000,0.00000,-0.123,-0.009,0
415.1160,-0.00560,-0.02756,-0.00115,0.00000,0.00000,-0.123,-0.009,0
415.1660,-0.00559,-0.02755,-0.00115,0.00000,0.00000,-0.123,-0.009,0
415.2160,-0.00559,-0.02753,-0.00115,0.00000,0.00000,-0.123,-0.009,0
415.2660,-0.00559,-0.02752,-0.00115,0.00000,0.00000,-0.123,-0.009,0
415.3160,-0.00559,-0.02752,-0.00115,0.00000,0.00000,-0.123,-0.009,0
415.3660,-0.00559,-0.02751,-0.00115,0.00000,0.00000,-0.123,-0.009,0
415.4160,-0.00558,-0.02749,-0.00115,0.00000,0.00000,-0.122,-0.009,0
415.4660,-0.00558,-0.02748,-0.00115,0.00000,0.00000,-0.122,-0.009,0
415.5160,-0.00558,-0.02747,-0.00115,0.00000,0.00000,-0.122,-0.009,0
415.5660,-0.00558,-0.02747,-0.00115,0.00000,0.00000,-0.122,-0.009,0
415.6160,-0.00558,-0.02747,-0.00115,0.00000,0.00000,-0.122,-0.009,0
415.6660,-0.00558,-0.02748,-0.00115,0.00000,0.00000,-0.122,-0.009,0
415.7160,-0.00558,-0.02748,-0.00115,0.00000,0.00000,-0.122,-0.009,0
415.7660,-0.00558,-0.02747,-0.00115,0.00000,0.00000,-0.122,-0.009,0
415.8160,-0.00558,-0.02748,-0.00115,0.00000,0.00000,-0.122,-0.009,0
415.8660,-0.00558,-0.02748,-0.00115,0.00000,0.00000,-0.122,-0.009,0
415.9160,-0.00558,-0.02748,-0.00115,0.00000,0.00000,-0.122,-0.009,0
415.9660,-0.00558,-0.02747,-0.00115,0.00000,0.00000,-0.122,-0.009,0
416.0160,-0.00558,-0.02748,-0.00115,0.00000,0.00000,-0.122,-0.009,0
416.0660,-0.00559,-0.02748,-0.00115,0.00000,0.00000,-0.122,-0.009,0
416.1160,-0.00559,-0.02750,-0.00115,0.00000,0.00000,-0.122,-0.009,0
416.1660,-0.00559,-0.02751,-0.00115,0.00000,0.00000,-0.122,-0.009,0
416.2160,-0.00560,-0.02753,-0.00115,0.00000,0.00000,-0.122,-0.009,0
416.2660,-0.00560,-0.02755,-0.00115,0.00000,0.00000,-0.122,-0.009,0
416.3160,-0.00560,-0.02756,-0.00115,0.00000,0.00000,-0.122,-0.009,0
416.3660,-0.00561,-0.02757,-0.00115,0.00000,0.00000,-0.122,-0.009,0
416.4160,-0.00561,-0.02758,-0.00115,0.00000,0.00000,-0.122,-0.009,0
416.4660,-0.00561,-0.02759,-0.00115,0.00000,0.00000,-0.123,-0.009,0
416.5160,-0.00562,-0.02762,-0.00115,0.00000,0.00000,-0.123,-0.009,0
416.5660,-0.00562,-0.02765,-0.00115,0.00000,0.00000,-0.123,-0.009,0
416.6160,-0.00563,-0.02768,-0.00115,0.00000,0.00000,-0.123,-0.009,0
416.6660,-0.00564,-0.02774,-0.00115,0.00000,0.00000,-0.123,-0.009,0
416.7160,-0.00565,-0.02778,-0.00115,0.00000,0.00000,-0.123,-0.009,0
416.7660,-0.00566,-0.02782,-0.00115,0.00000,0.00000,-0.124,-0.009,0
416.8160,-0.00567,-0.02786,-0.00115,0.00000,0.00000,-0.124,-0.009,0
416.8660,-0.00568,-0.02789,-0.00115,0.00000,0.00000,-0.124,-0.009,0
416.9160,-0.00568,-0.02791,-0.00115,0.00000,0.00000,-0.124,-0.009,0
416.9660,-0.00569,-0.02795,-0.00115,0.00000,0.00000,-0.124,-0.009,0
417.0160,-0.00569,-0.02798,-0.00115,0.00000,0.00000,-0.124,-0.009,0
417.0660,-0.00570,-0.02801,-0.00115,0.00000,0.00000,-0.124,-0.009,0
417.1160,-0.00570,-0.02803,-0.00115,0.00000,0.00000,-0.125,-0.009,0
417.1660,-0.00570,-0.02804,-0.00115,0.00000,0.00000,-0.125,-0.009,0
417.2160,-0.00570,-0.02804,-0.00115,0.00000,0.00000,-0.125,-0.009,0
417.2660,-0.00570,-0.02804,-0.00115,0.00000,0.00000,-0.125,-0.009,0
417.3160,-0.00570,-0.02806,-0.00115,0.00000,0.00000,-0.125,-0.009,0
417.3660,-0.00570,-0.02807,-0.00115,0.00000,0.00000,-0.125,-0.009,0
417.4160,-0.00570,-0.02807,-0.00115,0.00000,0.00000,-0.125,-0.009,0
417.4660,-0.00570,-0.02807,-0.00115,0.00000,0.00000,-0.125,-0.009,0
417.5160,-0.00570,-0.02806,-0.00115,0.00000,0.00000,-0.125,-0.009,0
417.5660,-0.00570,-0.02805,-0.00115,0.00000,0.00000,-0.125,-0.009,0
417.6160,-0.00569,-0.02805,-0.00115,0.00000,0.00000,-0.125,-0.009,0
417.6660,-0.00569,-0.02804,-0.00115,0.00000,0.00000,-0.125,-0.009,0
417.7160,-0.00569,-0.02803,-0.00115,0.00000,0.00000,-0.125,-0.009,0
417.7660,-0.00569,-0.02804,-0.00115,0.00000,0.00000,-0.125,-0.009,0
417.8160,-0.00569,-0.02804,-0.00115,0.00000,0.00000,-0.125,-0.009,0
417.8660,-0.00569,-0.02804,-0.00115,0.00000,0.00000,-0.125,-0.009,0
417.9160,-0.00569,-0.02804,-0.00115,0.00000,0.00000,-0.125,-0.009,0
417.9660,-0.00569,-0.02803,-0.00115,0.00000,0.00000,-0.125,-0.009,0
418.0160,-0.00568,-0.02801,-0.00115,0.00000,0.00000,-0.125,-0.009,0
418.0660,-0.00567,-0.02798,-0.00115,0.00000,0.00000,-0.125,-0.009,0
418.1160,-0.00567,-0.02797,-0.00115,0.00000,0.00000,-0.125,-0.009,0
418.1660,-0.00566,-0.02794,-0.00115,0.00000,0.00000,-0.125,-0.009,0
418.2160,-0.00566,-0.02793,-0.00115,0.00000,0.00000,-0.125,-0.009,0
418.2660,-0.00565,-0.02790,-0.00115,0.00000,0.00000,-0.125,-0.009,0
418.3160,-0.00565,-0.02787,-0.00115,0.00000,0.00000,-0.124,-0.009,0
418.3660,-0.00564,-0.02783,-0.00115,0.00000,0.00000,-0.124,-0.009,0
418.4160,-0.00563,-0.02778,-0.00115,0.00000,0.00000,-0.124,-0.009,0
418.4660,-0.00562,-0.02775,-0.00115,0.00000,0.00000,-0.124,-0.009,0
418.5160,-0.00561,-0.02772,-0.00115,0.00000,0.00000,-0.124,-0.009,0
418.5660,-0.00561,-0.02769,-0.00115,0.00000,0.00000,-0.124,-0.009,0
418.6160,-0.00560,-0.02766,-0.00115,0.00000,0.00000,-0.123,-0.009,0
418.6660,-0.00560,-0.02764,-0.00115,0.00000,0.00000,-0.123,-0.009,0
418.7160,-0.00559,-0.02762,-0.00115,0.00000,0.00000,-0.123,-0.009,0
418.7660,-0.00559,-0.02762,-0.00115,0.00000,0.00000,-0.123,-0.009,0
418.8160,-0.00560,-0.02762,-0.00115,0.00000,0.00000,-0.123,-0.009,0
418.8660,-0.00560,-0.02762,-0.00115,0.00000,0.00000,-0.123,-0.009,0
418.9160,-0.00560,-0.02761,-0.00115,0.00000,0.00000,-0.123,-0.009,0
418.9660,-0.00560,-0.02760,-0.00115,0.00000,0.00000,-0.123,-0.009,0
419.0160,-0.00559,-0.02758,-0.00115,0.00000,0.00000,-0.123,-0.009,0
419.0660,-0.00558,-0.02754,-0.00115,0.00000,0.00000,-0.123,-0.009,0
419.1160,-0.00558,-0.02751,-0.00115,0.00000,0.00000,-0.123,-0.009,0
419.1660,-0.00557,-0.02749,-0.00115,0.00000,0.00000,-0.123,-0.009,0
419.2160,-0.00557,-0.02747,-0.00115,0.00000,0.00000,-0.122,-0.009,0
419.2660,-0.00557,-0.02745,-0.00115,0.00000,0.00000,-0.122,-0.009,0
419.3160,-0.00556,-0.02743,-0.00115,0.00000,0.00000,-0.122,-0.009,0
419.3660,-0.00556,-0.02741,-0.00115,0.00000,0.00000,-0.122,-0.009,0
419.4160,-0.00556,-0.02739,-0.00115,0.00000,0.00000,-0.122,-0.009,0
419.4660,-0.00555,-0.02737,-0.00115,0.00000,0.00000,-0.122,-0.009,0
419.5160,-0.00555,-0.02737,-0.00115,0.00000,0.00000,-0.122,-0.009,0
419.5660,-0.00555,-0.02737,-0.00115,0.00000,0.00000,-0.122,-0.009,0
419.6160,-0.00555,-0.02737,-0.00115,0.00000,0.00000,-0.122,-0.009,0
419.6660,-0.00556,-0.02737,-0.00115,0.00000,0.00000,-0.122,-0.009,0
419.7160,-0.00555,-0.02736,-0.00115,0.00000,0.00000,-0.122,-0.009,0
419.7660,-0.00555,-0.02735,-0.00115,0.00000,0.00000,-0.122,-0.009,0
419.8160,-0.00555,-0.02734,-0.00115,0.00000,0.00000,-0.122,-0.009,0
419.8660,-0.00555,-0.02732,-0.00115,0.00000,0.00000,-0.122,-0.009,0
419.9160,-0.00555,-0.02732,-0.00115,0.00000,0.00000,-0.121,-0.009,0
419.9660,-0.00555,-0.02731,-0.00115,0.00000,0.00000,-0.121,-0.009,0
420.0160,-0.00555,-0.02730,-0.00115,0.00000,0.00000,-0.121,-0.009,0
420.0660,-0.00554,-0.02728,-0.00115,0.00000,0.00000,-0.121,-0.009,0
420.1160,-0.00554,-0.02726,-0.00115,0.00000,0.00000,-0.121,-0.009,0
420.1660,-0.00554,-0.02725,-0.00115,0.00000,0.00000,-0.121,-0.009,0
420.2160,-0.00554,-0.02724,-0.00115,0.00000,0.00000,-0.121,-0.009,0
420.2660,-0.00554,-0.02724,-0.00115,0.00000,0.00000,-0.121,-0.009,0
420.3160,-0.00554,-0.02724,-0.00115,0.00000,0.00000,-0.121,-0.009,0
420.3660,-0.00554,-0.02724,-0.00115,0.00000,0.00000,-0.121,-0.009,0
420.4160,-0.00554,-0.02723,-0.00115,0.00000,0.00000,-0.121,-0.009,0
420.4660,-0.00553,-0.02722,-0.00115,0.00000,0.00000,-0.121,-0.009,0
420.5160,-0.00553,-0.02721,-0.00115,0.00000,0.00000,-0.121,-0.009,0
420.5660,-0.00553,-0.02722,-0.00115,0.00000,0.00000,-0.121,-0.009,0
420.6160,-0.00554,-0.02723,-0.00115,0.00000,0.00000,-0.121,-0.009,0
420.6660,-0.00554,-0.02724,-0.00115,0.00000,0.00000,-0.121,-0.009,0
420.7160,-0.00554,-0.02726,-0.00115,0.00000,0.00000,-0.121,-0.009,0
420.7660,-0.00555,-0.02726,-0.00115,0.00000,0.00000,-0.121,-0.009,0
420.8160,-0.00555,-0.02729,-0.00115,0.00000,0.00000,-0.121,-0.009,0
420.8660,-0.00556,-0.02731,-0.00115,0.00000,0.00000,-0.121,-0.009,0
420.9160,-0.00556,-0.02734,-0.00115,0.00000,0.00000,-0.121,-0.009,0
420.9660,-0.00557,-0.02736,-0.00115,0.00000,0.00000,-0.121,-0.009,0
421.0160,-0.00558,-0.02739,-0.00115,0.00000,0.00000,-0.121,-0.009,0
421.0660,-0.00558,-0.02741,-0.00115,0.00000,0.00000,-0.121,-0.009,0
421.1160,-0.00559,-0.02743,-0.00115,0.00000,0.00000,-0.122,-0.009,0
421.1660,-0.00559,-0.02745,-0.00115,0.00000,0.00000,-0.122,-0.009,0
421.2160,-0.00559,-0.02746,-0.00115,0.00000,0.00000,-0.122,-0.009,0
421.2660,-0.00559,-0.02745,-0.00115,0.00000,0.00000,-0.122,-0.009,0
421.3160,-0.00558,-0.02742,-0.00115,0.00000,0.00000,-0.122,-0.009,0
421.3660,-0.00557,-0.02740,-0.00115,0.00000,0.00000,-0.121,-0.009,0
421.4160,-0.00557,-0.02737,-0.00115,0.00000,0.00000,-0.121,-0.009,0
421.4660,-0.00556,-0.02736,-0.00115,0.00000,0.00000,-0.121,-0.009,0
421.5160,-0.00556,-0.02733,-0.00115,0.00000,0.00000,-0.121,-0.009,0
421.5660,-0.00555,-0.02730,-0.00115,0.00000,0.00000,-0.121,-0.009,0
421.6160,-0.00554,-0.02727,-0.00115,0.00000,0.00000,-0.121,-0.009,0
421.6660,-0.00553,-0.02723,-0.00115,0.00000,0.00000,-0.121,-0.009,0
421.7160,-0.00552,-0.02717,-0.00115,0.00000,0.00000,-0.120,-0.009,0
421.7660,-0.00551,-0.02712,-0.00115,0.00000,0.00000,-0.120,-0.009,0
421.8160,-0.00550,-0.02708,-0.00115,0.00000,0.00000,-0.120,-0.009,0
421.8660,-0.00549,-0.02704,-0.00115,0.00000,0.00000,-0.120,-0.009,0
421.9160,-0.00548,-0.02701,-0.00115,0.00000,0.00000,-0.120,-0.009,0
421.9660,-0.00548,-0.02699,-0.00115,0.00000,0.00000,-0.119,-0.009,0
422.0160,-0.00547,-0.02696,-0.00115,0.00000,0.00000,-0.119,-0.009,0
422.0660,-0.00547,-0.02693,-0.00115,0.00000,0.00000,-0.119,-0.009,0
422.1160,-0.00546,-0.02690,-0.00115,0.00000,0.00000,-0.119,-0.009,0
422.1660,-0.00546,-0.02689,-0.00115,0.00000,0.00000,-0.119,-0.009,0
422.2160,-0.00546,-0.02689,-0.00115,0.00000,0.00000,-0.119,-0.009,0
422.2660,-0.00547,-0.02690,-0.00115,0.00000,0.00000,-0.119,-0.009,0
422.3160,-0.00547,-0.02691,-0.00115,0.00000,0.00000,-0.119,-0.009,0
422.3660,-0.00547,-0.02693,-0.00115,0.00000,0.00000,-0.119,-0.009,0
422.4160,-0.00548,-0.02696,-0.00115,0.00000,0.00000,-0.119,-0.009,0
422.4660,-0.00549,-0.02697,-0.00115,0.00000,0.00000,-0.119,-0.009,0
422.5160,-0.00549,-0.02699,-0.00115,0.00000,0.00000,-0.119,-0.009,0
422.5660,-0.00549,-0.02700,-0.00115,0.00000,0.00000,-0.119,-0.009,0
422.6160,-0.00550,-0.02701,-0.00115,0.00000,0.00000,-0.119,-0.009,0
422.6660,-0.00550,-0.02702,-0.00115,0.00000,0.00000,-0.119,-0.009,0
422.7160,-0.00550,-0.02702,-0.00115,0.00000,0.00000,-0.119,-0.009,0
422.7660,-0.00550,-0.02703,-0.00115,0.00000,0.00000,-0.119,-0.009,0
422.8160,-0.00550,-0.02702,-0.00115,0.00000,0.00000,-0.119,-0.009,0
422.8660,-0.00550,-0.02701,-0.00115,0.00000,0.00000,-0.119,-0.009,0
422.9160,-0.00549,-0.02699,-0.00115,0.00000,0.00000,-0.119,-0.009,0
422.9660,-0.00549,-0.02695,-0.00115,0.00000,0.00000,-0.119,-0.009,0
423.0160,-0.00548,-0.02691,-0.00115,0.00000,0.00000,-0.119,-0.009,0
423.0660,-0.00547,-0.02686,-0.00115,0.00000,0.00000,-0.119,-0.009,0
423.1160,-0.00546,-0.02682,-0.00115,0.00000,0.00000,-0.118,-0.009,0
423.1660,-0.00545,-0.02679,-0.00115,0.00000,0.00000,-0.118,-0.009,0
423.2160,-0.00544,-0.02677,-0.00115,0.00000,0.00000,-0.118,-0.009,0
423.2660,-0.00544,-0.02673,-0.00115,0.00000,0.00000,-0.118,-0.009,0
423.3160,-0.00543,-0.02668,-0.00115,0.00000,0.00000,-0.118,-0.009,0
423.3660,-0.00542,-0.02664,-0.00115,0.00000,0.00000,-0.117,-0.009,0
423.4160,-0.00541,-0.02659,-0.00115,0.00000,0.00000,-0.117,-0.009,0
423.4660,-0.00540,-0.02655,-0.00115,0.00000,0.00000,-0.117,-0.009,0
423.5160,-0.00539,-0.02652,-0.00115,0.00000,0.00000,-0.117,-0.009,0
423.5660,-0.00539,-0.02650,-0.00115,0.00000,0.00000,-0.117,-0.009,0
423.6160,-0.00538,-0.02648,-0.00115,0.00000,0.00000,-0.117,-0.009,0
423.6660,-0.00538,-0.02647,-0.00115,0.00000,0.00000,-0.116,-0.009,0
423.7160,-0.00539,-0.02648,-0.00115,0.00000,0.00000,-0.116,-0.009,0
423.7660,-0.00539,-0.02647,-0.00115,0.00000,0.00000,-0.116,-0.009,0
423.8160,-0.00538,-0.02644,-0.00115,0.00000,0.00000,-0.116,-0.009,0
423.8660,-0.00538,-0.02641,-0.00115,0.00000,0.00000,-0.116,-0.009,0
423.9160,-0.00537,-0.02639,-0.00115,0.00000,0.00000,-0.116,-0.009,0
423.9660,-0.00537,-0.02637,-0.00115,0.00000,0.00000,-0.116,-0.009,0
424.0160,-0.00536,-0.02634,-0.00115,0.00000,0.00000,-0.116,-0.009,0
424.0660,-0.00536,-0.02631,-0.00115,0.00000,0.00000,-0.116,-0.009,0
424.1160,-0.00535,-0.02629,-0.00115,0.00000,0.00000,-0.115,-0.009,0
424.1660,-0.00535,-0.02628,-0.00115,0.00000,0.00000,-0.115,-0.009,0
424.2160,-0.00535,-0.02627,-0.00115,0.00000,0.00000,-0.115,-0.009,0
424.2660,-0.00535,-0.02627,-0.00115,0.00000,0.00000,-0.115,-0.009,0
424.3160,-0.00536,-0.02628,-0.00115,0.00000,0.00000,-0.115,-0.009,0
424.3660,-0.00536,-0.02629,-0.00115,0.00000,0.00000,-0.115,-0.009,0
424.4160,-0.00536,-0.02630,-0.00115,0.00000,0.00000,-0.115,-0.009,0
424.4660,-0.00536,-0.02630,-0.00115,0.00000,0.00000,-0.115,-0.009,0
424.5160,-0.00537,-0.02630,-0.00115,0.00000,0.00000,-0.115,-0.009,0
424.5660,-0.00537,-0.02630,-0.00115,0.00000,0.00000,-0.115,-0.009,0
424.6160,-0.00537,-0.02631,-0.00115,0.00000,0.00000,-0.115,-0.009,0
424.6660,-0.00537,-0.02632,-0.00115,0.00000,0.00000,-0.115,-0.009,0
424.7160,-0.00537,-0.02633,-0.00115,0.00000,0.00000,-0.115,-0.009,0
424.7660,-0.00538,-0.02634,-0.00115,0.00000,0.00000,-0.115,-0.009,0
424.8160,-0.00538,-0.02635,-0.00115,0.00000,0.00000,-0.115,-0.009,0
424.8660,-0.00538,-0.02636,-0.00115,0.00000,0.00000,-0.115,-0.009,0
424.9160,-0.00538,-0.02635,-0.00115,0.00000,0.00000,-0.115,-0.009,0
424.9660,-0.00538,-0.02634,-0.00115,0.00000,0.00000,-0.115,-0.009,0
425.0160,-0.00538,-0.02633,-0.00115,0.00000,0.00000,-0.115,-0.009,0
425.0660,-0.00538,-0.02634,-0.00115,0.00000,0.00000,-0.115,-0.009,0
425.1160,-0.00538,-0.02635,-0.00115,0.00000,0.00000,-0.115,-0.009,0
425.1660,-0.00538,-0.02635,-0.00115,0.00000,0.00000,-0.115,-0.009,0
425.2160,-0.00538,-0.02634,-0.00115,0.00000,0.00000,-0.115,-0.009,0
425.2660,-0.00538,-0.02634,-0.00115,0.00000,0.00000,-0.115,-0.009,0
425.3160,-0.00538,-0.02634,-0.00115,0.00000,0.00000,-0.115,-0.009,0
425.3660,-0.00538,-0.02634,-0.00115,0.00000,0.00000,-0.115,-0.009,0
425.4160,-0.00538,-0.02633,-0.00115,0.00000,0.00000,-0.115,-0.009,0
425.4660,-0.00537,-0.02632,-0.00115,0.00000,0.00000,-0.115,-0.009,0
425.5160,-0.00537,-0.02630,-0.00115,0.00000,0.00000,-0.115,-0.009,0
425.5660,-0.00537,-0.02630,-0.00115,0.00000,0.00000,-0.115,-0.009,0
425.6160,-0.00537,-0.02629,-0.00115,0.00000,0.00000,-0.115,-0.009,0
425.6660,-0.00536,-0.02627,-0.00115,0.00000,0.00000,-0.115,-0.009,0
425.7160,-0.00536,-0.02626,-0.00115,0.00000,0.00000,-0.115,-0.009,0
425.7660,-0.00535,-0.02622,-0.00115,0.00000,0.00000,-0.115,-0.009,0
425.8160,-0.00534,-0.02618,-0.00115,0.00000,0.00000,-0.114,-0.009,0
425.8660,-0.00533,-0.02612,-0.00115,0.00000,0.00000,-0.114,-0.009,0
425.9160,-0.00531,-0.02606,-0.00115,0.00000,0.00000,-0.114,-0.009,0
425.9660,-0.00530,-0.02600,-0.00115,0.00000,0.00000,-0.114,-0.009,0
426.0160,-0.00528,-0.02592,-0.00115,0.00000,0.00000,-0.113,-0.009,0
426.0660,-0.00526,-0.02584,-0.00115,0.00000,0.00000,-0.113,-0.009,0
426.1160,-0.00525,-0.02578,-0.00115,0.00000,0.00000,-0.112,-0.009,0
426.1660,-0.00524,-0.02573,-0.00115,0.00000,0.00000,-0.112,-0.009,0
426.2160,-0.00523,-0.02568,-0.00115,0.00000,0.00000,-0.112,-0.009,0
426.2660,-0.00522,-0.02565,-0.00115,0.00000,0.00000,-0.112,-0.009,0
426.3160,-0.00522,-0.02562,-0.00115,0.00000,0.00000,-0.112,-0.009,0
426.3660,-0.00521,-0.02560,-0.00115,0.00000,0.00000,-0.112,-0.009,0
426.4160,-0.00522,-0.02559,-0.00115,0.00000,0.00000,-0.111,-0.009,0
426.4660,-0.00522,-0.02559,-0.00115,0.00000,0.00000,-0.111,-0.009,0
426.5160,-0.00522,-0.02559,-0.00115,0.00000,0.00000,-0.111,-0.009,0
426.5660,-0.00522,-0.02559,-0.00115,0.00000,0.00000,-0.111,-0.009,0
426.6160,-0.00523,-0.02560,-0.00115,0.00000,0.00000,-0.111,-0.009,0
426.6660,-0.00523,-0.02562,-0.00115,0.00000,0.00000,-0.111,-0.009,0
426.7160,-0.00524,-0.02565,-0.00115,0.00000,0.00000,-0.111,-0.009,0
426.7660,-0.00525,-0.02568,-0.00115,0.00000,0.00000,-0.112,-0.009,0
426.8160,-0.00526,-0.02572,-0.00115,0.00000,0.00000,-0.112,-0.009,0
426.8660,-0.00527,-0.02576,-0.00115,0.00000,0.00000,-0.112,-0.009,0
426.9160,-0.00528,-0.02578,-0.00115,0.00000,0.00000,-0.112,-0.009,0
426.9660,-0.00528,-0.02581,-0.00115,0.00000,0.00000,-0.112,-0.009,0
427.0160,-0.00529,-0.02584,-0.00115,0.00000,0.00000,-0.112,-0.009,0
427.0660,-0.00530,-0.02586,-0.00115,0.00000,0.00000,-0.112,-0.009,0
427.1160,-0.00530,-0.02589,-0.00115,0.00000,0.00000,-0.112,-0.009,0
427.1660,-0.00530,-0.02590,-0.00115,0.00000,0.00000,-0.112,-0.009,0
427.2160,-0.00530,-0.02589,-0.00115,0.00000,0.00000,-0.112,-0.009,0
427.2660,-0.00530,-0.02588,-0.00115,0.00000,0.00000,-0.112,-0.009,0
427.3160,-0.00530,-0.02586,-0.00115,0.00000,0.00000,-0.112,-0.009,0
427.3660,-0.00529,-0.02584,-0.00115,0.00000,0.00000,-0.112,-0.009,0
427.4160,-0.00528,-0.02581,-0.00115,0.00000,0.00000,-0.112,-0.009,0
427.4660,-0.00527,-0.02577,-0.00115,0.00000,0.00000,-0.112,-0.009,0
427.5160,-0.00527,-0.02574,-0.00115,0.00000,0.00000,-0.112,-0.009,0
427.5660,-0.00526,-0.02572,-0.00115,0.00000,0.00000,-0.111,-0.009,0
427.6160,-0.00525,-0.02569,-0.00115,0.00000,0.00000,-0.111,-0.009,0
427.6660,-0.00525,-0.02566,-0.00115,0.00000,0.00000,-0.111,-0.009,0
427.7160,-0.00524,-0.02564,-0.00115,0.00000,0.00000,-0.111,-0.009,0
427.7660,-0.00523,-0.02561,-0.00115,0.00000,0.00000,-0.111,-0.009,0
427.8160,-0.00523,-0.02558,-0.00115,0.00000,0.00000,-0.111,-0.009,0
427.8660,-0.00522,-0.02555,-0.00115,0.00000,0.00000,-0.111,-0.009,0
427.9160,-0.00522,-0.02553,-0.00115,0.00000,0.00000,-0.110,-0.009,0
427.9660,-0.00521,-0.02551,-0.00115,0.00000,0.00000,-0.110,-0.009,0
428.0160,-0.00521,-0.02550,-0.00115,0.00000,0.00000,-0.110,-0.009,0
428.0660,-0.00521,-0.02548,-0.00115,0.00000,0.00000,-0.110,-0.009,0
428.1160,-0.00520,-0.02547,-0.00115,0.00000,0.00000,-0.110,-0.009,0
428.1660,-0.00520,-0.02545,-0.00115,0.00000,0.00000,-0.110,-0.009,0
428.2160,-0.00520,-0.02545,-0.00115,0.00000,0.00000,-0.110,-0.009,0
428.2660,-0.00520,-0.02544,-0.00115,0.00000,0.00000,-0.110,-0.009,0
428.3160,-0.00520,-0.02544,-0.00115,0.00000,0.00000,-0.110,-0.009,0
428.3660,-0.00520,-0.02543,-0.00115,0.00000,0.00000,-0.110,-0.009,0
428.4160,-0.00520,-0.02541,-0.00115,0.00000,0.00000,-0.110,-0.009,0
428.4660,-0.00520,-0.02541,-0.00115,0.00000,0.00000,-0.110,-0.009,0
428.5160,-0.00520,-0.02541,-0.00115,0.00000,0.00000,-0.110,-0.009,0
428.5660,-0.00520,-0.02541,-0.00115,0.00000,0.00000,-0.110,-0.009,0
428.6160,-0.00520,-0.02542,-0.00115,0.00000,0.00000,-0.110,-0.009,0
428.6660,-0.00520,-0.02543,-0.00115,0.00000,0.00000,-0.110,-0.009,0
428.7160,-0.00521,-0.02544,-0.00115,0.00000,0.00000,-0.110,-0.009,0
428.7660,-0.00521,-0.02546,-0.00115,0.00000,0.00000,-0.110,-0.009,0
428.8160,-0.00522,-0.02549,-0.00115,0.00000,0.00000,-0.110,-0.009,0
428.8660,-0.00523,-0.02553,-0.00115,0.00000,0.00000,-0.110,-0.009,0
428.9160,-0.00524,-0.02557,-0.00115,0.00000,0.00000,-0.110,-0.009,0
428.9660,-0.00525,-0.02563,-0.00115,0.00000,0.00000,-0.110,-0.009,0
429.0160,-0.00527,-0.02568,-0.00115,0.00000,0.00000,-0.111,-0.009,0
429.0660,-0.00528,-0.02572,-0.00115,0.00000,0.00000,-0.111,-0.009,0
429.1160,-0.00528,-0.02576,-0.00115,0.00000,0.00000,-0.111,-0.009,0
429.1660,-0.00529,-0.02578,-0.00115,0.00000,0.00000,-0.111,-0.009,0
429.2160,-0.00529,-0.02579,-0.00115,0.00000,0.00000,-0.111,-0.009,0
429.2660,-0.00529,-0.02581,-0.00115,0.00000,0.00000,-0.111,-0.009,0
429.3160,-0.00530,-0.02583,-0.00115,0.00000,0.00000,-0.111,-0.009,0
429.3660,-0.00530,-0.02583,-0.00115,0.00000,0.00000,-0.111,-0.009,0
429.4160,-0.00530,-0.02583,-0.00115,0.00000,0.00000,-0.111,-0.009,0
429.4660,-0.00530,-0.02583,-0.00115,0.00000,0.00000,-0.111,-0.009,0
429.5160,-0.00529,-0.02583,-0.00115,0.00000,0.00000,-0.111,-0.009,0
429.5660,-0.00529,-0.02583,-0.00115,0.00000,0.00000,-0.111,-0.009,0
429.6160,-0.00529,-0.02581,-0.00115,0.00000,0.00000,-0.111,-0.009,0
429.6660,-0.00528,-0.02579,-0.00115,0.00000,0.00000,-0.111,-0.009,0
429.7160,-0.00528,-0.02578,-0.00115,0.00000,0.00000,-0.111,-0.009,0
429.7660,-0.00528,-0.02578,-0.00115,0.00000,0.00000,-0.111,-0.009,0
429.8160,-0.00527,-0.02577,-0.00115,0.00000,0.00000,-0.111,-0.009,0
429.8660,-0.00527,-0.02575,-0.00115,0.00000,0.00000,-0.111,-0.009,0
429.9160,-0.00527,-0.02573,-0.00115,0.00000,0.00000,-0.111,-0.009,0
429.9660,-0.00526,-0.02572,-0.00115,0.00000,0.00000,-0.111,-0.009,0
430.0160,-0.00526,-0.02570,-0.00115,0.00000,0.00000,-0.111,-0.009,0
430.0660,-0.00526,-0.02570,-0.00115,0.00000,0.00000,-0.111,-0.009,0
430.1160,-0.00526,-0.02571,-0.00115,0.00000,0.00000,-0.111,-0.009,0
430.1660,-0.00526,-0.02574,-0.00115,0.00000,0.00000,-0.111,-0.009,0
430.2160,-0.00527,-0.02575,-0.00115,0.00000,0.00000,-0.111,-0.009,0
430.2660,-0.00527,-0.02576,-0.00115,0.00000,0.00000,-0.111,-0.009,0
430.3160,-0.00527,-0.02578,-0.00115,0.00000,0.00000,-0.111,-0.009,0
430.3660,-0.00528,-0.02580,-0.00115,0.00000,0.00000,-0.111,-0.009,0
430.4160,-0.00528,-0.02581,-0.00115,0.00000,0.00000,-0.111,-0.009,0
430.4660,-0.00528,-0.02582,-0.00115,0.00000,0.00000,-0.111,-0.009,0
430.5160,-0.00529,-0.02583,-0.00115,0.00000,0.00000,-0.111,-0.009,0
430.5660,-0.00529,-0.02583,-0.00115,0.00000,0.00000,-0.111,-0.009,0
430.6160,-0.00529,-0.02584,-0.00115,0.00000,0.00000,-0.111,-0.009,0
430.6660,-0.00529,-0.02586,-0.00115,0.00000,0.00000,-0.112,-0.009,0
430.7160,-0.00530,-0.02588,-0.00115,0.00000,0.00000,-0.112,-0.009,0
430.7660,-0.00530,-0.02591,-0.00115,0.00000,0.00000,-0.112,-0.009,0
430.8160,-0.00531,-0.02592,-0.00115,0.00000,0.00000,-0.112,-0.009,0
430.8660,-0.00531,-0.02594,-0.00115,0.00000,0.00000,-0.112,-0.009,0
430.9160,-0.00531,-0.02594,-0.00115,0.00000,0.00000,-0.112,-0.009,0
430.9660,-0.00531,-0.02593,-0.00115,0.00000,0.00000,-0.112,-0.009,0
431.0160,-0.00530,-0.02593,-0.00115,0.00000,0.00000,-0.112,-0.009,0
431.0660,-0.00531,-0.02593,-0.00115,0.00000,0.00000,-0.112,-0.009,0
431.1160,-0.00531,-0.02593,-0.00115,0.00000,0.00000,-0.112,-0.009,0
431.1660,-0.00531,-0.02595,-0.00115,0.00000,0.00000,-0.112,-0.009,0
431.2160,-0.00532,-0.02598,-0.00115,0.00000,0.00000,-0.112,-0.009,0
431.2660,-0.00533,-0.02602,-0.00115,0.00000,0.00000,-0.112,-0.009,0
431.3160,-0.00534,-0.02607,-0.00115,0.00000,0.00000,-0.113,-0.009,0
431.3660,-0.00535,-0.02611,-0.00115,0.00000,0.00000,-0.113,-0.009,0
431.4160,-0.00535,-0.02615,-0.00115,0.00000,0.00000,-0.113,-0.009,0
431.4660,-0.00536,-0.02618,-0.00115,0.00000,0.00000,-0.113,-0.009,0
431.5160,-0.00537,-0.02622,-0.00115,0.00000,0.00000,-0.113,-0.009,0
431.5660,-0.00538,-0.02625,-0.00115,0.00000,0.00000,-0.114,-0.009,0
431.6160,-0.00538,-0.02629,-0.00115,0.00000,0.00000,-0.114,-0.009,0
431.6660,-0.00539,-0.02633,-0.00115,0.00000,0.00000,-0.114,-0.009,0
431.7160,-0.00540,-0.02637,-0.00115,0.00000,0.00000,-0.114,-0.009,0
431.7660,-0.00540,-0.02639,-0.00115,0.00000,0.00000,-0.114,-0.009,0
431.8160,-0.00541,-0.02642,-0.00115,0.00000,0.00000,-0.114,-0.009,0
431.8660,-0.00541,-0.02642,-0.00115,0.00000,0.00000,-0.114,-0.009,0
431.9160,-0.00540,-0.02641,-0.00115,0.00000,0.00000,-0.114,-0.009,0
431.9660,-0.00540,-0.02640,-0.00115,0.00000,0.00000,-0.114,-0.009,0
432.0160,-0.00540,-0.02640,-0.00115,0.00000,0.00000,-0.114,-0.009,0
432.0660,-0.00540,-0.02641,-0.00115,0.00000,0.00000,-0.114,-0.009,0
432.1160,-0.00540,-0.02641,-0.00115,0.00000,0.00000,-0.115,-0.009,0
432.1660,-0.00540,-0.02642,-0.00115,0.00000,0.00000,-0.115,-0.009,0
432.2160,-0.00540,-0.02643,-0.00115,0.00000,0.00000,-0.115,-0.009,0
432.2660,-0.00541,-0.02645,-0.00115,0.00000,0.00000,-0.115,-0.009,0
432.3160,-0.00541,-0.02647,-0.00115,0.00000,0.00000,-0.115,-0.009,0
432.3660,-0.00541,-0.02649,-0.00115,0.00000,0.00000,-0.115,-0.009,0
432.4160,-0.00542,-0.02651,-0.00115,0.00000,0.00000,-0.115,-0.009,0
432.4660,-0.00542,-0.02654,-0.00115,0.00000,0.00000,-0.115,-0.009,0
432.5160,-0.00543,-0.02657,-0.00115,0.00000,0.00000,-0.115,-0.009,0
432.5660,-0.00544,-0.02661,-0.00115,0.00000,0.00000,-0.116,-0.009,0
432.6160,-0.00544,-0.02665,-0.00115,0.00000,0.00000,-0.116,-0.009,0
432.6660,-0.00545,-0.02668,-0.00115,0.00000,0.00000,-0.116,-0.009,0
432.7160,-0.00546,-0.02671,-0.00115,0.00000,0.00000,-0.116,-0.009,0
432.7660,-0.00546,-0.02672,-0.00115,0.00000,0.00000,-0.116,-0.009,0
432.8160,-0.00546,-0.02673,-0.00115,0.00000,0.00000,-0.116,-0.009,0
432.8660,-0.00546,-0.02673,-0.00115,0.00000,0.00000,-0.116,-0.009,0
432.9160,-0.00546,-0.02674,-0.00115,0.00000,0.00000,-0.116,-0.009,0
432.9660,-0.00546,-0.02675,-0.00115,0.00000,0.00000,-0.117,-0.009,0
433.0160,-0.00546,-0.02676,-0.00115,0.00000,0.00000,-0.117,-0.009,0
433.0660,-0.00546,-0.02676,-0.00115,0.00000,0.00000,-0.117,-0.009,0
433.1160,-0.00546,-0.02676,-0.00115,0.00000,0.00000,-0.117,-0.009,0
433.1660,-0.00546,-0.02675,-0.00115,0.00000,0.00000,-0.117,-0.009,0
433.2160,-0.00545,-0.02674,-0.00115,0.00000,0.00000,-0.117,-0.009,0
433.2660,-0.00545,-0.02675,-0.00115,0.00000,0.00000,-0.117,-0.009,0
433.3160,-0.00546,-0.02676,-0.00115,0.00000,0.00000,-0.117,-0.009,0
433.3660,-0.00546,-0.02677,-0.00115,0.00000,0.00000,-0.117,-0.009,0
433.4160,-0.00546,-0.02677,-0.00115,0.00000,0.00000,-0.117,-0.009,0
433.4660,-0.00545,-0.02676,-0.00115,0.00000,0.00000,-0.117,-0.009,0
433.5160,-0.00545,-0.02675,-0.00115,0.00000,0.00000,-0.117,-0.009,0
433.5660,-0.00545,-0.02674,-0.00115,0.00000,0.00000,-0.117,-0.009,0
433.6160,-0.00544,-0.02672,-0.00115,0.00000,0.00000,-0.117,-0.009,0
433.6660,-0.00544,-0.02668,-0.00115,0.00000,0.00000,-0.117,-0.009,0
433.7160,-0.00543,-0.02665,-0.00115,0.00000,0.00000,-0.117,-0.009,0
433.7660,-0.00542,-0.02662,-0.00115,0.00000,0.00000,-0.116,-0.009,0
433.8160,-0.00541,-0.02659,-0.00115,0.00000,0.00000,-0.116,-0.009,0
433.8660,-0.00541,-0.02657,-0.00115,0.00000,0.00000,-0.116,-0.009,0
433.9160,-0.00540,-0.02655,-0.00115,0.00000,0.00000,-0.116,-0.009,0
433.9660,-0.00540,-0.02654,-0.00115,0.00000,0.00000,-0.116,-0.009,0
434.0160,-0.00540,-0.02654,-0.00115,0.00000,0.00000,-0.116,-0.009,0
434.0660,-0.00540,-0.02652,-0.00115,0.00000,0.00000,-0.116,-0.009,0
434.1160,-0.00539,-0.02649,-0.00115,0.00000,0.00000,-0.116,-0.009,0
434.1660,-0.00539,-0.02646,-0.00115,0.00000,0.00000,-0.116,-0.009,0
434.2160,-0.00538,-0.02643,-0.00115,0.00000,0.00000,-0.116,-0.009,0
434.2660,-0.00538,-0.02642,-0.00115,0.00000,0.00000,-0.116,-0.009,0
434.3160,-0.00537,-0.02640,-0.00115,0.00000,0.00000,-0.116,-0.009,0
434.3660,-0.00537,-0.02638,-0.00115,0.00000,0.00000,-0.115,-0.009,0
434.4160,-0.00536,-0.02634,-0.00115,0.00000,0.00000,-0.115,-0.009,0
434.4660,-0.00536,-0.02632,-0.00115,0.00000,0.00000,-0.115,-0.009,0
434.5160,-0.00535,-0.02628,-0.00115,0.00000,0.00000,-0.115,-0.009,0
434.5660,-0.00534,-0.02625,-0.00115,0.00000,0.00000,-0.115,-0.009,0
434.6160,-0.00534,-0.02623,-0.00115,0.00000,0.00000,-0.115,-0.009,0
434.6660,-0.00534,-0.02622,-0.00115,0.00000,0.00000,-0.115,-0.009,0
434.7160,-0.00534,-0.02622,-0.00115,0.00000,0.00000,-0.115,-0.009,0
434.7660,-0.00534,-0.02622,-0.00115,0.00000,0.00000,-0.115,-0.009,0
434.8160,-0.00534,-0.02621,-0.00115,0.00000,0.00000,-0.115,-0.009,0
434.8660,-0.00534,-0.02621,-0.00115,0.00000,0.00000,-0.115,-0.009,0
434.9160,-0.00534,-0.02622,-0.00115,0.00000,0.00000,-0.115,-0.009,0
434.9660,-0.00535,-0.02622,-0.00115,0.00000,0.00000,-0.115,-0.009,0
435.0160,-0.00535,-0.02622,-0.00115,0.00000,0.00000,-0.115,-0.009,0
435.0660,-0.00535,-0.02622,-0.00115,0.00000,0.00000,-0.115,-0.009,0
435.1160,-0.00535,-0.02621,-0.00115,0.00000,0.00000,-0.115,-0.009,0
435.1660,-0.00535,-0.02621,-0.00115,0.00000,0.00000,-0.114,-0.009,0
435.2160,-0.00535,-0.02620,-0.00115,0.00000,0.00000,-0.114,-0.009,0
435.2660,-0.00535,-0.02621,-0.00115,0.00000,0.00000,-0.114,-0.009,0
435.3160,-0.00535,-0.02621,-0.00115,0.00000,0.00000,-0.114,-0.009,0
435.3660,-0.00535,-0.02621,-0.00115,0.00000,0.00000,-0.114,-0.009,0
435.4160,-0.00535,-0.02621,-0.00115,0.00000,0.00000,-0.114,-0.009,0
435.4660,-0.00535,-0.02620,-0.00115,0.00000,0.00000,-0.114,-0.009,0
435.5160,-0.00535,-0.02619,-0.00115,0.00000,0.00000,-0.114,-0.009,0
435.5660,-0.00534,-0.02617,-0.00115,0.00000,0.00000,-0.114,-0.009,0
435.6160,-0.00534,-0.02614,-0.00115,0.00000,0.00000,-0.114,-0.009,0
435.6660,-0.00533,-0.02611,-0.00115,0.00000,0.00000,-0.114,-0.009,0
435.7160,-0.00532,-0.02608,-0.00115,0.00000,0.00000,-0.114,-0.009,0
435.7660,-0.00532,-0.02606,-0.00115,0.00000,0.00000,-0.114,-0.009,0
435.8160,-0.00531,-0.02604,-0.00115,0.00000,0.00000,-0.114,-0.009,0
435.8660,-0.00531,-0.02603,-0.00115,0.00000,0.00000,-0.113,-0.009,0
435.9160,-0.00531,-0.02602,-0.00115,0.00000,0.00000,-0.113,-0.009,0
435.9660,-0.00531,-0.02601,-0.00115,0.00000,0.00000,-0.113,-0.009,0
436.0160,-0.00531,-0.02601,-0.00115,0.00000,0.00000,-0.113,-0.009,0
436.0660,-0.00531,-0.02602,-0.00115,0.00000,0.00000,-0.113,-0.009,0
436.1160,-0.00532,-0.02604,-0.00115,0.00000,0.00000,-0.113,-0.009,0
436.1660,-0.00532,-0.02606,-0.00115,0.00000,0.00000,-0.113,-0.009,0
436.2160,-0.00533,-0.02609,-0.00115,0.00000,0.00000,-0.114,-0.009,0
436.2660,-0.00534,-0.02612,-0.00115,0.00000,0.00000,-0.114,-0.009,0
436.3160,-0.00535,-0.02615,-0.00115,0.00000,0.00000,-0.114,-0.009,0
436.3660,-0.00535,-0.02616,-0.00115,0.00000,0.00000,-0.114,-0.009,0
436.4160,-0.00535,-0.02618,-0.00115,0.00000,0.00000,-0.114,-0.009,0
436.4660,-0.00536,-0.02619,-0.00115,0.00000,0.00000,-0.114,-0.009,0
436.5160,-0.00536,-0.02620,-0.00115,0.00000,0.00000,-0.114,-0.009,0
436.5660,-0.00536,-0.02622,-0.00115,0.00000,0.00000,-0.114,-0.009,0
436.6160,-0.00537,-0.02624,-0.00115,0.00000,0.00000,-0.114,-0.009,0
436.6660,-0.00537,-0.02626,-0.00115,0.00000,0.00000,-0.114,-0.009,0
436.7160,-0.00537,-0.02628,-0.00115,0.00000,0.00000,-0.114,-0.009,0
436.7660,-0.00538,-0.02630,-0.00115,0.00000,0.00000,-0.114,-0.009,0
436.8160,-0.00538,-0.02633,-0.00115,0.00000,0.00000,-0.114,-0.009,0
436.8660,-0.00539,-0.02635,-0.00115,0.00000,0.00000,-0.115,-0.009,0
436.9160,-0.00539,-0.02638,-0.00115,0.00000,0.00000,-0.115,-0.009,0
436.9660,-0.00540,-0.02640,-0.00115,0.00000,0.00000,-0.115,-0.009,0
437.0160,-0.00541,-0.02643,-0.00115,0.00000,0.00000,-0.115,-0.009,0
437.0660,-0.00541,-0.02645,-0.00115,0.00000,0.00000,-0.115,-0.009,0
437.1160,-0.00541,-0.02646,-0.00115,0.00000,0.00000,-0.115,-0.009,0
437.1660,-0.00541,-0.02647,-0.00115,0.00000,0.00000,-0.115,-0.009,0
437.2160,-0.00541,-0.02648,-0.00115,0.00000,0.00000,-0.115,-0.009,0
437.2660,-0.00541,-0.02649,-0.00115,0.00000,0.00000,-0.115,-0.009,0
437.3160,-0.00542,-0.02650,-0.00115,0.00000,0.00000,-0.115,-0.009,0
437.3660,-0.00542,-0.02652,-0.00115,0.00000,0.00000,-0.115,-0.009,0
437.4160,-0.00542,-0.02653,-0.00115,0.00000,0.00000,-0.115,-0.009,0
437.4660,-0.00542,-0.02655,-0.00115,0.00000,0.00000,-0.116,-0.009,0
437.5160,-0.00543,-0.02658,-0.00115,0.00000,0.00000,-0.116,-0.009,0
437.5660,-0.00544,-0.02660,-0.00115,0.00000,0.00000,-0.116,-0.009,0
437.6160,-0.00544,-0.02662,-0.00115,0.00000,0.00000,-0.116,-0.009,0
437.6660,-0.00544,-0.02664,-0.00115,0.00000,0.00000,-0.116,-0.009,0
437.7160,-0.00545,-0.02667,-0.00115,0.00000,0.00000,-0.116,-0.009,0
437.7660,-0.00546,-0.02670,-0.00115,0.00000,0.00000,-0.116,-0.009,0
437.8160,-0.00546,-0.02674,-0.00115,0.00000,0.00000,-0.116,-0.009,0
437.8660,-0.00547,-0.02677,-0.00115,0.00000,0.00000,-0.117,-0.009,0
437.9160,-0.00547,-0.02679,-0.00115,0.00000,0.00000,-0.117,-0.009,0
437.9660,-0.00548,-0.02682,-0.00115,0.00000,0.00000,-0.117,-0.009,0
438.0160,-0.00549,-0.02686,-0.00115,0.00000,0.00000,-0.117,-0.009,0
438.0660,-0.00549,-0.02689,-0.00115,0.00000,0.00000,-0.117,-0.009,0
438.1160,-0.00550,-0.02691,-0.00115,0.00000,0.00000,-0.117,-0.009,0
438.1660,-0.00550,-0.02693,-0.00115,0.00000,0.00000,-0.118,-0.009,0
438.2160,-0.00550,-0.02694,-0.00115,0.00000,0.00000,-0.118,-0.009,0
438.2660,-0.00550,-0.02695,-0.00115,0.00000,0.00000,-0.118,-0.009,0
438.3160,-0.00550,-0.02695,-0.00115,0.00000,0.00000,-0.118,-0.009,0
438.3660,-0.00550,-0.02697,-0.00115,0.00000,0.00000,-0.118,-0.009,0
438.4160,-0.00551,-0.02698,-0.00115,0.00000,0.00000,-0.118,-0.009,0
438.4660,-0.00551,-0.02700,-0.00115,0.00000,0.00000,-0.118,-0.009,0
438.5160,-0.00551,-0.02702,-0.00115,0.00000,0.00000,-0.118,-0.009,0
438.5660,-0.00551,-0.02703,-0.00115,0.00000,0.00000,-0.118,-0.009,0
438.6160,-0.00552,-0.02705,-0.00115,0.00000,0.00000,-0.118,-0.009,0
438.6660,-0.00552,-0.02707,-0.00115,0.00000,0.00000,-0.118,-0.009,0
438.7160,-0.00552,-0.02710,-0.00115,0.00000,0.00000,-0.119,-0.009,0
438.7660,-0.00553,-0.02711,-0.00115,0.00000,0.00000,-0.119,-0.009,0
438.8160,-0.00553,-0.02712,-0.00115,0.00000,0.00000,-0.119,-0.009,0
438.8660,-0.00553,-0.02713,-0.00115,0.00000,0.00000,-0.119,-0.009,0
438.9160,-0.00553,-0.02714,-0.00115,0.00000,0.00000,-0.119,-0.009,0
438.9660,-0.00553,-0.02713,-0.00115,0.00000,0.00000,-0.119,-0.009,0
439.0160,-0.00552,-0.02712,-0.00115,0.00000,0.00000,-0.119,-0.009,0
439.0660,-0.00552,-0.02712,-0.00115,0.00000,0.00000,-0.119,-0.009,0
439.1160,-0.00552,-0.02712,-0.00115,0.00000,0.00000,-0.119,-0.009,0
439.1660,-0.00552,-0.02712,-0.00115,0.00000,0.00000,-0.119,-0.009,0
439.2160,-0.00552,-0.02712,-0.00115,0.00000,0.00000,-0.119,-0.009,0
439.2660,-0.00552,-0.02712,-0.00115,0.00000,0.00000,-0.119,-0.009,0
439.3160,-0.00552,-0.02711,-0.00115,0.00000,0.00000,-0.119,-0.009,0
439.3660,-0.00552,-0.02711,-0.00115,0.00000,0.00000,-0.119,-0.009,0
439.4160,-0.00552,-0.02710,-0.00115,0.00000,0.00000,-0.119,-0.009,0
439.4660,-0.00552,-0.02711,-0.00115,0.00000,0.00000,-0.119,-0.009,0
439.5160,-0.00552,-0.02714,-0.00115,0.00000,0.00000,-0.119,-0.009,0
439.5660,-0.00553,-0.02717,-0.00115,0.00000,0.00000,-0.119,-0.009,0
439.6160,-0.00554,-0.02720,-0.00115,0.00000,0.00000,-0.120,-0.009,0
439.6660,-0.00554,-0.02721,-0.00115,0.00000,0.00000,-0.120,-0.009,0
439.7160,-0.00554,-0.02723,-0.00115,0.00000,0.00000,-0.120,-0.009,0
439.7660,-0.00555,-0.02725,-0.00115,0.00000,0.00000,-0.120,-0.009,0
439.8160,-0.00555,-0.02727,-0.00115,0.00000,0.00000,-0.120,-0.009,0
439.8660,-0.00556,-0.02730,-0.00115,0.00000,0.00000,-0.120,-0.009,0
439.9160,-0.00556,-0.02730,-0.00115,0.00000,0.00000,-0.120,-0.009,0
439.9660,-0.00556,-0.02729,-0.00115,0.00000,0.00000,-0.120,-0.009,0
440.0160,-0.00555,-0.02729,-0.00115,0.00000,0.00000,-0.120,-0.009,0
440.0660,-0.00555,-0.02728,-0.00115,0.00000,0.00000,-0.120,-0.009,0
440.1160,-0.00555,-0.02727,-0.00115,0.00000,0.00000,-0.120,-0.009,0
440.1660,-0.00555,-0.02728,-0.00115,0.00000,0.00000,-0.120,-0.009,0
440.2160,-0.00555,-0.02729,-0.00115,0.00000,0.00000,-0.120,-0.009,0
440.2660,-0.00555,-0.02729,-0.00115,0.00000,0.00000,-0.120,-0.009,0
440.3160,-0.00555,-0.02729,-0.00115,0.00000,0.00000,-0.120,-0.009,0
440.3660,-0.00555,-0.02728,-0.00115,0.00000,0.00000,-0.120,-0.009,0
440.4160,-0.00554,-0.02725,-0.00115,0.00000,0.00000,-0.120,-0.009,0
440.4660,-0.00554,-0.02723,-0.00115,0.00000,0.00000,-0.120,-0.009,0
440.5160,-0.00553,-0.02720,-0.00115,0.00000,0.00000,-0.120,-0.009,0
440.5660,-0.00553,-0.02719,-0.00115,0.00000,0.00000,-0.120,-0.009,0
440.6160,-0.00553,-0.02719,-0.00115,0.00000,0.00000,-0.120,-0.009,0
440.6660,-0.00552,-0.02718,-0.00115,0.00000,0.00000,-0.120,-0.009,0
440.7160,-0.00552,-0.02717,-0.00115,0.00000,0.00000,-0.120,-0.009,0
440.7660,-0.00552,-0.02715,-0.00115,0.00000,0.00000,-0.120,-0.009,0
440.8160,-0.00551,-0.02713,-0.00115,0.00000,0.00000,-0.120,-0.009,0
440.8660,-0.00551,-0.02713,-0.00115,0.00000,0.00000,-0.120,-0.009,0
440.9160,-0.00551,-0.02713,-0.00115,0.00000,0.00000,-0.120,-0.009,0
440.9660,-0.00551,-0.02712,-0.00115,0.00000,0.00000,-0.120,-0.009,0
441.0160,-0.00551,-0.02711,-0.00115,0.00000,0.00000,-0.120,-0.009,0
441.0660,-0.00551,-0.02710,-0.00115,0.00000,0.00000,-0.120,-0.009,0
441.1160,-0.00551,-0.02709,-0.00115,0.00000,0.00000,-0.120,-0.009,0
441.1660,-0.00551,-0.02709,-0.00115,0.00000,0.00000,-0.120,-0.009,0
441.2160,-0.00551,-0.02708,-0.00115,0.00000,0.00000,-0.120,-0.009,0
441.2660,-0.00550,-0.02707,-0.00115,0.00000,0.00000,-0.119,-0.009,0
441.3160,-0.00550,-0.02704,-0.00115,0.00000,0.00000,-0.119,-0.009,0
441.3660,-0.00549,-0.02703,-0.00115,0.00000,0.00000,-0.119,-0.009,0
441.4160,-0.00549,-0.02701,-0.00115,0.00000,0.00000,-0.119,-0.009,0
441.4660,-0.00549,-0.02699,-0.00115,0.00000,0.00000,-0.119,-0.009,0
441.5160,-0.00548,-0.02697,-0.00115,0.00000,0.00000,-0.119,-0.009,0
441.5660,-0.00548,-0.02694,-0.00115,0.00000,0.00000,-0.119,-0.009,0
441.6160,-0.00547,-0.02691,-0.00115,0.00000,0.00000,-0.119,-0.009,0
441.6660,-0.00546,-0.02688,-0.00115,0.00000,0.00000,-0.119,-0.009,0
441.7160,-0.00546,-0.02684,-0.00115,0.00000,0.00000,-0.118,-0.009,0
441.7660,-0.00545,-0.02680,-0.00115,0.00000,0.00000,-0.118,-0.009,0
441.8160,-0.00544,-0.02677,-0.00115,0.00000,0.00000,-0.118,-0.009,0
441.8660,-0.00543,-0.02672,-0.00115,0.00000,0.00000,-0.118,-0.009,0
441.9160,-0.00542,-0.02668,-0.00115,0.00000,0.00000,-0.118,-0.009,0
441.9660,-0.00541,-0.02664,-0.00115,0.00000,0.00000,-0.118,-0.009,0
442.0160,-0.00541,-0.02660,-0.00115,0.00000,0.00000,-0.117,-0.009,0
442.0660,-0.00540,-0.02658,-0.00115,0.00000,0.00000,-0.117,-0.009,0
442.1160,-0.00540,-0.02656,-0.00115,0.00000,0.00000,-0.117,-0.009,0
442.1660,-0.00539,-0.02654,-0.00115,0.00000,0.00000,-0.117,-0.009,0
442.2160,-0.00539,-0.02652,-0.00115,0.00000,0.00000,-0.117,-0.009,0
442.2660,-0.00539,-0.02650,-0.00115,0.00000,0.00000,-0.117,-0.009,0
442.3160,-0.00539,-0.02648,-0.00115,0.00000,0.00000,-0.117,-0.009,0
442.3660,-0.00538,-0.02647,-0.00115,0.00000,0.00000,-0.117,-0.009,0
442.4160,-0.00538,-0.02645,-0.00115,0.00000,0.00000,-0.116,-0.009,0
442.4660,-0.00538,-0.02645,-0.00115,0.00000,0.00000,-0.116,-0.009,0
442.5160,-0.00538,-0.02644,-0.00115,0.00000,0.00000,-0.116,-0.009,0
442.5660,-0.00538,-0.02643,-0.00115,0.00000,0.00000,-0.116,-0.009,0
442.6160,-0.00538,-0.02642,-0.00115,0.00000,0.00000,-0.116,-0.009,0
442.6660,-0.00538,-0.02642,-0.00115,0.00000,0.00000,-0.116,-0.009,0
442.7160,-0.00538,-0.02642,-0.00115,0.00000,0.00000,-0.116,-0.009,0
442.7660,-0.00539,-0.02643,-0.00115,0.00000,0.00000,-0.116,-0.009,0
442.8160,-0.00540,-0.02647,-0.00115,0.00000,0.00000,-0.116,-0.009,0
442.8660,-0.00541,-0.02651,-0.00115,0.00000,0.00000,-0.116,-0.009,0
442.9160,-0.00542,-0.02654,-0.00115,0.00000,0.00000,-0.116,-0.009,0
442.9660,-0.00542,-0.02657,-0.00115,0.00000,0.00000,-0.117,-0.009,0
443.0160,-0.00543,-0.02659,-0.00115,0.00000,0.00000,-0.117,-0.009,0
443.0660,-0.00543,-0.02661,-0.00115,0.00000,0.00000,-0.117,-0.009,0
443.1160,-0.00544,-0.02664,-0.00115,0.00000,0.00000,-0.117,-0.009,0
443.1660,-0.00544,-0.02665,-0.00115,0.00000,0.00000,-0.117,-0.009,0
443.2160,-0.00545,-0.02666,-0.00115,0.00000,0.00000,-0.117,-0.009,0
443.2660,-0.00545,-0.02667,-0.00115,0.00000,0.00000,-0.117,-0.009,0
443.3160,-0.00545,-0.02667,-0.00115,0.00000,0.00000,-0.117,-0.009,0
443.3660,-0.00545,-0.02667,-0.00115,0.00000,0.00000,-0.117,-0.009,0
443.4160,-0.00544,-0.02666,-0.00115,0.00000,0.00000,-0.117,-0.009,0
443.4660,-0.00544,-0.02665,-0.00115,0.00000,0.00000,-0.117,-0.009,0
443.5160,-0.00543,-0.02663,-0.00115,0.00000,0.00000,-0.117,-0.009,0
443.5660,-0.00543,-0.02662,-0.00115,0.00000,0.00000,-0.117,-0.009,0
443.6160,-0.00543,-0.02660,-0.00115,0.00000,0.00000,-0.117,-0.009,0
443.6660,-0.00543,-0.02660,-0.00115,0.00000,0.00000,-0.117,-0.009,0
443.7160,-0.00542,-0.02659,-0.00115,0.00000,0.00000,-0.117,-0.009,0
443.7660,-0.00542,-0.02657,-0.00115,0.00000,0.00000,-0.116,-0.009,0
443.8160,-0.00541,-0.02653,-0.00115,0.00000,0.00000,-0.116,-0.009,0
443.8660,-0.00540,-0.02650,-0.00115,0.00000,0.00000,-0.116,-0.009,0
443.9160,-0.00539,-0.02647,-0.00115,0.00000,0.00000,-0.116,-0.009,0
443.9660,-0.00539,-0.02644,-0.00115,0.00000,0.00000,-0.116,-0.009,0
444.0160,-0.00538,-0.02641,-0.00115,0.00000,0.00000,-0.116,-0.009,0
444.0660,-0.00538,-0.02639,-0.00115,0.00000,0.00000,-0.116,-0.009,0
444.1160,-0.00537,-0.02637,-0.00115,0.00000,0.00000,-0.116,-0.009,0
444.1660,-0.00537,-0.02636,-0.00115,0.00000,0.00000,-0.115,-0.009,0
444.2160,-0.00537,-0.02637,-0.00115,0.00000,0.00000,-0.115,-0.009,0
444.2660,-0.00538,-0.02638,-0.00115,0.00000,0.00000,-0.115,-0.009,0
444.3160,-0.00538,-0.02639,-0.00115,0.00000,0.00000,-0.115,-0.009,0
444.3660,-0.00538,-0.02640,-0.00115,0.00000,0.00000,-0.116,-0.009,0
444.4160,-0.00538,-0.02639,-0.00115,0.00000,0.00000,-0.116,-0.009,0
444.4660,-0.00538,-0.02637,-0.00115,0.00000,0.00000,-0.115,-0.009,0
444.5160,-0.00537,-0.02635,-0.00115,0.00000,0.00000,-0.115,-0.009,0
444.5660,-0.00537,-0.02634,-0.00115,0.00000,0.00000,-0.115,-0.009,0
444.6160,-0.00537,-0.02633,-0.00115,0.00000,0.00000,-0.115,-0.009,0
444.6660,-0.00537,-0.02634,-0.00115,0.00000,0.00000,-0.115,-0.009,0
444.7160,-0.00537,-0.02635,-0.00115,0.00000,0.00000,-0.115,-0.009,0
444.7660,-0.00538,-0.02637,-0.00115,0.00000,0.00000,-0.115,-0.009,0
444.8160,-0.00539,-0.02640,-0.00115,0.00000,0.00000,-0.115,-0.009,0
444.8660,-0.00540,-0.02643,-0.00115,0.00000,0.00000,-0.115,-0.009,0
444.9160,-0.00540,-0.02647,-0.00115,0.00000,0.00000,-0.116,-0.009,0
444.9660,-0.00541,-0.02651,-0.00115,0.00000,0.00000,-0.116,-0.009,0
445.0160,-0.00542,-0.02654,-0.00115,0.00000,0.00000,-0.116,-0.009,0
445.0660,-0.00543,-0.02658,-0.00115,0.00000,0.00000,-0.116,-0.009,0
445.1160,-0.00544,-0.02661,-0.00115,0.00000,0.00000,-0.116,-0.009,0
445.1660,-0.00544,-0.02664,-0.00115,0.00000,0.00000,-0.116,-0.009,0
445.2160,-0.00545,-0.02667,-0.00115,0.00000,0.00000,-0.117,-0.009,0
445.2660,-0.00546,-0.02670,-0.00115,0.00000,0.00000,-0.117,-0.009,0
445.3160,-0.00547,-0.02674,-0.00115,0.00000,0.00000,-0.117,-0.009,0
445.3660,-0.00547,-0.02677,-0.00115,0.00000,0.00000,-0.117,-0.009,0
445.4160,-0.00548,-0.02680,-0.00115,0.00000,0.00000,-0.117,-0.009,0
445.4660,-0.00548,-0.02684,-0.00115,0.00000,0.00000,-0.117,-0.009,0
445.5160,-0.00549,-0.02687,-0.00115,0.00000,0.00000,-0.117,-0.009,0
445.5660,-0.00550,-0.02690,-0.00115,0.00000,0.00000,-0.118,-0.009,0
445.6160,-0.00550,-0.02691,-0.00115,0.00000,0.00000,-0.118,-0.009,0
445.6660,-0.00550,-0.02692,-0.00115,0.00000,0.00000,-0.118,-0.009,0
445.7160,-0.00550,-0.02693,-0.00115,0.00000,0.00000,-0.118,-0.009,0
445.7660,-0.00550,-0.02693,-0.00115,0.00000,0.00000,-0.118,-0.009,0
445.8160,-0.00550,-0.02693,-0.00115,0.00000,0.00000,-0.118,-0.009,0
445.8660,-0.00549,-0.02692,-0.00115,0.00000,0.00000,-0.118,-0.009,0
445.9160,-0.00549,-0.02691,-0.00115,0.00000,0.00000,-0.118,-0.009,0
445.9660,-0.00549,-0.02690,-0.00115,0.00000,0.00000,-0.118,-0.009,0
446.0160,-0.00548,-0.02689,-0.00115,0.00000,0.00000,-0.118,-0.009,0
446.0660,-0.00548,-0.02690,-0.00115,0.00000,0.00000,-0.118,-0.009,0
446.1160,-0.00548,-0.02690,-0.00115,0.00000,0.00000,-0.118,-0.009,0
446.1660,-0.00549,-0.02692,-0.00115,0.00000,0.00000,-0.118,-0.009,0
446.2160,-0.00549,-0.02694,-0.00115,0.00000,0.00000,-0.118,-0.009,0
446.2660,-0.00550,-0.02696,-0.00115,0.00000,0.00000,-0.118,-0.009,0
446.3160,-0.00550,-0.02698,-0.00115,0.00000,0.00000,-0.118,-0.009,0
446.3660,-0.00550,-0.02699,-0.00115,0.00000,0.00000,-0.118,-0.009,0
446.4160,-0.00551,-0.02703,-0.00115,0.00000,0.00000,-0.118,-0.009,0
446.4660,-0.00552,-0.02707,-0.00115,0.00000,0.00000,-0.119,-0.009,0
446.5160,-0.00553,-0.02711,-0.00115,0.00000,0.00000,-0.119,-0.009,0
446.5660,-0.00554,-0.02715,-0.00115,0.00000,0.00000,-0.119,-0.009,0
446.6160,-0.00555,-0.02720,-0.00115,0.00000,0.00000,-0.119,-0.009,0
446.6660,-0.00556,-0.02724,-0.00115,0.00000,0.00000,-0.119,-0.009,0
446.7160,-0.00556,-0.02726,-0.00115,0.00000,0.00000,-0.120,-0.009,0
446.7660,-0.00556,-0.02728,-0.00115,0.00000,0.00000,-0.120,-0.009,0
446.8160,-0.00557,-0.02731,-0.00115,0.00000,0.00000,-0.120,-0.009,0
446.8660,-0.00558,-0.02735,-0.00115,0.00000,0.00000,-0.120,-0.009,0
446.9160,-0.00558,-0.02738,-0.00115,0.00000,0.00000,-0.120,-0.009,0
446.9660,-0.00559,-0.02742,-0.00115,0.00000,0.00000,-0.120,-0.009,0
447.0160,-0.00560,-0.02746,-0.00115,0.00000,0.00000,-0.121,-0.009,0
447.0660,-0.00561,-0.02750,-0.00115,0.00000,0.00000,-0.121,-0.009,0
447.1160,-0.00561,-0.02754,-0.00115,0.00000,0.00000,-0.121,-0.009,0
447.1660,-0.00562,-0.02755,-0.00115,0.00000,0.00000,-0.121,-0.009,0
447.2160,-0.00562,-0.02757,-0.00115,0.00000,0.00000,-0.121,-0.009,0
447.2660,-0.00562,-0.02759,-0.00115,0.00000,0.00000,-0.121,-0.009,0
447.3160,-0.00562,-0.02760,-0.00115,0.00000,0.00000,-0.122,-0.009,0
447.3660,-0.00563,-0.02763,-0.00115,0.00000,0.00000,-0.122,-0.009,0
447.4160,-0.00563,-0.02766,-0.00115,0.00000,0.00000,-0.122,-0.009,0
447.4660,-0.00564,-0.02768,-0.00115,0.00000,0.00000,-0.122,-0.009,0
447.5160,-0.00564,-0.02769,-0.00115,0.00000,0.00000,-0.122,-0.009,0
447.5660,-0.00564,-0.02771,-0.00115,0.00000,0.00000,-0.122,-0.009,0
447.6160,-0.00564,-0.02772,-0.00115,0.00000,0.00000,-0.122,-0.009,0
447.6660,-0.00564,-0.02772,-0.00115,0.00000,0.00000,-0.122,-0.009,0
447.7160,-0.00564,-0.02772,-0.00115,0.00000,0.00000,-0.122,-0.009,0
447.7660,-0.00564,-0.02771,-0.00115,0.00000,0.00000,-0.122,-0.009,0
447.8160,-0.00563,-0.02770,-0.00115,0.00000,0.00000,-0.122,-0.009,0
447.8660,-0.00563,-0.02769,-0.00115,0.00000,0.00000,-0.122,-0.009,0
447.9160,-0.00562,-0.02768,-0.00115,0.00000,0.00000,-0.122,-0.009,0
447.9660,-0.00562,-0.02768,-0.00115,0.00000,0.00000,-0.122,-0.009,0
448.0160,-0.00562,-0.02769,-0.00115,0.00000,0.00000,-0.122,-0.009,0
448.0660,-0.00563,-0.02770,-0.00115,0.00000,0.00000,-0.123,-0.009,0
448.1160,-0.00563,-0.02770,-0.00115,0.00000,0.00000,-0.123,-0.009,0
448.1660,-0.00563,-0.02770,-0.00115,0.00000,0.00000,-0.123,-0.009,0
448.2160,-0.00562,-0.02768,-0.00115,0.00000,0.00000,-0.123,-0.009,0
448.2660,-0.00562,-0.02767,-0.00115,0.00000,0.00000,-0.123,-0.009,0
448.3160,-0.00561,-0.02765,-0.00115,0.00000,0.00000,-0.123,-0.009,0
448.3660,-0.00561,-0.02764,-0.00115,0.00000,0.00000,-0.122,-0.009,0
448.4160,-0.00561,-0.02762,-0.00115,0.00000,0.00000,-0.122,-0.009,0
448.4660,-0.00560,-0.02761,-0.00115,0.00000,0.00000,-0.122,-0.009,0
448.5160,-0.00560,-0.02758,-0.00115,0.00000,0.00000,-0.122,-0.009,0
448.5660,-0.00559,-0.02757,-0.00115,0.00000,0.00000,-0.122,-0.009,0
448.6160,-0.00559,-0.02754,-0.00115,0.00000,0.00000,-0.122,-0.009,0
448.6660,-0.00558,-0.02753,-0.00115,0.00000,0.00000,-0.122,-0.009,0
448.7160,-0.00558,-0.02752,-0.00115,0.00000,0.00000,-0.122,-0.009,0
448.7660,-0.00558,-0.02749,-0.00115,0.00000,0.00000,-0.122,-0.009,0
448.8160,-0.00557,-0.02747,-0.00115,0.00000,0.00000,-0.122,-0.009,0
448.8660,-0.00557,-0.02745,-0.00115,0.00000,0.00000,-0.122,-0.009,0
448.9160,-0.00557,-0.02745,-0.00115,0.00000,0.00000,-0.122,-0.009,0
448.9660,-0.00557,-0.02745,-0.00115,0.00000,0.00000,-0.122,-0.009,0
449.0160,-0.00557,-0.02746,-0.00115,0.00000,0.00000,-0.122,-0.009,0
449.0660,-0.00558,-0.02747,-0.00115,0.00000,0.00000,-0.122,-0.009,0
449.1160,-0.00558,-0.02747,-0.00115,0.00000,0.00000,-0.122,-0.009,0
449.1660,-0.00558,-0.02747,-0.00115,0.00000,0.00000,-0.122,-0.009,0
449.2160,-0.00557,-0.02746,-0.00115,0.00000,0.00000,-0.122,-0.009,0
449.2660,-0.00558,-0.02746,-0.00115,0.00000,0.00000,-0.122,-0.009,0
449.3160,-0.00558,-0.02748,-0.00115,0.00000,0.00000,-0.122,-0.009,0
449.3660,-0.00559,-0.02750,-0.00115,0.00000,0.00000,-0.122,-0.009,0
449.4160,-0.00559,-0.02751,-0.00115,0.00000,0.00000,-0.122,-0.009,0
449.4660,-0.00559,-0.02752,-0.00115,0.00000,0.00000,-0.122,-0.009,0
449.5160,-0.00559,-0.02752,-0.00115,0.00000,0.00000,-0.122,-0.009,0
449.5660,-0.00560,-0.02753,-0.00115,0.00000,0.00000,-0.122,-0.009,0
449.6160,-0.00560,-0.02755,-0.00115,0.00000,0.00000,-0.122,-0.009,0
449.6660,-0.00560,-0.02755,-0.00115,0.00000,0.00000,-0.122,-0.009,0
449.7160,-0.00560,-0.02756,-0.00115,0.00000,0.00000,-0.122,-0.009,0
449.7660,-0.00561,-0.02758,-0.00115,0.00000,0.00000,-0.122,-0.009,0
449.8160,-0.00561,-0.02758,-0.00115,0.00000,0.00000,-0.122,-0.009,0
449.8660,-0.00561,-0.02758,-0.00115,0.00000,0.00000,-0.122,-0.009,0
449.9160,-0.00561,-0.02758,-0.00115,0.00000,0.00000,-0.122,-0.009,0
449.9660,-0.00561,-0.02759,-0.00115,0.00000,0.00000,-0.122,-0.009,0
450.0160,-0.00561,-0.02759,-0.00115,0.00000,0.00000,-0.122,-0.009,0
450.0660,-0.00561,-0.02758,-0.00115,0.00000,0.00000,-0.122,-0.009,0
450.1160,-0.00560,-0.02756,-0.00115,0.00000,0.00000,-0.122,-0.009,0
450.1660,-0.00560,-0.02754,-0.00115,0.00000,0.00000,-0.122,-0.009,0
450.2160,-0.00559,-0.02752,-0.00115,0.00000,0.00000,-0.122,-0.009,0
450.2660,-0.00559,-0.02750,-0.00115,0.00000,0.00000,-0.122,-0.009,0
450.3160,-0.00558,-0.02749,-0.00115,0.00000,0.00000,-0.122,-0.009,0
450.3660,-0.00558,-0.02747,-0.00115,0.00000,0.00000,-0.122,-0.009,0
450.4160,-0.00558,-0.02746,-0.00115,0.00000,0.00000,-0.122,-0.009,0
450.4660,-0.00558,-0.02745,-0.00115,0.00000,0.00000,-0.122,-0.009,0
450.5160,-0.00557,-0.02743,-0.00115,0.00000,0.00000,-0.122,-0.009,0
450.5660,-0.00557,-0.02742,-0.00115,0.00000,0.00000,-0.122,-0.009,0
450.6160,-0.00556,-0.02740,-0.00115,0.00000,0.00000,-0.122,-0.009,0
450.6660,-0.00556,-0.02739,-0.00115,0.00000,0.00000,-0.122,-0.009,0
450.7160,-0.00556,-0.02738,-0.00115,0.00000,0.00000,-0.122,-0.009,0
450.7660,-0.00556,-0.02739,-0.00115,0.00000,0.00000,-0.122,-0.009,0
450.8160,-0.00556,-0.02739,-0.00115,0.00000,0.00000,-0.122,-0.009,0
450.8660,-0.00556,-0.02739,-0.00115,0.00000,0.00000,-0.122,-0.009,0
450.9160,-0.00557,-0.02739,-0.00115,0.00000,0.00000,-0.122,-0.009,0
450.9660,-0.00557,-0.02740,-0.00115,0.00000,0.00000,-0.122,-0.009,0
451.0160,-0.00557,-0.02741,-0.00115,0.00000,0.00000,-0.122,-0.009,0
451.0660,-0.00558,-0.02744,-0.00115,0.00000,0.00000,-0.122,-0.009,0
451.1160,-0.00558,-0.02745,-0.00115,0.00000,0.00000,-0.122,-0.009,0
451.1660,-0.00558,-0.02746,-0.00115,0.00000,0.00000,-0.122,-0.009,0
451.2160,-0.00559,-0.02749,-0.00115,0.00000,0.00000,-0.122,-0.009,0
451.2660,-0.00559,-0.02751,-0.00115,0.00000,0.00000,-0.122,-0.009,0
451.3160,-0.00560,-0.02755,-0.00115,0.00000,0.00000,-0.122,-0.009,0
451.3660,-0.00561,-0.02759,-0.00115,0.00000,0.00000,-0.122,-0.009,0
451.4160,-0.00562,-0.02763,-0.00115,0.00000,0.00000,-0.122,-0.009,0
451.4660,-0.00563,-0.02767,-0.00115,0.00000,0.00000,-0.123,-0.009,0
451.5160,-0.00563,-0.02768,-0.00115,0.00000,0.00000,-0.123,-0.009,0
451.5660,-0.00564,-0.02772,-0.00115,0.00000,0.00000,-0.123,-0.009,0
451.6160,-0.00565,-0.02776,-0.00115,0.00000,0.00000,-0.123,-0.009,0
451.6660,-0.00566,-0.02779,-0.00115,0.00000,0.00000,-0.123,-0.009,0
451.7160,-0.00566,-0.02782,-0.00115,0.00000,0.00000,-0.123,-0.009,0
451.7660,-0.00567,-0.02784,-0.00115,0.00000,0.00000,-0.124,-0.009,0
451.8160,-0.00567,-0.02786,-0.00115,0.00000,0.00000,-0.124,-0.009,0
451.8660,-0.00568,-0.02789,-0.00115,0.00000,0.00000,-0.124,-0.009,0
451.9160,-0.00568,-0.02791,-0.00115,0.00000,0.00000,-0.124,-0.009,0
451.9660,-0.00569,-0.02794,-0.00115,0.00000,0.00000,-0.124,-0.009,0
452.0160,-0.00569,-0.02796,-0.00115,0.00000,0.00000,-0.124,-0.009,0
452.0660,-0.00569,-0.02797,-0.00115,0.00000,0.00000,-0.124,-0.009,0
452.1160,-0.00569,-0.02798,-0.00115,0.00000,0.00000,-0.124,-0.009,0
452.1660,-0.00569,-0.02798,-0.00115,0.00000,0.00000,-0.124,-0.009,0
452.2160,-0.00569,-0.02797,-0.00115,0.00000,0.00000,-0.124,-0.009,0
452.2660,-0.00568,-0.02795,-0.00115,0.00000,0.00000,-0.124,-0.009,0
452.3160,-0.00567,-0.02793,-0.00115,0.00000,0.00000,-0.124,-0.009,0
452.3660,-0.00567,-0.02791,-0.00115,0.00000,0.00000,-0.124,-0.009,0
452.4160,-0.00566,-0.02789,-0.00115,0.00000,0.00000,-0.124,-0.009,0
452.4660,-0.00566,-0.02788,-0.00115,0.00000,0.00000,-0.124,-0.009,0
452.5160,-0.00565,-0.02786,-0.00115,0.00000,0.00000,-0.124,-0.009,0
452.5660,-0.00565,-0.02786,-0.00115,0.00000,0.00000,-0.124,-0.009,0
452.6160,-0.00565,-0.02785,-0.00115,0.00000,0.00000,-0.124,-0.009,0
452.6660,-0.00565,-0.02786,-0.00115,0.00000,0.00000,-0.124,-0.009,0
452.7160,-0.00566,-0.02787,-0.00115,0.00000,0.00000,-0.124,-0.009,0
452.7660,-0.00566,-0.02789,-0.00115,0.00000,0.00000,-0.124,-0.009,0
452.8160,-0.00566,-0.02791,-0.00115,0.00000,0.00000,-0.124,-0.009,0
452.8660,-0.00567,-0.02792,-0.00115,0.00000,0.00000,-0.124,-0.009,0
452.9160,-0.00567,-0.02794,-0.00115,0.00000,0.00000,-0.124,-0.009,0
452.9660,-0.00568,-0.02796,-0.00115,0.00000,0.00000,-0.124,-0.009,0
453.0160,-0.00568,-0.02798,-0.00115,0.00000,0.00000,-0.125,-0.009,0
453.0660,-0.00568,-0.02799,-0.00115,0.00000,0.00000,-0.125,-0.009,0
453.1160,-0.00568,-0.02800,-0.00115,0.00000,0.00000,-0.125,-0.009,0
453.1660,-0.00568,-0.02801,-0.00115,0.00000,0.00000,-0.125,-0.009,0
453.2160,-0.00569,-0.02801,-0.00115,0.00000,0.00000,-0.125,-0.009,0
453.2660,-0.00568,-0.02801,-0.00115,0.00000,0.00000,-0.125,-0.009,0
453.3160,-0.00569,-0.02802,-0.00115,0.00000,0.00000,-0.125,-0.009,0
453.3660,-0.00569,-0.02804,-0.00115,0.00000,0.00000,-0.125,-0.009,0
453.4160,-0.00570,-0.02807,-0.00115,0.00000,0.00000,-0.125,-0.009,0
453.4660,-0.00570,-0.02808,-0.00115,0.00000,0.00000,-0.125,-0.009,0
453.5160,-0.00570,-0.02808,-0.00115,0.00000,0.00000,-0.125,-0.009,0
453.5660,-0.00570,-0.02809,-0.00115,0.00000,0.00000,-0.125,-0.009,0
453.6160,-0.00570,-0.02809,-0.00115,0.00000,0.00000,-0.125,-0.009,0
453.6660,-0.00570,-0.02811,-0.00115,0.00000,0.00000,-0.125,-0.009,0
453.7160,-0.00571,-0.02812,-0.00115,0.00000,0.00000,-0.125,-0.009,0
453.7660,-0.00571,-0.02814,-0.00115,0.00000,0.00000,-0.126,-0.009,0
453.8160,-0.00572,-0.02816,-0.00115,0.00000,0.00000,-0.126,-0.009,0
453.8660,-0.00572,-0.02817,-0.00115,0.00000,0.00000,-0.126,-0.009,0
453.9160,-0.00572,-0.02818,-0.00115,0.00000,0.00000,-0.126,-0.009,0
453.9660,-0.00572,-0.02818,-0.00115,0.00000,0.00000,-0.126,-0.009,0
454.0160,-0.00572,-0.02819,-0.00115,0.00000,0.00000,-0.126,-0.009,0
454.0660,-0.00572,-0.02821,-0.00115,0.00000,0.00000,-0.126,-0.009,0
454.1160,-0.00573,-0.02824,-0.00115,0.00000,0.00000,-0.126,-0.009,0
454.1660,-0.00574,-0.02828,-0.00115,0.00000,0.00000,-0.126,-0.009,0
454.2160,-0.00575,-0.02830,-0.00115,0.00000,0.00000,-0.126,-0.009,0
454.2660,-0.00575,-0.02831,-0.00115,0.00000,0.00000,-0.127,-0.009,0
454.3160,-0.00575,-0.02831,-0.00115,0.00000,0.00000,-0.127,-0.009,0
454.3660,-0.00575,-0.02832,-0.00115,0.00000,0.00000,-0.127,-0.009,0
454.4160,-0.00575,-0.02832,-0.00115,0.00000,0.00000,-0.127,-0.009,0
454.4660,-0.00575,-0.02832,-0.00115,0.00000,0.00000,-0.127,-0.009,0
454.5160,-0.00575,-0.02834,-0.00115,0.00000,0.00000,-0.127,-0.009,0
454.5660,-0.00575,-0.02836,-0.00115,0.00000,0.00000,-0.127,-0.009,0
454.6160,-0.00575,-0.02837,-0.00115,0.00000,0.00000,-0.127,-0.009,0
454.6660,-0.00576,-0.02839,-0.00115,0.00000,0.00000,-0.127,-0.009,0
454.7160,-0.00576,-0.02840,-0.00115,0.00000,0.00000,-0.127,-0.009,0
454.7660,-0.00576,-0.02840,-0.00115,0.00000,0.00000,-0.127,-0.009,0
454.8160,-0.00576,-0.02840,-0.00115,0.00000,0.00000,-0.127,-0.009,0
454.8660,-0.00576,-0.02841,-0.00115,0.00000,0.00000,-0.127,-0.009,0
454.9160,-0.00576,-0.02843,-0.00115,0.00000,0.00000,-0.127,-0.009,0
454.9660,-0.00577,-0.02843,-0.00115,0.00000,0.00000,-0.127,-0.009,0
455.0160,-0.00577,-0.02845,-0.00115,0.00000,0.00000,-0.127,-0.009,0
455.0660,-0.00577,-0.02846,-0.00115,0.00000,0.00000,-0.127,-0.009,0
455.1160,-0.00577,-0.02847,-0.00115,0.00000,0.00000,-0.128,-0.009,0
455.1660,-0.00577,-0.02848,-0.00115,0.00000,0.00000,-0.128,-0.009,0
455.2160,-0.00578,-0.02851,-0.00115,0.00000,0.00000,-0.128,-0.009,0
455.2660,-0.00578,-0.02853,-0.00115,0.00000,0.00000,-0.128,-0.009,0
455.3160,-0.00579,-0.02855,-0.00115,0.00000,0.00000,-0.128,-0.009,0
455.3660,-0.00579,-0.02857,-0.00115,0.00000,0.00000,-0.128,-0.009,0
455.4160,-0.00579,-0.02858,-0.00115,0.00000,0.00000,-0.128,-0.009,0
455.4660,-0.00579,-0.02859,-0.00115,0.00000,0.00000,-0.128,-0.009,0
455.5160,-0.00580,-0.02859,-0.00115,0.00000,0.00000,-0.128,-0.009,0
455.5660,-0.00580,-0.02860,-0.00115,0.00000,0.00000,-0.128,-0.009,0
455.6160,-0.00580,-0.02861,-0.00115,0.00000,0.00000,-0.128,-0.009,0
455.6660,-0.00580,-0.02862,-0.00115,0.00000,0.00000,-0.128,-0.009,0
455.7160,-0.00580,-0.02862,-0.00115,0.00000,0.00000,-0.129,-0.009,0
455.7660,-0.00579,-0.02859,-0.00115,0.00000,0.00000,-0.128,-0.009,0
455.8160,-0.00578,-0.02856,-0.00115,0.00000,0.00000,-0.128,-0.009,0
455.8660,-0.00577,-0.02852,-0.00115,0.00000,0.00000,-0.128,-0.009,0
455.9160,-0.00577,-0.02849,-0.00115,0.00000,0.00000,-0.128,-0.009,0
455.9660,-0.00576,-0.02846,-0.00115,0.00000,0.00000,-0.128,-0.009,0
456.0160,-0.00575,-0.02843,-0.00115,0.00000,0.00000,-0.128,-0.009,0
456.0660,-0.00575,-0.02842,-0.00115,0.00000,0.00000,-0.128,-0.009,0
456.1160,-0.00575,-0.02842,-0.00115,0.00000,0.00000,-0.128,-0.009,0
456.1660,-0.00575,-0.02842,-0.00115,0.00000,0.00000,-0.128,-0.009,0
456.2160,-0.00575,-0.02842,-0.00115,0.00000,0.00000,-0.128,-0.009,0
456.2660,-0.00575,-0.02842,-0.00115,0.00000,0.00000,-0.128,-0.009,0
456.3160,-0.00575,-0.02842,-0.00115,0.00000,0.00000,-0.128,-0.009,0
456.3660,-0.00575,-0.02841,-0.00115,0.00000,0.00000,-0.128,-0.009,0
456.4160,-0.00575,-0.02840,-0.00115,0.00000,0.00000,-0.128,-0.009,0
456.4660,-0.00574,-0.02838,-0.00115,0.00000,0.00000,-0.128,-0.009,0
456.5160,-0.00573,-0.02834,-0.00115,0.00000,0.00000,-0.127,-0.009,0
456.5660,-0.00572,-0.02829,-0.00115,0.00000,0.00000,-0.127,-0.009,0
456.6160,-0.00571,-0.02825,-0.00115,0.00000,0.00000,-0.127,-0.009,0
456.6660,-0.00570,-0.02821,-0.00115,0.00000,0.00000,-0.127,-0.009,0
456.7160,-0.00570,-0.02817,-0.00115,0.00000,0.00000,-0.127,-0.009,0
456.7660,-0.00569,-0.02815,-0.00115,0.00000,0.00000,-0.127,-0.009,0
456.8160,-0.00569,-0.02813,-0.00115,0.00000,0.00000,-0.126,-0.009,0
456.8660,-0.00569,-0.02814,-0.00115,0.00000,0.00000,-0.126,-0.009,0
456.9160,-0.00570,-0.02815,-0.00115,0.00000,0.00000,-0.126,-0.009,0
456.9660,-0.00570,-0.02817,-0.00115,0.00000,0.00000,-0.127,-0.009,0
457.0160,-0.00571,-0.02819,-0.00115,0.00000,0.00000,-0.127,-0.009,0
457.0660,-0.00571,-0.02819,-0.00115,0.00000,0.00000,-0.127,-0.009,0
457.1160,-0.00570,-0.02817,-0.00115,0.00000,0.00000,-0.127,-0.009,0
457.1660,-0.00570,-0.02816,-0.00115,0.00000,0.00000,-0.127,-0.009,0
457.2160,-0.00570,-0.02815,-0.00115,0.00000,0.00000,-0.126,-0.009,0
457.2660,-0.00570,-0.02813,-0.00115,0.00000,0.00000,-0.126,-0.009,0
457.3160,-0.00569,-0.02812,-0.00115,0.00000,0.00000,-0.126,-0.009,0
457.3660,-0.00569,-0.02809,-0.00115,0.00000,0.00000,-0.126,-0.009,0
457.4160,-0.00568,-0.02807,-0.00115,0.00000,0.00000,-0.126,-0.009,0
457.4660,-0.00568,-0.02805,-0.00115,0.00000,0.00000,-0.126,-0.009,0
457.5160,-0.00568,-0.02805,-0.00115,0.00000,0.00000,-0.126,-0.009,0
457.5660,-0.00568,-0.02804,-0.00115,0.00000,0.00000,-0.126,-0.009,0
457.6160,-0.00568,-0.02804,-0.00115,0.00000,0.00000,-0.126,-0.009,0
457.6660,-0.00568,-0.02804,-0.00115,0.00000,0.00000,-0.126,-0.009,0
457.7160,-0.00568,-0.02802,-0.00115,0.00000,0.00000,-0.126,-0.009,0
457.7660,-0.00568,-0.02801,-0.00115,0.00000,0.00000,-0.126,-0.009,0
457.8160,-0.00567,-0.02800,-0.00115,0.00000,0.00000,-0.126,-0.009,0
457.8660,-0.00567,-0.02799,-0.00115,0.00000,0.00000,-0.126,-0.009,0
457.9160,-0.00567,-0.02797,-0.00115,0.00000,0.00000,-0.125,-0.009,0
457.9660,-0.00566,-0.02795,-0.00115,0.00000,0.00000,-0.125,-0.009,0
458.0160,-0.00566,-0.02793,-0.00115,0.00000,0.00000,-0.125,-0.009,0
458.0660,-0.00566,-0.02791,-0.00115,0.00000,0.00000,-0.125,-0.009,0
458.1160,-0.00565,-0.02789,-0.00115,0.00000,0.00000,-0.125,-0.009,0
458.1660,-0.00565,-0.02787,-0.00115,0.00000,0.00000,-0.125,-0.009,0
458.2160,-0.00564,-0.02785,-0.00115,0.00000,0.00000,-0.125,-0.009,0
458.2660,-0.00564,-0.02784,-0.00115,0.00000,0.00000,-0.125,-0.009,0
458.3160,-0.00564,-0.02784,-0.00115,0.00000,0.00000,-0.125,-0.009,0
458.3660,-0.00565,-0.02787,-0.00115,0.00000,0.00000,-0.125,-0.009,0
458.4160,-0.00565,-0.02788,-0.00115,0.00000,0.00000,-0.125,-0.009,0
458.4660,-0.00566,-0.02789,-0.00115,0.00000,0.00000,-0.125,-0.009,0
458.5160,-0.00566,-0.02791,-0.00115,0.00000,0.00000,-0.125,-0.009,0
458.5660,-0.00566,-0.02791,-0.00115,0.00000,0.00000,-0.125,-0.009,0
458.6160,-0.00566,-0.02791,-0.00115,0.00000,0.00000,-0.125,-0.009,0
458.6660,-0.00566,-0.02789,-0.00115,0.00000,0.00000,-0.125,-0.009,0
458.7160,-0.00566,-0.02788,-0.00115,0.00000,0.00000,-0.125,-0.009,0
458.7660,-0.00565,-0.02787,-0.00115,0.00000,0.00000,-0.125,-0.009,0
458.8160,-0.00565,-0.02785,-0.00115,0.00000,0.00000,-0.125,-0.009,0
458.8660,-0.00565,-0.02783,-0.00115,0.00000,0.00000,-0.124,-0.009,0
458.9160,-0.00564,-0.02781,-0.00115,0.00000,0.00000,-0.124,-0.009,0
458.9660,-0.00564,-0.02780,-0.00115,0.00000,0.00000,-0.124,-0.009,0
459.0160,-0.00564,-0.02780,-0.00115,0.00000,0.00000,-0.124,-0.009,0
459.0660,-0.00564,-0.02780,-0.00115,0.00000,0.00000,-0.124,-0.009,0
459.1160,-0.00564,-0.02780,-0.00115,0.00000,0.00000,-0.124,-0.009,0
459.1660,-0.00564,-0.02780,-0.00115,0.00000,0.00000,-0.124,-0.009,0
459.2160,-0.00564,-0.02781,-0.00115,0.00000,0.00000,-0.124,-0.009,0
459.2660,-0.00565,-0.02782,-0.00115,0.00000,0.00000,-0.124,-0.009,0
459.3160,-0.00565,-0.02783,-0.00115,0.00000,0.00000,-0.124,-0.009,0
459.3660,-0.00565,-0.02782,-0.00115,0.00000,0.00000,-0.124,-0.009,0
459.4160,-0.00565,-0.02781,-0.00115,0.00000,0.00000,-0.124,-0.009,0
459.4660,-0.00564,-0.02780,-0.00115,0.00000,0.00000,-0.124,-0.009,0
459.5160,-0.00564,-0.02779,-0.00115,0.00000,0.00000,-0.124,-0.009,0
459.5660,-0.00564,-0.02777,-0.00115,0.00000,0.00000,-0.124,-0.009,0
459.6160,-0.00564,-0.02777,-0.00115,0.00000,0.00000,-0.124,-0.009,0
459.6660,-0.00564,-0.02778,-0.00115,0.00000,0.00000,-0.124,-0.009,0
459.7160,-0.00564,-0.02780,-0.00115,0.00000,0.00000,-0.124,-0.009,0
459.7660,-0.00565,-0.02783,-0.00115,0.00000,0.00000,-0.124,-0.009,0
459.8160,-0.00566,-0.02785,-0.00115,0.00000,0.00000,-0.124,-0.009,0
459.8660,-0.00566,-0.02786,-0.00115,0.00000,0.00000,-0.124,-0.009,0
459.9160,-0.00566,-0.02786,-0.00115,0.00000,0.00000,-0.124,-0.009,0
459.9660,-0.00566,-0.02785,-0.00115,0.00000,0.00000,-0.124,-0.009,0
460.0160,-0.00566,-0.02785,-0.00115,0.00000,0.00000,-0.124,-0.009,0
460.0660,-0.00566,-0.02785,-0.00115,0.00000,0.00000,-0.124,-0.009,0
460.1160,-0.00566,-0.02787,-0.00115,0.00000,0.00000,-0.124,-0.009,0
460.1660,-0.00566,-0.02789,-0.00115,0.00000,0.00000,-0.124,-0.009,0
460.2160,-0.00567,-0.02791,-0.00115,0.00000,0.00000,-0.124,-0.009,0
460.2660,-0.00568,-0.02794,-0.00115,0.00000,0.00000,-0.125,-0.009,0
460.3160,-0.00568,-0.02796,-0.00115,0.00000,0.00000,-0.125,-0.009,0
460.3660,-0.00569,-0.02799,-0.00115,0.00000,0.00000,-0.125,-0.009,0
460.4160,-0.00569,-0.02801,-0.00115,0.00000,0.00000,-0.125,-0.009,0
460.4660,-0.00570,-0.02803,-0.00115,0.00000,0.00000,-0.125,-0.009,0
460.5160,-0.00570,-0.02805,-0.00115,0.00000,0.00000,-0.125,-0.009,0
460.5660,-0.00570,-0.02807,-0.00115,0.00000,0.00000,-0.125,-0.009,0
460.6160,-0.00570,-0.02808,-0.00115,0.00000,0.00000,-0.125,-0.009,0
460.6660,-0.00570,-0.02808,-0.00115,0.00000,0.00000,-0.125,-0.009,0
460.7160,-0.00571,-0.02809,-0.00115,0.00000,0.00000,-0.125,-0.009,0
460.7660,-0.00571,-0.02811,-0.00115,0.00000,0.00000,-0.125,-0.009,0
460.8160,-0.00571,-0.02812,-0.00115,0.00000,0.00000,-0.125,-0.009,0
460.8660,-0.00572,-0.02815,-0.00115,0.00000,0.00000,-0.126,-0.009,0
460.9160,-0.00572,-0.02816,-0.00115,0.00000,0.00000,-0.126,-0.009,0
460.9660,-0.00572,-0.02819,-0.00115,0.00000,0.00000,-0.126,-0.009,0
461.0160,-0.00573,-0.02823,-0.00115,0.00000,0.00000,-0.126,-0.009,0
461.0660,-0.00574,-0.02826,-0.00115,0.00000,0.00000,-0.126,-0.009,0
461.1160,-0.00575,-0.02830,-0.00115,0.00000,0.00000,-0.126,-0.009,0
461.1660,-0.00576,-0.02836,-0.00115,0.00000,0.00000,-0.127,-0.009,0
461.2160,-0.00577,-0.02841,-0.00115,0.00000,0.00000,-0.127,-0.009,0
461.2660,-0.00579,-0.02847,-0.00115,0.00000,0.00000,-0.127,-0.009,0
461.3160,-0.00580,-0.02852,-0.00115,0.00000,0.00000,-0.127,-0.009,0
461.3660,-0.00581,-0.02857,-0.00115,0.00000,0.00000,-0.128,-0.009,0
461.4160,-0.00581,-0.02860,-0.00115,0.00000,0.00000,-0.128,-0.009,0
461.4660,-0.00582,-0.02864,-0.00115,0.00000,0.00000,-0.128,-0.009,0
461.5160,-0.00582,-0.02867,-0.00115,0.00000,0.00000,-0.128,-0.009,0
461.5660,-0.00583,-0.02871,-0.00115,0.00000,0.00000,-0.128,-0.009,0
461.6160,-0.00584,-0.02875,-0.00115,0.00000,0.00000,-0.129,-0.009,0
461.6660,-0.00585,-0.02879,-0.00115,0.00000,0.00000,-0.129,-0.009,0
461.7160,-0.00586,-0.02883,-0.00115,0.00000,0.00000,-0.129,-0.009,0
461.7660,-0.00586,-0.02887,-0.00115,0.00000,0.00000,-0.129,-0.009,0
461.8160,-0.00587,-0.02890,-0.00115,0.00000,0.00000,-0.129,-0.009,0
461.8660,-0.00587,-0.02894,-0.00115,0.00000,0.00000,-0.130,-0.009,0
461.9160,-0.00588,-0.02898,-0.00115,0.00000,0.00000,-0.130,-0.009,0
461.9660,-0.00589,-0.02901,-0.00115,0.00000,0.00000,-0.130,-0.009,0
462.0160,-0.00589,-0.02905,-0.00115,0.00000,0.00000,-0.130,-0.009,0
462.0660,-0.00590,-0.02909,-0.00115,0.00000,0.00000,-0.131,-0.009,0
462.1160,-0.00591,-0.02912,-0.00115,0.00000,0.00000,-0.131,-0.009,0
462.1660,-0.00591,-0.02914,-0.00115,0.00000,0.00000,-0.131,-0.009,0
462.2160,-0.00591,-0.02917,-0.00115,0.00000,0.00000,-0.131,-0.009,0
462.2660,-0.00592,-0.02919,-0.00115,0.00000,0.00000,-0.131,-0.009,0
462.3160,-0.00592,-0.02921,-0.00115,0.00000,0.00000,-0.131,-0.009,0
462.3660,-0.00592,-0.02924,-0.00115,0.00000,0.00000,-0.132,-0.009,0
462.4160,-0.00593,-0.02927,-0.00115,0.00000,0.00000,-0.132,-0.010,0
462.4660,-0.00593,-0.02929,-0.00115,0.00000,0.00000,-0.132,-0.010,0
462.5160,-0.00594,-0.02933,-0.00115,0.00000,0.00000,-0.132,-0.010,0
462.5660,-0.00595,-0.02938,-0.00115,0.00000,0.00000,-0.132,-0.010,0
462.6160,-0.00596,-0.02942,-0.00115,0.00000,0.00000,-0.133,-0.010,0
462.6660,-0.00597,-0.02947,-0.00115,0.00000,0.00000,-0.133,-0.010,0
462.7160,-0.00597,-0.02950,-0.00115,0.00000,0.00000,-0.133,-0.010,0
462.7660,-0.00598,-0.02953,-0.00115,0.00000,0.00000,-0.133,-0.010,0
462.8160,-0.00598,-0.02956,-0.00115,0.00000,0.00000,-0.134,-0.010,0
462.8660,-0.00599,-0.02959,-0.00115,0.00000,0.00000,-0.134,-0.010,0
462.9160,-0.00599,-0.02961,-0.00115,0.00000,0.00000,-0.134,-0.010,0
462.9660,-0.00600,-0.02964,-0.00115,0.00000,0.00000,-0.134,-0.010,0
463.0160,-0.00600,-0.02965,-0.00115,0.00000,0.00000,-0.134,-0.010,0
463.0660,-0.00600,-0.02967,-0.00115,0.00000,0.00000,-0.134,-0.010,0
463.1160,-0.00600,-0.02968,-0.00115,0.00000,0.00000,-0.134,-0.010,0
463.1660,-0.00600,-0.02969,-0.00115,0.00000,0.00000,-0.135,-0.010,0
463.2160,-0.00600,-0.02971,-0.00115,0.00000,0.00000,-0.135,-0.010,0
463.2660,-0.00600,-0.02971,-0.00115,0.00000,0.00000,-0.135,-0.010,0
463.3160,-0.00601,-0.02973,-0.00115,0.00000,0.00000,-0.135,-0.010,0
463.3660,-0.00601,-0.02976,-0.00115,0.00000,0.00000,-0.135,-0.010,0
463.4160,-0.00601,-0.02977,-0.00115,0.00000,0.00000,-0.135,-0.010,0
463.4660,-0.00601,-0.02978,-0.00115,0.00000,0.00000,-0.135,-0.010,0
463.5160,-0.00601,-0.02979,-0.00115,0.00000,0.00000,-0.135,-0.010,0
463.5660,-0.00602,-0.02980,-0.00115,0.00000,0.00000,-0.135,-0.010,0
463.6160,-0.00602,-0.02982,-0.00115,0.00000,0.00000,-0.136,-0.010,0
463.6660,-0.00602,-0.02983,-0.00115,0.00000,0.00000,-0.136,-0.010,0
463.7160,-0.00602,-0.02984,-0.00115,0.00000,0.00000,-0.136,-0.010,0
463.7660,-0.00602,-0.02985,-0.00115,0.00000,0.00000,-0.136,-0.010,0
463.8160,-0.00603,-0.02987,-0.00115,0.00000,0.00000,-0.136,-0.010,0
463.8660,-0.00603,-0.02990,-0.00115,0.00000,0.00000,-0.136,-0.010,0
463.9160,-0.00604,-0.02995,-0.00115,0.00000,0.00000,-0.136,-0.010,0
463.9660,-0.00605,-0.02998,-0.00115,0.00000,0.00000,-0.137,-0.010,0
464.0160,-0.00606,-0.03001,-0.00115,0.00000,0.00000,-0.137,-0.010,0
464.0660,-0.00606,-0.03003,-0.00115,0.00000,0.00000,-0.137,-0.010,0
464.1160,-0.00606,-0.03006,-0.00115,0.00000,0.00000,-0.137,-0.010,0
464.1660,-0.00607,-0.03008,-0.00115,0.00000,0.00000,-0.137,-0.010,0
464.2160,-0.00607,-0.03008,-0.00115,0.00000,0.00000,-0.137,-0.010,0
464.2660,-0.00607,-0.03008,-0.00115,0.00000,0.00000,-0.137,-0.010,0
464.3160,-0.00606,-0.03006,-0.00115,0.00000,0.00000,-0.137,-0.010,0
464.3660,-0.00606,-0.03004,-0.00115,0.00000,0.00000,-0.137,-0.010,0
464.4160,-0.00605,-0.03002,-0.00115,0.00000,0.00000,-0.137,-0.010,0
464.4660,-0.00604,-0.03000,-0.00115,0.00000,0.00000,-0.137,-0.010,0
464.5160,-0.00603,-0.02996,-0.00115,0.00000,0.00000,-0.137,-0.010,0
464.5660,-0.00603,-0.02994,-0.00115,0.00000,0.00000,-0.137,-0.010,0
464.6160,-0.00602,-0.02992,-0.00115,0.00000,0.00000,-0.137,-0.010,0
464.6660,-0.00602,-0.02990,-0.00115,0.00000,0.00000,-0.137,-0.010,0
464.7160,-0.00601,-0.02988,-0.00115,0.00000,0.00000,-0.137,-0.010,0
464.7660,-0.00601,-0.02985,-0.00115,0.00000,0.00000,-0.137,-0.010,0
464.8160,-0.00600,-0.02982,-0.00115,0.00000,0.00000,-0.136,-0.010,0
464.8660,-0.00599,-0.02979,-0.00115,0.00000,0.00000,-0.136,-0.010,0
464.9160,-0.00599,-0.02978,-0.00115,0.00000,0.00000,-0.136,-0.010,0
464.9660,-0.00599,-0.02977,-0.00115,0.00000,0.00000,-0.136,-0.010,0
465.0160,-0.00599,-0.02976,-0.00115,0.00000,0.00000,-0.136,-0.010,0
465.0660,-0.00599,-0.02976,-0.00115,0.00000,0.00000,-0.136,-0.010,0
465.1160,-0.00599,-0.02975,-0.00115,0.00000,0.00000,-0.136,-0.010,0
465.1660,-0.00598,-0.02973,-0.00115,0.00000,0.00000,-0.136,-0.010,0
465.2160,-0.00598,-0.02971,-0.00115,0.00000,0.00000,-0.136,-0.010,0
465.2660,-0.00597,-0.02969,-0.00115,0.00000,0.00000,-0.136,-0.010,0
465.3160,-0.00597,-0.02967,-0.00115,0.00000,0.00000,-0.136,-0.010,0
465.3660,-0.00597,-0.02966,-0.00115,0.00000,0.00000,-0.136,-0.010,0
465.4160,-0.00597,-0.02966,-0.00115,0.00000,0.00000,-0.136,-0.010,0
465.4660,-0.00597,-0.02965,-0.00115,0.00000,0.00000,-0.136,-0.010,0
465.5160,-0.00597,-0.02966,-0.00115,0.00000,0.00000,-0.136,-0.010,0
465.5660,-0.00597,-0.02965,-0.00115,0.00000,0.00000,-0.136,-0.010,0
465.6160,-0.00597,-0.02965,-0.00115,0.00000,0.00000,-0.136,-0.010,0
465.6660,-0.00597,-0.02966,-0.00115,0.00000,0.00000,-0.136,-0.010,0
465.7160,-0.00597,-0.02966,-0.00115,0.00000,0.00000,-0.136,-0.010,0
465.7660,-0.00598,-0.02966,-0.00115,0.00000,0.00000,-0.136,-0.010,0
465.8160,-0.00597,-0.02965,-0.00115,0.00000,0.00000,-0.136,-0.010,0
465.8660,-0.00597,-0.02965,-0.00115,0.00000,0.00000,-0.136,-0.010,0
465.9160,-0.00597,-0.02964,-0.00115,0.00000,0.00000,-0.136,-0.010,0
465.9660,-0.00597,-0.02963,-0.00115,0.00000,0.00000,-0.136,-0.010,0
466.0160,-0.00597,-0.02960,-0.00115,0.00000,0.00000,-0.136,-0.010,0
466.0660,-0.00596,-0.02959,-0.00115,0.00000,0.00000,-0.135,-0.010,0
466.1160,-0.00596,-0.02957,-0.00115,0.00000,0.00000,-0.135,-0.010,0
466.1660,-0.00595,-0.02955,-0.00115,0.00000,0.00000,-0.135,-0.010,0
466.2160,-0.00595,-0.02953,-0.00115,0.00000,0.00000,-0.135,-0.010,0
466.2660,-0.00595,-0.02952,-0.00115,0.00000,0.00000,-0.135,-0.010,0
466.3160,-0.00594,-0.02950,-0.00115,0.00000,0.00000,-0.135,-0.010,0
466.3660,-0.00594,-0.02948,-0.00115,0.00000,0.00000,-0.135,-0.010,0
466.4160,-0.00593,-0.02945,-0.00115,0.00000,0.00000,-0.135,-0.010,0
466.4660,-0.00593,-0.02943,-0.00115,0.00000,0.00000,-0.135,-0.010,0
466.5160,-0.00593,-0.02943,-0.00115,0.00000,0.00000,-0.135,-0.010,0
466.5660,-0.00593,-0.02943,-0.00115,0.00000,0.00000,-0.135,-0.010,0
466.6160,-0.00593,-0.02944,-0.00115,0.00000,0.00000,-0.135,-0.010,0
466.6660,-0.00594,-0.02945,-0.00115,0.00000,0.00000,-0.135,-0.010,0
466.7160,-0.00594,-0.02945,-0.00115,0.00000,0.00000,-0.135,-0.010,0
466.7660,-0.00594,-0.02944,-0.00115,0.00000,0.00000,-0.135,-0.010,0
466.8160,-0.00593,-0.02943,-0.00115,0.00000,0.00000,-0.135,-0.010,0
466.8660,-0.00593,-0.02942,-0.00115,0.00000,0.00000,-0.134,-0.010,0
466.9160,-0.00593,-0.02941,-0.00115,0.00000,0.00000,-0.134,-0.010,0
466.9660,-0.00593,-0.02942,-0.00115,0.00000,0.00000,-0.134,-0.010,0
467.0160,-0.00593,-0.02942,-0.00115,0.00000,0.00000,-0.134,-0.010,0
467.0660,-0.00593,-0.02942,-0.00115,0.00000,0.00000,-0.134,-0.010,0
467.1160,-0.00593,-0.02940,-0.00115,0.00000,0.00000,-0.134,-0.010,0
467.1660,-0.00592,-0.02937,-0.00115,0.00000,0.00000,-0.134,-0.010,0
467.2160,-0.00592,-0.02933,-0.00115,0.00000,0.00000,-0.134,-0.010,0
467.2660,-0.00590,-0.02929,-0.00115,0.00000,0.00000,-0.134,-0.010,0
467.3160,-0.00590,-0.02925,-0.00115,0.00000,0.00000,-0.134,-0.010,0
467.3660,-0.00589,-0.02921,-0.00115,0.00000,0.00000,-0.133,-0.010,0
467.4160,-0.00588,-0.02917,-0.00115,0.00000,0.00000,-0.133,-0.010,0
467.4660,-0.00587,-0.02913,-0.00115,0.00000,0.00000,-0.133,-0.010,0
467.5160,-0.00586,-0.02909,-0.00115,0.00000,0.00000,-0.133,-0.010,0
467.5660,-0.00585,-0.02904,-0.00115,0.00000,0.00000,-0.133,-0.010,0
467.6160,-0.00584,-0.02901,-0.00115,0.00000,0.00000,-0.132,-0.010,0
467.6660,-0.00584,-0.02897,-0.00115,0.00000,0.00000,-0.132,-0.010,0
467.7160,-0.00583,-0.02894,-0.00115,0.00000,0.00000,-0.132,-0.010,0
467.7660,-0.00583,-0.02892,-0.00115,0.00000,0.00000,-0.132,-0.010,0
467.8160,-0.00583,-0.02891,-0.00115,0.00000,0.00000,-0.132,-0.010,0
467.8660,-0.00583,-0.02890,-0.00115,0.00000,0.00000,-0.132,-0.010,0
467.9160,-0.00583,-0.02890,-0.00115,0.00000,0.00000,-0.132,-0.010,0
467.9660,-0.00583,-0.02892,-0.00115,0.00000,0.00000,-0.132,-0.010,0
468.0160,-0.00584,-0.02893,-0.00115,0.00000,0.00000,-0.132,-0.010,0
468.0660,-0.00584,-0.02895,-0.00115,0.00000,0.00000,-0.132,-0.010,0
468.1160,-0.00584,-0.02894,-0.00115,0.00000,0.00000,-0.132,-0.010,0
468.1660,-0.00584,-0.02894,-0.00115,0.00000,0.00000,-0.132,-0.010,0
468.2160,-0.00584,-0.02892,-0.00115,0.00000,0.00000,-0.132,-0.010,0
468.2660,-0.00584,-0.02891,-0.00115,0.00000,0.00000,-0.132,-0.009,0
468.3160,-0.00584,-0.02889,-0.00115,0.00000,0.00000,-0.131,-0.009,0
468.3660,-0.00583,-0.02887,-0.00115,0.00000,0.00000,-0.131,-0.009,0
468.4160,-0.00582,-0.02884,-0.00115,0.00000,0.00000,-0.131,-0.009,0
468.4660,-0.00582,-0.02881,-0.00115,0.00000,0.00000,-0.131,-0.009,0
468.5160,-0.00582,-0.02879,-0.00115,0.00000,0.00000,-0.131,-0.009,0
468.5660,-0.00581,-0.02879,-0.00115,0.00000,0.00000,-0.131,-0.009,0
468.6160,-0.00581,-0.02877,-0.00115,0.00000,0.00000,-0.131,-0.009,0
468.6660,-0.00580,-0.02874,-0.00115,0.00000,0.00000,-0.131,-0.009,0
468.7160,-0.00580,-0.02871,-0.00115,0.00000,0.00000,-0.130,-0.009,0
468.7660,-0.00579,-0.02869,-0.00115,0.00000,0.00000,-0.130,-0.009,0
468.8160,-0.00579,-0.02868,-0.00115,0.00000,0.00000,-0.130,-0.009,0
468.8660,-0.00579,-0.02867,-0.00115,0.00000,0.00000,-0.130,-0.009,0
468.9160,-0.00579,-0.02866,-0.00115,0.00000,0.00000,-0.130,-0.009,0
468.9660,-0.00579,-0.02866,-0.00115,0.00000,0.00000,-0.130,-0.009,0
469.0160,-0.00579,-0.02865,-0.00115,0.00000,0.00000,-0.130,-0.009,0
469.0660,-0.00579,-0.02864,-0.00115,0.00000,0.00000,-0.130,-0.009,0
469.1160,-0.00579,-0.02865,-0.00115,0.00000,0.00000,-0.130,-0.009,0
469.1660,-0.00580,-0.02867,-0.00115,0.00000,0.00000,-0.130,-0.009,0
469.2160,-0.00580,-0.02869,-0.00115,0.00000,0.00000,-0.130,-0.009,0
469.2660,-0.00580,-0.02869,-0.00115,0.00000,0.00000,-0.130,-0.009,0
469.3160,-0.00580,-0.02869,-0.00115,0.00000,0.00000,-0.130,-0.009,0
469.3660,-0.00580,-0.02867,-0.00115,0.00000,0.00000,-0.130,-0.009,0
469.4160,-0.00579,-0.02865,-0.00115,0.00000,0.00000,-0.130,-0.009,0
469.4660,-0.00579,-0.02862,-0.00115,0.00000,0.00000,-0.130,-0.009,0
469.5160,-0.00579,-0.02862,-0.00115,0.00000,0.00000,-0.130,-0.009,0
469.5660,-0.00579,-0.02862,-0.00115,0.00000,0.00000,-0.129,-0.009,0
469.6160,-0.00579,-0.02864,-0.00115,0.00000,0.00000,-0.130,-0.009,0
469.6660,-0.00580,-0.02865,-0.00115,0.00000,0.00000,-0.130,-0.009,0
469.7160,-0.00580,-0.02866,-0.00115,0.00000,0.00000,-0.130,-0.009,0
469.7660,-0.00580,-0.02867,-0.00115,0.00000,0.00000,-0.130,-0.009,0
469.8160,-0.00580,-0.02868,-0.00115,0.00000,0.00000,-0.130,-0.009,0
469.8660,-0.00580,-0.02868,-0.00115,0.00000,0.00000,-0.130,-0.009,0
469.9160,-0.00581,-0.02868,-0.00115,0.00000,0.00000,-0.130,-0.009,0
469.9660,-0.00581,-0.02870,-0.00115,0.00000,0.00000,-0.130,-0.009,0
470.0160,-0.00581,-0.02871,-0.00115,0.00000,0.00000,-0.130,-0.009,0
470.0660,-0.00581,-0.02871,-0.00115,0.00000,0.00000,-0.130,-0.009,0
470.1160,-0.00581,-0.02872,-0.00115,0.00000,0.00000,-0.130,-0.009,0
470.1660,-0.00581,-0.02871,-0.00115,0.00000,0.00000,-0.130,-0.009,0
470.2160,-0.00581,-0.02871,-0.00115,0.00000,0.00000,-0.130,-0.009,0
470.2660,-0.00581,-0.02871,-0.00115,0.00000,0.00000,-0.130,-0.009,0
470.3160,-0.00581,-0.02871,-0.00115,0.00000,0.00000,-0.130,-0.009,0
470.3660,-0.00581,-0.02872,-0.00115,0.00000,0.00000,-0.130,-0.009,0
470.4160,-0.00582,-0.02874,-0.00115,0.00000,0.00000,-0.130,-0.009,0
470.4660,-0.00582,-0.02877,-0.00115,0.00000,0.00000,-0.130,-0.009,0
470.5160,-0.00583,-0.02878,-0.00115,0.00000,0.00000,-0.130,-0.009,0
470.5660,-0.00583,-0.02880,-0.00115,0.00000,0.00000,-0.130,-0.009,0
470.6160,-0.00584,-0.02882,-0.00115,0.00000,0.00000,-0.130,-0.009,0
470.6660,-0.00584,-0.02885,-0.00115,0.00000,0.00000,-0.130,-0.009,0
470.7160,-0.00585,-0.02888,-0.00115,0.00000,0.00000,-0.130,-0.009,0
470.7660,-0.00585,-0.02890,-0.00115,0.00000,0.00000,-0.131,-0.009,0
470.8160,-0.00585,-0.02891,-0.00115,0.00000,0.00000,-0.131,-0.009,0
470.8660,-0.00586,-0.02892,-0.00115,0.00000,0.00000,-0.131,-0.009,0
470.9160,-0.00586,-0.02893,-0.00115,0.00000,0.00000,-0.131,-0.009,0
470.9660,-0.00586,-0.02893,-0.00115,0.00000,0.00000,-0.131,-0.009,0
471.0160,-0.00586,-0.02892,-0.00115,0.00000,0.00000,-0.131,-0.009,0
471.0660,-0.00585,-0.02892,-0.00115,0.00000,0.00000,-0.131,-0.009,0
471.1160,-0.00586,-0.02893,-0.00115,0.00000,0.00000,-0.131,-0.009,0
471.1660,-0.00586,-0.02895,-0.00115,0.00000,0.00000,-0.131,-0.009,0
471.2160,-0.00586,-0.02895,-0.00115,0.00000,0.00000,-0.131,-0.009,0
471.2660,-0.00586,-0.02896,-0.00115,0.00000,0.00000,-0.131,-0.009,0
471.3160,-0.00586,-0.02897,-0.00115,0.00000,0.00000,-0.131,-0.009,0
471.3660,-0.00587,-0.02898,-0.00115,0.00000,0.00000,-0.131,-0.009,0
471.4160,-0.00587,-0.02900,-0.00115,0.00000,0.00000,-0.131,-0.009,0
471.4660,-0.00587,-0.02902,-0.00115,0.00000,0.00000,-0.131,-0.009,0
471.5160,-0.00588,-0.02903,-0.00115,0.00000,0.00000,-0.131,-0.009,0
471.5660,-0.00588,-0.02905,-0.00115,0.00000,0.00000,-0.131,-0.009,0
471.6160,-0.00588,-0.02904,-0.00115,0.00000,0.00000,-0.131,-0.009,0
471.6660,-0.00587,-0.02904,-0.00115,0.00000,0.00000,-0.131,-0.009,0
471.7160,-0.00587,-0.02903,-0.00115,0.00000,0.00000,-0.131,-0.009,0
471.7660,-0.00587,-0.02903,-0.00115,0.00000,0.00000,-0.131,-0.009,0
471.8160,-0.00587,-0.02902,-0.00115,0.00000,0.00000,-0.131,-0.009,0
471.8660,-0.00586,-0.02901,-0.00115,0.00000,0.00000,-0.131,-0.009,0
471.9160,-0.00586,-0.02899,-0.00115,0.00000,0.00000,-0.131,-0.009,0
471.9660,-0.00585,-0.02896,-0.00115,0.00000,0.00000,-0.131,-0.009,0
472.0160,-0.00585,-0.02895,-0.00115,0.00000,0.00000,-0.131,-0.009,0
472.0660,-0.00585,-0.02895,-0.00115,0.00000,0.00000,-0.131,-0.009,0
472.1160,-0.00585,-0.02894,-0.00115,0.00000,0.00000,-0.131,-0.009,0
472.1660,-0.00584,-0.02892,-0.00115,0.00000,0.00000,-0.131,-0.009,0
472.2160,-0.00584,-0.02890,-0.00115,0.00000,0.00000,-0.131,-0.009,0
472.2660,-0.00583,-0.02888,-0.00115,0.00000,0.00000,-0.131,-0.009,0
472.3160,-0.00583,-0.02886,-0.00115,0.00000,0.00000,-0.131,-0.009,0
472.3660,-0.00583,-0.02885,-0.00115,0.00000,0.00000,-0.131,-0.009,0
472.4160,-0.00582,-0.02884,-0.00115,0.00000,0.00000,-0.131,-0.009,0
472.4660,-0.00582,-0.02882,-0.00115,0.00000,0.00000,-0.131,-0.009,0
472.5160,-0.00582,-0.02880,-0.00115,0.00000,0.00000,-0.130,-0.009,0
472.5660,-0.00581,-0.02878,-0.00115,0.00000,0.00000,-0.130,-0.009,0
472.6160,-0.00581,-0.02878,-0.00115,0.00000,0.00000,-0.130,-0.009,0
472.6660,-0.00581,-0.02878,-0.00115,0.00000,0.00000,-0.130,-0.009,0
472.7160,-0.00582,-0.02880,-0.00115,0.00000,0.00000,-0.130,-0.009,0
472.7660,-0.00582,-0.02881,-0.00115,0.00000,0.00000,-0.130,-0.009,0
472.8160,-0.00582,-0.02882,-0.00115,0.00000,0.00000,-0.130,-0.009,0
472.8660,-0.00583,-0.02883,-0.00115,0.00000,0.00000,-0.130,-0.009,0
472.9160,-0.00583,-0.02885,-0.00115,0.00000,0.00000,-0.131,-0.009,0
472.9660,-0.00584,-0.02888,-0.00115,0.00000,0.00000,-0.131,-0.009,0
473.0160,-0.00585,-0.02892,-0.00115,0.00000,0.00000,-0.131,-0.009,0
473.0660,-0.00586,-0.02897,-0.00115,0.00000,0.00000,-0.131,-0.010,0
473.1160,-0.00587,-0.02901,-0.00115,0.00000,0.00000,-0.131,-0.010,0
473.1660,-0.00588,-0.02906,-0.00115,0.00000,0.00000,-0.132,-0.010,0
473.2160,-0.00589,-0.02909,-0.00115,0.00000,0.00000,-0.132,-0.010,0
473.2660,-0.00589,-0.02911,-0.00115,0.00000,0.00000,-0.132,-0.010,0
473.3160,-0.00590,-0.02913,-0.00115,0.00000,0.00000,-0.132,-0.010,0
473.3660,-0.00590,-0.02916,-0.00115,0.00000,0.00000,-0.132,-0.010,0
473.4160,-0.00591,-0.02918,-0.00115,0.00000,0.00000,-0.132,-0.010,0
473.4660,-0.00591,-0.02921,-0.00115,0.00000,0.00000,-0.132,-0.010,0
473.5160,-0.00592,-0.02923,-0.00115,0.00000,0.00000,-0.132,-0.010,0
473.5660,-0.00592,-0.02925,-0.00115,0.00000,0.00000,-0.132,-0.010,0
473.6160,-0.00593,-0.02929,-0.00115,0.00000,0.00000,-0.133,-0.010,0
473.6660,-0.00594,-0.02932,-0.00115,0.00000,0.00000,-0.133,-0.010,0
473.7160,-0.00594,-0.02935,-0.00115,0.00000,0.00000,-0.133,-0.010,0
473.7660,-0.00595,-0.02938,-0.00115,0.00000,0.00000,-0.133,-0.010,0
473.8160,-0.00595,-0.02941,-0.00115,0.00000,0.00000,-0.133,-0.010,0
473.8660,-0.00596,-0.02945,-0.00115,0.00000,0.00000,-0.133,-0.010,0
473.9160,-0.00597,-0.02948,-0.00115,0.00000,0.00000,-0.134,-0.010,0
473.9660,-0.00597,-0.02951,-0.00115,0.00000,0.00000,-0.134,-0.010,0
474.0160,-0.00598,-0.02954,-0.00115,0.00000,0.00000,-0.134,-0.010,0
474.0660,-0.00598,-0.02955,-0.00115,0.00000,0.00000,-0.134,-0.010,0
474.1160,-0.00598,-0.02957,-0.00115,0.00000,0.00000,-0.134,-0.010,0
474.1660,-0.00598,-0.02958,-0.00115,0.00000,0.00000,-0.134,-0.010,0
474.2160,-0.00598,-0.02958,-0.00115,0.00000,0.00000,-0.134,-0.010,0
474.2660,-0.00598,-0.02958,-0.00115,0.00000,0.00000,-0.134,-0.010,0
474.3160,-0.00598,-0.02959,-0.00115,0.00000,0.00000,-0.134,-0.010,0
474.3660,-0.00598,-0.02960,-0.00115,0.00000,0.00000,-0.134,-0.010,0
474.4160,-0.00598,-0.02960,-0.00115,0.00000,0.00000,-0.135,-0.010,0
474.4660,-0.00598,-0.02961,-0.00115,0.00000,0.00000,-0.135,-0.010,0
474.5160,-0.00599,-0.02963,-0.00115,0.00000,0.00000,-0.135,-0.010,0
474.5660,-0.00599,-0.02964,-0.00115,0.00000,0.00000,-0.135,-0.010,0
474.6160,-0.00599,-0.02965,-0.00115,0.00000,0.00000,-0.135,-0.010,0
474.6660,-0.00599,-0.02965,-0.00115,0.00000,0.00000,-0.135,-0.010,0
474.7160,-0.00598,-0.02963,-0.00115,0.00000,0.00000,-0.135,-0.010,0
474.7660,-0.00598,-0.02962,-0.00115,0.00000,0.00000,-0.135,-0.010,0
474.8160,-0.00598,-0.02962,-0.00115,0.00000,0.00000,-0.135,-0.010,0
474.8660,-0.00598,-0.02963,-0.00115,0.00000,0.00000,-0.135,-0.010,0
474.9160,-0.00598,-0.02965,-0.00115,0.00000,0.00000,-0.135,-0.010,0
474.9660,-0.00599,-0.02968,-0.00115,0.00000,0.00000,-0.135,-0.010,0
475.0160,-0.00599,-0.02970,-0.00115,0.00000,0.00000,-0.135,-0.010,0
475.0660,-0.00600,-0.02971,-0.00115,0.00000,0.00000,-0.135,-0.010,0
475.1160,-0.00599,-0.02971,-0.00115,0.00000,0.00000,-0.135,-0.010,0
475.1660,-0.00599,-0.02971,-0.00115,0.00000,0.00000,-0.135,-0.010,0
475.2160,-0.00599,-0.02971,-0.00115,0.00000,0.00000,-0.135,-0.010,0
475.2660,-0.00599,-0.02971,-0.00115,0.00000,0.00000,-0.136,-0.010,0
475.3160,-0.00600,-0.02972,-0.00115,0.00000,0.00000,-0.136,-0.010,0
475.3660,-0.00600,-0.02973,-0.00115,0.00000,0.00000,-0.136,-0.010,0
475.4160,-0.00600,-0.02972,-0.00115,0.00000,0.00000,-0.136,-0.010,0
475.4660,-0.00600,-0.02973,-0.00115,0.00000,0.00000,-0.136,-0.010,0
475.5160,-0.00600,-0.02974,-0.00115,0.00000,0.00000,-0.136,-0.010,0
475.5660,-0.00600,-0.02975,-0.00115,0.00000,0.00000,-0.136,-0.010,0
475.6160,-0.00600,-0.02976,-0.00115,0.00000,0.00000,-0.136,-0.010,0
475.6660,-0.00601,-0.02977,-0.00115,0.00000,0.00000,-0.136,-0.010,0
475.7160,-0.00601,-0.02979,-0.00115,0.00000,0.00000,-0.136,-0.010,0
475.7660,-0.00601,-0.02981,-0.00115,0.00000,0.00000,-0.136,-0.010,0
475.8160,-0.00602,-0.02983,-0.00115,0.00000,0.00000,-0.136,-0.010,0
475.8660,-0.00602,-0.02984,-0.00115,0.00000,0.00000,-0.136,-0.010,0
475.9160,-0.00602,-0.02985,-0.00115,0.00000,0.00000,-0.136,-0.010,0
475.9660,-0.00602,-0.02985,-0.00115,0.00000,0.00000,-0.136,-0.010,0
476.0160,-0.00602,-0.02983,-0.00115,0.00000,0.00000,-0.136,-0.010,0
476.0660,-0.00601,-0.02983,-0.00115,0.00000,0.00000,-0.136,-0.010,0
476.1160,-0.00601,-0.02982,-0.00115,0.00000,0.00000,-0.136,-0.010,0
476.1660,-0.00601,-0.02980,-0.00115,0.00000,0.00000,-0.136,-0.010,0
476.2160,-0.00600,-0.02979,-0.00115,0.00000,0.00000,-0.136,-0.010,0
476.2660,-0.00600,-0.02978,-0.00115,0.00000,0.00000,-0.136,-0.010,0
476.3160,-0.00600,-0.02976,-0.00115,0.00000,0.00000,-0.136,-0.010,0
476.3660,-0.00599,-0.02975,-0.00115,0.00000,0.00000,-0.136,-0.010,0
476.4160,-0.00599,-0.02974,-0.00115,0.00000,0.00000,-0.136,-0.010,0
476.4660,-0.00599,-0.02973,-0.00115,0.00000,0.00000,-0.136,-0.010,0
476.5160,-0.00599,-0.02971,-0.00115,0.00000,0.00000,-0.136,-0.010,0
476.5660,-0.00599,-0.02971,-0.00115,0.00000,0.00000,-0.136,-0.010,0
476.6160,-0.00599,-0.02971,-0.00115,0.00000,0.00000,-0.136,-0.010,0
476.6660,-0.00599,-0.02972,-0.00115,0.00000,0.00000,-0.136,-0.010,0
476.7160,-0.00599,-0.02972,-0.00115,0.00000,0.00000,-0.136,-0.010,0
476.7660,-0.00599,-0.02973,-0.00115,0.00000,0.00000,-0.136,-0.010,0
476.8160,-0.00599,-0.02971,-0.00115,0.00000,0.00000,-0.136,-0.010,0
476.8660,-0.00598,-0.02969,-0.00115,0.00000,0.00000,-0.136,-0.010,0
476.9160,-0.00597,-0.02966,-0.00115,0.00000,0.00000,-0.136,-0.010,0
476.9660,-0.00597,-0.02963,-0.00115,0.00000,0.00000,-0.136,-0.010,0
477.0160,-0.00596,-0.02961,-0.00115,0.00000,0.00000,-0.135,-0.010,0
477.0660,-0.00596,-0.02960,-0.00115,0.00000,0.00000,-0.135,-0.010,0
477.1160,-0.00596,-0.02960,-0.00115,0.00000,0.00000,-0.135,-0.010,0
477.1660,-0.00596,-0.02959,-0.00115,0.00000,0.00000,-0.135,-0.010,0
477.2160,-0.00596,-0.02959,-0.00115,0.00000,0.00000,-0.135,-0.010,0
477.2660,-0.00596,-0.02959,-0.00115,0.00000,0.00000,-0.135,-0.010,0
477.3160,-0.00596,-0.02958,-0.00115,0.00000,0.00000,-0.135,-0.010,0
477.3660,-0.00596,-0.02956,-0.00115,0.00000,0.00000,-0.135,-0.010,0
477.4160,-0.00595,-0.02954,-0.00115,0.00000,0.00000,-0.135,-0.010,0
477.4660,-0.00594,-0.02951,-0.00115,0.00000,0.00000,-0.135,-0.010,0
477.5160,-0.00594,-0.02947,-0.00115,0.00000,0.00000,-0.135,-0.010,0
477.5660,-0.00593,-0.02942,-0.00115,0.00000,0.00000,-0.135,-0.010,0
477.6160,-0.00591,-0.02937,-0.00115,0.00000,0.00000,-0.134,-0.010,0
477.6660,-0.00591,-0.02934,-0.00115,0.00000,0.00000,-0.134,-0.010,0
477.7160,-0.00590,-0.02931,-0.00115,0.00000,0.00000,-0.134,-0.010,0
477.7660,-0.00590,-0.02929,-0.00115,0.00000,0.00000,-0.134,-0.010,0
477.8160,-0.00589,-0.02927,-0.00115,0.00000,0.00000,-0.134,-0.010,0
477.8660,-0.00589,-0.02926,-0.00115,0.00000,0.00000,-0.134,-0.010,0
477.9160,-0.00589,-0.02925,-0.00115,0.00000,0.00000,-0.134,-0.010,0
477.9660,-0.00589,-0.02923,-0.00115,0.00000,0.00000,-0.134,-0.010,0
478.0160,-0.00589,-0.02921,-0.00115,0.00000,0.00000,-0.133,-0.010,0
478.0660,-0.00588,-0.02919,-0.00115,0.00000,0.00000,-0.133,-0.010,0
478.1160,-0.00588,-0.02917,-0.00115,0.00000,0.00000,-0.133,-0.010,0
478.1660,-0.00588,-0.02917,-0.00115,0.00000,0.00000,-0.133,-0.010,0
478.2160,-0.00588,-0.02916,-0.00115,0.00000,0.00000,-0.133,-0.010,0
478.2660,-0.00588,-0.02914,-0.00115,0.00000,0.00000,-0.133,-0.010,0
478.3160,-0.00588,-0.02914,-0.00115,0.00000,0.00000,-0.133,-0.010,0
478.3660,-0.00588,-0.02913,-0.00115,0.00000,0.00000,-0.133,-0.010,0
478.4160,-0.00587,-0.02912,-0.00115,0.00000,0.00000,-0.133,-0.010,0
478.4660,-0.00587,-0.02912,-0.00115,0.00000,0.00000,-0.133,-0.010,0
478.5160,-0.00588,-0.02912,-0.00115,0.00000,0.00000,-0.133,-0.010,0
478.5660,-0.00588,-0.02912,-0.00115,0.00000,0.00000,-0.133,-0.010,0
478.6160,-0.00588,-0.02912,-0.00115,0.00000,0.00000,-0.133,-0.010,0
478.6660,-0.00588,-0.02913,-0.00115,0.00000,0.00000,-0.133,-0.010,0
478.7160,-0.00589,-0.02915,-0.00115,0.00000,0.00000,-0.133,-0.010,0
478.7660,-0.00589,-0.02916,-0.00115,0.00000,0.00000,-0.133,-0.010,0
478.8160,-0.00589,-0.02918,-0.00115,0.00000,0.00000,-0.133,-0.010,0
478.8660,-0.00590,-0.02920,-0.00115,0.00000,0.00000,-0.133,-0.010,0
478.9160,-0.00590,-0.02921,-0.00115,0.00000,0.00000,-0.133,-0.010,0
478.9660,-0.00591,-0.02923,-0.00115,0.00000,0.00000,-0.133,-0.010,0
479.0160,-0.00591,-0.02924,-0.00115,0.00000,0.00000,-0.133,-0.010,0
479.0660,-0.00591,-0.02925,-0.00115,0.00000,0.00000,-0.133,-0.010,0
479.1160,-0.00592,-0.02927,-0.00115,0.00000,0.00000,-0.133,-0.010,0
479.1660,-0.00592,-0.02927,-0.00115,0.00000,0.00000,-0.133,-0.010,0
479.2160,-0.00592,-0.02928,-0.00115,0.00000,0.00000,-0.133,-0.010,0
479.2660,-0.00592,-0.02927,-0.00115,0.00000,0.00000,-0.133,-0.010,0
479.3160,-0.00591,-0.02926,-0.00115,0.00000,0.00000,-0.133,-0.010,0
479.3660,-0.00591,-0.02925,-0.00115,0.00000,0.00000,-0.133,-0.010,0
479.4160,-0.00591,-0.02923,-0.00115,0.00000,0.00000,-0.133,-0.010,0
479.4660,-0.00590,-0.02921,-0.00115,0.00000,0.00000,-0.133,-0.010,0
479.5160,-0.00590,-0.02919,-0.00115,0.00000,0.00000,-0.133,-0.010,0
479.5660,-0.00589,-0.02917,-0.00115,0.00000,0.00000,-0.133,-0.010,0
479.6160,-0.00589,-0.02916,-0.00115,0.00000,0.00000,-0.133,-0.010,0
479.6660,-0.00588,-0.02914,-0.00115,0.00000,0.00000,-0.133,-0.010,0
479.7160,-0.00588,-0.02913,-0.00115,0.00000,0.00000,-0.132,-0.010,0
479.7660,-0.00588,-0.02911,-0.00115,0.00000,0.00000,-0.132,-0.010,0
479.8160,-0.00588,-0.02910,-0.00115,0.00000,0.00000,-0.132,-0.010,0
479.8660,-0.00587,-0.02910,-0.00115,0.00000,0.00000,-0.132,-0.010,0
479.9160,-0.00587,-0.02909,-0.00115,0.00000,0.00000,-0.132,-0.010,0
479.9660,-0.00587,-0.02909,-0.00115,0.00000,0.00000,-0.132,-0.010,0
480.0160,-0.00587,-0.02909,-0.00115,0.00000,0.00000,-0.132,-0.010,0
480.0660,-0.00588,-0.02910,-0.00115,0.00000,0.00000,-0.132,-0.010,0
480.1160,-0.00588,-0.02910,-0.00115,0.00000,0.00000,-0.132,-0.010,0
480.1660,-0.00588,-0.02909,-0.00115,0.00000,0.00000,-0.132,-0.010,0
480.2160,-0.00587,-0.02909,-0.00115,0.00000,0.00000,-0.132,-0.010,0
480.2660,-0.00587,-0.02908,-0.00115,0.00000,0.00000,-0.132,-0.010,0
480.3160,-0.00588,-0.02909,-0.00115,0.00000,0.00000,-0.132,-0.010,0
480.3660,-0.00588,-0.02912,-0.00115,0.00000,0.00000,-0.132,-0.010,0
480.4160,-0.00588,-0.02913,-0.00115,0.00000,0.00000,-0.132,-0.010,0
480.4660,-0.00589,-0.02914,-0.00115,0.00000,0.00000,-0.132,-0.010,0
480.5160,-0.00589,-0.02915,-0.00115,0.00000,0.00000,-0.133,-0.010,0
480.5660,-0.00589,-0.02915,-0.00115,0.00000,0.00000,-0.133,-0.010,0
480.6160,-0.00589,-0.02916,-0.00115,0.00000,0.00000,-0.133,-0.010,0
480.6660,-0.00589,-0.02916,-0.00115,0.00000,0.00000,-0.133,-0.010,0
480.7160,-0.00589,-0.02917,-0.00115,0.00000,0.00000,-0.133,-0.010,0
480.7660,-0.00590,-0.02917,-0.00115,0.00000,0.00000,-0.133,-0.010,0
480.8160,-0.00590,-0.02919,-0.00115,0.00000,0.00000,-0.133,-0.010,0
480.8660,-0.00590,-0.02920,-0.00115,0.00000,0.00000,-0.133,-0.010,0
480.9160,-0.00591,-0.02923,-0.00115,0.00000,0.00000,-0.133,-0.010,0
480.9660,-0.00591,-0.02925,-0.00115,0.00000,0.00000,-0.133,-0.010,0
481.0160,-0.00592,-0.02927,-0.00115,0.00000,0.00000,-0.133,-0.010,0
481.0660,-0.00592,-0.02927,-0.00115,0.00000,0.00000,-0.133,-0.010,0
481.1160,-0.00592,-0.02927,-0.00115,0.00000,0.00000,-0.133,-0.010,0
481.1660,-0.00592,-0.02927,-0.00115,0.00000,0.00000,-0.133,-0.010,0
481.2160,-0.00591,-0.02926,-0.00115,0.00000,0.00000,-0.133,-0.010,0
481.2660,-0.00591,-0.02926,-0.00115,0.00000,0.00000,-0.133,-0.010,0
481.3160,-0.00591,-0.02926,-0.00115,0.00000,0.00000,-0.133,-0.010,0
481.3660,-0.00591,-0.02926,-0.00115,0.00000,0.00000,-0.133,-0.010,0
481.4160,-0.00591,-0.02926,-0.00115,0.00000,0.00000,-0.133,-0.010,0
481.4660,-0.00591,-0.02927,-0.00115,0.00000,0.00000,-0.133,-0.010,0
481.5160,-0.00591,-0.02927,-0.00115,0.00000,0.00000,-0.133,-0.010,0
481.5660,-0.00591,-0.02926,-0.00115,0.00000,0.00000,-0.133,-0.010,0
481.6160,-0.00591,-0.02927,-0.00115,0.00000,0.00000,-0.133,-0.010,0
481.6660,-0.00591,-0.02927,-0.00115,0.00000,0.00000,-0.133,-0.010,0
481.7160,-0.00591,-0.02926,-0.00115,0.00000,0.00000,-0.133,-0.010,0
481.7660,-0.00590,-0.02924,-0.00115,0.00000,0.00000,-0.133,-0.010,0
481.8160,-0.00590,-0.02920,-0.00115,0.00000,0.00000,-0.133,-0.010,0
481.8660,-0.00589,-0.02918,-0.00115,0.00000,0.00000,-0.133,-0.010,0
481.9160,-0.00589,-0.02918,-0.00115,0.00000,0.00000,-0.133,-0.010,0
481.9660,-0.00589,-0.02917,-0.00115,0.00000,0.00000,-0.133,-0.010,0
482.0160,-0.00588,-0.02915,-0.00115,0.00000,0.00000,-0.133,-0.010,0
482.0660,-0.00588,-0.02913,-0.00115,0.00000,0.00000,-0.132,-0.010,0
482.1160,-0.00588,-0.02912,-0.00115,0.00000,0.00000,-0.132,-0.010,0
482.1660,-0.00588,-0.02911,-0.00115,0.00000,0.00000,-0.132,-0.010,0
482.2160,-0.00588,-0.02912,-0.00115,0.00000,0.00000,-0.132,-0.010,0
482.2660,-0.00588,-0.02912,-0.00115,0.00000,0.00000,-0.132,-0.010,0
482.3160,-0.00588,-0.02912,-0.00115,0.00000,0.00000,-0.132,-0.010,0
482.3660,-0.00588,-0.02913,-0.00115,0.00000,0.00000,-0.132,-0.010,0
482.4160,-0.00588,-0.02913,-0.00115,0.00000,0.00000,-0.132,-0.010,0
482.4660,-0.00588,-0.02914,-0.00115,0.00000,0.00000,-0.132,-0.010,0
482.5160,-0.00589,-0.02915,-0.00115,0.00000,0.00000,-0.132,-0.010,0
482.5660,-0.00589,-0.02915,-0.00115,0.00000,0.00000,-0.132,-0.010,0
482.6160,-0.00589,-0.02916,-0.00115,0.00000,0.00000,-0.133,-0.010,0
482.6660,-0.00589,-0.02915,-0.00115,0.00000,0.00000,-0.132,-0.010,0
482.7160,-0.00589,-0.02915,-0.00115,0.00000,0.00000,-0.132,-0.010,0
482.7660,-0.00589,-0.02914,-0.00115,0.00000,0.00000,-0.132,-0.010,0
482.8160,-0.00589,-0.02914,-0.00115,0.00000,0.00000,-0.132,-0.010,0
482.8660,-0.00588,-0.02913,-0.00115,0.00000,0.00000,-0.132,-0.010,0
482.9160,-0.00588,-0.02911,-0.00115,0.00000,0.00000,-0.132,-0.010,0
482.9660,-0.00588,-0.02911,-0.00115,0.00000,0.00000,-0.132,-0.010,0
483.0160,-0.00588,-0.02910,-0.00115,0.00000,0.00000,-0.132,-0.010,0
483.0660,-0.00588,-0.02909,-0.00115,0.00000,0.00000,-0.132,-0.010,0
483.1160,-0.00588,-0.02909,-0.00115,0.00000,0.00000,-0.132,-0.010,0
483.1660,-0.00588,-0.02910,-0.00115,0.00000,0.00000,-0.132,-0.010,0
483.2160,-0.00588,-0.02912,-0.00115,0.00000,0.00000,-0.132,-0.010,0
483.2660,-0.00588,-0.02912,-0.00115,0.00000,0.00000,-0.132,-0.010,0
483.3160,-0.00589,-0.02913,-0.00115,0.00000,0.00000,-0.132,-0.010,0
483.3660,-0.00589,-0.02913,-0.00115,0.00000,0.00000,-0.132,-0.010,0
483.4160,-0.00589,-0.02914,-0.00115,0.00000,0.00000,-0.132,-0.010,0
483.4660,-0.00589,-0.02915,-0.00115,0.00000,0.00000,-0.132,-0.010,0
483.5160,-0.00589,-0.02916,-0.00115,0.00000,0.00000,-0.132,-0.010,0
483.5660,-0.00590,-0.02917,-0.00115,0.00000,0.00000,-0.132,-0.010,0
483.6160,-0.00590,-0.02918,-0.00115,0.00000,0.00000,-0.133,-0.010,0
483.6660,-0.00590,-0.02918,-0.00115,0.00000,0.00000,-0.133,-0.010,0
483.7160,-0.00590,-0.02919,-0.00115,0.00000,0.00000,-0.133,-0.010,0
483.7660,-0.00590,-0.02920,-0.00115,0.00000,0.00000,-0.133,-0.010,0
483.8160,-0.00590,-0.02920,-0.00115,0.00000,0.00000,-0.133,-0.010,0
483.8660,-0.00590,-0.02920,-0.00115,0.00000,0.00000,-0.133,-0.010,0
483.9160,-0.00590,-0.02920,-0.00115,0.00000,0.00000,-0.133,-0.010,0
483.9660,-0.00590,-0.02920,-0.00115,0.00000,0.00000,-0.133,-0.010,0
484.0160,-0.00591,-0.02922,-0.00115,0.00000,0.00000,-0.133,-0.010,0
484.0660,-0.00591,-0.02923,-0.00115,0.00000,0.00000,-0.133,-0.010,0
484.1160,-0.00591,-0.02923,-0.00115,0.00000,0.00000,-0.133,-0.010,0
484.1660,-0.00591,-0.02924,-0.00115,0.00000,0.00000,-0.133,-0.010,0
484.2160,-0.00591,-0.02924,-0.00115,0.00000,0.00000,-0.133,-0.010,0
484.2660,-0.00591,-0.02924,-0.00115,0.00000,0.00000,-0.133,-0.010,0
484.3160,-0.00591,-0.02923,-0.00115,0.00000,0.00000,-0.133,-0.010,0
484.3660,-0.00590,-0.02923,-0.00115,0.00000,0.00000,-0.133,-0.010,0
484.4160,-0.00591,-0.02923,-0.00115,0.00000,0.00000,-0.133,-0.010,0
484.4660,-0.00591,-0.02925,-0.00115,0.00000,0.00000,-0.133,-0.010,0
484.5160,-0.00591,-0.02927,-0.00115,0.00000,0.00000,-0.133,-0.010,0
484.5660,-0.00592,-0.02928,-0.00115,0.00000,0.00000,-0.133,-0.010,0
484.6160,-0.00592,-0.02930,-0.00115,0.00000,0.00000,-0.133,-0.010,0
484.6660,-0.00593,-0.02933,-0.00115,0.00000,0.00000,-0.133,-0.010,0
484.7160,-0.00593,-0.02935,-0.00115,0.00000,0.00000,-0.133,-0.010,0
484.7660,-0.00594,-0.02937,-0.00115,0.00000,0.00000,-0.133,-0.010,0
484.8160,-0.00594,-0.02938,-0.00115,0.00000,0.00000,-0.134,-0.010,0
484.8660,-0.00594,-0.02940,-0.00115,0.00000,0.00000,-0.134,-0.010,0
484.9160,-0.00594,-0.02940,-0.00115,0.00000,0.00000,-0.134,-0.010,0
484.9660,-0.00594,-0.02940,-0.00115,0.00000,0.00000,-0.134,-0.010,0
485.0160,-0.00594,-0.02938,-0.00115,0.00000,0.00000,-0.134,-0.010,0
485.0660,-0.00593,-0.02935,-0.00115,0.00000,0.00000,-0.134,-0.010,0
485.1160,-0.00592,-0.02933,-0.00115,0.00000,0.00000,-0.133,-0.010,0
485.1660,-0.00592,-0.02931,-0.00115,0.00000,0.00000,-0.133,-0.010,0
485.2160,-0.00592,-0.02930,-0.00115,0.00000,0.00000,-0.133,-0.010,0
485.2660,-0.00591,-0.02930,-0.00115,0.00000,0.00000,-0.133,-0.010,0
485.3160,-0.00591,-0.02930,-0.00115,0.00000,0.00000,-0.133,-0.010,0
485.3660,-0.00591,-0.02929,-0.00115,0.00000,0.00000,-0.133,-0.010,0
485.4160,-0.00591,-0.02928,-0.00115,0.00000,0.00000,-0.133,-0.010,0
485.4660,-0.00591,-0.02928,-0.00115,0.00000,0.00000,-0.133,-0.010,0
485.5160,-0.00591,-0.02927,-0.00115,0.00000,0.00000,-0.133,-0.010,0
485.5660,-0.00591,-0.02926,-0.00115,0.00000,0.00000,-0.133,-0.010,0
485.6160,-0.00591,-0.02926,-0.00115,0.00000,0.00000,-0.133,-0.010,0
485.6660,-0.00591,-0.02926,-0.00115,0.00000,0.00000,-0.133,-0.010,0
485.7160,-0.00591,-0.02926,-0.00115,0.00000,0.00000,-0.133,-0.010,0
485.7660,-0.00591,-0.02926,-0.00115,0.00000,0.00000,-0.133,-0.010,0
485.8160,-0.00590,-0.02925,-0.00115,0.00000,0.00000,-0.133,-0.010,0
485.8660,-0.00590,-0.02924,-0.00115,0.00000,0.00000,-0.133,-0.010,0
485.9160,-0.00590,-0.02923,-0.00115,0.00000,0.00000,-0.133,-0.010,0
485.9660,-0.00589,-0.02921,-0.00115,0.00000,0.00000,-0.133,-0.010,0
486.0160,-0.00589,-0.02919,-0.00115,0.00000,0.00000,-0.133,-0.010,0
486.0660,-0.00588,-0.02915,-0.00115,0.00000,0.00000,-0.133,-0.010,0
486.1160,-0.00587,-0.02912,-0.00115,0.00000,0.00000,-0.132,-0.010,0
486.1660,-0.00587,-0.02910,-0.00115,0.00000,0.00000,-0.132,-0.010,0
486.2160,-0.00586,-0.02905,-0.00115,0.00000,0.00000,-0.132,-0.010,0
486.2660,-0.00585,-0.02901,-0.00115,0.00000,0.00000,-0.132,-0.010,0
486.3160,-0.00584,-0.02896,-0.00115,0.00000,0.00000,-0.132,-0.009,0
486.3660,-0.00583,-0.02892,-0.00115,0.00000,0.00000,-0.132,-0.009,0
486.4160,-0.00582,-0.02887,-0.00115,0.00000,0.00000,-0.131,-0.009,0
486.4660,-0.00581,-0.02884,-0.00115,0.00000,0.00000,-0.131,-0.009,0
486.5160,-0.00581,-0.02881,-0.00115,0.00000,0.00000,-0.131,-0.009,0
486.5660,-0.00581,-0.02880,-0.00115,0.00000,0.00000,-0.131,-0.009,0
486.6160,-0.00580,-0.02878,-0.00115,0.00000,0.00000,-0.131,-0.009,0
486.6660,-0.00580,-0.02876,-0.00115,0.00000,0.00000,-0.131,-0.009,0
486.7160,-0.00580,-0.02874,-0.00115,0.00000,0.00000,-0.131,-0.009,0
486.7660,-0.00580,-0.02873,-0.00115,0.00000,0.00000,-0.131,-0.009,0
486.8160,-0.00580,-0.02872,-0.00115,0.00000,0.00000,-0.130,-0.009,0
486.8660,-0.00579,-0.02871,-0.00115,0.00000,0.00000,-0.130,-0.009,0
486.9160,-0.00579,-0.02869,-0.00115,0.00000,0.00000,-0.130,-0.009,0
486.9660,-0.00579,-0.02866,-0.00115,0.00000,0.00000,-0.130,-0.009,0
487.0160,-0.00578,-0.02864,-0.00115,0.00000,0.00000,-0.130,-0.009,0
487.0660,-0.00578,-0.02861,-0.00115,0.00000,0.00000,-0.130,-0.009,0
487.1160,-0.00577,-0.02859,-0.00115,0.00000,0.00000,-0.130,-0.009,0
487.1660,-0.00577,-0.02857,-0.00115,0.00000,0.00000,-0.130,-0.009,0
487.2160,-0.00577,-0.02855,-0.00115,0.00000,0.00000,-0.129,-0.009,0
487.2660,-0.00576,-0.02852,-0.00115,0.00000,0.00000,-0.129,-0.009,0
487.3160,-0.00576,-0.02850,-0.00115,0.00000,0.00000,-0.129,-0.009,0
487.3660,-0.00575,-0.02847,-0.00115,0.00000,0.00000,-0.129,-0.009,0
487.4160,-0.00575,-0.02844,-0.00115,0.00000,0.00000,-0.129,-0.009,0
487.4660,-0.00574,-0.02842,-0.00115,0.00000,0.00000,-0.129,-0.009,0
487.5160,-0.00574,-0.02839,-0.00115,0.00000,0.00000,-0.128,-0.009,0
487.5660,-0.00573,-0.02838,-0.00115,0.00000,0.00000,-0.128,-0.009,0
487.6160,-0.00573,-0.02835,-0.00115,0.00000,0.00000,-0.128,-0.009,0
487.6660,-0.00573,-0.02833,-0.00115,0.00000,0.00000,-0.128,-0.009,0
487.7160,-0.00572,-0.02832,-0.00115,0.00000,0.00000,-0.128,-0.009,0
487.7660,-0.00573,-0.02832,-0.00115,0.00000,0.00000,-0.128,-0.009,0
487.8160,-0.00573,-0.02832,-0.00115,0.00000,0.00000,-0.128,-0.009,0
487.8660,-0.00573,-0.02833,-0.00115,0.00000,0.00000,-0.128,-0.009,0
487.9160,-0.00573,-0.02833,-0.00115,0.00000,0.00000,-0.128,-0.009,0
487.9660,-0.00573,-0.02833,-0.00115,0.00000,0.00000,-0.128,-0.009,0
488.0160,-0.00574,-0.02834,-0.00115,0.00000,0.00000,-0.128,-0.009,0
488.0660,-0.00574,-0.02835,-0.00115,0.00000,0.00000,-0.128,-0.009,0
488.1160,-0.00574,-0.02836,-0.00115,0.00000,0.00000,-0.128,-0.009,0
488.1660,-0.00574,-0.02836,-0.00115,0.00000,0.00000,-0.128,-0.009,0
488.2160,-0.00574,-0.02836,-0.00115,0.00000,0.00000,-0.128,-0.009,0
488.2660,-0.00574,-0.02836,-0.00115,0.00000,0.00000,-0.128,-0.009,0
488.3160,-0.00574,-0.02835,-0.00115,0.00000,0.00000,-0.128,-0.009,0
488.3660,-0.00574,-0.02835,-0.00115,0.00000,0.00000,-0.128,-0.009,0
488.4160,-0.00575,-0.02836,-0.00115,0.00000,0.00000,-0.128,-0.009,0
488.4660,-0.00575,-0.02837,-0.00115,0.00000,0.00000,-0.128,-0.009,0
488.5160,-0.00575,-0.02839,-0.00115,0.00000,0.00000,-0.128,-0.009,0
488.5660,-0.00576,-0.02841,-0.00115,0.00000,0.00000,-0.128,-0.009,0
488.6160,-0.00576,-0.02843,-0.00115,0.00000,0.00000,-0.128,-0.009,0
488.6660,-0.00577,-0.02844,-0.00115,0.00000,0.00000,-0.128,-0.009,0
488.7160,-0.00577,-0.02845,-0.00115,0.00000,0.00000,-0.128,-0.009,0
488.7660,-0.00577,-0.02846,-0.00115,0.00000,0.00000,-0.128,-0.009,0
488.8160,-0.00577,-0.02846,-0.00115,0.00000,0.00000,-0.128,-0.009,0
488.8660,-0.00577,-0.02845,-0.00115,0.00000,0.00000,-0.128,-0.009,0
488.9160,-0.00577,-0.02845,-0.00115,0.00000,0.00000,-0.128,-0.009,0
488.9660,-0.00576,-0.02844,-0.00115,0.00000,0.00000,-0.128,-0.009,0
489.0160,-0.00576,-0.02843,-0.00115,0.00000,0.00000,-0.128,-0.009,0
489.0660,-0.00576,-0.02842,-0.00115,0.00000,0.00000,-0.128,-0.009,0
489.1160,-0.00576,-0.02841,-0.00115,0.00000,0.00000,-0.128,-0.009,0
489.1660,-0.00575,-0.02840,-0.00115,0.00000,0.00000,-0.128,-0.009,0
489.2160,-0.00575,-0.02840,-0.00115,0.00000,0.00000,-0.128,-0.009,0
489.2660,-0.00575,-0.02840,-0.00115,0.00000,0.00000,-0.128,-0.009,0
489.3160,-0.00575,-0.02840,-0.00115,0.00000,0.00000,-0.128,-0.009,0
489.3660,-0.00575,-0.02839,-0.00115,0.00000,0.00000,-0.128,-0.009,0
489.4160,-0.00575,-0.02838,-0.00115,0.00000,0.00000,-0.128,-0.009,0
489.4660,-0.00575,-0.02837,-0.00115,0.00000,0.00000,-0.128,-0.009,0
489.5160,-0.00574,-0.02834,-0.00115,0.00000,0.00000,-0.128,-0.009,0
489.5660,-0.00573,-0.02831,-0.00115,0.00000,0.00000,-0.127,-0.009,0
489.6160,-0.00572,-0.02828,-0.00115,0.00000,0.00000,-0.127,-0.009,0
489.6660,-0.00572,-0.02824,-0.00115,0.00000,0.00000,-0.127,-0.009,0
489.7160,-0.00571,-0.02821,-0.00115,0.00000,0.00000,-0.127,-0.009,0
489.7660,-0.00571,-0.02820,-0.00115,0.00000,0.00000,-0.127,-0.009,0
489.8160,-0.00570,-0.02818,-0.00115,0.00000,0.00000,-0.127,-0.009,0
489.8660,-0.00570,-0.02816,-0.00115,0.00000,0.00000,-0.127,-0.009,0
489.9160,-0.00570,-0.02815,-0.00115,0.00000,0.00000,-0.127,-0.009,0
489.9660,-0.00570,-0.02815,-0.00115,0.00000,0.00000,-0.127,-0.009,0
490.0160,-0.00570,-0.02815,-0.00115,0.00000,0.00000,-0.126,-0.009,0
490.0660,-0.00570,-0.02816,-0.00115,0.00000,0.00000,-0.127,-0.009,0
490.1160,-0.00571,-0.02818,-0.00115,0.00000,0.00000,-0.127,-0.009,0
490.1660,-0.00571,-0.02819,-0.00115,0.00000,0.00000,-0.127,-0.009,0
490.2160,-0.00571,-0.02820,-0.00115,0.00000,0.00000,-0.127,-0.009,0
490.2660,-0.00572,-0.02821,-0.00115,0.00000,0.00000,-0.127,-0.009,0
490.3160,-0.00572,-0.02823,-0.00115,0.00000,0.00000,-0.127,-0.009,0
490.3660,-0.00572,-0.02824,-0.00115,0.00000,0.00000,-0.127,-0.009,0
490.4160,-0.00573,-0.02825,-0.00115,0.00000,0.00000,-0.127,-0.009,0
490.4660,-0.00573,-0.02826,-0.00115,0.00000,0.00000,-0.127,-0.009,0
490.5160,-0.00573,-0.02825,-0.00115,0.00000,0.00000,-0.127,-0.009,0
490.5660,-0.00573,-0.02825,-0.00115,0.00000,0.00000,-0.127,-0.009,0
490.6160,-0.00573,-0.02825,-0.00115,0.00000,0.00000,-0.127,-0.009,0
490.6660,-0.00573,-0.02824,-0.00115,0.00000,0.00000,-0.127,-0.009,0
490.7160,-0.00572,-0.02823,-0.00115,0.00000,0.00000,-0.127,-0.009,0
490.7660,-0.00572,-0.02821,-0.00115,0.00000,0.00000,-0.127,-0.009,0
490.8160,-0.00572,-0.02820,-0.00115,0.00000,0.00000,-0.127,-0.009,0
490.8660,-0.00572,-0.02820,-0.00115,0.00000,0.00000,-0.127,-0.009,0
490.9160,-0.00571,-0.02819,-0.00115,0.00000,0.00000,-0.127,-0.009,0
490.9660,-0.00571,-0.02818,-0.00115,0.00000,0.00000,-0.126,-0.009,0
491.0160,-0.00571,-0.02817,-0.00115,0.00000,0.00000,-0.126,-0.009,0
491.0660,-0.00571,-0.02817,-0.00115,0.00000,0.00000,-0.126,-0.009,0
491.1160,-0.00571,-0.02816,-0.00115,0.00000,0.00000,-0.126,-0.009,0
491.1660,-0.00570,-0.02815,-0.00115,0.00000,0.00000,-0.126,-0.009,0
491.2160,-0.00570,-0.02814,-0.00115,0.00000,0.00000,-0.126,-0.009,0
491.2660,-0.00570,-0.02814,-0.00115,0.00000,0.00000,-0.126,-0.009,0
491.3160,-0.00570,-0.02813,-0.00115,0.00000,0.00000,-0.126,-0.009,0
491.3660,-0.00570,-0.02813,-0.00115,0.00000,0.00000,-0.126,-0.009,0
491.4160,-0.00570,-0.02812,-0.00115,0.00000,0.00000,-0.126,-0.009,0
491.4660,-0.00570,-0.02811,-0.00115,0.00000,0.00000,-0.126,-0.009,0
491.5160,-0.00570,-0.02811,-0.00115,0.00000,0.00000,-0.126,-0.009,0
491.5660,-0.00569,-0.02810,-0.00115,0.00000,0.00000,-0.126,-0.009,0
491.6160,-0.00569,-0.02810,-0.00115,0.00000,0.00000,-0.126,-0.009,0
491.6660,-0.00569,-0.02809,-0.00115,0.00000,0.00000,-0.126,-0.009,0
491.7160,-0.00569,-0.02807,-0.00115,0.00000,0.00000,-0.126,-0.009,0
491.7660,-0.00568,-0.02805,-0.00115,0.00000,0.00000,-0.126,-0.009,0
491.8160,-0.00568,-0.02804,-0.00115,0.00000,0.00000,-0.126,-0.009,0
491.8660,-0.00568,-0.02801,-0.00115,0.00000,0.00000,-0.126,-0.009,0
491.9160,-0.00567,-0.02797,-0.00115,0.00000,0.00000,-0.125,-0.009,0
491.9660,-0.00566,-0.02792,-0.00115,0.00000,0.00000,-0.125,-0.009,0
492.0160,-0.00565,-0.02788,-0.00115,0.00000,0.00000,-0.125,-0.009,0
492.0660,-0.00564,-0.02784,-0.00115,0.00000,0.00000,-0.125,-0.009,0
492.1160,-0.00563,-0.02781,-0.00115,0.00000,0.00000,-0.125,-0.009,0
492.1660,-0.00563,-0.02779,-0.00115,0.00000,0.00000,-0.125,-0.009,0
492.2160,-0.00562,-0.02777,-0.00115,0.00000,0.00000,-0.124,-0.009,0
492.2660,-0.00562,-0.02775,-0.00115,0.00000,0.00000,-0.124,-0.009,0
492.3160,-0.00562,-0.02775,-0.00115,0.00000,0.00000,-0.124,-0.009,0
492.3660,-0.00562,-0.02775,-0.00115,0.00000,0.00000,-0.124,-0.009,0
492.4160,-0.00562,-0.02776,-0.00115,0.00000,0.00000,-0.124,-0.009,0
492.4660,-0.00563,-0.02776,-0.00115,0.00000,0.00000,-0.124,-0.009,0
492.5160,-0.00563,-0.02776,-0.00115,0.00000,0.00000,-0.124,-0.009,0
492.5660,-0.00563,-0.02777,-0.00115,0.00000,0.00000,-0.124,-0.009,0
492.6160,-0.00563,-0.02775,-0.00115,0.00000,0.00000,-0.124,-0.009,0
492.6660,-0.00562,-0.02773,-0.00115,0.00000,0.00000,-0.124,-0.009,0
492.7160,-0.00562,-0.02771,-0.00115,0.00000,0.00000,-0.124,-0.009,0
492.7660,-0.00561,-0.02767,-0.00115,0.00000,0.00000,-0.124,-0.009,0
492.8160,-0.00560,-0.02763,-0.00115,0.00000,0.00000,-0.124,-0.009,0
492.8660,-0.00560,-0.02760,-0.00115,0.00000,0.00000,-0.123,-0.009,0
492.9160,-0.00559,-0.02758,-0.00115,0.00000,0.00000,-0.123,-0.009,0
492.9660,-0.00559,-0.02756,-0.00115,0.00000,0.00000,-0.123,-0.009,0
493.0160,-0.00558,-0.02754,-0.00115,0.00000,0.00000,-0.123,-0.009,0
493.0660,-0.00558,-0.02752,-0.00115,0.00000,0.00000,-0.123,-0.009,0
493.1160,-0.00558,-0.02749,-0.00115,0.00000,0.00000,-0.123,-0.009,0
493.1660,-0.00557,-0.02747,-0.00115,0.00000,0.00000,-0.123,-0.009,0
493.2160,-0.00557,-0.02745,-0.00115,0.00000,0.00000,-0.122,-0.009,0
493.2660,-0.00556,-0.02742,-0.00115,0.00000,0.00000,-0.122,-0.009,0
493.3160,-0.00556,-0.02740,-0.00115,0.00000,0.00000,-0.122,-0.009,0
493.3660,-0.00555,-0.02738,-0.00115,0.00000,0.00000,-0.122,-0.009,0
493.4160,-0.00555,-0.02736,-0.00115,0.00000,0.00000,-0.122,-0.009,0
493.4660,-0.00555,-0.02735,-0.00115,0.00000,0.00000,-0.122,-0.009,0
493.5160,-0.00555,-0.02735,-0.00115,0.00000,0.00000,-0.122,-0.009,0
493.5660,-0.00555,-0.02735,-0.00115,0.00000,0.00000,-0.122,-0.009,0
493.6160,-0.00555,-0.02735,-0.00115,0.00000,0.00000,-0.122,-0.009,0
493.6660,-0.00555,-0.02735,-0.00115,0.00000,0.00000,-0.122,-0.009,0
493.7160,-0.00556,-0.02736,-0.00115,0.00000,0.00000,-0.122,-0.009,0
493.7660,-0.00556,-0.02736,-0.00115,0.00000,0.00000,-0.122,-0.009,0
493.8160,-0.00556,-0.02735,-0.00115,0.00000,0.00000,-0.122,-0.009,0
493.8660,-0.00556,-0.02735,-0.00115,0.00000,0.00000,-0.122,-0.009,0
493.9160,-0.00556,-0.02735,-0.00115,0.00000,0.00000,-0.122,-0.009,0
493.9660,-0.00556,-0.02736,-0.00115,0.00000,0.00000,-0.122,-0.009,0
494.0160,-0.00556,-0.02736,-0.00115,0.00000,0.00000,-0.122,-0.009,0
494.0660,-0.00556,-0.02734,-0.00115,0.00000,0.00000,-0.121,-0.009,0
494.1160,-0.00556,-0.02733,-0.00115,0.00000,0.00000,-0.121,-0.009,0
494.1660,-0.00555,-0.02732,-0.00115,0.00000,0.00000,-0.121,-0.009,0
494.2160,-0.00555,-0.02732,-0.00115,0.00000,0.00000,-0.121,-0.009,0
494.2660,-0.00556,-0.02732,-0.00115,0.00000,0.00000,-0.121,-0.009,0
494.3160,-0.00556,-0.02733,-0.00115,0.00000,0.00000,-0.121,-0.009,0
494.3660,-0.00556,-0.02734,-0.00115,0.00000,0.00000,-0.121,-0.009,0
494.4160,-0.00556,-0.02735,-0.00115,0.00000,0.00000,-0.121,-0.009,0
494.4660,-0.00557,-0.02736,-0.00115,0.00000,0.00000,-0.121,-0.009,0
494.5160,-0.00557,-0.02737,-0.00115,0.00000,0.00000,-0.121,-0.009,0
494.5660,-0.00557,-0.02740,-0.00115,0.00000,0.00000,-0.121,-0.009,0
494.6160,-0.00558,-0.02743,-0.00115,0.00000,0.00000,-0.122,-0.009,0
494.6660,-0.00559,-0.02746,-0.00115,0.00000,0.00000,-0.122,-0.009,0
494.7160,-0.00559,-0.02748,-0.00115,0.00000,0.00000,-0.122,-0.009,0
494.7660,-0.00560,-0.02750,-0.00115,0.00000,0.00000,-0.122,-0.009,0
494.8160,-0.00560,-0.02752,-0.00115,0.00000,0.00000,-0.122,-0.009,0
494.8660,-0.00561,-0.02754,-0.00115,0.00000,0.00000,-0.122,-0.009,0
494.9160,-0.00561,-0.02755,-0.00115,0.00000,0.00000,-0.122,-0.009,0
494.9660,-0.00561,-0.02757,-0.00115,0.00000,0.00000,-0.122,-0.009,0
495.0160,-0.00562,-0.02759,-0.00115,0.00000,0.00000,-0.122,-0.009,0
495.0660,-0.00562,-0.02762,-0.00115,0.00000,0.00000,-0.122,-0.009,0
495.1160,-0.00563,-0.02765,-0.00115,0.00000,0.00000,-0.123,-0.009,0
495.1660,-0.00563,-0.02768,-0.00115,0.00000,0.00000,-0.123,-0.009,0
495.2160,-0.00564,-0.02770,-0.00115,0.00000,0.00000,-0.123,-0.009,0
495.2660,-0.00564,-0.02773,-0.00115,0.00000,0.00000,-0.123,-0.009,0
495.3160,-0.00565,-0.02775,-0.00115,0.00000,0.00000,-0.123,-0.009,0
495.3660,-0.00566,-0.02778,-0.00115,0.00000,0.00000,-0.123,-0.009,0
495.4160,-0.00566,-0.02781,-0.00115,0.00000,0.00000,-0.123,-0.009,0
495.4660,-0.00567,-0.02784,-0.00115,0.00000,0.00000,-0.123,-0.009,0
495.5160,-0.00567,-0.02785,-0.00115,0.00000,0.00000,-0.124,-0.009,0
495.5660,-0.00567,-0.02787,-0.00115,0.00000,0.00000,-0.124,-0.009,0
495.6160,-0.00568,-0.02791,-0.00115,0.00000,0.00000,-0.124,-0.009,0
495.6660,-0.00569,-0.02795,-0.00115,0.00000,0.00000,-0.124,-0.009,0
495.7160,-0.00569,-0.02798,-0.00115,0.00000,0.00000,-0.124,-0.009,0
495.7660,-0.00570,-0.02800,-0.00115,0.00000,0.00000,-0.124,-0.009,0
495.8160,-0.00570,-0.02801,-0.00115,0.00000,0.00000,-0.124,-0.009,0
495.8660,-0.00570,-0.02801,-0.00115,0.00000,0.00000,-0.124,-0.009,0
495.9160,-0.00570,-0.02801,-0.00115,0.00000,0.00000,-0.125,-0.009,0
495.9660,-0.00569,-0.02801,-0.00115,0.00000,0.00000,-0.125,-0.009,0
496.0160,-0.00569,-0.02800,-0.00115,0.00000,0.00000,-0.125,-0.009,0
496.0660,-0.00569,-0.02799,-0.00115,0.00000,0.00000,-0.124,-0.009,0
496.1160,-0.00568,-0.02799,-0.00115,0.00000,0.00000,-0.124,-0.009,0
496.1660,-0.00568,-0.02798,-0.00115,0.00000,0.00000,-0.124,-0.009,0
496.2160,-0.00568,-0.02798,-0.00115,0.00000,0.00000,-0.124,-0.009,0
496.2660,-0.00568,-0.02797,-0.00115,0.00000,0.00000,-0.124,-0.009,0
496.3160,-0.00567,-0.02796,-0.00115,0.00000,0.00000,-0.124,-0.009,0
496.3660,-0.00567,-0.02794,-0.00115,0.00000,0.00000,-0.124,-0.009,0
496.4160,-0.00566,-0.02791,-0.00115,0.00000,0.00000,-0.124,-0.009,0
496.4660,-0.00566,-0.02789,-0.00115,0.00000,0.00000,-0.124,-0.009,0
496.5160,-0.00565,-0.02788,-0.00115,0.00000,0.00000,-0.124,-0.009,0
496.5660,-0.00565,-0.02786,-0.00115,0.00000,0.00000,-0.124,-0.009,0
496.6160,-0.00565,-0.02785,-0.00115,0.00000,0.00000,-0.124,-0.009,0
496.6660,-0.00564,-0.02783,-0.00115,0.00000,0.00000,-0.124,-0.009,0
496.7160,-0.00564,-0.02782,-0.00115,0.00000,0.00000,-0.124,-0.009,0
496.7660,-0.00564,-0.02781,-0.00115,0.00000,0.00000,-0.124,-0.009,0
496.8160,-0.00563,-0.02779,-0.00115,0.00000,0.00000,-0.124,-0.009,0
496.8660,-0.00563,-0.02777,-0.00115,0.00000,0.00000,-0.124,-0.009,0
496.9160,-0.00562,-0.02775,-0.00115,0.00000,0.00000,-0.124,-0.009,0
496.9660,-0.00562,-0.02772,-0.00115,0.00000,0.00000,-0.124,-0.009,0
497.0160,-0.00561,-0.02769,-0.00115,0.00000,0.00000,-0.123,-0.009,0
497.0660,-0.00561,-0.02767,-0.00115,0.00000,0.00000,-0.123,-0.009,0
497.1160,-0.00560,-0.02765,-0.00115,0.00000,0.00000,-0.123,-0.009,0
497.1660,-0.00560,-0.02762,-0.00115,0.00000,0.00000,-0.123,-0.009,0
497.2160,-0.00559,-0.02759,-0.00115,0.00000,0.00000,-0.123,-0.009,0
497.2660,-0.00558,-0.02755,-0.00115,0.00000,0.00000,-0.123,-0.009,0
497.3160,-0.00557,-0.02751,-0.00115,0.00000,0.00000,-0.123,-0.009,0
497.3660,-0.00557,-0.02748,-0.00115,0.00000,0.00000,-0.122,-0.009,0
497.4160,-0.00556,-0.02746,-0.00115,0.00000,0.00000,-0.122,-0.009,0
497.4660,-0.00556,-0.02744,-0.00115,0.00000,0.00000,-0.122,-0.009,0
497.5160,-0.00556,-0.02741,-0.00115,0.00000,0.00000,-0.122,-0.009,0
497.5660,-0.00555,-0.02738,-0.00115,0.00000,0.00000,-0.122,-0.009,0
497.6160,-0.00555,-0.02736,-0.00115,0.00000,0.00000,-0.122,-0.009,0
497.6660,-0.00554,-0.02735,-0.00115,0.00000,0.00000,-0.122,-0.009,0
497.7160,-0.00555,-0.02735,-0.00115,0.00000,0.00000,-0.122,-0.009,0
497.7660,-0.00555,-0.02734,-0.00115,0.00000,0.00000,-0.122,-0.009,0
497.8160,-0.00554,-0.02732,-0.00115,0.00000,0.00000,-0.122,-0.009,0
497.8660,-0.00554,-0.02729,-0.00115,0.00000,0.00000,-0.121,-0.009,0
497.9160,-0.00553,-0.02727,-0.00115,0.00000,0.00000,-0.121,-0.009,0
497.9660,-0.00553,-0.02724,-0.00115,0.00000,0.00000,-0.121,-0.009,0
498.0160,-0.00552,-0.02722,-0.00115,0.00000,0.00000,-0.121,-0.009,0
498.0660,-0.00552,-0.02719,-0.00115,0.00000,0.00000,-0.121,-0.009,0
498.1160,-0.00551,-0.02717,-0.00115,0.00000,0.00000,-0.121,-0.009,0
498.1660,-0.00551,-0.02714,-0.00115,0.00000,0.00000,-0.121,-0.009,0
498.2160,-0.00551,-0.02712,-0.00115,0.00000,0.00000,-0.120,-0.009,0
498.2660,-0.00551,-0.02712,-0.00115,0.00000,0.00000,-0.120,-0.009,0
498.3160,-0.00550,-0.02710,-0.00115,0.00000,0.00000,-0.120,-0.009,0
498.3660,-0.00550,-0.02709,-0.00115,0.00000,0.00000,-0.120,-0.009,0
498.4160,-0.00550,-0.02708,-0.00115,0.00000,0.00000,-0.120,-0.009,0
498.4660,-0.00550,-0.02707,-0.00115,0.00000,0.00000,-0.120,-0.009,0
498.5160,-0.00550,-0.02707,-0.00115,0.00000,0.00000,-0.120,-0.009,0
498.5660,-0.00550,-0.02707,-0.00115,0.00000,0.00000,-0.120,-0.009,0
498.6160,-0.00550,-0.02707,-0.00115,0.00000,0.00000,-0.120,-0.009,0
498.6660,-0.00550,-0.02707,-0.00115,0.00000,0.00000,-0.120,-0.009,0
498.7160,-0.00551,-0.02708,-0.00115,0.00000,0.00000,-0.120,-0.009,0
498.7660,-0.00551,-0.02708,-0.00115,0.00000,0.00000,-0.120,-0.009,0
498.8160,-0.00551,-0.02709,-0.00115,0.00000,0.00000,-0.120,-0.009,0
498.8660,-0.00551,-0.02708,-0.00115,0.00000,0.00000,-0.120,-0.009,0
498.9160,-0.00551,-0.02707,-0.00115,0.00000,0.00000,-0.120,-0.009,0
498.9660,-0.00551,-0.02706,-0.00115,0.00000,0.00000,-0.120,-0.009,0
499.0160,-0.00550,-0.02705,-0.00115,0.00000,0.00000,-0.120,-0.009,0
499.0660,-0.00551,-0.02705,-0.00115,0.00000,0.00000,-0.120,-0.009,0
499.1160,-0.00550,-0.02705,-0.00115,0.00000,0.00000,-0.120,-0.009,0
499.1660,-0.00550,-0.02703,-0.00115,0.00000,0.00000,-0.120,-0.009,0
499.2160,-0.00550,-0.02702,-0.00115,0.00000,0.00000,-0.119,-0.009,0
499.2660,-0.00550,-0.02702,-0.00115,0.00000,0.00000,-0.119,-0.009,0
499.3160,-0.00550,-0.02704,-0.00115,0.00000,0.00000,-0.119,-0.009,0
499.3660,-0.00551,-0.02705,-0.00115,0.00000,0.00000,-0.120,-0.009,0
499.4160,-0.00551,-0.02707,-0.00115,0.00000,0.00000,-0.120,-0.009,0
499.4660,-0.00552,-0.02709,-0.00115,0.00000,0.00000,-0.120,-0.009,0
499.5160,-0.00552,-0.02710,-0.00115,0.00000,0.00000,-0.120,-0.009,0
499.5660,-0.00552,-0.02711,-0.00115,0.00000,0.00000,-0.120,-0.009,0
499.6160,-0.00552,-0.02712,-0.00115,0.00000,0.00000,-0.120,-0.009,0
499.6660,-0.00553,-0.02713,-0.00115,0.00000,0.00000,-0.120,-0.009,0
499.7160,-0.00553,-0.02715,-0.00115,0.00000,0.00000,-0.120,-0.009,0
499.7660,-0.00553,-0.02716,-0.00115,0.00000,0.00000,-0.120,-0.009,0
499.8160,-0.00553,-0.02717,-0.00115,0.00000,0.00000,-0.120,-0.009,0
499.8660,-0.00554,-0.02718,-0.00115,0.00000,0.00000,-0.120,-0.009,0
499.9160,-0.00554,-0.02718,-0.00115,0.00000,0.00000,-0.120,-0.009,0
499.9660,-0.00554,-0.02718,-0.00115,0.00000,0.00000,-0.120,-0.009,0
500.0160,-0.00554,-0.02718,-0.00115,0.00000,0.00000,-0.120,-0.009,0
500.0660,-0.00554,-0.02719,-0.00115,0.00000,0.00000,-0.120,-0.009,0
500.1160,-0.00554,-0.02721,-0.00115,0.00000,0.00000,-0.120,-0.009,0
500.1660,-0.00554,-0.02722,-0.00115,0.00000,0.00000,-0.120,-0.009,0
500.2160,-0.00555,-0.02724,-0.00115,0.00000,0.00000,-0.120,-0.009,0
500.2660,-0.00555,-0.02724,-0.00115,0.00000,0.00000,-0.120,-0.009,0
500.3160,-0.00555,-0.02725,-0.00115,0.00000,0.00000,-0.120,-0.009,0
500.3660,-0.00555,-0.02726,-0.00115,0.00000,0.00000,-0.120,-0.009,0
500.4160,-0.00555,-0.02726,-0.00115,0.00000,0.00000,-0.120,-0.009,0
500.4660,-0.00555,-0.02725,-0.00115,0.00000,0.00000,-0.120,-0.009,0
500.5160,-0.00555,-0.02726,-0.00115,0.00000,0.00000,-0.120,-0.009,0
500.5660,-0.00555,-0.02727,-0.00115,0.00000,0.00000,-0.120,-0.009,0
500.6160,-0.00555,-0.02728,-0.00115,0.00000,0.00000,-0.120,-0.009,0
500.6660,-0.00556,-0.02729,-0.00115,0.00000,0.00000,-0.120,-0.009,0
500.7160,-0.00556,-0.02729,-0.00115,0.00000,0.00000,-0.120,-0.009,0
500.7660,-0.00555,-0.02728,-0.00115,0.00000,0.00000,-0.120,-0.009,0
500.8160,-0.00555,-0.02727,-0.00115,0.00000,0.00000,-0.120,-0.009,0
500.8660,-0.00555,-0.02726,-0.00115,0.00000,0.00000,-0.120,-0.009,0
500.9160,-0.00554,-0.02725,-0.00115,0.00000,0.00000,-0.120,-0.009,0
500.9660,-0.00554,-0.02725,-0.00115,0.00000,0.00000,-0.120,-0.009,0
501.0160,-0.00555,-0.02728,-0.00115,0.00000,0.00000,-0.120,-0.009,0
501.0660,-0.00556,-0.02731,-0.00115,0.00000,0.00000,-0.121,-0.009,0
501.1160,-0.00556,-0.02734,-0.00115,0.00000,0.00000,-0.121,-0.009,0
501.1660,-0.00557,-0.02738,-0.00115,0.00000,0.00000,-0.121,-0.009,0
501.2160,-0.00558,-0.02741,-0.00115,0.00000,0.00000,-0.121,-0.009,0
501.2660,-0.00559,-0.02743,-0.00115,0.00000,0.00000,-0.121,-0.009,0
501.3160,-0.00559,-0.02746,-0.00115,0.00000,0.00000,-0.121,-0.009,0
501.3660,-0.00559,-0.02747,-0.00115,0.00000,0.00000,-0.121,-0.009,0
501.4160,-0.00559,-0.02748,-0.00115,0.00000,0.00000,-0.121,-0.009,0
501.4660,-0.00560,-0.02750,-0.00115,0.00000,0.00000,-0.122,-0.009,0
501.5160,-0.00560,-0.02752,-0.00115,0.00000,0.00000,-0.122,-0.009,0
501.5660,-0.00561,-0.02754,-0.00115,0.00000,0.00000,-0.122,-0.009,0
501.6160,-0.00561,-0.02755,-0.00115,0.00000,0.00000,-0.122,-0.009,0
501.6660,-0.00561,-0.02757,-0.00115,0.00000,0.00000,-0.122,-0.009,0
501.7160,-0.00562,-0.02760,-0.00115,0.00000,0.00000,-0.122,-0.009,0
501.7660,-0.00562,-0.02761,-0.00115,0.00000,0.00000,-0.122,-0.009,0
501.8160,-0.00562,-0.02762,-0.00115,0.00000,0.00000,-0.122,-0.009,0
501.8660,-0.00562,-0.02762,-0.00115,0.00000,0.00000,-0.122,-0.009,0
501.9160,-0.00562,-0.02762,-0.00115,0.00000,0.00000,-0.122,-0.009,0
501.9660,-0.00562,-0.02763,-0.00115,0.00000,0.00000,-0.122,-0.009,0
502.0160,-0.00562,-0.02762,-0.00115,0.00000,0.00000,-0.122,-0.009,0
502.0660,-0.00561,-0.02761,-0.00115,0.00000,0.00000,-0.122,-0.009,0
502.1160,-0.00561,-0.02759,-0.00115,0.00000,0.00000,-0.122,-0.009,0
502.1660,-0.00560,-0.02757,-0.00115,0.00000,0.00000,-0.122,-0.009,0
502.2160,-0.00560,-0.02755,-0.00115,0.00000,0.00000,-0.122,-0.009,0
502.2660,-0.00559,-0.02751,-0.00115,0.00000,0.00000,-0.122,-0.009,0
502.3160,-0.00558,-0.02747,-0.00115,0.00000,0.00000,-0.122,-0.009,0
502.3660,-0.00557,-0.02744,-0.00115,0.00000,0.00000,-0.122,-0.009,0
502.4160,-0.00557,-0.02742,-0.00115,0.00000,0.00000,-0.122,-0.009,0
502.4660,-0.00556,-0.02740,-0.00115,0.00000,0.00000,-0.121,-0.009,0
502.5160,-0.00556,-0.02739,-0.00115,0.00000,0.00000,-0.121,-0.009,0
502.5660,-0.00556,-0.02738,-0.00115,0.00000,0.00000,-0.121,-0.009,0
502.6160,-0.00556,-0.02737,-0.00115,0.00000,0.00000,-0.121,-0.009,0
502.6660,-0.00556,-0.02737,-0.00115,0.00000,0.00000,-0.121,-0.009,0
502.7160,-0.00555,-0.02735,-0.00115,0.00000,0.00000,-0.121,-0.009,0
502.7660,-0.00555,-0.02732,-0.00115,0.00000,0.00000,-0.121,-0.009,0
502.8160,-0.00554,-0.02729,-0.00115,0.00000,0.00000,-0.121,-0.009,0
502.8660,-0.00553,-0.02727,-0.00115,0.00000,0.00000,-0.121,-0.009,0
502.9160,-0.00553,-0.02725,-0.00115,0.00000,0.00000,-0.121,-0.009,0
502.9660,-0.00553,-0.02725,-0.00115,0.00000,0.00000,-0.121,-0.009,0
503.0160,-0.00553,-0.02725,-0.00115,0.00000,0.00000,-0.121,-0.009,0
503.0660,-0.00553,-0.02725,-0.00115,0.00000,0.00000,-0.121,-0.009,0
503.1160,-0.00553,-0.02725,-0.00115,0.00000,0.00000,-0.121,-0.009,0
503.1660,-0.00553,-0.02725,-0.00115,0.00000,0.00000,-0.121,-0.009,0
503.2160,-0.00553,-0.02723,-0.00115,0.00000,0.00000,-0.121,-0.009,0
503.2660,-0.00553,-0.02722,-0.00115,0.00000,0.00000,-0.121,-0.009,0
503.3160,-0.00553,-0.02723,-0.00115,0.00000,0.00000,-0.121,-0.009,0
503.3660,-0.00553,-0.02723,-0.00115,0.00000,0.00000,-0.121,-0.009,0
503.4160,-0.00554,-0.02724,-0.00115,0.00000,0.00000,-0.121,-0.009,0
503.4660,-0.00553,-0.02723,-0.00115,0.00000,0.00000,-0.121,-0.009,0
503.5160,-0.00553,-0.02722,-0.00115,0.00000,0.00000,-0.121,-0.009,0
503.5660,-0.00554,-0.02723,-0.00115,0.00000,0.00000,-0.121,-0.009,0
503.6160,-0.00554,-0.02725,-0.00115,0.00000,0.00000,-0.121,-0.009,0
503.6660,-0.00555,-0.02727,-0.00115,0.00000,0.00000,-0.121,-0.009,0
503.7160,-0.00555,-0.02728,-0.00115,0.00000,0.00000,-0.121,-0.009,0
503.7660,-0.00555,-0.02729,-0.00115,0.00000,0.00000,-0.121,-0.009,0
503.8160,-0.00555,-0.02730,-0.00115,0.00000,0.00000,-0.121,-0.009,0
503.8660,-0.00555,-0.02730,-0.00115,0.00000,0.00000,-0.121,-0.009,0
503.9160,-0.00556,-0.02732,-0.00115,0.00000,0.00000,-0.121,-0.009,0
503.9660,-0.00556,-0.02733,-0.00115,0.00000,0.00000,-0.121,-0.009,0
504.0160,-0.00557,-0.02736,-0.00115,0.00000,0.00000,-0.121,-0.009,0
504.0660,-0.00557,-0.02739,-0.00115,0.00000,0.00000,-0.121,-0.009,0
504.1160,-0.00558,-0.02742,-0.00115,0.00000,0.00000,-0.121,-0.009,0
504.1660,-0.00559,-0.02746,-0.00115,0.00000,0.00000,-0.121,-0.009,0
504.2160,-0.00560,-0.02748,-0.00115,0.00000,0.00000,-0.122,-0.009,0
504.2660,-0.00560,-0.02750,-0.00115,0.00000,0.00000,-0.122,-0.009,0
504.3160,-0.00560,-0.02752,-0.00115,0.00000,0.00000,-0.122,-0.009,0
504.3660,-0.00560,-0.02752,-0.00115,0.00000,0.00000,-0.122,-0.009,0
504.4160,-0.00560,-0.02752,-0.00115,0.00000,0.00000,-0.122,-0.009,0
504.4660,-0.00560,-0.02753,-0.00115,0.00000,0.00000,-0.122,-0.009,0
504.5160,-0.00561,-0.02755,-0.00115,0.00000,0.00000,-0.122,-0.009,0
504.5660,-0.00561,-0.02756,-0.00115,0.00000,0.00000,-0.122,-0.009,0
504.6160,-0.00561,-0.02757,-0.00115,0.00000,0.00000,-0.122,-0.009,0
504.6660,-0.00561,-0.02758,-0.00115,0.00000,0.00000,-0.122,-0.009,0
504.7160,-0.00562,-0.02760,-0.00115,0.00000,0.00000,-0.122,-0.009,0
504.7660,-0.00562,-0.02762,-0.00115,0.00000,0.00000,-0.122,-0.009,0
504.8160,-0.00562,-0.02762,-0.00115,0.00000,0.00000,-0.122,-0.009,0
504.8660,-0.00562,-0.02762,-0.00115,0.00000,0.00000,-0.122,-0.009,0
504.9160,-0.00562,-0.02761,-0.00115,0.00000,0.00000,-0.122,-0.009,0
504.9660,-0.00561,-0.02761,-0.00115,0.00000,0.00000,-0.122,-0.009,0
505.0160,-0.00561,-0.02759,-0.00115,0.00000,0.00000,-0.122,-0.009,0
505.0660,-0.00560,-0.02756,-0.00115,0.00000,0.00000,-0.122,-0.009,0
505.1160,-0.00559,-0.02753,-0.00115,0.00000,0.00000,-0.122,-0.009,0
505.1660,-0.00559,-0.02751,-0.00115,0.00000,0.00000,-0.122,-0.009,0
505.2160,-0.00558,-0.02749,-0.00115,0.00000,0.00000,-0.122,-0.009,0
505.2660,-0.00558,-0.02746,-0.00115,0.00000,0.00000,-0.122,-0.009,0
505.3160,-0.00557,-0.02743,-0.00115,0.00000,0.00000,-0.122,-0.009,0
505.3660,-0.00556,-0.02740,-0.00115,0.00000,0.00000,-0.122,-0.009,0
505.4160,-0.00555,-0.02737,-0.00115,0.00000,0.00000,-0.121,-0.009,0
505.4660,-0.00555,-0.02735,-0.00115,0.00000,0.00000,-0.121,-0.009,0
505.5160,-0.00555,-0.02734,-0.00115,0.00000,0.00000,-0.121,-0.009,0
505.5660,-0.00555,-0.02735,-0.00115,0.00000,0.00000,-0.121,-0.009,0
505.6160,-0.00555,-0.02736,-0.00115,0.00000,0.00000,-0.121,-0.009,0
505.6660,-0.00556,-0.02736,-0.00115,0.00000,0.00000,-0.121,-0.009,0
505.7160,-0.00556,-0.02737,-0.00115,0.00000,0.00000,-0.121,-0.009,0
505.7660,-0.00556,-0.02736,-0.00115,0.00000,0.00000,-0.121,-0.009,0
505.8160,-0.00556,-0.02736,-0.00115,0.00000,0.00000,-0.121,-0.009,0
505.8660,-0.00556,-0.02735,-0.00115,0.00000,0.00000,-0.121,-0.009,0
505.9160,-0.00555,-0.02733,-0.00115,0.00000,0.00000,-0.121,-0.009,0
505.9660,-0.00555,-0.02732,-0.00115,0.00000,0.00000,-0.121,-0.009,0
506.0160,-0.00555,-0.02732,-0.00115,0.00000,0.00000,-0.121,-0.009,0
506.0660,-0.00555,-0.02733,-0.00115,0.00000,0.00000,-0.121,-0.009,0
506.1160,-0.00556,-0.02736,-0.00115,0.00000,0.00000,-0.121,-0.009,0
506.1660,-0.00557,-0.02739,-0.00115,0.00000,0.00000,-0.121,-0.009,0
506.2160,-0.00557,-0.02741,-0.00115,0.00000,0.00000,-0.121,-0.009,0
506.2660,-0.00558,-0.02743,-0.00115,0.00000,0.00000,-0.121,-0.009,0
506.3160,-0.00558,-0.02745,-0.00115,0.00000,0.00000,-0.122,-0.009,0
506.3660,-0.00559,-0.02748,-0.00115,0.00000,0.00000,-0.122,-0.009,0
506.4160,-0.00559,-0.02749,-0.00115,0.00000,0.00000,-0.122,-0.009,0
506.4660,-0.00559,-0.02749,-0.00115,0.00000,0.00000,-0.122,-0.009,0
506.5160,-0.00559,-0.02748,-0.00115,0.00000,0.00000,-0.122,-0.009,0
506.5660,-0.00559,-0.02747,-0.00115,0.00000,0.00000,-0.122,-0.009,0
506.6160,-0.00559,-0.02747,-0.00115,0.00000,0.00000,-0.122,-0.009,0
506.6660,-0.00559,-0.02747,-0.00115,0.00000,0.00000,-0.122,-0.009,0
506.7160,-0.00558,-0.02746,-0.00115,0.00000,0.00000,-0.122,-0.009,0
506.7660,-0.00558,-0.02746,-0.00115,0.00000,0.00000,-0.122,-0.009,0
506.8160,-0.00558,-0.02745,-0.00115,0.00000,0.00000,-0.122,-0.009,0
506.8660,-0.00558,-0.02745,-0.00115,0.00000,0.00000,-0.122,-0.009,0
506.9160,-0.00558,-0.02744,-0.00115,0.00000,0.00000,-0.122,-0.009,0
506.9660,-0.00558,-0.02743,-0.00115,0.00000,0.00000,-0.122,-0.009,0
507.0160,-0.00557,-0.02741,-0.00115,0.00000,0.00000,-0.122,-0.009,0
507.0660,-0.00557,-0.02740,-0.00115,0.00000,0.00000,-0.121,-0.009,0
507.1160,-0.00556,-0.02737,-0.00115,0.00000,0.00000,-0.121,-0.009,0
507.1660,-0.00556,-0.02736,-0.00115,0.00000,0.00000,-0.121,-0.009,0
507.2160,-0.00556,-0.02735,-0.00115,0.00000,0.00000,-0.121,-0.009,0
507.2660,-0.00555,-0.02732,-0.00115,0.00000,0.00000,-0.121,-0.009,0
507.3160,-0.00555,-0.02730,-0.00115,0.00000,0.00000,-0.121,-0.009,0
507.3660,-0.00554,-0.02728,-0.00115,0.00000,0.00000,-0.121,-0.009,0
507.4160,-0.00554,-0.02727,-0.00115,0.00000,0.00000,-0.121,-0.009,0
507.4660,-0.00553,-0.02724,-0.00115,0.00000,0.00000,-0.121,-0.009,0
507.5160,-0.00553,-0.02723,-0.00115,0.00000,0.00000,-0.121,-0.009,0
507.5660,-0.00553,-0.02721,-0.00115,0.00000,0.00000,-0.121,-0.009,0
507.6160,-0.00552,-0.02719,-0.00115,0.00000,0.00000,-0.120,-0.009,0
507.6660,-0.00552,-0.02717,-0.00115,0.00000,0.00000,-0.120,-0.009,0
507.7160,-0.00551,-0.02715,-0.00115,0.00000,0.00000,-0.120,-0.009,0
507.7660,-0.00551,-0.02714,-0.00115,0.00000,0.00000,-0.120,-0.009,0
507.8160,-0.00551,-0.02712,-0.00115,0.00000,0.00000,-0.120,-0.009,0
507.8660,-0.00551,-0.02710,-0.00115,0.00000,0.00000,-0.120,-0.009,0
507.9160,-0.00550,-0.02709,-0.00115,0.00000,0.00000,-0.120,-0.009,0
507.9660,-0.00550,-0.02709,-0.00115,0.00000,0.00000,-0.120,-0.009,0
508.0160,-0.00551,-0.02709,-0.00115,0.00000,0.00000,-0.120,-0.009,0
508.0660,-0.00550,-0.02708,-0.00115,0.00000,0.00000,-0.120,-0.009,0
508.1160,-0.00550,-0.02706,-0.00115,0.00000,0.00000,-0.120,-0.009,0
508.1660,-0.00549,-0.02702,-0.00115,0.00000,0.00000,-0.120,-0.009,0
508.2160,-0.00549,-0.02700,-0.00115,0.00000,0.00000,-0.119,-0.009,0
508.2660,-0.00548,-0.02698,-0.00115,0.00000,0.00000,-0.119,-0.009,0
508.3160,-0.00548,-0.02698,-0.00115,0.00000,0.00000,-0.119,-0.009,0
508.3660,-0.00548,-0.02697,-0.00115,0.00000,0.00000,-0.119,-0.009,0
508.4160,-0.00548,-0.02696,-0.00115,0.00000,0.00000,-0.119,-0.009,0
508.4660,-0.00548,-0.02694,-0.00115,0.00000,0.00000,-0.119,-0.009,0
508.5160,-0.00547,-0.02691,-0.00115,0.00000,0.00000,-0.119,-0.009,0
508.5660,-0.00547,-0.02690,-0.00115,0.00000,0.00000,-0.119,-0.009,0
508.6160,-0.00547,-0.02689,-0.00115,0.00000,0.00000,-0.119,-0.009,0
508.6660,-0.00547,-0.02689,-0.00115,0.00000,0.00000,-0.119,-0.009,0
508.7160,-0.00547,-0.02689,-0.00115,0.00000,0.00000,-0.119,-0.009,0
508.7660,-0.00547,-0.02690,-0.00115,0.00000,0.00000,-0.119,-0.009,0
508.8160,-0.00548,-0.02691,-0.00115,0.00000,0.00000,-0.119,-0.009,0
508.8660,-0.00548,-0.02692,-0.00115,0.00000,0.00000,-0.119,-0.009,0
508.9160,-0.00548,-0.02692,-0.00115,0.00000,0.00000,-0.119,-0.009,0
508.9660,-0.00548,-0.02692,-0.00115,0.00000,0.00000,-0.119,-0.009,0
509.0160,-0.00548,-0.02692,-0.00115,0.00000,0.00000,-0.119,-0.009,0
509.0660,-0.00548,-0.02692,-0.00115,0.00000,0.00000,-0.119,-0.009,0
509.1160,-0.00548,-0.02693,-0.00115,0.00000,0.00000,-0.119,-0.009,0
509.1660,-0.00548,-0.02693,-0.00115,0.00000,0.00000,-0.119,-0.009,0
509.2160,-0.00548,-0.02692,-0.00115,0.00000,0.00000,-0.119,-0.009,0
509.2660,-0.00548,-0.02691,-0.00115,0.00000,0.00000,-0.119,-0.009,0
509.3160,-0.00548,-0.02691,-0.00115,0.00000,0.00000,-0.119,-0.009,0
509.3660,-0.00548,-0.02692,-0.00115,0.00000,0.00000,-0.119,-0.009,0
509.4160,-0.00548,-0.02692,-0.00115,0.00000,0.00000,-0.119,-0.009,0
509.4660,-0.00548,-0.02691,-0.00115,0.00000,0.00000,-0.119,-0.009,0
509.5160,-0.00548,-0.02691,-0.00115,0.00000,0.00000,-0.119,-0.009,0
509.5660,-0.00548,-0.02692,-0.00115,0.00000,0.00000,-0.119,-0.009,0
509.6160,-0.00548,-0.02692,-0.00115,0.00000,0.00000,-0.119,-0.009,0
509.6660,-0.00548,-0.02692,-0.00115,0.00000,0.00000,-0.119,-0.009,0
509.7160,-0.00549,-0.02695,-0.00115,0.00000,0.00000,-0.119,-0.009,0
509.7660,-0.00550,-0.02698,-0.00115,0.00000,0.00000,-0.119,-0.009,0
509.8160,-0.00551,-0.02701,-0.00115,0.00000,0.00000,-0.119,-0.009,0
509.8660,-0.00551,-0.02704,-0.00115,0.00000,0.00000,-0.119,-0.009,0
509.9160,-0.00552,-0.02706,-0.00115,0.00000,0.00000,-0.119,-0.009,0
509.9660,-0.00552,-0.02710,-0.00115,0.00000,0.00000,-0.119,-0.009,0
510.0160,-0.00553,-0.02713,-0.00115,0.00000,0.00000,-0.119,-0.009,0
510.0660,-0.00554,-0.02716,-0.00115,0.00000,0.00000,-0.120,-0.009,0
510.1160,-0.00555,-0.02719,-0.00115,0.00000,0.00000,-0.120,-0.009,0
510.1660,-0.00555,-0.02723,-0.00115,0.00000,0.00000,-0.120,-0.009,0
510.2160,-0.00556,-0.02726,-0.00115,0.00000,0.00000,-0.120,-0.009,0
510.2660,-0.00557,-0.02730,-0.00115,0.00000,0.00000,-0.120,-0.009,0
510.3160,-0.00558,-0.02734,-0.00115,0.00000,0.00000,-0.120,-0.009,0
510.3660,-0.00558,-0.02738,-0.00115,0.00000,0.00000,-0.121,-0.009,0
510.4160,-0.00559,-0.02741,-0.00115,0.00000,0.00000,-0.121,-0.009,0
510.4660,-0.00559,-0.02743,-0.00115,0.00000,0.00000,-0.121,-0.009,0
510.5160,-0.00560,-0.02744,-0.00115,0.00000,0.00000,-0.121,-0.009,0
510.5660,-0.00560,-0.02746,-0.00115,0.00000,0.00000,-0.121,-0.009,0
510.6160,-0.00560,-0.02746,-0.00115,0.00000,0.00000,-0.121,-0.009,0
510.6660,-0.00560,-0.02746,-0.00115,0.00000,0.00000,-0.121,-0.009,0
510.7160,-0.00559,-0.02746,-0.00115,0.00000,0.00000,-0.121,-0.009,0
510.7660,-0.00559,-0.02747,-0.00115,0.00000,0.00000,-0.121,-0.009,0
510.8160,-0.00559,-0.02747,-0.00115,0.00000,0.00000,-0.121,-0.009,0
510.8660,-0.00559,-0.02748,-0.00115,0.00000,0.00000,-0.121,-0.009,0
510.9160,-0.00559,-0.02748,-0.00115,0.00000,0.00000,-0.121,-0.009,0
510.9660,-0.00559,-0.02748,-0.00115,0.00000,0.00000,-0.121,-0.009,0
511.0160,-0.00559,-0.02748,-0.00115,0.00000,0.00000,-0.121,-0.009,0
511.0660,-0.00559,-0.02749,-0.00115,0.00000,0.00000,-0.121,-0.009,0
511.1160,-0.00559,-0.02749,-0.00115,0.00000,0.00000,-0.121,-0.009,0
511.1660,-0.00559,-0.02749,-0.00115,0.00000,0.00000,-0.121,-0.009,0
511.2160,-0.00559,-0.02748,-0.00115,0.00000,0.00000,-0.121,-0.009,0
511.2660,-0.00558,-0.02746,-0.00115,0.00000,0.00000,-0.121,-0.009,0
511.3160,-0.00558,-0.02743,-0.00115,0.00000,0.00000,-0.121,-0.009,0
511.3660,-0.00557,-0.02739,-0.00115,0.00000,0.00000,-0.121,-0.009,0
511.4160,-0.00556,-0.02737,-0.00115,0.00000,0.00000,-0.121,-0.009,0
511.4660,-0.00556,-0.02736,-0.00115,0.00000,0.00000,-0.121,-0.009,0
511.5160,-0.00555,-0.02735,-0.00115,0.00000,0.00000,-0.121,-0.009,0
511.5660,-0.00555,-0.02732,-0.00115,0.00000,0.00000,-0.121,-0.009,0
511.6160,-0.00554,-0.02730,-0.00115,0.00000,0.00000,-0.121,-0.009,0
511.6660,-0.00554,-0.02727,-0.00115,0.00000,0.00000,-0.121,-0.009,0
511.7160,-0.00553,-0.02724,-0.00115,0.00000,0.00000,-0.121,-0.009,0
511.7660,-0.00553,-0.02722,-0.00115,0.00000,0.00000,-0.120,-0.009,0
511.8160,-0.00552,-0.02721,-0.00115,0.00000,0.00000,-0.120,-0.009,0
511.8660,-0.00552,-0.02720,-0.00115,0.00000,0.00000,-0.120,-0.009,0
511.9160,-0.00552,-0.02719,-0.00115,0.00000,0.00000,-0.120,-0.009,0
511.9660,-0.00552,-0.02718,-0.00115,0.00000,0.00000,-0.120,-0.009,0
512.0180,-0.00552,-0.02719,-0.00115,0.00000,0.00000,-0.120,-0.009,0
512.0700,-0.00553,-0.02720,-0.00115,0.00000,0.00000,-0.120,-0.009,0
512.1220,-0.00553,-0.02721,-0.00115,0.00000,0.00000,-0.120,-0.009,0
512.1740,-0.00554,-0.02724,-0.00115,0.00000,0.00000,-0.121,-0.009,0
512.2260,-0.00554,-0.02726,-0.00115,0.00000,0.00000,-0.121,-0.009,0
512.2780,-0.00555,-0.02728,-0.00115,0.00000,0.00000,-0.121,-0.009,0
512.3300,-0.00555,-0.02730,-0.00115,0.00000,0.00000,-0.121,-0.009,0
512.3820,-0.00556,-0.02731,-0.00115,0.00000,0.00000,-0.121,-0.009,0
512.4340,-0.00556,-0.02733,-0.00115,0.00000,0.00000,-0.121,-0.009,0
512.4860,-0.00556,-0.02733,-0.00115,0.00000,0.00000,-0.121,-0.009,0
512.5380,-0.00556,-0.02733,-0.00115,0.00000,0.00000,-0.121,-0.009,0
512.5900,-0.00556,-0.02732,-0.00115,0.00000,0.00000,-0.121,-0.009,0
512.6420,-0.00555,-0.02731,-0.00115,0.00000,0.00000,-0.121,-0.009,0
512.6940,-0.00555,-0.02730,-0.00115,0.00000,0.00000,-0.121,-0.009,0
512.7460,-0.00555,-0.02728,-0.00115,0.00000,0.00000,-0.121,-0.009,0
512.7980,-0.00555,-0.02727,-0.00115,0.00000,0.00000,-0.121,-0.009,0
512.8500,-0.00555,-0.02728,-0.00115,0.00000,0.00000,-0.121,-0.009,0
512.9020,-0.00555,-0.02729,-0.00115,0.00000,0.00000,-0.121,-0.009,0
512.9540,-0.00555,-0.02731,-0.00115,0.00000,0.00000,-0.121,-0.009,0
513.0060,-0.00556,-0.02733,-0.00115,0.00000,0.00000,-0.121,-0.009,0
513.0580,-0.00557,-0.02736,-0.00115,0.00000,0.00000,-0.121,-0.009,0
513.1100,-0.00557,-0.02738,-0.00115,0.00000,0.00000,-0.121,-0.009,0
513.1620,-0.00558,-0.02740,-0.00115,0.00000,0.00000,-0.121,-0.009,0
513.2140,-0.00558,-0.02742,-0.00115,0.00000,0.00000,-0.121,-0.009,0
513.2660,-0.00558,-0.02742,-0.00115,0.00000,0.00000,-0.121,-0.009,0
513.3180,-0.00558,-0.02743,-0.00115,0.00000,0.00000,-0.121,-0.009,0
513.3700,-0.00559,-0.02744,-0.00115,0.00000,0.00000,-0.121,-0.009,0
513.4220,-0.00559,-0.02745,-0.00115,0.00000,0.00000,-0.121,-0.009,0
513.4740,-0.00559,-0.02746,-0.00115,0.00000,0.00000,-0.122,-0.009,0
513.5260,-0.00559,-0.02746,-0.00115,0.00000,0.00000,-0.122,-0.009,0
513.5780,-0.00559,-0.02748,-0.00115,0.00000,0.00000,-0.122,-0.009,0
513.6300,-0.00560,-0.02751,-0.00115,0.00000,0.00000,-0.122,-0.009,0
513.6820,-0.00560,-0.02752,-0.00115,0.00000,0.00000,-0.122,-0.009,0
513.7340,-0.00560,-0.02751,-0.00115,0.00000,0.00000,-0.122,-0.009,0
513.7860,-0.00560,-0.02751,-0.00115,0.00000,0.00000,-0.122,-0.009,0
513.8380,-0.00559,-0.02751,-0.00115,0.00000,0.00000,-0.122,-0.009,0
513.8900,-0.00560,-0.02752,-0.00115,0.00000,0.00000,-0.122,-0.009,0
513.9420,-0.00560,-0.02753,-0.00115,0.00000,0.00000,-0.122,-0.009,0
513.9940,-0.00560,-0.02754,-0.00115,0.00000,0.00000,-0.122,-0.009,0
514.0460,-0.00560,-0.02753,-0.00115,0.00000,0.00000,-0.122,-0.009,0
514.0980,-0.00559,-0.02751,-0.00115,0.00000,0.00000,-0.122,-0.009,0
514.1500,-0.00559,-0.02749,-0.00115,0.00000,0.00000,-0.122,-0.009,0
514.2020,-0.00559,-0.02749,-0.00115,0.00000,0.00000,-0.122,-0.009,0
514.2540,-0.00558,-0.02747,-0.00115,0.00000,0.00000,-0.122,-0.009,0
514.3060,-0.00558,-0.02746,-0.00115,0.00000,0.00000,-0.122,-0.009,0
514.3580,-0.00557,-0.02744,-0.00115,0.00000,0.00000,-0.122,-0.009,0
514.4100,-0.00557,-0.02742,-0.00115,0.00000,0.00000,-0.122,-0.009,0
514.4620,-0.00557,-0.02740,-0.00115,0.00000,0.00000,-0.121,-0.009,0
514.5140,-0.00556,-0.02740,-0.00115,0.00000,0.00000,-0.121,-0.009,0
514.5660,-0.00556,-0.02739,-0.00115,0.00000,0.00000,-0.121,-0.009,0
514.6180,-0.00556,-0.02739,-0.00115,0.00000,0.00000,-0.121,-0.009,0
514.6700,-0.00556,-0.02737,-0.00115,0.00000,0.00000,-0.121,-0.009,0
514.7220,-0.00555,-0.02734,-0.00115,0.00000,0.00000,-0.121,-0.009,0
514.7740,-0.00554,-0.02730,-0.00115,0.00000,0.00000,-0.121,-0.009,0
514.8260,-0.00553,-0.02725,-0.00115,0.00000,0.00000,-0.121,-0.009,0
514.8780,-0.00552,-0.02721,-0.00115,0.00000,0.00000,-0.121,-0.009,0
514.9300,-0.00551,-0.02717,-0.00115,0.00000,0.00000,-0.120,-0.009,0
514.9820,-0.00551,-0.02713,-0.00115,0.00000,0.00000,-0.120,-0.009,0
515.0340,-0.00550,-0.02710,-0.00115,0.00000,0.00000,-0.120,-0.009,0
515.0860,-0.00550,-0.02708,-0.00115,0.00000,0.00000,-0.120,-0.009,0
515.1380,-0.00549,-0.02706,-0.00115,0.00000,0.00000,-0.120,-0.009,0
515.1900,-0.00549,-0.02704,-0.00115,0.00000,0.00000,-0.120,-0.009,0
515.2420,-0.00549,-0.02702,-0.00115,0.00000,0.00000,-0.120,-0.009,0
515.2940,-0.00548,-0.02700,-0.00115,0.00000,0.00000,-0.120,-0.009,0
515.3460,-0.00548,-0.02697,-0.00115,0.00000,0.00000,-0.119,-0.009,0
515.3980,-0.00547,-0.02695,-0.00115,0.00000,0.00000,-0.119,-0.009,0
515.4500,-0.00547,-0.02693,-0.00115,0.00000,0.00000,-0.119,-0.009,0
515.5020,-0.00547,-0.02691,-0.00115,0.00000,0.00000,-0.119,-0.009,0
515.5540,-0.00546,-0.02689,-0.00115,0.00000,0.00000,-0.119,-0.009,0
515.6060,-0.00546,-0.02688,-0.00115,0.00000,0.00000,-0.119,-0.009,0
515.6580,-0.00546,-0.02687,-0.00115,0.00000,0.00000,-0.119,-0.009,0
515.7100,-0.00546,-0.02686,-0.00115,0.00000,0.00000,-0.119,-0.009,0
515.7620,-0.00546,-0.02687,-0.00115,0.00000,0.00000,-0.119,-0.009,0
515.8140,-0.00546,-0.02686,-0.00115,0.00000,0.00000,-0.119,-0.009,0
515.8660,-0.00546,-0.02685,-0.00115,0.00000,0.00000,-0.119,-0.009,0
515.9180,-0.00546,-0.02683,-0.00115,0.00000,0.00000,-0.118,-0.009,0
515.9700,-0.00546,-0.02682,-0.00115,0.00000,0.00000,-0.118,-0.009,0
516.0220,-0.00546,-0.02682,-0.00115,0.00000,0.00000,-0.118,-0.009,0
516.0740,-0.00546,-0.02683,-0.00115,0.00000,0.00000,-0.118,-0.009,0
516.1260,-0.00547,-0.02685,-0.00115,0.00000,0.00000,-0.118,-0.009,0
516.1780,-0.00547,-0.02688,-0.00115,0.00000,0.00000,-0.118,-0.009,0
516.2300,-0.00549,-0.02692,-0.00115,0.00000,0.00000,-0.119,-0.009,0
516.2820,-0.00550,-0.02696,-0.00115,0.00000,0.00000,-0.119,-0.009,0
516.3340,-0.00551,-0.02700,-0.00115,0.00000,0.00000,-0.119,-0.009,0
516.3860,-0.00551,-0.02703,-0.00115,0.00000,0.00000,-0.119,-0.009,0
516.4380,-0.00552,-0.02705,-0.00115,0.00000,0.00000,-0.119,-0.009,0
516.4900,-0.00552,-0.02706,-0.00115,0.00000,0.00000,-0.119,-0.009,0
516.5420,-0.00552,-0.02707,-0.00115,0.00000,0.00000,-0.119,-0.009,0
516.5940,-0.00552,-0.02707,-0.00115,0.00000,0.00000,-0.119,-0.009,0
516.6460,-0.00552,-0.02706,-0.00115,0.00000,0.00000,-0.119,-0.009,0
516.6980,-0.00551,-0.02706,-0.00115,0.00000,0.00000,-0.119,-0.009,0
516.7500,-0.00551,-0.02705,-0.00115,0.00000,0.00000,-0.119,-0.009,0
516.8020,-0.00551,-0.02705,-0.00115,0.00000,0.00000,-0.119,-0.009,0
516.8540,-0.00551,-0.02706,-0.00115,0.00000,0.00000,-0.119,-0.009,0
516.9060,-0.00552,-0.02707,-0.00115,0.00000,0.00000,-0.119,-0.009,0
516.9580,-0.00552,-0.02707,-0.00115,0.00000,0.00000,-0.119,-0.009,0
517.0100,-0.00552,-0.02708,-0.00115,0.00000,0.00000,-0.119,-0.009,0
517.0620,-0.00552,-0.02708,-0.00115,0.00000,0.00000,-0.119,-0.009,0
517.1140,-0.00552,-0.02710,-0.00115,0.00000,0.00000,-0.119,-0.009,0
517.1660,-0.00552,-0.02712,-0.00115,0.00000,0.00000,-0.119,-0.009,0
517.2180,-0.00552,-0.02711,-0.00115,0.00000,0.00000,-0.119,-0.009,0
517.2700,-0.00552,-0.02709,-0.00115,0.00000,0.00000,-0.119,-0.009,0
517.3220,-0.00551,-0.02707,-0.00115,0.00000,0.00000,-0.119,-0.009,0
517.3740,-0.00551,-0.02705,-0.00115,0.00000,0.00000,-0.119,-0.009,0
517.4260,-0.00550,-0.02703,-0.00115,0.00000,0.00000,-0.119,-0.009,0
517.4780,-0.00550,-0.02703,-0.00115,0.00000,0.00000,-0.119,-0.009,0
517.5300,-0.00550,-0.02703,-0.00115,0.00000,0.00000,-0.119,-0.009,0
517.5820,-0.00550,-0.02700,-0.00115,0.00000,0.00000,-0.119,-0.009,0
517.6340,-0.00549,-0.02699,-0.00115,0.00000,0.00000,-0.119,-0.009,0
517.6860,-0.00549,-0.02698,-0.00115,0.00000,0.00000,-0.119,-0.009,0
517.7380,-0.00549,-0.02698,-0.00115,0.00000,0.00000,-0.119,-0.009,0
517.7900,-0.00549,-0.02697,-0.00115,0.00000,0.00000,-0.119,-0.009,0
517.8420,-0.00549,-0.02696,-0.00115,0.00000,0.00000,-0.119,-0.009,0
517.8940,-0.00549,-0.02696,-0.00115,0.00000,0.00000,-0.119,-0.009,0
517.9460,-0.00549,-0.02696,-0.00115,0.00000,0.00000,-0.119,-0.009,0
517.9980,-0.00548,-0.02695,-0.00115,0.00000,0.00000,-0.119,-0.009,0
518.0500,-0.00548,-0.02694,-0.00115,0.00000,0.00000,-0.119,-0.009,0
518.1020,-0.00548,-0.02692,-0.00115,0.00000,0.00000,-0.119,-0.009,0
518.1540,-0.00547,-0.02688,-0.00115,0.00000,0.00000,-0.118,-0.009,0
518.2060,-0.00546,-0.02685,-0.00115,0.00000,0.00000,-0.118,-0.009,0
518.2580,-0.00545,-0.02682,-0.00115,0.00000,0.00000,-0.118,-0.009,0
518.3100,-0.00545,-0.02678,-0.00115,0.00000,0.00000,-0.118,-0.009,0
518.3620,-0.00543,-0.02673,-0.00115,0.00000,0.00000,-0.118,-0.009,0
518.4140,-0.00542,-0.02667,-0.00115,0.00000,0.00000,-0.118,-0.009,0
518.4660,-0.00541,-0.02662,-0.00115,0.00000,0.00000,-0.117,-0.009,0
518.5180,-0.00540,-0.02657,-0.00115,0.00000,0.00000,-0.117,-0.009,0
518.5700,-0.00539,-0.02653,-0.00115,0.00000,0.00000,-0.117,-0.009,0
518.6220,-0.00538,-0.02649,-0.00115,0.00000,0.00000,-0.117,-0.009,0
518.6740,-0.00537,-0.02644,-0.00115,0.00000,0.00000,-0.116,-0.009,0
518.7260,-0.00536,-0.02640,-0.00115,0.00000,0.00000,-0.116,-0.009,0
518.7780,-0.00536,-0.02635,-0.00115,0.00000,0.00000,-0.116,-0.009,0
518.8300,-0.00535,-0.02630,-0.00115,0.00000,0.00000,-0.116,-0.009,0
518.8820,-0.00534,-0.02626,-0.00115,0.00000,0.00000,-0.115,-0.009,0
518.9340,-0.00533,-0.02621,-0.00115,0.00000,0.00000,-0.115,-0.009,0
518.9860,-0.00532,-0.02617,-0.00115,0.00000,0.00000,-0.115,-0.009,0
519.0380,-0.00531,-0.02612,-0.00115,0.00000,0.00000,-0.115,-0.009,0
519.0900,-0.00531,-0.02610,-0.00115,0.00000,0.00000,-0.115,-0.009,0
519.1420,-0.00531,-0.02610,-0.00115,0.00000,0.00000,-0.114,-0.009,0
519.1940,-0.00531,-0.02610,-0.00115,0.00000,0.00000,-0.114,-0.009,0
519.2460,-0.00532,-0.02611,-0.00115,0.00000,0.00000,-0.114,-0.009,0
519.2980,-0.00532,-0.02611,-0.00115,0.00000,0.00000,-0.114,-0.009,0
519.3500,-0.00533,-0.02614,-0.00115,0.00000,0.00000,-0.114,-0.009,0
519.4020,-0.00534,-0.02617,-0.00115,0.00000,0.00000,-0.115,-0.009,0
519.4540,-0.00535,-0.02621,-0.00115,0.00000,0.00000,-0.115,-0.009,0
519.5060,-0.00536,-0.02625,-0.00115,0.00000,0.00000,-0.115,-0.009,0
519.5580,-0.00537,-0.02629,-0.00115,0.00000,0.00000,-0.115,-0.009,0
519.6100,-0.00538,-0.02633,-0.00115,0.00000,0.00000,-0.115,-0.009,0
519.6620,-0.00539,-0.02637,-0.00115,0.00000,0.00000,-0.115,-0.009,0
519.7140,-0.00540,-0.02642,-0.00115,0.00000,0.00000,-0.115,-0.009,0
519.7660,-0.00541,-0.02645,-0.00115,0.00000,0.00000,-0.116,-0.009,0
519.8180,-0.00542,-0.02648,-0.00115,0.00000,0.00000,-0.116,-0.009,0
519.8700,-0.00542,-0.02651,-0.00115,0.00000,0.00000,-0.116,-0.009,0
519.9220,-0.00543,-0.02654,-0.00115,0.00000,0.00000,-0.116,-0.009,0
519.9740,-0.00544,-0.02657,-0.00115,0.00000,0.00000,-0.116,-0.009,0
520.0260,-0.00544,-0.02661,-0.00115,0.00000,0.00000,-0.116,-0.009,0
520.0780,-0.00545,-0.02664,-0.00115,0.00000,0.00000,-0.116,-0.009,0
520.1300,-0.00546,-0.02667,-0.00115,0.00000,0.00000,-0.117,-0.009,0
520.1820,-0.00546,-0.02668,-0.00115,0.00000,0.00000,-0.117,-0.009,0
520.2340,-0.00545,-0.02668,-0.00115,0.00000,0.00000,-0.117,-0.009,0
520.2860,-0.00545,-0.02667,-0.00115,0.00000,0.00000,-0.117,-0.009,0
520.3380,-0.00545,-0.02668,-0.00115,0.00000,0.00000,-0.117,-0.009,0
520.3900,-0.00546,-0.02670,-0.00115,0.00000,0.00000,-0.117,-0.009,0
520.4420,-0.00546,-0.02671,-0.00115,0.00000,0.00000,-0.117,-0.009,0
520.4940,-0.00546,-0.02674,-0.00115,0.00000,0.00000,-0.117,-0.009,0
520.5460,-0.00546,-0.02675,-0.00115,0.00000,0.00000,-0.117,-0.009,0
520.5980,-0.00547,-0.02677,-0.00115,0.00000,0.00000,-0.117,-0.009,0
520.6500,-0.00547,-0.02680,-0.00115,0.00000,0.00000,-0.117,-0.009,0
520.7020,-0.00548,-0.02683,-0.00115,0.00000,0.00000,-0.117,-0.009,0
520.7540,-0.00549,-0.02686,-0.00115,0.00000,0.00000,-0.117,-0.009,0
520.8060,-0.00549,-0.02688,-0.00115,0.00000,0.00000,-0.118,-0.009,0
520.8580,-0.00549,-0.02691,-0.00115,0.00000,0.00000,-0.118,-0.009,0
520.9100,-0.00550,-0.02694,-0.00115,0.00000,0.00000,-0.118,-0.009,0
520.9620,-0.00551,-0.02699,-0.00115,0.00000,0.00000,-0.118,-0.009,0
521.0140,-0.00552,-0.02703,-0.00115,0.00000,0.00000,-0.118,-0.009,0
521.0660,-0.00553,-0.02708,-0.00115,0.00000,0.00000,-0.118,-0.009,0
521.1180,-0.00554,-0.02711,-0.00115,0.00000,0.00000,-0.119,-0.009,0
521.1700,-0.00554,-0.02715,-0.00115,0.00000,0.00000,-0.119,-0.009,0
521.2220,-0.00555,-0.02718,-0.00115,0.00000,0.00000,-0.119,-0.009,0
521.2740,-0.00555,-0.02721,-0.00115,0.00000,0.00000,-0.119,-0.009,0
521.3260,-0.00556,-0.02723,-0.00115,0.00000,0.00000,-0.119,-0.009,0
521.3780,-0.00556,-0.02725,-0.00115,0.00000,0.00000,-0.119,-0.009,0
521.4300,-0.00556,-0.02727,-0.00115,0.00000,0.00000,-0.120,-0.009,0
521.4820,-0.00556,-0.02728,-0.00115,0.00000,0.00000,-0.120,-0.009,0
521.5340,-0.00556,-0.02728,-0.00115,0.00000,0.00000,-0.120,-0.009,0
521.5860,-0.00556,-0.02729,-0.00115,0.00000,0.00000,-0.120,-0.009,0
521.6380,-0.00556,-0.02728,-0.00115,0.00000,0.00000,-0.120,-0.009,0
521.6900,-0.00556,-0.02728,-0.00115,0.00000,0.00000,-0.120,-0.009,0
521.7420,-0.00556,-0.02728,-0.00115,0.00000,0.00000,-0.120,-0.009,0
521.7940,-0.00555,-0.02728,-0.00115,0.00000,0.00000,-0.120,-0.009,0
521.8460,-0.00555,-0.02727,-0.00115,0.00000,0.00000,-0.120,-0.009,0
521.8980,-0.00555,-0.02726,-0.00115,0.00000,0.00000,-0.120,-0.009,0
521.9500,-0.00555,-0.02726,-0.00115,0.00000,0.00000,-0.120,-0.009,0
522.0020,-0.00555,-0.02726,-0.00115,0.00000,0.00000,-0.120,-0.009,0
522.0540,-0.00555,-0.02727,-0.00115,0.00000,0.00000,-0.120,-0.009,0
522.1060,-0.00554,-0.02726,-0.00115,0.00000,0.00000,-0.120,-0.009,0
522.1580,-0.00554,-0.02725,-0.00115,0.00000,0.00000,-0.120,-0.009,0
522.2100,-0.00554,-0.02725,-0.00115,0.00000,0.00000,-0.120,-0.009,0
522.2620,-0.00554,-0.02726,-0.00115,0.00000,0.00000,-0.120,-0.009,0
522.3140,-0.00555,-0.02728,-0.00115,0.00000,0.00000,-0.120,-0.009,0
522.3660,-0.00555,-0.02730,-0.00115,0.00000,0.00000,-0.120,-0.009,0
522.4180,-0.00556,-0.02732,-0.00115,0.00000,0.00000,-0.120,-0.009,0
522.4700,-0.00556,-0.02734,-0.00115,0.00000,0.00000,-0.121,-0.009,0
522.5220,-0.00557,-0.02736,-0.00115,0.00000,0.00000,-0.121,-0.009,0
522.5740,-0.00557,-0.02738,-0.00115,0.00000,0.00000,-0.121,-0.009,0
522.6260,-0.00558,-0.02741,-0.00115,0.00000,0.00000,-0.121,-0.009,0
522.6780,-0.00558,-0.02744,-0.00115,0.00000,0.00000,-0.121,-0.009,0
522.7300,-0.00559,-0.02747,-0.00115,0.00000,0.00000,-0.121,-0.009,0
522.7820,-0.00559,-0.02749,-0.00115,0.00000,0.00000,-0.121,-0.009,0
522.8340,-0.00560,-0.02750,-0.00115,0.00000,0.00000,-0.121,-0.009,0
522.8860,-0.00560,-0.02751,-0.00115,0.00000,0.00000,-0.122,-0.009,0
522.9380,-0.00560,-0.02753,-0.00115,0.00000,0.00000,-0.122,-0.009,0
522.9900,-0.00561,-0.02756,-0.00115,0.00000,0.00000,-0.122,-0.009,0
523.0420,-0.00561,-0.02759,-0.00115,0.00000,0.00000,-0.122,-0.009,0
523.0940,-0.00562,-0.02762,-0.00115,0.00000,0.00000,-0.122,-0.009,0
523.1460,-0.00563,-0.02765,-0.00115,0.00000,0.00000,-0.122,-0.009,0
523.1980,-0.00563,-0.02768,-0.00115,0.00000,0.00000,-0.122,-0.009,0
523.2500,-0.00564,-0.02773,-0.00115,0.00000,0.00000,-0.123,-0.009,0
523.3020,-0.00565,-0.02778,-0.00115,0.00000,0.00000,-0.123,-0.009,0
523.3540,-0.00566,-0.02781,-0.00115,0.00000,0.00000,-0.123,-0.009,0
523.4060,-0.00567,-0.02785,-0.00115,0.00000,0.00000,-0.123,-0.009,0
523.4580,-0.00568,-0.02788,-0.00115,0.00000,0.00000,-0.123,-0.009,0
523.5100,-0.00568,-0.02791,-0.00115,0.00000,0.00000,-0.124,-0.009,0
523.5620,-0.00568,-0.02792,-0.00115,0.00000,0.00000,-0.124,-0.009,0
523.6140,-0.00568,-0.02793,-0.00115,0.00000,0.00000,-0.124,-0.009,0
523.6660,-0.00568,-0.02792,-0.00115,0.00000,0.00000,-0.124,-0.009,0
523.7180,-0.00568,-0.02793,-0.00115,0.00000,0.00000,-0.124,-0.009,0
523.7700,-0.00568,-0.02794,-0.00115,0.00000,0.00000,-0.124,-0.009,0
523.8220,-0.00568,-0.02795,-0.00115,0.00000,0.00000,-0.124,-0.009,0
523.8740,-0.00568,-0.02795,-0.00115,0.00000,0.00000,-0.124,-0.009,0
523.9260,-0.00568,-0.02794,-0.00115,0.00000,0.00000,-0.124,-0.009,0
523.9780,-0.00567,-0.02792,-0.00115,0.00000,0.00000,-0.124,-0.009,0
524.0300,-0.00567,-0.02791,-0.00115,0.00000,0.00000,-0.124,-0.009,0
524.0820,-0.00567,-0.02791,-0.00115,0.00000,0.00000,-0.124,-0.009,0
524.1340,-0.00567,-0.02791,-0.00115,0.00000,0.00000,-0.124,-0.009,0
524.1860,-0.00567,-0.02791,-0.00115,0.00000,0.00000,-0.124,-0.009,0
524.2380,-0.00566,-0.02791,-0.00115,0.00000,0.00000,-0.124,-0.009,0
524.2900,-0.00567,-0.02791,-0.00115,0.00000,0.00000,-0.124,-0.009,0
524.3420,-0.00566,-0.02791,-0.00115,0.00000,0.00000,-0.124,-0.009,0
524.3940,-0.00566,-0.02790,-0.00115,0.00000,0.00000,-0.124,-0.009,0
524.4460,-0.00566,-0.02790,-0.00115,0.00000,0.00000,-0.124,-0.009,0
524.4980,-0.00566,-0.02790,-0.00115,0.00000,0.00000,-0.124,-0.009,0
524.5500,-0.00566,-0.02791,-0.00115,0.00000,0.00000,-0.124,-0.009,0
524.6020,-0.00566,-0.02792,-0.00115,0.00000,0.00000,-0.124,-0.009,0
524.6540,-0.00567,-0.02793,-0.00115,0.00000,0.00000,-0.124,-0.009,0
524.7060,-0.00567,-0.02794,-0.00115,0.00000,0.00000,-0.124,-0.009,0
524.7580,-0.00567,-0.02796,-0.00115,0.00000,0.00000,-0.124,-0.009,0
524.8100,-0.00568,-0.02798,-0.00115,0.00000,0.00000,-0.125,-0.009,0
524.8620,-0.00569,-0.02801,-0.00115,0.00000,0.00000,-0.125,-0.009,0
524.9140,-0.00569,-0.02804,-0.00115,0.00000,0.00000,-0.125,-0.009,0
524.9660,-0.00570,-0.02807,-0.00115,0.00000,0.00000,-0.125,-0.009,0
525.0180,-0.00571,-0.02811,-0.00115,0.00000,0.00000,-0.125,-0.009,0
525.0700,-0.00572,-0.02814,-0.00115,0.00000,0.00000,-0.125,-0.009,0
525.1220,-0.00572,-0.02817,-0.00115,0.00000,0.00000,-0.126,-0.009,0
525.1740,-0.00573,-0.02820,-0.00115,0.00000,0.00000,-0.126,-0.009,0
525.2260,-0.00573,-0.02821,-0.00115,0.00000,0.00000,-0.126,-0.009,0
525.2780,-0.00573,-0.02822,-0.00115,0.00000,0.00000,-0.126,-0.009,0
525.3300,-0.00573,-0.02822,-0.00115,0.00000,0.00000,-0.126,-0.009,0
525.3820,-0.00573,-0.02823,-0.00115,0.00000,0.00000,-0.126,-0.009,0
525.4340,-0.00573,-0.02825,-0.00115,0.00000,0.00000,-0.126,-0.009,0
525.4860,-0.00574,-0.02826,-0.00115,0.00000,0.00000,-0.126,-0.009,0
525.5380,-0.00574,-0.02827,-0.00115,0.00000,0.00000,-0.126,-0.009,0
525.5900,-0.00574,-0.02829,-0.00115,0.00000,0.00000,-0.126,-0.009,0
525.6420,-0.00575,-0.02831,-0.00115,0.00000,0.00000,-0.126,-0.009,0
525.6940,-0.00575,-0.02834,-0.00115,0.00000,0.00000,-0.127,-0.009,0
525.7460,-0.00576,-0.02836,-0.00115,0.00000,0.00000,-0.127,-0.009,0
525.7980,-0.00576,-0.02838,-0.00115,0.00000,0.00000,-0.127,-0.009,0
525.8500,-0.00576,-0.02840,-0.00115,0.00000,0.00000,-0.127,-0.009,0
525.9020,-0.00577,-0.02842,-0.00115,0.00000,0.00000,-0.127,-0.009,0
525.9540,-0.00577,-0.02844,-0.00115,0.00000,0.00000,-0.127,-0.009,0
526.0060,-0.00577,-0.02846,-0.00115,0.00000,0.00000,-0.127,-0.009,0
526.0580,-0.00577,-0.02846,-0.00115,0.00000,0.00000,-0.127,-0.009,0
526.1100,-0.00577,-0.02847,-0.00115,0.00000,0.00000,-0.127,-0.009,0
526.1620,-0.00578,-0.02848,-0.00115,0.00000,0.00000,-0.127,-0.009,0
526.2140,-0.00577,-0.02848,-0.00115,0.00000,0.00000,-0.127,-0.009,0
526.2660,-0.00577,-0.02847,-0.00115,0.00000,0.00000,-0.127,-0.009,0
526.3180,-0.00577,-0.02845,-0.00115,0.00000,0.00000,-0.127,-0.009,0
526.3700,-0.00577,-0.02845,-0.00115,0.00000,0.00000,-0.127,-0.009,0
526.4220,-0.00576,-0.02845,-0.00115,0.00000,0.00000,-0.127,-0.009,0
526.4740,-0.00576,-0.02845,-0.00115,0.00000,0.00000,-0.127,-0.009,0
526.5260,-0.00576,-0.02844,-0.00115,0.00000,0.00000,-0.127,-0.009,0
526.5780,-0.00576,-0.02842,-0.00115,0.00000,0.00000,-0.127,-0.009,0
526.6300,-0.00575,-0.02840,-0.00115,0.00000,0.00000,-0.127,-0.009,0
526.6820,-0.00574,-0.02838,-0.00115,0.00000,0.00000,-0.127,-0.009,0
526.7340,-0.00574,-0.02835,-0.00115,0.00000,0.00000,-0.127,-0.009,0
526.7860,-0.00573,-0.02831,-0.00115,0.00000,0.00000,-0.127,-0.009,0
526.8380,-0.00572,-0.02827,-0.00115,0.00000,0.00000,-0.127,-0.009,0
526.8900,-0.00571,-0.02824,-0.00115,0.00000,0.00000,-0.127,-0.009,0
526.9420,-0.00570,-0.02820,-0.00115,0.00000,0.00000,-0.127,-0.009,0
526.9940,-0.00570,-0.02818,-0.00115,0.00000,0.00000,-0.126,-0.009,0
527.0460,-0.00570,-0.02818,-0.00115,0.00000,0.00000,-0.126,-0.009,0
527.0980,-0.00570,-0.02818,-0.00115,0.00000,0.00000,-0.126,-0.009,0
527.1500,-0.00570,-0.02818,-0.00115,0.00000,0.00000,-0.126,-0.009,0
527.2020,-0.00570,-0.02818,-0.00115,0.00000,0.00000,-0.126,-0.009,0
527.2540,-0.00570,-0.02819,-0.00115,0.00000,0.00000,-0.126,-0.009,0
527.3060,-0.00571,-0.02819,-0.00115,0.00000,0.00000,-0.126,-0.009,0
527.3580,-0.00571,-0.02819,-0.00115,0.00000,0.00000,-0.127,-0.009,0
527.4100,-0.00571,-0.02819,-0.00115,0.00000,0.00000,-0.126,-0.009,0
527.4620,-0.00570,-0.02817,-0.00115,0.00000,0.00000,-0.126,-0.009,0
527.5140,-0.00570,-0.02815,-0.00115,0.00000,0.00000,-0.126,-0.009,0
527.5660,-0.00570,-0.02814,-0.00115,0.00000,0.00000,-0.126,-0.009,0
527.6180,-0.00570,-0.02814,-0.00115,0.00000,0.00000,-0.126,-0.009,0
527.6700,-0.00570,-0.02815,-0.00115,0.00000,0.00000,-0.126,-0.009,0
527.7220,-0.00570,-0.02816,-0.00115,0.00000,0.00000,-0.126,-0.009,0
527.7740,-0.00571,-0.02818,-0.00115,0.00000,0.00000,-0.126,-0.009,0
527.8260,-0.00571,-0.02819,-0.00115,0.00000,0.00000,-0.126,-0.009,0
527.8780,-0.00571,-0.02819,-0.00115,0.00000,0.00000,-0.126,-0.009,0
527.9300,-0.00571,-0.02819,-0.00115,0.00000,0.00000,-0.126,-0.009,0
527.9820,-0.00571,-0.02819,-0.00115,0.00000,0.00000,-0.126,-0.009,0
528.0340,-0.00571,-0.02818,-0.00115,0.00000,0.00000,-0.126,-0.009,0
528.0860,-0.00571,-0.02817,-0.00115,0.00000,0.00000,-0.126,-0.009,0
528.1380,-0.00571,-0.02816,-0.00115,0.00000,0.00000,-0.126,-0.009,0
528.1900,-0.00571,-0.02815,-0.00115,0.00000,0.00000,-0.126,-0.009,0
528.2420,-0.00570,-0.02815,-0.00115,0.00000,0.00000,-0.126,-0.009,0
528.2940,-0.00571,-0.02815,-0.00115,0.00000,0.00000,-0.126,-0.009,0
528.3460,-0.00571,-0.02815,-0.00115,0.00000,0.00000,-0.126,-0.009,0
528.3980,-0.00571,-0.02815,-0.00115,0.00000,0.00000,-0.126,-0.009,0
528.4500,-0.00570,-0.02814,-0.00115,0.00000,0.00000,-0.126,-0.009,0
528.5020,-0.00570,-0.02813,-0.00115,0.00000,0.00000,-0.126,-0.009,0
528.5540,-0.00570,-0.02813,-0.00115,0.00000,0.00000,-0.126,-0.009,0
528.6060,-0.00571,-0.02815,-0.00115,0.00000,0.00000,-0.126,-0.009,0
528.6580,-0.00571,-0.02817,-0.00115,0.00000,0.00000,-0.126,-0.009,0
528.7100,-0.00571,-0.02817,-0.00115,0.00000,0.00000,-0.126,-0.009,0
528.7620,-0.00571,-0.02818,-0.00115,0.00000,0.00000,-0.126,-0.009,0
528.8140,-0.00572,-0.02820,-0.00115,0.00000,0.00000,-0.126,-0.009,0
528.8660,-0.00572,-0.02822,-0.00115,0.00000,0.00000,-0.126,-0.009,0
528.9180,-0.00573,-0.02825,-0.00115,0.00000,0.00000,-0.127,-0.009,0
528.9700,-0.00574,-0.02829,-0.00115,0.00000,0.00000,-0.127,-0.009,0
529.0220,-0.00575,-0.02832,-0.00115,0.00000,0.00000,-0.127,-0.009,0
529.0740,-0.00575,-0.02835,-0.00115,0.00000,0.00000,-0.127,-0.009,0
529.1260,-0.00576,-0.02838,-0.00115,0.00000,0.00000,-0.127,-0.009,0
529.1780,-0.00576,-0.02840,-0.00115,0.00000,0.00000,-0.127,-0.009,0
529.2300,-0.00577,-0.02842,-0.00115,0.00000,0.00000,-0.127,-0.009,0
529.2820,-0.00577,-0.02845,-0.00115,0.00000,0.00000,-0.128,-0.009,0
529.3340,-0.00578,-0.02847,-0.00115,0.00000,0.00000,-0.128,-0.009,0
529.3860,-0.00578,-0.02849,-0.00115,0.00000,0.00000,-0.128,-0.009,0
529.4380,-0.00578,-0.02850,-0.00115,0.00000,0.00000,-0.128,-0.009,0
529.4900,-0.00578,-0.02849,-0.00115,0.00000,0.00000,-0.128,-0.009,0
529.5420,-0.00578,-0.02849,-0.00115,0.00000,0.00000,-0.128,-0.009,0
529.5940,-0.00578,-0.02849,-0.00115,0.00000,0.00000,-0.128,-0.009,0
529.6460,-0.00577,-0.02848,-0.00115,0.00000,0.00000,-0.128,-0.009,0
529.6980,-0.00577,-0.02848,-0.00115,0.00000,0.00000,-0.128,-0.009,0
529.7500,-0.00577,-0.02849,-0.00115,0.00000,0.00000,-0.128,-0.009,0
529.8020,-0.00578,-0.02851,-0.00115,0.00000,0.00000,-0.128,-0.009,0
529.8540,-0.00578,-0.02853,-0.00115,0.00000,0.00000,-0.128,-0.009,0
529.9060,-0.00579,-0.02854,-0.00115,0.00000,0.00000,-0.128,-0.009,0
529.9580,-0.00579,-0.02856,-0.00115,0.00000,0.00000,-0.128,-0.009,0
530.0100,-0.00579,-0.02858,-0.00115,0.00000,0.00000,-0.128,-0.009,0
530.0620,-0.00580,-0.02859,-0.00115,0.00000,0.00000,-0.128,-0.009,0
530.1140,-0.00580,-0.02862,-0.00115,0.00000,0.00000,-0.129,-0.009,0
530.1660,-0.00581,-0.02865,-0.00115,0.00000,0.00000,-0.129,-0.009,0
530.2180,-0.00581,-0.02868,-0.00115,0.00000,0.00000,-0.129,-0.009,0
530.2700,-0.00582,-0.02870,-0.00115,0.00000,0.00000,-0.129,-0.009,0
530.3220,-0.00582,-0.02872,-0.00115,0.00000,0.00000,-0.129,-0.009,0
530.3740,-0.00583,-0.02875,-0.00115,0.00000,0.00000,-0.129,-0.009,0
530.4260,-0.00583,-0.02877,-0.00115,0.00000,0.00000,-0.129,-0.009,0
530.4780,-0.00584,-0.02880,-0.00115,0.00000,0.00000,-0.129,-0.009,0
530.5300,-0.00584,-0.02882,-0.00115,0.00000,0.00000,-0.130,-0.009,0
530.5820,-0.00584,-0.02884,-0.00115,0.00000,0.00000,-0.130,-0.009,0
530.6340,-0.00584,-0.02885,-0.00115,0.00000,0.00000,-0.130,-0.009,0
530.6860,-0.00584,-0.02884,-0.00115,0.00000,0.00000,-0.130,-0.009,0
530.7380,-0.00584,-0.02884,-0.00115,0.00000,0.00000,-0.130,-0.009,0
530.7900,-0.00584,-0.02883,-0.00115,0.00000,0.00000,-0.130,-0.009,0
530.8420,-0.00583,-0.02881,-0.00115,0.00000,0.00000,-0.130,-0.009,0
530.8940,-0.00583,-0.02879,-0.00115,0.00000,0.00000,-0.130,-0.009,0
530.9460,-0.00582,-0.02876,-0.00115,0.00000,0.00000,-0.130,-0.009,0
530.9980,-0.00581,-0.02874,-0.00115,0.00000,0.00000,-0.129,-0.009,0
531.0500,-0.00581,-0.02872,-0.00115,0.00000,0.00000,-0.129,-0.009,0
531.1020,-0.00580,-0.02870,-0.00115,0.00000,0.00000,-0.129,-0.009,0
531.1540,-0.00579,-0.02866,-0.00115,0.00000,0.00000,-0.129,-0.009,0
531.2060,-0.00578,-0.02861,-0.00115,0.00000,0.00000,-0.129,-0.009,0
531.2580,-0.00577,-0.02857,-0.00115,0.00000,0.00000,-0.129,-0.009,0
531.3100,-0.00576,-0.02854,-0.00115,0.00000,0.00000,-0.129,-0.009,0
531.3620,-0.00576,-0.02851,-0.00115,0.00000,0.00000,-0.128,-0.009,0
531.4140,-0.00576,-0.02850,-0.00115,0.00000,0.00000,-0.128,-0.009,0
531.4660,-0.00575,-0.02848,-0.00115,0.00000,0.00000,-0.128,-0.009,0
531.5180,-0.00575,-0.02845,-0.00115,0.00000,0.00000,-0.128,-0.009,0
531.5700,-0.00575,-0.02844,-0.00115,0.00000,0.00000,-0.128,-0.009,0
531.6220,-0.00575,-0.02843,-0.00115,0.00000,0.00000,-0.128,-0.009,0
531.6740,-0.00575,-0.02844,-0.00115,0.00000,0.00000,-0.128,-0.009,0
531.7260,-0.00575,-0.02845,-0.00115,0.00000,0.00000,-0.128,-0.009,0
531.7780,-0.00575,-0.02846,-0.00115,0.00000,0.00000,-0.128,-0.009,0
531.8300,-0.00575,-0.02846,-0.00115,0.00000,0.00000,-0.128,-0.009,0
531.8820,-0.00575,-0.02845,-0.00115,0.00000,0.00000,-0.128,-0.009,0
531.9340,-0.00575,-0.02843,-0.00115,0.00000,0.00000,-0.128,-0.009,0
531.9860,-0.00574,-0.02840,-0.00115,0.00000,0.00000,-0.128,-0.009,0
532.0380,-0.00574,-0.02839,-0.00115,0.00000,0.00000,-0.128,-0.009,0
532.0900,-0.00574,-0.02839,-0.00115,0.00000,0.00000,-0.128,-0.009,0
532.1420,-0.00575,-0.02840,-0.00115,0.00000,0.00000,-0.128,-0.009,0
532.1940,-0.00575,-0.02841,-0.00115,0.00000,0.00000,-0.128,-0.009,0
532.2460,-0.00575,-0.02842,-0.00115,0.00000,0.00000,-0.128,-0.009,0
532.2980,-0.00576,-0.02843,-0.00115,0.00000,0.00000,-0.128,-0.009,0
532.3500,-0.00576,-0.02845,-0.00115,0.00000,0.00000,-0.128,-0.009,0
532.4020,-0.00576,-0.02846,-0.00115,0.00000,0.00000,-0.128,-0.009,0
532.4540,-0.00577,-0.02848,-0.00115,0.00000,0.00000,-0.128,-0.009,0
532.5060,-0.00577,-0.02850,-0.00115,0.00000,0.00000,-0.128,-0.009,0
532.5580,-0.00578,-0.02852,-0.00115,0.00000,0.00000,-0.128,-0.009,0
532.6100,-0.00578,-0.02853,-0.00115,0.00000,0.00000,-0.128,-0.009,0
532.6620,-0.00578,-0.02854,-0.00115,0.00000,0.00000,-0.128,-0.009,0
532.7140,-0.00579,-0.02857,-0.00115,0.00000,0.00000,-0.129,-0.009,0
532.7660,-0.00579,-0.02858,-0.00115,0.00000,0.00000,-0.129,-0.009,0
532.8180,-0.00580,-0.02859,-0.00115,0.00000,0.00000,-0.129,-0.009,0
532.8700,-0.00580,-0.02860,-0.00115,0.00000,0.00000,-0.129,-0.009,0
532.9220,-0.00580,-0.02861,-0.00115,0.00000,0.00000,-0.129,-0.009,0
532.9740,-0.00580,-0.02862,-0.00115,0.00000,0.00000,-0.129,-0.009,0
533.0260,-0.00580,-0.02862,-0.00115,0.00000,0.00000,-0.129,-0.009,0
533.0780,-0.00580,-0.02862,-0.00115,0.00000,0.00000,-0.129,-0.009,0
533.1300,-0.00580,-0.02863,-0.00115,0.00000,0.00000,-0.129,-0.009,0
533.1820,-0.00580,-0.02863,-0.00115,0.00000,0.00000,-0.129,-0.009,0
533.2340,-0.00580,-0.02864,-0.00115,0.00000,0.00000,-0.129,-0.009,0
533.2860,-0.00580,-0.02864,-0.00115,0.00000,0.00000,-0.129,-0.009,0
533.3380,-0.00580,-0.02864,-0.00115,0.00000,0.00000,-0.129,-0.009,0
533.3900,-0.00580,-0.02864,-0.00115,0.00000,0.00000,-0.129,-0.009,0
533.4420,-0.00580,-0.02862,-0.00115,0.00000,0.00000,-0.129,-0.009,0
533.4940,-0.00579,-0.02860,-0.00115,0.00000,0.00000,-0.129,-0.009,0
533.5460,-0.00578,-0.02857,-0.00115,0.00000,0.00000,-0.129,-0.009,0
533.5980,-0.00578,-0.02856,-0.00115,0.00000,0.00000,-0.129,-0.009,0
533.6500,-0.00578,-0.02855,-0.00115,0.00000,0.00000,-0.129,-0.009,0
533.7020,-0.00578,-0.02856,-0.00115,0.00000,0.00000,-0.129,-0.009,0
533.7540,-0.00578,-0.02857,-0.00115,0.00000,0.00000,-0.129,-0.009,0
533.8060,-0.00578,-0.02858,-0.00115,0.00000,0.00000,-0.129,-0.009,0
533.8580,-0.00579,-0.02858,-0.00115,0.00000,0.00000,-0.129,-0.009,0
533.9100,-0.00578,-0.02858,-0.00115,0.00000,0.00000,-0.129,-0.009,0
533.9620,-0.00578,-0.02858,-0.00115,0.00000,0.00000,-0.129,-0.009,0
534.0140,-0.00578,-0.02858,-0.00115,0.00000,0.00000,-0.129,-0.009,0
534.0660,-0.00579,-0.02858,-0.00115,0.00000,0.00000,-0.129,-0.009,0
534.1180,-0.00579,-0.02860,-0.00115,0.00000,0.00000,-0.129,-0.009,0
534.1700,-0.00579,-0.02862,-0.00115,0.00000,0.00000,-0.129,-0.009,0
534.2220,-0.00580,-0.02864,-0.00115,0.00000,0.00000,-0.129,-0.009,0
534.2740,-0.00580,-0.02866,-0.00115,0.00000,0.00000,-0.129,-0.009,0
534.3260,-0.00580,-0.02865,-0.00115,0.00000,0.00000,-0.129,-0.009,0
534.3780,-0.00580,-0.02864,-0.00115,0.00000,0.00000,-0.129,-0.009,0
534.4300,-0.00580,-0.02864,-0.00115,0.00000,0.00000,-0.129,-0.009,0
534.4820,-0.00580,-0.02863,-0.00115,0.00000,0.00000,-0.129,-0.009,0
534.5340,-0.00580,-0.02863,-0.00115,0.00000,0.00000,-0.129,-0.009,0
534.5860,-0.00580,-0.02864,-0.00115,0.00000,0.00000,-0.129,-0.009,0
534.6380,-0.00580,-0.02864,-0.00115,0.00000,0.00000,-0.129,-0.009,0
534.6900,-0.00580,-0.02864,-0.00115,0.00000,0.00000,-0.129,-0.009,0
534.7420,-0.00580,-0.02866,-0.00115,0.00000,0.00000,-0.129,-0.009,0
534.7940,-0.00581,-0.02868,-0.00115,0.00000,0.00000,-0.129,-0.009,0
534.8460,-0.00581,-0.02869,-0.00115,0.00000,0.00000,-0.129,-0.009,0
534.8980,-0.00581,-0.02869,-0.00115,0.00000,0.00000,-0.129,-0.009,0
534.9500,-0.00581,-0.02868,-0.00115,0.00000,0.00000,-0.129,-0.009,0
535.0020,-0.00580,-0.02867,-0.00115,0.00000,0.00000,-0.129,-0.009,0
535.0540,-0.00580,-0.02868,-0.00115,0.00000,0.00000,-0.129,-0.009,0
535.1060,-0.00581,-0.02869,-0.00115,0.00000,0.00000,-0.129,-0.009,0
535.1580,-0.00581,-0.02870,-0.00115,0.00000,0.00000,-0.129,-0.009,0
535.2100,-0.00581,-0.02871,-0.00115,0.00000,0.00000,-0.129,-0.009,0
535.2620,-0.00582,-0.02873,-0.00115,0.00000,0.00000,-0.130,-0.009,0
535.3140,-0.00582,-0.02876,-0.00115,0.00000,0.00000,-0.130,-0.009,0
535.3660,-0.00582,-0.02876,-0.00115,0.00000,0.00000,-0.130,-0.009,0
535.4180,-0.00582,-0.02876,-0.00115,0.00000,0.00000,-0.130,-0.009,0
535.4700,-0.00582,-0.02877,-0.00115,0.00000,0.00000,-0.130,-0.009,0
535.5220,-0.00582,-0.02877,-0.00115,0.00000,0.00000,-0.130,-0.009,0
535.5740,-0.00582,-0.02877,-0.00115,0.00000,0.00000,-0.130,-0.009,0
535.6260,-0.00583,-0.02878,-0.00115,0.00000,0.00000,-0.130,-0.009,0
535.6780,-0.00582,-0.02878,-0.00115,0.00000,0.00000,-0.130,-0.009,0
535.7300,-0.00582,-0.02878,-0.00115,0.00000,0.00000,-0.130,-0.009,0
535.7820,-0.00582,-0.02878,-0.00115,0.00000,0.00000,-0.130,-0.009,0
535.8340,-0.00582,-0.02877,-0.00115,0.00000,0.00000,-0.130,-0.009,0
535.8860,-0.00582,-0.02875,-0.00115,0.00000,0.00000,-0.130,-0.009,0
535.9380,-0.00581,-0.02874,-0.00115,0.00000,0.00000,-0.130,-0.009,0
535.9900,-0.00581,-0.02872,-0.00115,0.00000,0.00000,-0.130,-0.009,0
536.0420,-0.00581,-0.02871,-0.00115,0.00000,0.00000,-0.130,-0.009,0
536.0940,-0.00581,-0.02871,-0.00115,0.00000,0.00000,-0.130,-0.009,0
536.1460,-0.00581,-0.02870,-0.00115,0.00000,0.00000,-0.130,-0.009,0
536.1980,-0.00581,-0.02870,-0.00115,0.00000,0.00000,-0.130,-0.009,0
536.2500,-0.00581,-0.02870,-0.00115,0.00000,0.00000,-0.130,-0.009,0
536.3020,-0.00581,-0.02871,-0.00115,0.00000,0.00000,-0.130,-0.009,0
536.3540,-0.00581,-0.02872,-0.00115,0.00000,0.00000,-0.130,-0.009,0
536.4060,-0.00581,-0.02872,-0.00115,0.00000,0.00000,-0.130,-0.009,0
536.4580,-0.00581,-0.02872,-0.00115,0.00000,0.00000,-0.130,-0.009,0
536.5100,-0.00581,-0.02873,-0.00115,0.00000,0.00000,-0.130,-0.009,0
536.5620,-0.00581,-0.02873,-0.00115,0.00000,0.00000,-0.130,-0.009,0
536.6140,-0.00581,-0.02872,-0.00115,0.00000,0.00000,-0.130,-0.009,0
536.6660,-0.00581,-0.02872,-0.00115,0.00000,0.00000,-0.130,-0.009,0
536.7180,-0.00582,-0.02874,-0.00115,0.00000,0.00000,-0.130,-0.009,0
536.7700,-0.00582,-0.02877,-0.00115,0.00000,0.00000,-0.130,-0.009,0
536.8220,-0.00583,-0.02879,-0.00115,0.00000,0.00000,-0.130,-0.009,0
536.8740,-0.00583,-0.02881,-0.00115,0.00000,0.00000,-0.130,-0.009,0
536.9260,-0.00584,-0.02884,-0.00115,0.00000,0.00000,-0.130,-0.009,0
536.9780,-0.00584,-0.02886,-0.00115,0.00000,0.00000,-0.130,-0.009,0
537.0300,-0.00585,-0.02888,-0.00115,0.00000,0.00000,-0.130,-0.009,0
537.0820,-0.00585,-0.02889,-0.00115,0.00000,0.00000,-0.130,-0.009,0
537.1340,-0.00585,-0.02889,-0.00115,0.00000,0.00000,-0.130,-0.009,0
537.1860,-0.00585,-0.02890,-0.00115,0.00000,0.00000,-0.130,-0.009,0
537.2380,-0.00585,-0.02890,-0.00115,0.00000,0.00000,-0.131,-0.009,0
537.2900,-0.00585,-0.02889,-0.00115,0.00000,0.00000,-0.131,-0.009,0
537.3420,-0.00585,-0.02889,-0.00115,0.00000,0.00000,-0.130,-0.009,0
537.3940,-0.00584,-0.02888,-0.00115,0.00000,0.00000,-0.130,-0.009,0
537.4460,-0.00584,-0.02886,-0.00115,0.00000,0.00000,-0.130,-0.009,0
537.4980,-0.00584,-0.02885,-0.00115,0.00000,0.00000,-0.130,-0.009,0
537.5500,-0.00584,-0.02886,-0.00115,0.00000,0.00000,-0.130,-0.009,0
537.6020,-0.00583,-0.02885,-0.00115,0.00000,0.00000,-0.130,-0.009,0
537.6540,-0.00583,-0.02885,-0.00115,0.00000,0.00000,-0.130,-0.009,0
537.7060,-0.00583,-0.02885,-0.00115,0.00000,0.00000,-0.130,-0.009,0
537.7580,-0.00583,-0.02885,-0.00115,0.00000,0.00000,-0.130,-0.009,0
537.8100,-0.00583,-0.02885,-0.00115,0.00000,0.00000,-0.130,-0.009,0
537.8620,-0.00583,-0.02884,-0.00115,0.00000,0.00000,-0.130,-0.009,0
537.9140,-0.00583,-0.02883,-0.00115,0.00000,0.00000,-0.130,-0.009,0
537.9660,-0.00583,-0.02883,-0.00115,0.00000,0.00000,-0.130,-0.009,0
538.0180,-0.00583,-0.02882,-0.00115,0.00000,0.00000,-0.130,-0.009,0
538.0700,-0.00583,-0.02882,-0.00115,0.00000,0.00000,-0.130,-0.009,0
538.1220,-0.00583,-0.02882,-0.00115,0.00000,0.00000,-0.130,-0.009,0
538.1740,-0.00582,-0.02881,-0.00115,0.00000,0.00000,-0.130,-0.009,0
538.2260,-0.00582,-0.02878,-0.00115,0.00000,0.00000,-0.130,-0.009,0
538.2780,-0.00581,-0.02875,-0.00115,0.00000,0.00000,-0.130,-0.009,0
538.3300,-0.00580,-0.02872,-0.00115,0.00000,0.00000,-0.130,-0.009,0
538.3820,-0.00580,-0.02869,-0.00115,0.00000,0.00000,-0.130,-0.009,0
538.4340,-0.00579,-0.02866,-0.00115,0.00000,0.00000,-0.130,-0.009,0
538.4860,-0.00578,-0.02863,-0.00115,0.00000,0.00000,-0.129,-0.009,0
538.5380,-0.00578,-0.02860,-0.00115,0.00000,0.00000,-0.129,-0.009,0
538.5900,-0.00577,-0.02858,-0.00115,0.00000,0.00000,-0.129,-0.009,0
538.6420,-0.00577,-0.02856,-0.00115,0.00000,0.00000,-0.129,-0.009,0
538.6940,-0.00577,-0.02854,-0.00115,0.00000,0.00000,-0.129,-0.009,0
538.7460,-0.00576,-0.02852,-0.00115,0.00000,0.00000,-0.129,-0.009,0
538.7980,-0.00576,-0.02852,-0.00115,0.00000,0.00000,-0.129,-0.009,0
538.8500,-0.00577,-0.02853,-0.00115,0.00000,0.00000,-0.129,-0.009,0
538.9020,-0.00577,-0.02855,-0.00115,0.00000,0.00000,-0.129,-0.009,0
538.9540,-0.00578,-0.02858,-0.00115,0.00000,0.00000,-0.129,-0.009,0
539.0060,-0.00579,-0.02860,-0.00115,0.00000,0.00000,-0.129,-0.009,0
539.0580,-0.00579,-0.02861,-0.00115,0.00000,0.00000,-0.129,-0.009,0
539.1100,-0.00579,-0.02863,-0.00115,0.00000,0.00000,-0.129,-0.009,0
539.1620,-0.00580,-0.02866,-0.00115,0.00000,0.00000,-0.129,-0.009,0
539.2140,-0.00581,-0.02869,-0.00115,0.00000,0.00000,-0.130,-0.009,0
539.2660,-0.00582,-0.02872,-0.00115,0.00000,0.00000,-0.130,-0.009,0
539.3180,-0.00582,-0.02874,-0.00115,0.00000,0.00000,-0.130,-0.009,0
539.3700,-0.00583,-0.02877,-0.00115,0.00000,0.00000,-0.130,-0.009,0
539.4220,-0.00583,-0.02880,-0.00115,0.00000,0.00000,-0.130,-0.009,0
539.4740,-0.00584,-0.02882,-0.00115,0.00000,0.00000,-0.130,-0.009,0
539.5260,-0.00584,-0.02884,-0.00115,0.00000,0.00000,-0.130,-0.009,0
539.5780,-0.00585,-0.02886,-0.00115,0.00000,0.00000,-0.130,-0.009,0
539.6300,-0.00585,-0.02887,-0.00115,0.00000,0.00000,-0.130,-0.009,0
539.6820,-0.00585,-0.02888,-0.00115,0.00000,0.00000,-0.130,-0.009,0
539.7340,-0.00585,-0.02887,-0.00115,0.00000,0.00000,-0.130,-0.009,0
539.7860,-0.00584,-0.02886,-0.00115,0.00000,0.00000,-0.130,-0.009,0
539.8380,-0.00585,-0.02887,-0.00115,0.00000,0.00000,-0.130,-0.009,0
539.8900,-0.00585,-0.02888,-0.00115,0.00000,0.00000,-0.130,-0.009,0
539.9420,-0.00585,-0.02890,-0.00115,0.00000,0.00000,-0.130,-0.009,0
539.9940,-0.00586,-0.02892,-0.00115,0.00000,0.00000,-0.131,-0.009,0
540.0460,-0.00586,-0.02895,-0.00115,0.00000,0.00000,-0.131,-0.009,0
540.0980,-0.00587,-0.02898,-0.00115,0.00000,0.00000,-0.131,-0.009,0
540.1500,-0.00587,-0.02899,-0.00115,0.00000,0.00000,-0.131,-0.009,0
540.2020,-0.00587,-0.02897,-0.00115,0.00000,0.00000,-0.131,-0.009,0
540.2540,-0.00586,-0.02897,-0.00115,0.00000,0.00000,-0.131,-0.009,0
540.3060,-0.00586,-0.02897,-0.00115,0.00000,0.00000,-0.131,-0.009,0
540.3580,-0.00586,-0.02897,-0.00115,0.00000,0.00000,-0.131,-0.009,0
540.4100,-0.00586,-0.02896,-0.00115,0.00000,0.00000,-0.131,-0.009,0
540.4620,-0.00586,-0.02895,-0.00115,0.00000,0.00000,-0.131,-0.009,0
540.5140,-0.00585,-0.02894,-0.00115,0.00000,0.00000,-0.131,-0.009,0
540.5660,-0.00585,-0.02894,-0.00115,0.00000,0.00000,-0.131,-0.009,0
540.6180,-0.00585,-0.02893,-0.00115,0.00000,0.00000,-0.131,-0.009,0
540.6700,-0.00585,-0.02894,-0.00115,0.00000,0.00000,-0.131,-0.009,0
540.7220,-0.00585,-0.02894,-0.00115,0.00000,0.00000,-0.131,-0.009,0
540.7740,-0.00585,-0.02893,-0.00115,0.00000,0.00000,-0.131,-0.009,0
540.8260,-0.00584,-0.02891,-0.00115,0.00000,0.00000,-0.131,-0.009,0
540.8780,-0.00584,-0.02891,-0.00115,0.00000,0.00000,-0.131,-0.009,0
540.9300,-0.00584,-0.02891,-0.00115,0.00000,0.00000,-0.131,-0.009,0
540.9820,-0.00584,-0.02892,-0.00115,0.00000,0.00000,-0.131,-0.009,0
541.0340,-0.00585,-0.02892,-0.00115,0.00000,0.00000,-0.131,-0.009,0
541.0860,-0.00585,-0.02893,-0.00115,0.00000,0.00000,-0.131,-0.009,0
541.1380,-0.00585,-0.02895,-0.00115,0.00000,0.00000,-0.131,-0.009,0
541.1900,-0.00585,-0.02896,-0.00115,0.00000,0.00000,-0.131,-0.009,0
541.2420,-0.00586,-0.02896,-0.00115,0.00000,0.00000,-0.131,-0.009,0
541.2940,-0.00586,-0.02897,-0.00115,0.00000,0.00000,-0.131,-0.009,0
541.3460,-0.00586,-0.02897,-0.00115,0.00000,0.00000,-0.131,-0.009,0
541.3980,-0.00586,-0.02898,-0.00115,0.00000,0.00000,-0.131,-0.009,0
541.4500,-0.00586,-0.02900,-0.00115,0.00000,0.00000,-0.131,-0.009,0
541.5020,-0.00587,-0.02902,-0.00115,0.00000,0.00000,-0.131,-0.010,0
541.5540,-0.00587,-0.02903,-0.00115,0.00000,0.00000,-0.131,-0.010,0
541.6060,-0.00587,-0.02903,-0.00115,0.00000,0.00000,-0.131,-0.009,0
541.6580,-0.00587,-0.02903,-0.00115,0.00000,0.00000,-0.131,-0.009,0
541.7100,-0.00587,-0.02903,-0.00115,0.00000,0.00000,-0.131,-0.009,0
541.7620,-0.00587,-0.02903,-0.00115,0.00000,0.00000,-0.131,-0.009,0
541.8140,-0.00587,-0.02902,-0.00115,0.00000,0.00000,-0.131,-0.009,0
541.8660,-0.00587,-0.02902,-0.00115,0.00000,0.00000,-0.131,-0.009,0
541.9180,-0.00587,-0.02903,-0.00115,0.00000,0.00000,-0.131,-0.009,0
541.9700,-0.00587,-0.02903,-0.00115,0.00000,0.00000,-0.131,-0.009,0
542.0220,-0.00587,-0.02903,-0.00115,0.00000,0.00000,-0.131,-0.009,0
542.0740,-0.00587,-0.02903,-0.00115,0.00000,0.00000,-0.132,-0.009,0
542.1260,-0.00587,-0.02904,-0.00115,0.00000,0.00000,-0.132,-0.010,0
542.1780,-0.00587,-0.02904,-0.00115,0.00000,0.00000,-0.132,-0.010,0
542.2300,-0.00587,-0.02906,-0.00115,0.00000,0.00000,-0.132,-0.010,0
542.2820,-0.00588,-0.02908,-0.00115,0.00000,0.00000,-0.132,-0.010,0
542.3340,-0.00589,-0.02912,-0.00115,0.00000,0.00000,-0.132,-0.010,0
542.3860,-0.00590,-0.02916,-0.00115,0.00000,0.00000,-0.132,-0.010,0
542.4380,-0.00590,-0.02919,-0.00115,0.00000,0.00000,-0.132,-0.010,0
542.4900,-0.00591,-0.02923,-0.00115,0.00000,0.00000,-0.132,-0.010,0
542.5420,-0.00593,-0.02928,-0.00115,0.00000,0.00000,-0.133,-0.010,0
542.5940,-0.00594,-0.02934,-0.00115,0.00000,0.00000,-0.133,-0.010,0
542.6460,-0.00595,-0.02938,-0.00115,0.00000,0.00000,-0.133,-0.010,0
542.6980,-0.00596,-0.02943,-0.00115,0.00000,0.00000,-0.133,-0.010,0
542.7500,-0.00597,-0.02949,-0.00115,0.00000,0.00000,-0.134,-0.010,0
542.8020,-0.00598,-0.02953,-0.00115,0.00000,0.00000,-0.134,-0.010,0
542.8540,-0.00599,-0.02957,-0.00115,0.00000,0.00000,-0.134,-0.010,0
542.9060,-0.00599,-0.02960,-0.00115,0.00000,0.00000,-0.134,-0.010,0
542.9580,-0.00600,-0.02962,-0.00115,0.00000,0.00000,-0.134,-0.010,0
543.0100,-0.00600,-0.02964,-0.00115,0.00000,0.00000,-0.135,-0.010,0
543.0620,-0.00600,-0.02965,-0.00115,0.00000,0.00000,-0.135,-0.010,0
543.1140,-0.00600,-0.02967,-0.00115,0.00000,0.00000,-0.135,-0.010,0
543.1660,-0.00600,-0.02968,-0.00115,0.00000,0.00000,-0.135,-0.010,0
543.2180,-0.00600,-0.02969,-0.00115,0.00000,0.00000,-0.135,-0.010,0
543.2700,-0.00600,-0.02970,-0.00115,0.00000,0.00000,-0.135,-0.010,0
543.3220,-0.00600,-0.02970,-0.00115,0.00000,0.00000,-0.135,-0.010,0
543.3740,-0.00600,-0.02972,-0.00115,0.00000,0.00000,-0.135,-0.010,0
543.4260,-0.00601,-0.02973,-0.00115,0.00000,0.00000,-0.135,-0.010,0
543.4780,-0.00601,-0.02975,-0.00115,0.00000,0.00000,-0.135,-0.010,0
543.5300,-0.00602,-0.02979,-0.00115,0.00000,0.00000,-0.136,-0.010,0
543.5820,-0.00603,-0.02983,-0.00115,0.00000,0.00000,-0.136,-0.010,0
543.6340,-0.00603,-0.02987,-0.00115,0.00000,0.00000,-0.136,-0.010,0
543.6860,-0.00604,-0.02991,-0.00115,0.00000,0.00000,-0.136,-0.010,0
543.7380,-0.00605,-0.02994,-0.00115,0.00000,0.00000,-0.136,-0.010,0
543.7900,-0.00605,-0.02997,-0.00115,0.00000,0.00000,-0.137,-0.010,0
543.8420,-0.00606,-0.02999,-0.00115,0.00000,0.00000,-0.137,-0.010,0
543.8940,-0.00606,-0.03000,-0.00115,0.00000,0.00000,-0.137,-0.010,0
543.9460,-0.00606,-0.03000,-0.00115,0.00000,0.00000,-0.137,-0.010,0
543.9980,-0.00606,-0.03001,-0.00115,0.00000,0.00000,-0.137,-0.010,0
544.0500,-0.00606,-0.03002,-0.00115,0.00000,0.00000,-0.137,-0.010,0
544.1020,-0.00606,-0.03003,-0.00115,0.00000,0.00000,-0.137,-0.010,0
544.1540,-0.00606,-0.03003,-0.00115,0.00000,0.00000,-0.137,-0.010,0
544.2060,-0.00606,-0.03003,-0.00115,0.00000,0.00000,-0.137,-0.010,0
544.2580,-0.00605,-0.03001,-0.00115,0.00000,0.00000,-0.137,-0.010,0
544.3100,-0.00604,-0.02999,-0.00115,0.00000,0.00000,-0.137,-0.010,0
544.3620,-0.00604,-0.02997,-0.00115,0.00000,0.00000,-0.137,-0.010,0
544.4140,-0.00603,-0.02995,-0.00115,0.00000,0.00000,-0.137,-0.010,0
544.4660,-0.00603,-0.02993,-0.00115,0.00000,0.00000,-0.137,-0.010,0
544.5180,-0.00603,-0.02992,-0.00115,0.00000,0.00000,-0.137,-0.010,0
544.5700,-0.00603,-0.02992,-0.00115,0.00000,0.00000,-0.137,-0.010,0
544.6220,-0.00602,-0.02991,-0.00115,0.00000,0.00000,-0.137,-0.010,0
544.6740,-0.00602,-0.02990,-0.00115,0.00000,0.00000,-0.137,-0.010,0
544.7260,-0.00602,-0.02988,-0.00115,0.00000,0.00000,-0.137,-0.010,0
544.7780,-0.00601,-0.02986,-0.00115,0.00000,0.00000,-0.137,-0.010,0
544.8300,-0.00600,-0.02983,-0.00115,0.00000,0.00000,-0.137,-0.010,0
544.8820,-0.00600,-0.02979,-0.00115,0.00000,0.00000,-0.137,-0.010,0
544.9340,-0.00599,-0.02976,-0.00115,0.00000,0.00000,-0.136,-0.010,0
544.9860,-0.00598,-0.02972,-0.00115,0.00000,0.00000,-0.136,-0.010,0
545.0380,-0.00597,-0.02968,-0.00115,0.00000,0.00000,-0.136,-0.010,0
545.0900,-0.00596,-0.02962,-0.00115,0.00000,0.00000,-0.136,-0.010,0
545.1420,-0.00595,-0.02957,-0.00115,0.00000,0.00000,-0.135,-0.010,0
545.1940,-0.00593,-0.02952,-0.00115,0.00000,0.00000,-0.135,-0.010,0
545.2460,-0.00592,-0.02946,-0.00115,0.00000,0.00000,-0.135,-0.010,0
545.2980,-0.00591,-0.02941,-0.00115,0.00000,0.00000,-0.135,-0.010,0
545.3500,-0.00591,-0.02939,-0.00115,0.00000,0.00000,-0.135,-0.010,0
545.4020,-0.00591,-0.02937,-0.00115,0.00000,0.00000,-0.134,-0.010,0
545.4540,-0.00591,-0.02937,-0.00115,0.00000,0.00000,-0.134,-0.010,0
545.5060,-0.00591,-0.02939,-0.00115,0.00000,0.00000,-0.134,-0.010,0
545.5580,-0.00592,-0.02941,-0.00115,0.00000,0.00000,-0.135,-0.010,0
545.6100,-0.00592,-0.02942,-0.00115,0.00000,0.00000,-0.135,-0.010,0
545.6620,-0.00593,-0.02944,-0.00115,0.00000,0.00000,-0.135,-0.010,0
545.7140,-0.00594,-0.02945,-0.00115,0.00000,0.00000,-0.135,-0.010,0
545.7660,-0.00594,-0.02946,-0.00115,0.00000,0.00000,-0.135,-0.010,0
545.8180,-0.00594,-0.02946,-0.00115,0.00000,0.00000,-0.135,-0.010,0
545.8700,-0.00594,-0.02944,-0.00115,0.00000,0.00000,-0.135,-0.010,0
545.9220,-0.00593,-0.02941,-0.00115,0.00000,0.00000,-0.135,-0.010,0
545.9740,-0.00592,-0.02938,-0.00115,0.00000,0.00000,-0.134,-0.010,0
546.0260,-0.00592,-0.02937,-0.00115,0.00000,0.00000,-0.134,-0.010,0
546.0780,-0.00592,-0.02936,-0.00115,0.00000,0.00000,-0.134,-0.010,0
546.1300,-0.00592,-0.02935,-0.00115,0.00000,0.00000,-0.134,-0.010,0
546.1820,-0.00592,-0.02935,-0.00115,0.00000,0.00000,-0.134,-0.010,0
546.2340,-0.00592,-0.02935,-0.00115,0.00000,0.00000,-0.134,-0.010,0
546.2860,-0.00592,-0.02934,-0.00115,0.00000,0.00000,-0.134,-0.010,0
546.3380,-0.00591,-0.02932,-0.00115,0.00000,0.00000,-0.134,-0.010,0
546.3900,-0.00591,-0.02930,-0.00115,0.00000,0.00000,-0.134,-0.010,0
546.4420,-0.00591,-0.02928,-0.00115,0.00000,0.00000,-0.134,-0.010,0
546.4940,-0.00590,-0.02927,-0.00115,0.00000,0.00000,-0.134,-0.010,0
546.5460,-0.00590,-0.02924,-0.00115,0.00000,0.00000,-0.134,-0.010,0
546.5980,-0.00589,-0.02922,-0.00115,0.00000,0.00000,-0.133,-0.010,0
546.6500,-0.00589,-0.02920,-0.00115,0.00000,0.00000,-0.133,-0.010,0
546.7020,-0.00589,-0.02918,-0.00115,0.00000,0.00000,-0.133,-0.010,0
546.7540,-0.00588,-0.02917,-0.00115,0.00000,0.00000,-0.133,-0.010,0
546.8060,-0.00588,-0.02916,-0.00115,0.00000,0.00000,-0.133,-0.010,0
546.8580,-0.00588,-0.02917,-0.00115,0.00000,0.00000,-0.133,-0.010,0
546.9100,-0.00589,-0.02918,-0.00115,0.00000,0.00000,-0.133,-0.010,0
546.9620,-0.00589,-0.02920,-0.00115,0.00000,0.00000,-0.133,-0.010,0
547.0140,-0.00590,-0.02922,-0.00115,0.00000,0.00000,-0.133,-0.010,0
547.0660,-0.00590,-0.02923,-0.00115,0.00000,0.00000,-0.133,-0.010,0
547.1180,-0.00591,-0.02925,-0.00115,0.00000,0.00000,-0.133,-0.010,0
547.1700,-0.00591,-0.02927,-0.00115,0.00000,0.00000,-0.133,-0.010,0
547.2220,-0.00591,-0.02928,-0.00115,0.00000,0.00000,-0.133,-0.010,0
547.2740,-0.00592,-0.02930,-0.00115,0.00000,0.00000,-0.134,-0.010,0
547.3260,-0.00592,-0.02932,-0.00115,0.00000,0.00000,-0.134,-0.010,0
547.3780,-0.00593,-0.02933,-0.00115,0.00000,0.00000,-0.134,-0.010,0
547.4300,-0.00593,-0.02934,-0.00115,0.00000,0.00000,-0.134,-0.010,0
547.4820,-0.00593,-0.02934,-0.00115,0.00000,0.00000,-0.134,-0.010,0
547.5340,-0.00593,-0.02935,-0.00115,0.00000,0.00000,-0.134,-0.010,0
547.5860,-0.00593,-0.02935,-0.00115,0.00000,0.00000,-0.134,-0.010,0
547.6380,-0.00593,-0.02935,-0.00115,0.00000,0.00000,-0.134,-0.010,0
547.6900,-0.00593,-0.02936,-0.00115,0.00000,0.00000,-0.134,-0.010,0
547.7420,-0.00593,-0.02937,-0.00115,0.00000,0.00000,-0.134,-0.010,0
547.7940,-0.00593,-0.02937,-0.00115,0.00000,0.00000,-0.134,-0.010,0
547.8460,-0.00593,-0.02935,-0.00115,0.00000,0.00000,-0.134,-0.010,0
547.8980,-0.00592,-0.02933,-0.00115,0.00000,0.00000,-0.134,-0.010,0
547.9500,-0.00592,-0.02932,-0.00115,0.00000,0.00000,-0.133,-0.010,0
548.0020,-0.00592,-0.02932,-0.00115,0.00000,0.00000,-0.133,-0.010,0
548.0540,-0.00592,-0.02933,-0.00115,0.00000,0.00000,-0.133,-0.010,0
548.1060,-0.00593,-0.02937,-0.00115,0.00000,0.00000,-0.134,-0.010,0
548.1580,-0.00594,-0.02939,-0.00115,0.00000,0.00000,-0.134,-0.010,0
548.2100,-0.00595,-0.02943,-0.00115,0.00000,0.00000,-0.134,-0.010,0
548.2620,-0.00595,-0.02946,-0.00115,0.00000,0.00000,-0.134,-0.010,0
548.3140,-0.00596,-0.02949,-0.00115,0.00000,0.00000,-0.134,-0.010,0
548.3660,-0.00596,-0.02949,-0.00115,0.00000,0.00000,-0.134,-0.010,0
548.4180,-0.00596,-0.02948,-0.00115,0.00000,0.00000,-0.134,-0.010,0
548.4700,-0.00595,-0.02948,-0.00115,0.00000,0.00000,-0.134,-0.010,0
548.5220,-0.00596,-0.02948,-0.00115,0.00000,0.00000,-0.134,-0.010,0
548.5740,-0.00596,-0.02950,-0.00115,0.00000,0.00000,-0.134,-0.010,0
548.6260,-0.00596,-0.02952,-0.00115,0.00000,0.00000,-0.134,-0.010,0
548.6780,-0.00597,-0.02956,-0.00115,0.00000,0.00000,-0.135,-0.010,0
548.7300,-0.00598,-0.02960,-0.00115,0.00000,0.00000,-0.135,-0.010,0
548.7820,-0.00599,-0.02964,-0.00115,0.00000,0.00000,-0.135,-0.010,0
548.8340,-0.00599,-0.02967,-0.00115,0.00000,0.00000,-0.135,-0.010,0
548.8860,-0.00600,-0.02969,-0.00115,0.00000,0.00000,-0.135,-0.010,0
548.9380,-0.00600,-0.02970,-0.00115,0.00000,0.00000,-0.135,-0.010,0
548.9900,-0.00600,-0.02971,-0.00115,0.00000,0.00000,-0.135,-0.010,0
549.0420,-0.00600,-0.02970,-0.00115,0.00000,0.00000,-0.135,-0.010,0
549.0940,-0.00600,-0.02970,-0.00115,0.00000,0.00000,-0.135,-0.010,0
549.1460,-0.00600,-0.02970,-0.00115,0.00000,0.00000,-0.135,-0.010,0
549.1980,-0.00600,-0.02970,-0.00115,0.00000,0.00000,-0.135,-0.010,0
549.2500,-0.00599,-0.02969,-0.00115,0.00000,0.00000,-0.135,-0.010,0
549.3020,-0.00599,-0.02968,-0.00115,0.00000,0.00000,-0.135,-0.010,0
549.3540,-0.00598,-0.02966,-0.00115,0.00000,0.00000,-0.135,-0.010,0
549.4060,-0.00598,-0.02963,-0.00115,0.00000,0.00000,-0.135,-0.010,0
549.4580,-0.00597,-0.02960,-0.00115,0.00000,0.00000,-0.135,-0.010,0
549.5100,-0.00596,-0.02957,-0.00115,0.00000,0.00000,-0.135,-0.010,0
549.5620,-0.00595,-0.02954,-0.00115,0.00000,0.00000,-0.135,-0.010,0
549.6140,-0.00595,-0.02951,-0.00115,0.00000,0.00000,-0.135,-0.010,0
549.6660,-0.00594,-0.02948,-0.00115,0.00000,0.00000,-0.135,-0.010,0
549.7180,-0.00594,-0.02946,-0.00115,0.00000,0.00000,-0.135,-0.010,0
549.7700,-0.00593,-0.02945,-0.00115,0.00000,0.00000,-0.134,-0.010,0
549.8220,-0.00593,-0.02943,-0.00115,0.00000,0.00000,-0.134,-0.010,0
549.8740,-0.00593,-0.02943,-0.00115,0.00000,0.00000,-0.134,-0.010,0
549.9260,-0.00593,-0.02944,-0.00115,0.00000,0.00000,-0.134,-0.010,0
549.9780,-0.00593,-0.02945,-0.00115,0.00000,0.00000,-0.134,-0.010,0
550.0300,-0.00594,-0.02946,-0.00115,0.00000,0.00000,-0.134,-0.010,0
550.0820,-0.00595,-0.02950,-0.00115,0.00000,0.00000,-0.135,-0.010,0
550.1340,-0.00596,-0.02955,-0.00115,0.00000,0.00000,-0.135,-0.010,0
550.1860,-0.00597,-0.02960,-0.00115,0.00000,0.00000,-0.135,-0.010,0
550.2380,-0.00599,-0.02966,-0.00115,0.00000,0.00000,-0.135,-0.010,0
550.2900,-0.00600,-0.02973,-0.00115,0.00000,0.00000,-0.136,-0.010,0
550.3420,-0.00602,-0.02979,-0.00115,0.00000,0.00000,-0.136,-0.010,0
550.3940,-0.00603,-0.02985,-0.00115,0.00000,0.00000,-0.136,-0.010,0
550.4460,-0.00604,-0.02989,-0.00115,0.00000,0.00000,-0.137,-0.010,0
550.4980,-0.00605,-0.02993,-0.00115,0.00000,0.00000,-0.137,-0.010,0
550.5500,-0.00606,-0.02997,-0.00115,0.00000,0.00000,-0.137,-0.010,0
550.6020,-0.00607,-0.03001,-0.00115,0.00000,0.00000,-0.137,-0.010,0
550.6540,-0.00607,-0.03004,-0.00115,0.00000,0.00000,-0.137,-0.010,0
550.7060,-0.00608,-0.03007,-0.00115,0.00000,0.00000,-0.137,-0.010,0
550.7580,-0.00608,-0.03009,-0.00115,0.00000,0.00000,-0.138,-0.010,0
550.8100,-0.00608,-0.03011,-0.00115,0.00000,0.00000,-0.138,-0.010,0
550.8620,-0.00608,-0.03010,-0.00115,0.00000,0.00000,-0.138,-0.010,0
550.9140,-0.00608,-0.03010,-0.00115,0.00000,0.00000,-0.138,-0.010,0
550.9660,-0.00607,-0.03009,-0.00115,0.00000,0.00000,-0.138,-0.010,0
551.0180,-0.00607,-0.03008,-0.00115,0.00000,0.00000,-0.138,-0.010,0
551.0700,-0.00607,-0.03007,-0.00115,0.00000,0.00000,-0.138,-0.010,0
551.1220,-0.00606,-0.03006,-0.00115,0.00000,0.00000,-0.138,-0.010,0
551.1740,-0.00606,-0.03005,-0.00115,0.00000,0.00000,-0.138,-0.010,0
551.2260,-0.00605,-0.03004,-0.00115,0.00000,0.00000,-0.138,-0.010,0
551.2780,-0.00604,-0.03000,-0.00115,0.00000,0.00000,-0.137,-0.010,0
551.3300,-0.00603,-0.02996,-0.00115,0.00000,0.00000,-0.137,-0.010,0
551.3820,-0.00602,-0.02991,-0.00115,0.00000,0.00000,-0.137,-0.010,0
551.4340,-0.00601,-0.02987,-0.00115,0.00000,0.00000,-0.137,-0.010,0
551.4860,-0.00600,-0.02983,-0.00115,0.00000,0.00000,-0.137,-0.010,0
551.5380,-0.00599,-0.02978,-0.00115,0.00000,0.00000,-0.136,-0.010,0
551.5900,-0.00598,-0.02973,-0.00115,0.00000,0.00000,-0.136,-0.010,0
551.6420,-0.00597,-0.02969,-0.00115,0.00000,0.00000,-0.136,-0.010,0
551.6940,-0.00596,-0.02966,-0.00115,0.00000,0.00000,-0.136,-0.010,0
551.7460,-0.00596,-0.02963,-0.00115,0.00000,0.00000,-0.136,-0.010,0
551.7980,-0.00596,-0.02962,-0.00115,0.00000,0.00000,-0.136,-0.010,0
551.8500,-0.00595,-0.02961,-0.00115,0.00000,0.00000,-0.136,-0.010,0
551.9020,-0.00596,-0.02961,-0.00115,0.00000,0.00000,-0.136,-0.010,0
551.9540,-0.00596,-0.02961,-0.00115,0.00000,0.00000,-0.136,-0.010,0
552.0060,-0.00596,-0.02961,-0.00115,0.00000,0.00000,-0.136,-0.010,0
552.0580,-0.00596,-0.02961,-0.00115,0.00000,0.00000,-0.136,-0.010,0
552.1100,-0.00596,-0.02960,-0.00115,0.00000,0.00000,-0.136,-0.010,0
552.1620,-0.00596,-0.02960,-0.00115,0.00000,0.00000,-0.136,-0.010,0
552.2140,-0.00596,-0.02961,-0.00115,0.00000,0.00000,-0.136,-0.010,0
552.2660,-0.00596,-0.02961,-0.00115,0.00000,0.00000,-0.136,-0.010,0
552.3180,-0.00597,-0.02961,-0.00115,0.00000,0.00000,-0.136,-0.010,0
552.3700,-0.00597,-0.02962,-0.00115,0.00000,0.00000,-0.136,-0.010,0
552.4220,-0.00597,-0.02962,-0.00115,0.00000,0.00000,-0.136,-0.010,0
552.4740,-0.00597,-0.02963,-0.00115,0.00000,0.00000,-0.136,-0.010,0
552.5260,-0.00597,-0.02963,-0.00115,0.00000,0.00000,-0.136,-0.010,0
552.5780,-0.00597,-0.02962,-0.00115,0.00000,0.00000,-0.136,-0.010,0
552.6300,-0.00597,-0.02962,-0.00115,0.00000,0.00000,-0.136,-0.010,0
552.6820,-0.00597,-0.02963,-0.00115,0.00000,0.00000,-0.136,-0.010,0
552.7340,-0.00597,-0.02963,-0.00115,0.00000,0.00000,-0.136,-0.010,0
552.7860,-0.00597,-0.02961,-0.00115,0.00000,0.00000,-0.136,-0.010,0
552.8380,-0.00597,-0.02961,-0.00115,0.00000,0.00000,-0.135,-0.010,0
552.8900,-0.00597,-0.02960,-0.00115,0.00000,0.00000,-0.135,-0.010,0
552.9420,-0.00597,-0.02960,-0.00115,0.00000,0.00000,-0.135,-0.010,0
552.9940,-0.00597,-0.02959,-0.00115,0.00000,0.00000,-0.135,-0.010,0
553.0460,-0.00597,-0.02960,-0.00115,0.00000,0.00000,-0.135,-0.010,0
553.0980,-0.00597,-0.02961,-0.00115,0.00000,0.00000,-0.135,-0.010,0
553.1500,-0.00598,-0.02963,-0.00115,0.00000,0.00000,-0.135,-0.010,0
553.2020,-0.00598,-0.02966,-0.00115,0.00000,0.00000,-0.136,-0.010,0
553.2540,-0.00599,-0.02967,-0.00115,0.00000,0.00000,-0.136,-0.010,0
553.3060,-0.00599,-0.02969,-0.00115,0.00000,0.00000,-0.136,-0.010,0
553.3580,-0.00599,-0.02970,-0.00115,0.00000,0.00000,-0.136,-0.010,0
553.4100,-0.00600,-0.02973,-0.00115,0.00000,0.00000,-0.136,-0.010,0
553.4620,-0.00601,-0.02975,-0.00115,0.00000,0.00000,-0.136,-0.010,0
553.5140,-0.00601,-0.02977,-0.00115,0.00000,0.00000,-0.136,-0.010,0
553.5660,-0.00601,-0.02978,-0.00115,0.00000,0.00000,-0.136,-0.010,0
553.6180,-0.00601,-0.02979,-0.00115,0.00000,0.00000,-0.136,-0.010,0
553.6700,-0.00601,-0.02979,-0.00115,0.00000,0.00000,-0.136,-0.010,0
553.7220,-0.00602,-0.02981,-0.00115,0.00000,0.00000,-0.136,-0.010,0
553.7740,-0.00602,-0.02982,-0.00115,0.00000,0.00000,-0.136,-0.010,0
553.8260,-0.00602,-0.02983,-0.00115,0.00000,0.00000,-0.136,-0.010,0
553.8780,-0.00602,-0.02984,-0.00115,0.00000,0.00000,-0.136,-0.010,0
553.9300,-0.00602,-0.02985,-0.00115,0.00000,0.00000,-0.136,-0.010,0
553.9820,-0.00603,-0.02986,-0.00115,0.00000,0.00000,-0.136,-0.010,0
554.0340,-0.00603,-0.02987,-0.00115,0.00000,0.00000,-0.137,-0.010,0
554.0860,-0.00603,-0.02988,-0.00115,0.00000,0.00000,-0.137,-0.010,0
554.1380,-0.00603,-0.02989,-0.00115,0.00000,0.00000,-0.137,-0.010,0
554.1900,-0.00603,-0.02991,-0.00115,0.00000,0.00000,-0.137,-0.010,0
554.2420,-0.00604,-0.02994,-0.00115,0.00000,0.00000,-0.137,-0.010,0
554.2940,-0.00605,-0.02998,-0.00115,0.00000,0.00000,-0.137,-0.010,0
554.3460,-0.00606,-0.03002,-0.00115,0.00000,0.00000,-0.137,-0.010,0
554.3980,-0.00606,-0.03004,-0.00115,0.00000,0.00000,-0.137,-0.010,0
554.4500,-0.00607,-0.03007,-0.00115,0.00000,0.00000,-0.138,-0.010,0
554.5020,-0.00608,-0.03010,-0.00115,0.00000,0.00000,-0.138,-0.010,0
554.5540,-0.00608,-0.03013,-0.00115,0.00000,0.00000,-0.138,-0.010,0
554.6060,-0.00609,-0.03017,-0.00115,0.00000,0.00000,-0.138,-0.010,0
554.6580,-0.00609,-0.03020,-0.00115,0.00000,0.00000,-0.138,-0.010,0
554.7100,-0.00610,-0.03021,-0.00115,0.00000,0.00000,-0.138,-0.010,0
554.7620,-0.00610,-0.03022,-0.00115,0.00000,0.00000,-0.138,-0.010,0
554.8140,-0.00610,-0.03023,-0.00115,0.00000,0.00000,-0.139,-0.010,0
554.8660,-0.00610,-0.03025,-0.00115,0.00000,0.00000,-0.139,-0.010,0
554.9180,-0.00610,-0.03026,-0.00115,0.00000,0.00000,-0.139,-0.010,0
554.9700,-0.00611,-0.03028,-0.00115,0.00000,0.00000,-0.139,-0.010,0
555.0220,-0.00611,-0.03030,-0.00115,0.00000,0.00000,-0.139,-0.010,0
555.0740,-0.00611,-0.03032,-0.00115,0.00000,0.00000,-0.139,-0.010,0
555.1260,-0.00612,-0.03035,-0.00115,0.00000,0.00000,-0.139,-0.010,0
555.1780,-0.00612,-0.03036,-0.00115,0.00000,0.00000,-0.139,-0.010,0
555.2300,-0.00612,-0.03037,-0.00115,0.00000,0.00000,-0.139,-0.010,0
555.2820,-0.00612,-0.03038,-0.00115,0.00000,0.00000,-0.139,-0.010,0
555.3340,-0.00612,-0.03039,-0.00115,0.00000,0.00000,-0.140,-0.010,0
555.3860,-0.00612,-0.03040,-0.00115,0.00000,0.00000,-0.140,-0.010,0
555.4380,-0.00613,-0.03041,-0.00115,0.00000,0.00000,-0.140,-0.010,0
555.4900,-0.00613,-0.03042,-0.00115,0.00000,0.00000,-0.140,-0.010,0
555.5420,-0.00613,-0.03045,-0.00115,0.00000,0.00000,-0.140,-0.010,0
555.5940,-0.00614,-0.03047,-0.00115,0.00000,0.00000,-0.140,-0.010,0
555.6460,-0.00614,-0.03049,-0.00115,0.00000,0.00000,-0.140,-0.010,0
555.6980,-0.00614,-0.03048,-0.00115,0.00000,0.00000,-0.140,-0.010,0
555.7500,-0.00614,-0.03048,-0.00115,0.00000,0.00000,-0.140,-0.010,0
555.8020,-0.00613,-0.03046,-0.00115,0.00000,0.00000,-0.140,-0.010,0
555.8540,-0.00612,-0.03044,-0.00115,0.00000,0.00000,-0.140,-0.010,0
555.9060,-0.00612,-0.03042,-0.00115,0.00000,0.00000,-0.140,-0.010,0
555.9580,-0.00611,-0.03039,-0.00115,0.00000,0.00000,-0.140,-0.010,0
556.0100,-0.00610,-0.03036,-0.00115,0.00000,0.00000,-0.140,-0.010,0
556.0620,-0.00610,-0.03034,-0.00115,0.00000,0.00000,-0.140,-0.010,0
556.1140,-0.00609,-0.03031,-0.00115,0.00000,0.00000,-0.140,-0.010,0
556.1660,-0.00609,-0.03029,-0.00115,0.00000,0.00000,-0.139,-0.010,0
556.2180,-0.00608,-0.03027,-0.00115,0.00000,0.00000,-0.139,-0.010,0
556.2700,-0.00608,-0.03025,-0.00115,0.00000,0.00000,-0.139,-0.010,0
556.3220,-0.00607,-0.03023,-0.00115,0.00000,0.00000,-0.139,-0.010,0
556.3740,-0.00607,-0.03021,-0.00115,0.00000,0.00000,-0.139,-0.010,0
556.4260,-0.00607,-0.03019,-0.00115,0.00000,0.00000,-0.139,-0.010,0
556.4780,-0.00606,-0.03017,-0.00115,0.00000,0.00000,-0.139,-0.010,0
556.5300,-0.00606,-0.03014,-0.00115,0.00000,0.00000,-0.139,-0.010,0
556.5820,-0.00605,-0.03012,-0.00115,0.00000,0.00000,-0.139,-0.010,0
556.6340,-0.00604,-0.03008,-0.00115,0.00000,0.00000,-0.139,-0.010,0
556.6860,-0.00603,-0.03004,-0.00115,0.00000,0.00000,-0.138,-0.010,0
556.7380,-0.00603,-0.03000,-0.00115,0.00000,0.00000,-0.138,-0.010,0
556.7900,-0.00602,-0.02997,-0.00115,0.00000,0.00000,-0.138,-0.010,0
556.8420,-0.00601,-0.02994,-0.00115,0.00000,0.00000,-0.138,-0.010,0
556.8940,-0.00601,-0.02991,-0.00115,0.00000,0.00000,-0.138,-0.010,0
556.9460,-0.00600,-0.02988,-0.00115,0.00000,0.00000,-0.138,-0.010,0
556.9980,-0.00600,-0.02984,-0.00115,0.00000,0.00000,-0.137,-0.010,0
557.0500,-0.00599,-0.02981,-0.00115,0.00000,0.00000,-0.137,-0.010,0
557.1020,-0.00598,-0.02978,-0.00115,0.00000,0.00000,-0.137,-0.010,0
557.1540,-0.00598,-0.02975,-0.00115,0.00000,0.00000,-0.137,-0.010,0
557.2060,-0.00597,-0.02973,-0.00115,0.00000,0.00000,-0.137,-0.010,0
557.2580,-0.00597,-0.02971,-0.00115,0.00000,0.00000,-0.137,-0.010,0
557.3100,-0.00597,-0.02969,-0.00115,0.00000,0.00000,-0.137,-0.010,0
557.3620,-0.00597,-0.02968,-0.00115,0.00000,0.00000,-0.136,-0.010,0
557.4140,-0.00597,-0.02967,-0.00115,0.00000,0.00000,-0.136,-0.010,0
557.4660,-0.00597,-0.02966,-0.00115,0.00000,0.00000,-0.136,-0.010,0
557.5180,-0.00596,-0.02964,-0.00115,0.00000,0.00000,-0.136,-0.010,0
557.5700,-0.00596,-0.02964,-0.00115,0.00000,0.00000,-0.136,-0.010,0
557.6220,-0.00596,-0.02962,-0.00115,0.00000,0.00000,-0.136,-0.010,0
557.6740,-0.00596,-0.02961,-0.00115,0.00000,0.00000,-0.136,-0.010,0
557.7260,-0.00596,-0.02959,-0.00115,0.00000,0.00000,-0.136,-0.010,0
557.7780,-0.00596,-0.02958,-0.00115,0.00000,0.00000,-0.136,-0.010,0
557.8300,-0.00595,-0.02956,-0.00115,0.00000,0.00000,-0.136,-0.010,0
557.8820,-0.00595,-0.02956,-0.00115,0.00000,0.00000,-0.136,-0.010,0
557.9340,-0.00595,-0.02955,-0.00115,0.00000,0.00000,-0.136,-0.010,0
557.9860,-0.00595,-0.02955,-0.00115,0.00000,0.00000,-0.136,-0.010,0
558.0380,-0.00596,-0.02955,-0.00115,0.00000,0.00000,-0.136,-0.010,0
558.0900,-0.00596,-0.02955,-0.00115,0.00000,0.00000,-0.135,-0.010,0
558.1420,-0.00596,-0.02956,-0.00115,0.00000,0.00000,-0.135,-0.010,0
558.1940,-0.00596,-0.02957,-0.00115,0.00000,0.00000,-0.136,-0.010,0
558.2460,-0.00596,-0.02956,-0.00115,0.00000,0.00000,-0.135,-0.010,0
558.2980,-0.00596,-0.02956,-0.00115,0.00000,0.00000,-0.135,-0.010,0
558.3500,-0.00596,-0.02956,-0.00115,0.00000,0.00000,-0.135,-0.010,0
558.4020,-0.00596,-0.02955,-0.00115,0.00000,0.00000,-0.135,-0.010,0
558.4540,-0.00596,-0.02955,-0.00115,0.00000,0.00000,-0.135,-0.010,0
558.5060,-0.00596,-0.02955,-0.00115,0.00000,0.00000,-0.135,-0.010,0
558.5580,-0.00596,-0.02957,-0.00115,0.00000,0.00000,-0.135,-0.010,0
558.6100,-0.00597,-0.02958,-0.00115,0.00000,0.00000,-0.135,-0.010,0
558.6620,-0.00598,-0.02961,-0.00115,0.00000,0.00000,-0.135,-0.010,0
558.7140,-0.00598,-0.02964,-0.00115,0.00000,0.00000,-0.136,-0.010,0
558.7660,-0.00599,-0.02967,-0.00115,0.00000,0.00000,-0.136,-0.010,0
558.8180,-0.00600,-0.02971,-0.00115,0.00000,0.00000,-0.136,-0.010,0
558.8700,-0.00601,-0.02977,-0.00115,0.00000,0.00000,-0.136,-0.010,0
558.9220,-0.00603,-0.02983,-0.00115,0.00000,0.00000,-0.136,-0.010,0
558.9740,-0.00604,-0.02987,-0.00115,0.00000,0.00000,-0.137,-0.010,0
559.0260,-0.00604,-0.02991,-0.00115,0.00000,0.00000,-0.137,-0.010,0
559.0780,-0.00605,-0.02993,-0.00115,0.00000,0.00000,-0.137,-0.010,0
559.1300,-0.00605,-0.02994,-0.00115,0.00000,0.00000,-0.137,-0.010,0
559.1820,-0.00605,-0.02994,-0.00115,0.00000,0.00000,-0.137,-0.010,0
559.2340,-0.00605,-0.02993,-0.00115,0.00000,0.00000,-0.137,-0.010,0
559.2860,-0.00604,-0.02993,-0.00115,0.00000,0.00000,-0.137,-0.010,0
559.3380,-0.00604,-0.02991,-0.00115,0.00000,0.00000,-0.137,-0.010,0
559.3900,-0.00603,-0.02989,-0.00115,0.00000,0.00000,-0.137,-0.010,0
559.4420,-0.00602,-0.02986,-0.00115,0.00000,0.00000,-0.137,-0.010,0
559.4940,-0.00602,-0.02984,-0.00115,0.00000,0.00000,-0.137,-0.010,0
559.5460,-0.00601,-0.02981,-0.00115,0.00000,0.00000,-0.136,-0.010,0
559.5980,-0.00600,-0.02979,-0.00115,0.00000,0.00000,-0.136,-0.010,0
559.6500,-0.00599,-0.02974,-0.00115,0.00000,0.00000,-0.136,-0.010,0
559.7020,-0.00598,-0.02969,-0.00115,0.00000,0.00000,-0.136,-0.010,0
559.7540,-0.00596,-0.02963,-0.00115,0.00000,0.00000,-0.136,-0.010,0
559.8060,-0.00595,-0.02956,-0.00115,0.00000,0.00000,-0.135,-0.010,0
559.8580,-0.00594,-0.02950,-0.00115,0.00000,0.00000,-0.135,-0.010,0
559.9100,-0.00592,-0.02945,-0.00115,0.00000,0.00000,-0.135,-0.010,0
559.9620,-0.00592,-0.02942,-0.00115,0.00000,0.00000,-0.135,-0.010,0
560.0140,-0.00591,-0.02937,-0.00115,0.00000,0.00000,-0.134,-0.010,0
560.0660,-0.00589,-0.02931,-0.00115,0.00000,0.00000,-0.134,-0.010,0
560.1180,-0.00588,-0.02924,-0.00115,0.00000,0.00000,-0.134,-0.010,0
560.1700,-0.00586,-0.02917,-0.00115,0.00000,0.00000,-0.133,-0.010,0
560.2220,-0.00585,-0.02909,-0.00115,0.00000,0.00000,-0.133,-0.010,0
560.2740,-0.00583,-0.02902,-0.00115,0.00000,0.00000,-0.133,-0.010,0
560.3260,-0.00582,-0.02894,-0.00115,0.00000,0.00000,-0.132,-0.010,0
560.3780,-0.00580,-0.02888,-0.00115,0.00000,0.00000,-0.132,-0.010,0
560.4300,-0.00579,-0.02882,-0.00115,0.00000,0.00000,-0.132,-0.010,0
560.4820,-0.00578,-0.02877,-0.00115,0.00000,0.00000,-0.131,-0.009,0
560.5340,-0.00577,-0.02871,-0.00115,0.00000,0.00000,-0.131,-0.009,0
560.5860,-0.00576,-0.02865,-0.00115,0.00000,0.00000,-0.131,-0.009,0
560.6380,-0.00575,-0.02860,-0.00115,0.00000,0.00000,-0.130,-0.009,0
560.6900,-0.00574,-0.02855,-0.00115,0.00000,0.00000,-0.130,-0.009,0
560.7420,-0.00573,-0.02850,-0.00115,0.00000,0.00000,-0.130,-0.009,0
560.7940,-0.00573,-0.02846,-0.00115,0.00000,0.00000,-0.130,-0.009,0
560.8460,-0.00573,-0.02844,-0.00115,0.00000,0.00000,-0.130,-0.009,0
560.8980,-0.00573,-0.02843,-0.00115,0.00000,0.00000,-0.129,-0.009,0
560.9500,-0.00573,-0.02841,-0.00115,0.00000,0.00000,-0.129,-0.009,0
561.0020,-0.00572,-0.02839,-0.00115,0.00000,0.00000,-0.129,-0.009,0
561.0540,-0.00572,-0.02837,-0.00115,0.00000,0.00000,-0.129,-0.009,0
561.1060,-0.00572,-0.02835,-0.00115,0.00000,0.00000,-0.129,-0.009,0
561.1580,-0.00572,-0.02834,-0.00115,0.00000,0.00000,-0.129,-0.009,0
561.2100,-0.00572,-0.02833,-0.00115,0.00000,0.00000,-0.129,-0.009,0
561.2620,-0.00572,-0.02831,-0.00115,0.00000,0.00000,-0.129,-0.009,0
561.3140,-0.00572,-0.02830,-0.00115,0.00000,0.00000,-0.128,-0.009,0
561.3660,-0.00572,-0.02830,-0.00115,0.00000,0.00000,-0.128,-0.009,0
561.4180,-0.00573,-0.02831,-0.00115,0.00000,0.00000,-0.128,-0.009,0
561.4700,-0.00573,-0.02831,-0.00115,0.00000,0.00000,-0.128,-0.009,0
561.5220,-0.00573,-0.02832,-0.00115,0.00000,0.00000,-0.128,-0.009,0
561.5740,-0.00574,-0.02834,-0.00115,0.00000,0.00000,-0.128,-0.009,0
561.6260,-0.00574,-0.02836,-0.00115,0.00000,0.00000,-0.128,-0.009,0
561.6780,-0.00575,-0.02838,-0.00115,0.00000,0.00000,-0.128,-0.009,0
561.7300,-0.00575,-0.02840,-0.00115,0.00000,0.00000,-0.128,-0.009,0
561.7820,-0.00576,-0.02843,-0.00115,0.00000,0.00000,-0.128,-0.009,0
561.8340,-0.00577,-0.02845,-0.00115,0.00000,0.00000,-0.129,-0.009,0
561.8860,-0.00578,-0.02848,-0.00115,0.00000,0.00000,-0.129,-0.009,0
561.9380,-0.00578,-0.02851,-0.00115,0.00000,0.00000,-0.129,-0.009,0
561.9900,-0.00579,-0.02854,-0.00115,0.00000,0.00000,-0.129,-0.009,0
562.0420,-0.00579,-0.02856,-0.00115,0.00000,0.00000,-0.129,-0.009,0
562.0940,-0.00580,-0.02857,-0.00115,0.00000,0.00000,-0.129,-0.009,0
562.1460,-0.00580,-0.02858,-0.00115,0.00000,0.00000,-0.129,-0.009,0
562.1980,-0.00580,-0.02859,-0.00115,0.00000,0.00000,-0.129,-0.009,0
562.2500,-0.00580,-0.02859,-0.00115,0.00000,0.00000,-0.129,-0.009,0
562.3020,-0.00580,-0.02858,-0.00115,0.00000,0.00000,-0.129,-0.009,0
562.3540,-0.00580,-0.02858,-0.00115,0.00000,0.00000,-0.129,-0.009,0
562.4060,-0.00580,-0.02860,-0.00115,0.00000,0.00000,-0.129,-0.009,0
562.4580,-0.00580,-0.02861,-0.00115,0.00000,0.00000,-0.129,-0.009,0
562.5100,-0.00580,-0.02862,-0.00115,0.00000,0.00000,-0.129,-0.009,0
562.5620,-0.00580,-0.02863,-0.00115,0.00000,0.00000,-0.129,-0.009,0
562.6140,-0.00580,-0.02863,-0.00115,0.00000,0.00000,-0.129,-0.009,0
562.6660,-0.00580,-0.02863,-0.00115,0.00000,0.00000,-0.129,-0.009,0
562.7180,-0.00580,-0.02862,-0.00115,0.00000,0.00000,-0.129,-0.009,0
562.7700,-0.00580,-0.02861,-0.00115,0.00000,0.00000,-0.129,-0.009,0
562.8220,-0.00579,-0.02859,-0.00115,0.00000,0.00000,-0.129,-0.009,0
562.8740,-0.00579,-0.02857,-0.00115,0.00000,0.00000,-0.129,-0.009,0
562.9260,-0.00579,-0.02858,-0.00115,0.00000,0.00000,-0.129,-0.009,0
562.9780,-0.00579,-0.02859,-0.00115,0.00000,0.00000,-0.129,-0.009,0
563.0300,-0.00580,-0.02862,-0.00115,0.00000,0.00000,-0.129,-0.009,0
563.0820,-0.00580,-0.02864,-0.00115,0.00000,0.00000,-0.129,-0.009,0
563.1340,-0.00581,-0.02867,-0.00115,0.00000,0.00000,-0.129,-0.009,0
563.1860,-0.00581,-0.02869,-0.00115,0.00000,0.00000,-0.129,-0.009,0
563.2380,-0.00582,-0.02871,-0.00115,0.00000,0.00000,-0.129,-0.009,0
563.2900,-0.00582,-0.02874,-0.00115,0.00000,0.00000,-0.130,-0.009,0
563.3420,-0.00583,-0.02876,-0.00115,0.00000,0.00000,-0.130,-0.009,0
563.3940,-0.00583,-0.02877,-0.00115,0.00000,0.00000,-0.130,-0.009,0
563.4460,-0.00583,-0.02877,-0.00115,0.00000,0.00000,-0.130,-0.009,0
563.4980,-0.00582,-0.02876,-0.00115,0.00000,0.00000,-0.130,-0.009,0
563.5500,-0.00582,-0.02875,-0.00115,0.00000,0.00000,-0.130,-0.009,0
563.6020,-0.00582,-0.02873,-0.00115,0.00000,0.00000,-0.130,-0.009,0
563.6540,-0.00582,-0.02873,-0.00115,0.00000,0.00000,-0.130,-0.009,0
563.7060,-0.00582,-0.02874,-0.00115,0.00000,0.00000,-0.130,-0.009,0
563.7580,-0.00582,-0.02876,-0.00115,0.00000,0.00000,-0.130,-0.009,0
563.8100,-0.00583,-0.02878,-0.00115,0.00000,0.00000,-0.130,-0.009,0
563.8620,-0.00583,-0.02881,-0.00115,0.00000,0.00000,-0.130,-0.009,0
563.9140,-0.00584,-0.02883,-0.00115,0.00000,0.00000,-0.130,-0.009,0
563.9660,-0.00584,-0.02884,-0.00115,0.00000,0.00000,-0.130,-0.009,0
564.0180,-0.00584,-0.02885,-0.00115,0.00000,0.00000,-0.130,-0.009,0
564.0700,-0.00584,-0.02886,-0.00115,0.00000,0.00000,-0.130,-0.009,0
564.1220,-0.00584,-0.02887,-0.00115,0.00000,0.00000,-0.130,-0.009,0
564.1740,-0.00585,-0.02888,-0.00115,0.00000,0.00000,-0.130,-0.009,0
564.2260,-0.00584,-0.02888,-0.00115,0.00000,0.00000,-0.130,-0.009,0
564.2780,-0.00585,-0.02889,-0.00115,0.00000,0.00000,-0.130,-0.009,0
564.3300,-0.00585,-0.02890,-0.00115,0.00000,0.00000,-0.130,-0.009,0
564.3820,-0.00585,-0.02891,-0.00115,0.00000,0.00000,-0.130,-0.009,0
564.4340,-0.00586,-0.02893,-0.00115,0.00000,0.00000,-0.131,-0.009,0
564.4860,-0.00586,-0.02896,-0.00115,0.00000,0.00000,-0.131,-0.009,0
564.5380,-0.00587,-0.02899,-0.00115,0.00000,0.00000,-0.131,-0.009,0
564.5900,-0.00587,-0.02902,-0.00115,0.00000,0.00000,-0.131,-0.009,0
564.6420,-0.00588,-0.02906,-0.00115,0.00000,0.00000,-0.131,-0.009,0
564.6940,-0.00589,-0.02909,-0.00115,0.00000,0.00000,-0.131,-0.010,0
564.7460,-0.00590,-0.02912,-0.00115,0.00000,0.00000,-0.132,-0.010,0
564.7980,-0.00590,-0.02915,-0.00115,0.00000,0.00000,-0.132,-0.010,0
564.8500,-0.00591,-0.02917,-0.00115,0.00000,0.00000,-0.132,-0.010,0
564.9020,-0.00591,-0.02919,-0.00115,0.00000,0.00000,-0.132,-0.010,0
564.9540,-0.00591,-0.02921,-0.00115,0.00000,0.00000,-0.132,-0.010,0
565.0060,-0.00592,-0.02923,-0.00115,0.00000,0.00000,-0.132,-0.010,0
565.0580,-0.00592,-0.02926,-0.00115,0.00000,0.00000,-0.132,-0.010,0
565.1100,-0.00593,-0.02930,-0.00115,0.00000,0.00000,-0.133,-0.010,0
565.1620,-0.00594,-0.02933,-0.00115,0.00000,0.00000,-0.133,-0.010,0
565.2140,-0.00594,-0.02935,-0.00115,0.00000,0.00000,-0.133,-0.010,0
565.2660,-0.00594,-0.02935,-0.00115,0.00000,0.00000,-0.133,-0.010,0
565.3180,-0.00594,-0.02936,-0.00115,0.00000,0.00000,-0.133,-0.010,0
565.3700,-0.00594,-0.02938,-0.00115,0.00000,0.00000,-0.133,-0.010,0
565.4220,-0.00595,-0.02940,-0.00115,0.00000,0.00000,-0.133,-0.010,0
565.4740,-0.00595,-0.02943,-0.00115,0.00000,0.00000,-0.133,-0.010,0
565.5260,-0.00596,-0.02947,-0.00115,0.00000,0.00000,-0.134,-0.010,0
565.5780,-0.00597,-0.02949,-0.00115,0.00000,0.00000,-0.134,-0.010,0
565.6300,-0.00597,-0.02951,-0.00115,0.00000,0.00000,-0.134,-0.010,0
565.6820,-0.00597,-0.02953,-0.00115,0.00000,0.00000,-0.134,-0.010,0
565.7340,-0.00597,-0.02955,-0.00115,0.00000,0.00000,-0.134,-0.010,0
565.7860,-0.00598,-0.02957,-0.00115,0.00000,0.00000,-0.134,-0.010,0
565.8380,-0.00598,-0.02957,-0.00115,0.00000,0.00000,-0.134,-0.010,0
565.8900,-0.00598,-0.02959,-0.00115,0.00000,0.00000,-0.134,-0.010,0
565.9420,-0.00598,-0.02961,-0.00115,0.00000,0.00000,-0.134,-0.010,0
565.9940,-0.00599,-0.02963,-0.00115,0.00000,0.00000,-0.135,-0.010,0
566.0460,-0.00599,-0.02963,-0.00115,0.00000,0.00000,-0.135,-0.010,0
566.0980,-0.00598,-0.02962,-0.00115,0.00000,0.00000,-0.135,-0.010,0
566.1500,-0.00598,-0.02962,-0.00115,0.00000,0.00000,-0.135,-0.010,0
566.2020,-0.00598,-0.02963,-0.00115,0.00000,0.00000,-0.135,-0.010,0
566.2540,-0.00598,-0.02963,-0.00115,0.00000,0.00000,-0.135,-0.010,0
566.3060,-0.00598,-0.02962,-0.00115,0.00000,0.00000,-0.135,-0.010,0
566.3580,-0.00598,-0.02962,-0.00115,0.00000,0.00000,-0.135,-0.010,0
566.4100,-0.00598,-0.02962,-0.00115,0.00000,0.00000,-0.135,-0.010,0
566.4620,-0.00598,-0.02962,-0.00115,0.00000,0.00000,-0.135,-0.010,0
566.5140,-0.00597,-0.02961,-0.00115,0.00000,0.00000,-0.135,-0.010,0
566.5660,-0.00597,-0.02961,-0.00115,0.00000,0.00000,-0.135,-0.010,0
566.6180,-0.00597,-0.02960,-0.00115,0.00000,0.00000,-0.135,-0.010,0
566.6700,-0.00597,-0.02960,-0.00115,0.00000,0.00000,-0.135,-0.010,0
566.7220,-0.00596,-0.02958,-0.00115,0.00000,0.00000,-0.135,-0.010,0
566.7740,-0.00596,-0.02955,-0.00115,0.00000,0.00000,-0.135,-0.010,0
566.8260,-0.00595,-0.02952,-0.00115,0.00000,0.00000,-0.135,-0.010,0
566.8780,-0.00595,-0.02951,-0.00115,0.00000,0.00000,-0.134,-0.010,0
566.9300,-0.00595,-0.02951,-0.00115,0.00000,0.00000,-0.134,-0.010,0
566.9820,-0.00595,-0.02951,-0.00115,0.00000,0.00000,-0.135,-0.010,0
567.0340,-0.00595,-0.02953,-0.00115,0.00000,0.00000,-0.135,-0.010,0
567.0860,-0.00595,-0.02953,-0.00115,0.00000,0.00000,-0.135,-0.010,0
567.1380,-0.00595,-0.02953,-0.00115,0.00000,0.00000,-0.135,-0.010,0
567.1900,-0.00595,-0.02953,-0.00115,0.00000,0.00000,-0.135,-0.010,0
567.2420,-0.00595,-0.02952,-0.00115,0.00000,0.00000,-0.135,-0.010,0
567.2940,-0.00595,-0.02950,-0.00115,0.00000,0.00000,-0.135,-0.010,0
567.3460,-0.00595,-0.02949,-0.00115,0.00000,0.00000,-0.135,-0.010,0
567.3980,-0.00595,-0.02950,-0.00115,0.00000,0.00000,-0.135,-0.010,0
567.4500,-0.00595,-0.02950,-0.00115,0.00000,0.00000,-0.135,-0.010,0
567.5020,-0.00595,-0.02949,-0.00115,0.00000,0.00000,-0.135,-0.010,0
567.5540,-0.00595,-0.02949,-0.00115,0.00000,0.00000,-0.135,-0.010,0
567.6060,-0.00594,-0.02948,-0.00115,0.00000,0.00000,-0.135,-0.010,0
567.6580,-0.00594,-0.02945,-0.00115,0.00000,0.00000,-0.134,-0.010,0
567.7100,-0.00593,-0.02944,-0.00115,0.00000,0.00000,-0.134,-0.010,0
567.7620,-0.00593,-0.02943,-0.00115,0.00000,0.00000,-0.134,-0.010,0
567.8140,-0.00593,-0.02942,-0.00115,0.00000,0.00000,-0.134,-0.010,0
567.8660,-0.00593,-0.02941,-0.00115,0.00000,0.00000,-0.134,-0.010,0
567.9180,-0.00593,-0.02940,-0.00115,0.00000,0.00000,-0.134,-0.010,0
567.9700,-0.00592,-0.02939,-0.00115,0.00000,0.00000,-0.134,-0.010,0
568.0220,-0.00592,-0.02937,-0.00115,0.00000,0.00000,-0.134,-0.010,0
568.0740,-0.00592,-0.02936,-0.00115,0.00000,0.00000,-0.134,-0.010,0
568.1260,-0.00592,-0.02936,-0.00115,0.00000,0.00000,-0.134,-0.010,0
568.1780,-0.00592,-0.02936,-0.00115,0.00000,0.00000,-0.134,-0.010,0
568.2300,-0.00592,-0.02935,-0.00115,0.00000,0.00000,-0.134,-0.010,0
568.2820,-0.00592,-0.02934,-0.00115,0.00000,0.00000,-0.134,-0.010,0
568.3340,-0.00591,-0.02932,-0.00115,0.00000,0.00000,-0.134,-0.010,0
568.3860,-0.00591,-0.02929,-0.00115,0.00000,0.00000,-0.134,-0.010,0
568.4380,-0.00590,-0.02925,-0.00115,0.00000,0.00000,-0.133,-0.010,0
568.4900,-0.00589,-0.02921,-0.00115,0.00000,0.00000,-0.133,-0.010,0
568.5420,-0.00588,-0.02917,-0.00115,0.00000,0.00000,-0.133,-0.010,0
568.5940,-0.00587,-0.02912,-0.00115,0.00000,0.00000,-0.133,-0.010,0
568.6460,-0.00586,-0.02908,-0.00115,0.00000,0.00000,-0.133,-0.010,0
568.6980,-0.00585,-0.02905,-0.00115,0.00000,0.00000,-0.132,-0.010,0
568.7500,-0.00585,-0.02902,-0.00115,0.00000,0.00000,-0.132,-0.010,0
568.8020,-0.00584,-0.02900,-0.00115,0.00000,0.00000,-0.132,-0.010,0
568.8540,-0.00584,-0.02898,-0.00115,0.00000,0.00000,-0.132,-0.010,0
568.9060,-0.00584,-0.02897,-0.00115,0.00000,0.00000,-0.132,-0.010,0
568.9580,-0.00584,-0.02897,-0.00115,0.00000,0.00000,-0.132,-0.010,0
569.0100,-0.00584,-0.02896,-0.00115,0.00000,0.00000,-0.132,-0.010,0
569.0620,-0.00584,-0.02896,-0.00115,0.00000,0.00000,-0.132,-0.010,0
569.1140,-0.00584,-0.02895,-0.00115,0.00000,0.00000,-0.132,-0.010,0
569.1660,-0.00584,-0.02895,-0.00115,0.00000,0.00000,-0.132,-0.010,0
569.2180,-0.00584,-0.02893,-0.00115,0.00000,0.00000,-0.132,-0.010,0
569.2700,-0.00584,-0.02893,-0.00115,0.00000,0.00000,-0.132,-0.010,0
569.3220,-0.00584,-0.02894,-0.00115,0.00000,0.00000,-0.132,-0.010,0
569.3740,-0.00584,-0.02894,-0.00115,0.00000,0.00000,-0.132,-0.010,0
569.4260,-0.00585,-0.02895,-0.00115,0.00000,0.00000,-0.132,-0.010,0
569.4780,-0.00585,-0.02896,-0.00115,0.00000,0.00000,-0.132,-0.010,0
569.5300,-0.00585,-0.02897,-0.00115,0.00000,0.00000,-0.132,-0.010,0
569.5820,-0.00586,-0.02898,-0.00115,0.00000,0.00000,-0.132,-0.010,0
569.6340,-0.00586,-0.02899,-0.00115,0.00000,0.00000,-0.132,-0.010,0
569.6860,-0.00587,-0.02901,-0.00115,0.00000,0.00000,-0.132,-0.010,0
569.7380,-0.00587,-0.02901,-0.00115,0.00000,0.00000,-0.132,-0.010,0
569.7900,-0.00587,-0.02901,-0.00115,0.00000,0.00000,-0.132,-0.010,0
569.8420,-0.00587,-0.02901,-0.00115,0.00000,0.00000,-0.132,-0.010,0
569.8940,-0.00587,-0.02901,-0.00115,0.00000,0.00000,-0.132,-0.010,0
569.9460,-0.00587,-0.02904,-0.00115,0.00000,0.00000,-0.132,-0.010,0
569.9980,-0.00588,-0.02906,-0.00115,0.00000,0.00000,-0.132,-0.010,0
570.0500,-0.00589,-0.02909,-0.00115,0.00000,0.00000,-0.132,-0.010,0
570.1020,-0.00589,-0.02911,-0.00115,0.00000,0.00000,-0.132,-0.010,0
570.1540,-0.00590,-0.02914,-0.00115,0.00000,0.00000,-0.132,-0.010,0
570.2060,-0.00590,-0.02917,-0.00115,0.00000,0.00000,-0.132,-0.010,0
570.2580,-0.00591,-0.02918,-0.00115,0.00000,0.00000,-0.132,-0.010,0
570.3100,-0.00591,-0.02920,-0.00115,0.00000,0.00000,-0.133,-0.010,0
570.3620,-0.00591,-0.02923,-0.00115,0.00000,0.00000,-0.133,-0.010,0
570.4140,-0.00592,-0.02925,-0.00115,0.00000,0.00000,-0.133,-0.010,0
570.4660,-0.00592,-0.02927,-0.00115,0.00000,0.00000,-0.133,-0.010,0
570.5180,-0.00592,-0.02928,-0.00115,0.00000,0.00000,-0.133,-0.010,0
570.5700,-0.00592,-0.02928,-0.00115,0.00000,0.00000,-0.133,-0.010,0
570.6220,-0.00593,-0.02929,-0.00115,0.00000,0.00000,-0.133,-0.010,0
570.6740,-0.00592,-0.02929,-0.00115,0.00000,0.00000,-0.133,-0.010,0
570.7260,-0.00593,-0.02930,-0.00115,0.00000,0.00000,-0.133,-0.010,0
570.7780,-0.00593,-0.02931,-0.00115,0.00000,0.00000,-0.133,-0.010,0
570.8300,-0.00593,-0.02931,-0.00115,0.00000,0.00000,-0.133,-0.010,0
570.8820,-0.00593,-0.02931,-0.00115,0.00000,0.00000,-0.133,-0.010,0
570.9340,-0.00592,-0.02931,-0.00115,0.00000,0.00000,-0.133,-0.010,0
570.9860,-0.00592,-0.02931,-0.00115,0.00000,0.00000,-0.133,-0.010,0
571.0380,-0.00593,-0.02933,-0.00115,0.00000,0.00000,-0.133,-0.010,0
571.0900,-0.00593,-0.02936,-0.00115,0.00000,0.00000,-0.133,-0.010,0
571.1420,-0.00594,-0.02938,-0.00115,0.00000,0.00000,-0.133,-0.010,0
571.1940,-0.00594,-0.02939,-0.00115,0.00000,0.00000,-0.134,-0.010,0
571.2460,-0.00594,-0.02940,-0.00115,0.00000,0.00000,-0.134,-0.010,0
571.2980,-0.00594,-0.02940,-0.00115,0.00000,0.00000,-0.134,-0.010,0
571.3500,-0.00594,-0.02940,-0.00115,0.00000,0.00000,-0.134,-0.010,0
571.4020,-0.00594,-0.02940,-0.00115,0.00000,0.00000,-0.134,-0.010,0
571.4540,-0.00593,-0.02937,-0.00115,0.00000,0.00000,-0.134,-0.010,0
571.5060,-0.00593,-0.02935,-0.00115,0.00000,0.00000,-0.133,-0.010,0
571.5580,-0.00592,-0.02933,-0.00115,0.00000,0.00000,-0.133,-0.010,0
571.6100,-0.00592,-0.02932,-0.00115,0.00000,0.00000,-0.133,-0.010,0
571.6620,-0.00592,-0.02931,-0.00115,0.00000,0.00000,-0.133,-0.010,0
571.7140,-0.00591,-0.02930,-0.00115,0.00000,0.00000,-0.133,-0.010,0
571.7660,-0.00591,-0.02930,-0.00115,0.00000,0.00000,-0.133,-0.010,0
571.8180,-0.00591,-0.02930,-0.00115,0.00000,0.00000,-0.133,-0.010,0
571.8700,-0.00591,-0.02930,-0.00115,0.00000,0.00000,-0.133,-0.010,0
571.9220,-0.00591,-0.02930,-0.00115,0.00000,0.00000,-0.133,-0.010,0
571.9740,-0.00591,-0.02931,-0.00115,0.00000,0.00000,-0.133,-0.010,0
572.0260,-0.00592,-0.02931,-0.00115,0.00000,0.00000,-0.133,-0.010,0
572.0780,-0.00592,-0.02931,-0.00115,0.00000,0.00000,-0.133,-0.010,0
572.1300,-0.00591,-0.02930,-0.00115,0.00000,0.00000,-0.133,-0.010,0
572.1820,-0.00591,-0.02929,-0.00115,0.00000,0.00000,-0.133,-0.010,0
572.2340,-0.00591,-0.02929,-0.00115,0.00000,0.00000,-0.133,-0.010,0
572.2860,-0.00591,-0.02927,-0.00115,0.00000,0.00000,-0.133,-0.010,0
572.3380,-0.00590,-0.02924,-0.00115,0.00000,0.00000,-0.133,-0.010,0
572.3900,-0.00589,-0.02920,-0.00115,0.00000,0.00000,-0.133,-0.010,0
572.4420,-0.00589,-0.02918,-0.00115,0.00000,0.00000,-0.133,-0.010,0
572.4940,-0.00588,-0.02915,-0.00115,0.00000,0.00000,-0.133,-0.010,0
572.5460,-0.00587,-0.02912,-0.00115,0.00000,0.00000,-0.132,-0.010,0
572.5980,-0.00587,-0.02910,-0.00115,0.00000,0.00000,-0.132,-0.010,0
572.6500,-0.00586,-0.02907,-0.00115,0.00000,0.00000,-0.132,-0.010,0
572.7020,-0.00586,-0.02905,-0.00115,0.00000,0.00000,-0.132,-0.010,0
572.7540,-0.00585,-0.02900,-0.00115,0.00000,0.00000,-0.132,-0.010,0
572.8060,-0.00584,-0.02896,-0.00115,0.00000,0.00000,-0.132,-0.009,0
572.8580,-0.00583,-0.02892,-0.00115,0.00000,0.00000,-0.131,-0.009,0
572.9100,-0.00583,-0.02889,-0.00115,0.00000,0.00000,-0.131,-0.009,0
572.9620,-0.00582,-0.02887,-0.00115,0.00000,0.00000,-0.131,-0.009,0
573.0140,-0.00582,-0.02885,-0.00115,0.00000,0.00000,-0.131,-0.009,0
573.0660,-0.00581,-0.02883,-0.00115,0.00000,0.00000,-0.131,-0.009,0
573.1180,-0.00581,-0.02880,-0.00115,0.00000,0.00000,-0.131,-0.009,0
573.1700,-0.00580,-0.02878,-0.00115,0.00000,0.00000,-0.131,-0.009,0
573.2220,-0.00580,-0.02875,-0.00115,0.00000,0.00000,-0.131,-0.009,0
573.2740,-0.00579,-0.02873,-0.00115,0.00000,0.00000,-0.130,-0.009,0
573.3260,-0.00579,-0.02872,-0.00115,0.00000,0.00000,-0.130,-0.009,0
573.3780,-0.00579,-0.02871,-0.00115,0.00000,0.00000,-0.130,-0.009,0
573.4300,-0.00580,-0.02871,-0.00115,0.00000,0.00000,-0.130,-0.009,0
573.4820,-0.00579,-0.02870,-0.00115,0.00000,0.00000,-0.130,-0.009,0
573.5340,-0.00580,-0.02870,-0.00115,0.00000,0.00000,-0.130,-0.009,0
573.5860,-0.00580,-0.02870,-0.00115,0.00000,0.00000,-0.130,-0.009,0
573.6380,-0.00580,-0.02870,-0.00115,0.00000,0.00000,-0.130,-0.009,0
573.6900,-0.00580,-0.02870,-0.00115,0.00000,0.00000,-0.130,-0.009,0
573.7420,-0.00581,-0.02872,-0.00115,0.00000,0.00000,-0.130,-0.009,0
573.7940,-0.00581,-0.02874,-0.00115,0.00000,0.00000,-0.130,-0.009,0
573.8460,-0.00582,-0.02875,-0.00115,0.00000,0.00000,-0.130,-0.009,0
573.8980,-0.00582,-0.02877,-0.00115,0.00000,0.00000,-0.130,-0.009,0
573.9500,-0.00583,-0.02879,-0.00115,0.00000,0.00000,-0.130,-0.009,0
574.0020,-0.00583,-0.02881,-0.00115,0.00000,0.00000,-0.130,-0.009,0
574.0540,-0.00583,-0.02882,-0.00115,0.00000,0.00000,-0.130,-0.009,0
574.1060,-0.00583,-0.02882,-0.00115,0.00000,0.00000,-0.131,-0.009,0
574.1580,-0.00583,-0.02882,-0.00115,0.00000,0.00000,-0.130,-0.009,0
574.2100,-0.00583,-0.02881,-0.00115,0.00000,0.00000,-0.130,-0.009,0
574.2620,-0.00583,-0.02879,-0.00115,0.00000,0.00000,-0.130,-0.009,0
574.3140,-0.00582,-0.02877,-0.00115,0.00000,0.00000,-0.130,-0.009,0
574.3660,-0.00582,-0.02875,-0.00115,0.00000,0.00000,-0.130,-0.009,0
574.4180,-0.00581,-0.02873,-0.00115,0.00000,0.00000,-0.130,-0.009,0
574.4700,-0.00581,-0.02871,-0.00115,0.00000,0.00000,-0.130,-0.009,0
574.5220,-0.00580,-0.02869,-0.00115,0.00000,0.00000,-0.130,-0.009,0
574.5740,-0.00580,-0.02867,-0.00115,0.00000,0.00000,-0.130,-0.009,0
574.6260,-0.00579,-0.02866,-0.00115,0.00000,0.00000,-0.130,-0.009,0
574.6780,-0.00579,-0.02865,-0.00115,0.00000,0.00000,-0.130,-0.009,0
574.7300,-0.00579,-0.02865,-0.00115,0.00000,0.00000,-0.130,-0.009,0
574.7820,-0.00579,-0.02865,-0.00115,0.00000,0.00000,-0.130,-0.009,0
574.8340,-0.00579,-0.02863,-0.00115,0.00000,0.00000,-0.129,-0.009,0
574.8860,-0.00579,-0.02862,-0.00115,0.00000,0.00000,-0.129,-0.009,0
574.9380,-0.00578,-0.02861,-0.00115,0.00000,0.00000,-0.129,-0.009,0
574.9900,-0.00578,-0.02859,-0.00115,0.00000,0.00000,-0.129,-0.009,0
575.0420,-0.00578,-0.02860,-0.00115,0.00000,0.00000,-0.129,-0.009,0
575.0940,-0.00579,-0.02863,-0.00115,0.00000,0.00000,-0.129,-0.009,0
575.1460,-0.00580,-0.02865,-0.00115,0.00000,0.00000,-0.129,-0.009,0
575.1980,-0.00581,-0.02869,-0.00115,0.00000,0.00000,-0.130,-0.009,0
575.2500,-0.00582,-0.02873,-0.00115,0.00000,0.00000,-0.130,-0.009,0
575.3020,-0.00583,-0.02877,-0.00115,0.00000,0.00000,-0.130,-0.009,0
575.3540,-0.00584,-0.02883,-0.00115,0.00000,0.00000,-0.130,-0.009,0
575.4060,-0.00585,-0.02888,-0.00115,0.00000,0.00000,-0.130,-0.009,0
575.4580,-0.00586,-0.02892,-0.00115,0.00000,0.00000,-0.131,-0.009,0
575.5100,-0.00587,-0.02897,-0.00115,0.00000,0.00000,-0.131,-0.009,0
575.5620,-0.00588,-0.02902,-0.00115,0.00000,0.00000,-0.131,-0.009,0
575.6140,-0.00589,-0.02905,-0.00115,0.00000,0.00000,-0.131,-0.009,0
575.6660,-0.00589,-0.02907,-0.00115,0.00000,0.00000,-0.131,-0.009,0
575.7180,-0.00590,-0.02910,-0.00115,0.00000,0.00000,-0.132,-0.009,0
575.7700,-0.00591,-0.02913,-0.00115,0.00000,0.00000,-0.132,-0.009,0
575.8220,-0.00591,-0.02917,-0.00115,0.00000,0.00000,-0.132,-0.010,0
575.8740,-0.00592,-0.02921,-0.00115,0.00000,0.00000,-0.132,-0.010,0
575.9260,-0.00593,-0.02925,-0.00115,0.00000,0.00000,-0.132,-0.010,0
575.9780,-0.00593,-0.02927,-0.00115,0.00000,0.00000,-0.132,-0.010,0
576.0300,-0.00594,-0.02930,-0.00115,0.00000,0.00000,-0.133,-0.010,0
576.0820,-0.00594,-0.02931,-0.00115,0.00000,0.00000,-0.133,-0.010,0
576.1340,-0.00594,-0.02932,-0.00115,0.00000,0.00000,-0.133,-0.010,0
576.1860,-0.00594,-0.02933,-0.00115,0.00000,0.00000,-0.133,-0.010,0
576.2380,-0.00594,-0.02932,-0.00115,0.00000,0.00000,-0.133,-0.010,0
576.2900,-0.00593,-0.02932,-0.00115,0.00000,0.00000,-0.133,-0.010,0
576.3420,-0.00593,-0.02933,-0.00115,0.00000,0.00000,-0.133,-0.010,0
576.3940,-0.00593,-0.02932,-0.00115,0.00000,0.00000,-0.133,-0.010,0
576.4460,-0.00593,-0.02933,-0.00115,0.00000,0.00000,-0.133,-0.010,0
576.4980,-0.00593,-0.02934,-0.00115,0.00000,0.00000,-0.133,-0.010,0
576.5500,-0.00593,-0.02935,-0.00115,0.00000,0.00000,-0.133,-0.010,0
576.6020,-0.00593,-0.02936,-0.00115,0.00000,0.00000,-0.133,-0.010,0
576.6540,-0.00594,-0.02937,-0.00115,0.00000,0.00000,-0.133,-0.010,0
576.7060,-0.00594,-0.02939,-0.00115,0.00000,0.00000,-0.133,-0.010,0
576.7580,-0.00594,-0.02942,-0.00115,0.00000,0.00000,-0.133,-0.010,0
576.8100,-0.00595,-0.02944,-0.00115,0.00000,0.00000,-0.134,-0.010,0
576.8620,-0.00595,-0.02944,-0.00115,0.00000,0.00000,-0.134,-0.010,0
576.9140,-0.00595,-0.02943,-0.00115,0.00000,0.00000,-0.134,-0.010,0
576.9660,-0.00594,-0.02942,-0.00115,0.00000,0.00000,-0.134,-0.010,0
577.0180,-0.00594,-0.02942,-0.00115,0.00000,0.00000,-0.134,-0.010,0
577.0700,-0.00594,-0.02941,-0.00115,0.00000,0.00000,-0.134,-0.010,0
577.1220,-0.00594,-0.02943,-0.00115,0.00000,0.00000,-0.134,-0.010,0
577.1740,-0.00595,-0.02944,-0.00115,0.00000,0.00000,-0.134,-0.010,0
577.2260,-0.00594,-0.02944,-0.00115,0.00000,0.00000,-0.134,-0.010,0
577.2780,-0.00594,-0.02944,-0.00115,0.00000,0.00000,-0.134,-0.010,0
577.3300,-0.00594,-0.02943,-0.00115,0.00000,0.00000,-0.134,-0.010,0
577.3820,-0.00594,-0.02943,-0.00115,0.00000,0.00000,-0.134,-0.010,0
577.4340,-0.00594,-0.02942,-0.00115,0.00000,0.00000,-0.134,-0.010,0
577.4860,-0.00594,-0.02942,-0.00115,0.00000,0.00000,-0.134,-0.010,0
577.5380,-0.00594,-0.02943,-0.00115,0.00000,0.00000,-0.134,-0.010,0
577.5900,-0.00594,-0.02943,-0.00115,0.00000,0.00000,-0.134,-0.010,0
577.6420,-0.00594,-0.02942,-0.00115,0.00000,0.00000,-0.134,-0.010,0
577.6940,-0.00593,-0.02940,-0.00115,0.00000,0.00000,-0.134,-0.010,0
577.7460,-0.00593,-0.02938,-0.00115,0.00000,0.00000,-0.134,-0.010,0
577.7980,-0.00592,-0.02936,-0.00115,0.00000,0.00000,-0.134,-0.010,0
577.8500,-0.00592,-0.02933,-0.00115,0.00000,0.00000,-0.133,-0.010,0
577.9020,-0.00591,-0.02933,-0.00115,0.00000,0.00000,-0.133,-0.010,0
577.9540,-0.00591,-0.02933,-0.00115,0.00000,0.00000,-0.133,-0.010,0
578.0060,-0.00591,-0.02932,-0.00115,0.00000,0.00000,-0.133,-0.010,0
578.0580,-0.00591,-0.02931,-0.00115,0.00000,0.00000,-0.133,-0.010,0
578.1100,-0.00591,-0.02930,-0.00115,0.00000,0.00000,-0.133,-0.010,0
578.1620,-0.00590,-0.02927,-0.00115,0.00000,0.00000,-0.133,-0.010,0
578.2140,-0.00590,-0.02924,-0.00115,0.00000,0.00000,-0.133,-0.010,0
578.2660,-0.00589,-0.02922,-0.00115,0.00000,0.00000,-0.133,-0.010,0
578.3180,-0.00589,-0.02921,-0.00115,0.00000,0.00000,-0.133,-0.010,0
578.3700,-0.00589,-0.02920,-0.00115,0.00000,0.00000,-0.133,-0.010,0
578.4220,-0.00589,-0.02919,-0.00115,0.00000,0.00000,-0.133,-0.010,0
578.4740,-0.00588,-0.02917,-0.00115,0.00000,0.00000,-0.133,-0.010,0
578.5260,-0.00588,-0.02915,-0.00115,0.00000,0.00000,-0.133,-0.010,0
578.5780,-0.00587,-0.02913,-0.00115,0.00000,0.00000,-0.133,-0.010,0
578.6300,-0.00587,-0.02912,-0.00115,0.00000,0.00000,-0.133,-0.010,0
578.6820,-0.00587,-0.02912,-0.00115,0.00000,0.00000,-0.133,-0.010,0
578.7340,-0.00587,-0.02912,-0.00115,0.00000,0.00000,-0.132,-0.010,0
578.7860,-0.00587,-0.02912,-0.00115,0.00000,0.00000,-0.132,-0.010,0
578.8380,-0.00588,-0.02912,-0.00115,0.00000,0.00000,-0.132,-0.010,0
578.8900,-0.00588,-0.02912,-0.00115,0.00000,0.00000,-0.132,-0.010,0
578.9420,-0.00587,-0.02910,-0.00115,0.00000,0.00000,-0.132,-0.010,0
578.9940,-0.00587,-0.02909,-0.00115,0.00000,0.00000,-0.132,-0.010,0
579.0460,-0.00587,-0.02906,-0.00115,0.00000,0.00000,-0.132,-0.010,0
579.0980,-0.00586,-0.02904,-0.00115,0.00000,0.00000,-0.132,-0.010,0
579.1500,-0.00586,-0.02902,-0.00115,0.00000,0.00000,-0.132,-0.010,0
579.2020,-0.00585,-0.02901,-0.00115,0.00000,0.00000,-0.132,-0.010,0
579.2540,-0.00585,-0.02898,-0.00115,0.00000,0.00000,-0.132,-0.010,0
579.3060,-0.00584,-0.02895,-0.00115,0.00000,0.00000,-0.132,-0.009,0
579.3580,-0.00584,-0.02892,-0.00115,0.00000,0.00000,-0.131,-0.009,0
579.4100,-0.00583,-0.02890,-0.00115,0.00000,0.00000,-0.131,-0.009,0
579.4620,-0.00583,-0.02888,-0.00115,0.00000,0.00000,-0.131,-0.009,0
579.5140,-0.00582,-0.02886,-0.00115,0.00000,0.00000,-0.131,-0.009,0
579.5660,-0.00582,-0.02883,-0.00115,0.00000,0.00000,-0.131,-0.009,0
579.6180,-0.00581,-0.02880,-0.00115,0.00000,0.00000,-0.131,-0.009,0
579.6700,-0.00581,-0.02877,-0.00115,0.00000,0.00000,-0.131,-0.009,0
579.7220,-0.00580,-0.02876,-0.00115,0.00000,0.00000,-0.131,-0.009,0
579.7740,-0.00580,-0.02873,-0.00115,0.00000,0.00000,-0.130,-0.009,0
579.8260,-0.00580,-0.02871,-0.00115,0.00000,0.00000,-0.130,-0.009,0
579.8780,-0.00579,-0.02868,-0.00115,0.00000,0.00000,-0.130,-0.009,0
579.9300,-0.00579,-0.02865,-0.00115,0.00000,0.00000,-0.130,-0.009,0
579.9820,-0.00578,-0.02861,-0.00115,0.00000,0.00000,-0.130,-0.009,0
580.0340,-0.00577,-0.02856,-0.00115,0.00000,0.00000,-0.130,-0.009,0
580.0860,-0.00576,-0.02853,-0.00115,0.00000,0.00000,-0.129,-0.009,0
580.1380,-0.00575,-0.02849,-0.00115,0.00000,0.00000,-0.129,-0.009,0
580.1900,-0.00575,-0.02846,-0.00115,0.00000,0.00000,-0.129,-0.009,0
580.2420,-0.00574,-0.02844,-0.00115,0.00000,0.00000,-0.129,-0.009,0
580.2940,-0.00574,-0.02842,-0.00115,0.00000,0.00000,-0.129,-0.009,0
580.3460,-0.00574,-0.02841,-0.00115,0.00000,0.00000,-0.129,-0.009,0
580.3980,-0.00574,-0.02840,-0.00115,0.00000,0.00000,-0.129,-0.009,0
580.4500,-0.00573,-0.02837,-0.00115,0.00000,0.00000,-0.128,-0.009,0
580.5020,-0.00573,-0.02835,-0.00115,0.00000,0.00000,-0.128,-0.009,0
580.5540,-0.00573,-0.02834,-0.00115,0.00000,0.00000,-0.128,-0.009,0
580.6060,-0.00572,-0.02832,-0.00115,0.00000,0.00000,-0.128,-0.009,0
580.6580,-0.00572,-0.02830,-0.00115,0.00000,0.00000,-0.128,-0.009,0
580.7100,-0.00572,-0.02829,-0.00115,0.00000,0.00000,-0.128,-0.009,0
580.7620,-0.00572,-0.02829,-0.00115,0.00000,0.00000,-0.128,-0.009,0
580.8140,-0.00572,-0.02830,-0.00115,0.00000,0.00000,-0.128,-0.009,0
580.8660,-0.00573,-0.02831,-0.00115,0.00000,0.00000,-0.128,-0.009,0
580.9180,-0.00573,-0.02833,-0.00115,0.00000,0.00000,-0.128,-0.009,0
580.9700,-0.00574,-0.02834,-0.00115,0.00000,0.00000,-0.128,-0.009,0
581.0220,-0.00575,-0.02837,-0.00115,0.00000,0.00000,-0.128,-0.009,0
581.0740,-0.00575,-0.02837,-0.00115,0.00000,0.00000,-0.128,-0.009,0
581.1260,-0.00575,-0.02837,-0.00115,0.00000,0.00000,-0.128,-0.009,0
581.1780,-0.00575,-0.02836,-0.00115,0.00000,0.00000,-0.128,-0.009,0
581.2300,-0.00574,-0.02835,-0.00115,0.00000,0.00000,-0.128,-0.009,0
581.2820,-0.00574,-0.02833,-0.00115,0.00000,0.00000,-0.128,-0.009,0
581.3340,-0.00574,-0.02832,-0.00115,0.00000,0.00000,-0.128,-0.009,0
581.3860,-0.00573,-0.02831,-0.00115,0.00000,0.00000,-0.128,-0.009,0
581.4380,-0.00573,-0.02830,-0.00115,0.00000,0.00000,-0.127,-0.009,0
581.4900,-0.00573,-0.02830,-0.00115,0.00000,0.00000,-0.127,-0.009,0
581.5420,-0.00573,-0.02829,-0.00115,0.00000,0.00000,-0.127,-0.009,0
581.5940,-0.00573,-0.02828,-0.00115,0.00000,0.00000,-0.127,-0.009,0
581.6460,-0.00573,-0.02827,-0.00115,0.00000,0.00000,-0.127,-0.009,0
581.6980,-0.00572,-0.02825,-0.00115,0.00000,0.00000,-0.127,-0.009,0
581.7500,-0.00572,-0.02824,-0.00115,0.00000,0.00000,-0.127,-0.009,0
581.8020,-0.00572,-0.02823,-0.00115,0.00000,0.00000,-0.127,-0.009,0
581.8540,-0.00571,-0.02821,-0.00115,0.00000,0.00000,-0.127,-0.009,0
581.9060,-0.00571,-0.02821,-0.00115,0.00000,0.00000,-0.127,-0.009,0
581.9580,-0.00571,-0.02821,-0.00115,0.00000,0.00000,-0.127,-0.009,0
582.0100,-0.00572,-0.02822,-0.00115,0.00000,0.00000,-0.127,-0.009,0
582.0620,-0.00572,-0.02823,-0.00115,0.00000,0.00000,-0.127,-0.009,0
582.1140,-0.00572,-0.02824,-0.00115,0.00000,0.00000,-0.127,-0.009,0
582.1660,-0.00573,-0.02826,-0.00115,0.00000,0.00000,-0.127,-0.009,0
582.2180,-0.00573,-0.02827,-0.00115,0.00000,0.00000,-0.127,-0.009,0
582.2700,-0.00574,-0.02829,-0.00115,0.00000,0.00000,-0.127,-0.009,0
582.3220,-0.00574,-0.02831,-0.00115,0.00000,0.00000,-0.127,-0.009,0
582.3740,-0.00575,-0.02835,-0.00115,0.00000,0.00000,-0.127,-0.009,0
582.4260,-0.00576,-0.02839,-0.00115,0.00000,0.00000,-0.127,-0.009,0
582.4780,-0.00577,-0.02843,-0.00115,0.00000,0.00000,-0.128,-0.009,0
582.5300,-0.00577,-0.02846,-0.00115,0.00000,0.00000,-0.128,-0.009,0
582.5820,-0.00578,-0.02848,-0.00115,0.00000,0.00000,-0.128,-0.009,0
582.6340,-0.00578,-0.02850,-0.00115,0.00000,0.00000,-0.128,-0.009,0
582.6860,-0.00579,-0.02853,-0.00115,0.00000,0.00000,-0.128,-0.009,0
582.7380,-0.00580,-0.02857,-0.00115,0.00000,0.00000,-0.128,-0.009,0
582.7900,-0.00580,-0.02860,-0.00115,0.00000,0.00000,-0.128,-0.009,0
582.8420,-0.00581,-0.02863,-0.00115,0.00000,0.00000,-0.129,-0.009,0
582.8940,-0.00581,-0.02865,-0.00115,0.00000,0.00000,-0.129,-0.009,0
582.9460,-0.00581,-0.02865,-0.00115,0.00000,0.00000,-0.129,-0.009,0
582.9980,-0.00581,-0.02865,-0.00115,0.00000,0.00000,-0.129,-0.009,0
583.0500,-0.00581,-0.02866,-0.00115,0.00000,0.00000,-0.129,-0.009,0
583.1020,-0.00581,-0.02867,-0.00115,0.00000,0.00000,-0.129,-0.009,0
583.1540,-0.00581,-0.02868,-0.00115,0.00000,0.00000,-0.129,-0.009,0
583.2060,-0.00581,-0.02868,-0.00115,0.00000,0.00000,-0.129,-0.009,0
583.2580,-0.00581,-0.02869,-0.00115,0.00000,0.00000,-0.129,-0.009,0
583.3100,-0.00581,-0.02869,-0.00115,0.00000,0.00000,-0.129,-0.009,0
583.3620,-0.00581,-0.02868,-0.00115,0.00000,0.00000,-0.129,-0.009,0
583.4140,-0.00581,-0.02866,-0.00115,0.00000,0.00000,-0.129,-0.009,0
583.4660,-0.00580,-0.02865,-0.00115,0.00000,0.00000,-0.129,-0.009,0
583.5180,-0.00580,-0.02865,-0.00115,0.00000,0.00000,-0.129,-0.009,0
583.5700,-0.00580,-0.02863,-0.00115,0.00000,0.00000,-0.129,-0.009,0
583.6220,-0.00579,-0.02861,-0.00115,0.00000,0.00000,-0.129,-0.009,0
583.6740,-0.00579,-0.02859,-0.00115,0.00000,0.00000,-0.129,-0.009,0
583.7260,-0.00578,-0.02858,-0.00115,0.00000,0.00000,-0.129,-0.009,0
583.7780,-0.00578,-0.02857,-0.00115,0.00000,0.00000,-0.129,-0.009,0
583.8300,-0.00578,-0.02855,-0.00115,0.00000,0.00000,-0.129,-0.009,0
583.8820,-0.00577,-0.02855,-0.00115,0.00000,0.00000,-0.129,-0.009,0
583.9340,-0.00578,-0.02856,-0.00115,0.00000,0.00000,-0.129,-0.009,0
583.9860,-0.00578,-0.02855,-0.00115,0.00000,0.00000,-0.129,-0.009,0
584.0380,-0.00578,-0.02856,-0.00115,0.00000,0.00000,-0.129,-0.009,0
584.0900,-0.00578,-0.02857,-0.00115,0.00000,0.00000,-0.129,-0.009,0
584.1420,-0.00578,-0.02859,-0.00115,0.00000,0.00000,-0.129,-0.009,0
584.1940,-0.00579,-0.02861,-0.00115,0.00000,0.00000,-0.129,-0.009,0
584.2460,-0.00579,-0.02862,-0.00115,0.00000,0.00000,-0.129,-0.009,0
584.2980,-0.00579,-0.02861,-0.00115,0.00000,0.00000,-0.129,-0.009,0
584.3500,-0.00579,-0.02859,-0.00115,0.00000,0.00000,-0.129,-0.009,0
584.4020,-0.00578,-0.02857,-0.00115,0.00000,0.00000,-0.129,-0.009,0
584.4540,-0.00578,-0.02855,-0.00115,0.00000,0.00000,-0.129,-0.009,0
584.5060,-0.00577,-0.02854,-0.00115,0.00000,0.00000,-0.129,-0.009,0
584.5580,-0.00577,-0.02853,-0.00115,0.00000,0.00000,-0.129,-0.009,0
584.6100,-0.00577,-0.02852,-0.00115,0.00000,0.00000,-0.128,-0.009,0
584.6620,-0.00577,-0.02851,-0.00115,0.00000,0.00000,-0.128,-0.009,0
584.7140,-0.00577,-0.02851,-0.00115,0.00000,0.00000,-0.128,-0.009,0
584.7660,-0.00577,-0.02851,-0.00115,0.00000,0.00000,-0.128,-0.009,0
584.8180,-0.00577,-0.02851,-0.00115,0.00000,0.00000,-0.128,-0.009,0
584.8700,-0.00577,-0.02852,-0.00115,0.00000,0.00000,-0.128,-0.009,0
584.9220,-0.00578,-0.02854,-0.00115,0.00000,0.00000,-0.128,-0.009,0
584.9740,-0.00578,-0.02856,-0.00115,0.00000,0.00000,-0.129,-0.009,0
585.0260,-0.00578,-0.02856,-0.00115,0.00000,0.00000,-0.129,-0.009,0
585.0780,-0.00578,-0.02857,-0.00115,0.00000,0.00000,-0.129,-0.009,0
585.1300,-0.00579,-0.02858,-0.00115,0.00000,0.00000,-0.129,-0.009,0
585.1820,-0.00579,-0.02859,-0.00115,0.00000,0.00000,-0.129,-0.009,0
585.2340,-0.00580,-0.02862,-0.00115,0.00000,0.00000,-0.129,-0.009,0
585.2860,-0.00580,-0.02863,-0.00115,0.00000,0.00000,-0.129,-0.009,0
585.3380,-0.00580,-0.02866,-0.00115,0.00000,0.00000,-0.129,-0.009,0
585.3900,-0.00581,-0.02869,-0.00115,0.00000,0.00000,-0.129,-0.009,0
585.4420,-0.00582,-0.02873,-0.00115,0.00000,0.00000,-0.129,-0.009,0
585.4940,-0.00583,-0.02876,-0.00115,0.00000,0.00000,-0.130,-0.009,0
585.5460,-0.00583,-0.02878,-0.00115,0.00000,0.00000,-0.130,-0.009,0
585.5980,-0.00584,-0.02880,-0.00115,0.00000,0.00000,-0.130,-0.009,0
585.6500,-0.00584,-0.02881,-0.00115,0.00000,0.00000,-0.130,-0.009,0
585.7020,-0.00584,-0.02884,-0.00115,0.00000,0.00000,-0.130,-0.009,0
585.7540,-0.00585,-0.02886,-0.00115,0.00000,0.00000,-0.130,-0.009,0
585.8060,-0.00585,-0.02887,-0.00115,0.00000,0.00000,-0.130,-0.009,0
585.8580,-0.00585,-0.02887,-0.00115,0.00000,0.00000,-0.130,-0.009,0
585.9100,-0.00585,-0.02888,-0.00115,0.00000,0.00000,-0.130,-0.009,0
585.9620,-0.00585,-0.02887,-0.00115,0.00000,0.00000,-0.130,-0.009,0
586.0140,-0.00584,-0.02885,-0.00115,0.00000,0.00000,-0.130,-0.009,0
586.0660,-0.00584,-0.02884,-0.00115,0.00000,0.00000,-0.130,-0.009,0
586.1180,-0.00584,-0.02883,-0.00115,0.00000,0.00000,-0.130,-0.009,0
586.1700,-0.00583,-0.02881,-0.00115,0.00000,0.00000,-0.130,-0.009,0
586.2220,-0.00582,-0.02877,-0.00115,0.00000,0.00000,-0.130,-0.009,0
586.2740,-0.00581,-0.02872,-0.00115,0.00000,0.00000,-0.130,-0.009,0
586.3260,-0.00580,-0.02868,-0.00115,0.00000,0.00000,-0.129,-0.009,0
586.3780,-0.00579,-0.02865,-0.00115,0.00000,0.00000,-0.129,-0.009,0
586.4300,-0.00578,-0.02861,-0.00115,0.00000,0.00000,-0.129,-0.009,0
586.4820,-0.00577,-0.02858,-0.00115,0.00000,0.00000,-0.129,-0.009,0
586.5340,-0.00577,-0.02856,-0.00115,0.00000,0.00000,-0.129,-0.009,0
586.5860,-0.00577,-0.02855,-0.00115,0.00000,0.00000,-0.129,-0.009,0
586.6380,-0.00577,-0.02854,-0.00115,0.00000,0.00000,-0.129,-0.009,0
586.6900,-0.00576,-0.02853,-0.00115,0.00000,0.00000,-0.129,-0.009,0
586.7420,-0.00576,-0.02852,-0.00115,0.00000,0.00000,-0.129,-0.009,0
586.7940,-0.00576,-0.02852,-0.00115,0.00000,0.00000,-0.129,-0.009,0
586.8460,-0.00576,-0.02850,-0.00115,0.00000,0.00000,-0.129,-0.009,0
586.8980,-0.00576,-0.02848,-0.00115,0.00000,0.00000,-0.129,-0.009,0
586.9500,-0.00575,-0.02846,-0.00115,0.00000,0.00000,-0.128,-0.009,0
587.0020,-0.00575,-0.02844,-0.00115,0.00000,0.00000,-0.128,-0.009,0
587.0540,-0.00575,-0.02844,-0.00115,0.00000,0.00000,-0.128,-0.009,0
587.1060,-0.00575,-0.02842,-0.00115,0.00000,0.00000,-0.128,-0.009,0
587.1580,-0.00575,-0.02842,-0.00115,0.00000,0.00000,-0.128,-0.009,0
587.2100,-0.00575,-0.02842,-0.00115,0.00000,0.00000,-0.128,-0.009,0
587.2620,-0.00575,-0.02841,-0.00115,0.00000,0.00000,-0.128,-0.009,0
587.3140,-0.00575,-0.02841,-0.00115,0.00000,0.00000,-0.128,-0.009,0
587.3660,-0.00575,-0.02840,-0.00115,0.00000,0.00000,-0.128,-0.009,0
587.4180,-0.00574,-0.02839,-0.00115,0.00000,0.00000,-0.128,-0.009,0
587.4700,-0.00574,-0.02838,-0.00115,0.00000,0.00000,-0.128,-0.009,0
587.5220,-0.00574,-0.02838,-0.00115,0.00000,0.00000,-0.128,-0.009,0
587.5740,-0.00575,-0.02839,-0.00115,0.00000,0.00000,-0.128,-0.009,0
587.6260,-0.00575,-0.02839,-0.00115,0.00000,0.00000,-0.128,-0.009,0
587.6780,-0.00575,-0.02841,-0.00115,0.00000,0.00000,-0.128,-0.009,0
587.7300,-0.00576,-0.02843,-0.00115,0.00000,0.00000,-0.128,-0.009,0
587.7820,-0.00576,-0.02844,-0.00115,0.00000,0.00000,-0.128,-0.009,0
587.8340,-0.00576,-0.02846,-0.00115,0.00000,0.00000,-0.128,-0.009,0
587.8860,-0.00577,-0.02847,-0.00115,0.00000,0.00000,-0.128,-0.009,0
587.9380,-0.00577,-0.02849,-0.00115,0.00000,0.00000,-0.128,-0.009,0
587.9900,-0.00578,-0.02852,-0.00115,0.00000,0.00000,-0.128,-0.009,0
588.0420,-0.00579,-0.02854,-0.00115,0.00000,0.00000,-0.129,-0.009,0
588.0940,-0.00579,-0.02856,-0.00115,0.00000,0.00000,-0.129,-0.009,0
588.1460,-0.00580,-0.02859,-0.00115,0.00000,0.00000,-0.129,-0.009,0
588.1980,-0.00580,-0.02860,-0.00115,0.00000,0.00000,-0.129,-0.009,0
588.2500,-0.00580,-0.02861,-0.00115,0.00000,0.00000,-0.129,-0.009,0
588.3020,-0.00580,-0.02861,-0.00115,0.00000,0.00000,-0.129,-0.009,0
588.3540,-0.00580,-0.02860,-0.00115,0.00000,0.00000,-0.129,-0.009,0
588.4060,-0.00580,-0.02861,-0.00115,0.00000,0.00000,-0.129,-0.009,0
588.4580,-0.00580,-0.02860,-0.00115,0.00000,0.00000,-0.129,-0.009,0
588.5100,-0.00580,-0.02860,-0.00115,0.00000,0.00000,-0.129,-0.009,0
588.5620,-0.00580,-0.02861,-0.00115,0.00000,0.00000,-0.129,-0.009,0
588.6140,-0.00580,-0.02862,-0.00115,0.00000,0.00000,-0.129,-0.009,0
588.6660,-0.00580,-0.02861,-0.00115,0.00000,0.00000,-0.129,-0.009,0
588.7180,-0.00579,-0.02860,-0.00115,0.00000,0.00000,-0.129,-0.009,0
588.7700,-0.00579,-0.02860,-0.00115,0.00000,0.00000,-0.129,-0.009,0
588.8220,-0.00579,-0.02859,-0.00115,0.00000,0.00000,-0.129,-0.009,0
588.8740,-0.00579,-0.02859,-0.00115,0.00000,0.00000,-0.129,-0.009,0
588.9260,-0.00578,-0.02857,-0.00115,0.00000,0.00000,-0.129,-0.009,0
588.9780,-0.00578,-0.02855,-0.00115,0.00000,0.00000,-0.129,-0.009,0
589.0300,-0.00577,-0.02853,-0.00115,0.00000,0.00000,-0.128,-0.009,0
589.0820,-0.00577,-0.02851,-0.00115,0.00000,0.00000,-0.128,-0.009,0
589.1340,-0.00576,-0.02849,-0.00115,0.00000,0.00000,-0.128,-0.009,0
589.1860,-0.00576,-0.02845,-0.00115,0.00000,0.00000,-0.128,-0.009,0
589.2380,-0.00575,-0.02844,-0.00115,0.00000,0.00000,-0.128,-0.009,0
589.2900,-0.00575,-0.02842,-0.00115,0.00000,0.00000,-0.128,-0.009,0
589.3420,-0.00574,-0.02839,-0.00115,0.00000,0.00000,-0.128,-0.009,0
589.3940,-0.00574,-0.02836,-0.00115,0.00000,0.00000,-0.128,-0.009,0
589.4460,-0.00573,-0.02834,-0.00115,0.00000,0.00000,-0.128,-0.009,0
589.4980,-0.00573,-0.02832,-0.00115,0.00000,0.00000,-0.127,-0.009,0
589.5500,-0.00572,-0.02830,-0.00115,0.00000,0.00000,-0.127,-0.009,0
589.6020,-0.00572,-0.02829,-0.00115,0.00000,0.00000,-0.127,-0.009,0
589.6540,-0.00572,-0.02826,-0.00115,0.00000,0.00000,-0.127,-0.009,0
589.7060,-0.00571,-0.02823,-0.00115,0.00000,0.00000,-0.127,-0.009,0
589.7580,-0.00570,-0.02820,-0.00115,0.00000,0.00000,-0.127,-0.009,0
589.8100,-0.00570,-0.02817,-0.00115,0.00000,0.00000,-0.127,-0.009,0
589.8620,-0.00569,-0.02814,-0.00115,0.00000,0.00000,-0.127,-0.009,0
589.9140,-0.00569,-0.02811,-0.00115,0.00000,0.00000,-0.126,-0.009,0
589.9660,-0.00568,-0.02809,-0.00115,0.00000,0.00000,-0.126,-0.009,0
590.0180,-0.00568,-0.02807,-0.00115,0.00000,0.00000,-0.126,-0.009,0
590.0700,-0.00567,-0.02803,-0.00115,0.00000,0.00000,-0.126,-0.009,0
590.1220,-0.00566,-0.02800,-0.00115,0.00000,0.00000,-0.126,-0.009,0
590.1740,-0.00566,-0.02797,-0.00115,0.00000,0.00000,-0.126,-0.009,0
590.2260,-0.00565,-0.02794,-0.00115,0.00000,0.00000,-0.126,-0.009,0
590.2780,-0.00565,-0.02793,-0.00115,0.00000,0.00000,-0.125,-0.009,0
590.3300,-0.00565,-0.02793,-0.00115,0.00000,0.00000,-0.125,-0.009,0
590.3820,-0.00565,-0.02793,-0.00115,0.00000,0.00000,-0.125,-0.009,0
590.4340,-0.00566,-0.02793,-0.00115,0.00000,0.00000,-0.125,-0.009,0
590.4860,-0.00566,-0.02793,-0.00115,0.00000,0.00000,-0.125,-0.009,0
590.5380,-0.00566,-0.02795,-0.00115,0.00000,0.00000,-0.125,-0.009,0
590.5900,-0.00566,-0.02795,-0.00115,0.00000,0.00000,-0.125,-0.009,0
590.6420,-0.00567,-0.02795,-0.00115,0.00000,0.00000,-0.125,-0.009,0
590.6940,-0.00566,-0.02794,-0.00115,0.00000,0.00000,-0.125,-0.009,0
590.7460,-0.00566,-0.02792,-0.00115,0.00000,0.00000,-0.125,-0.009,0
590.7980,-0.00566,-0.02791,-0.00115,0.00000,0.00000,-0.125,-0.009,0
590.8500,-0.00566,-0.02790,-0.00115,0.00000,0.00000,-0.125,-0.009,0
590.9020,-0.00565,-0.02788,-0.00115,0.00000,0.00000,-0.125,-0.009,0
590.9540,-0.00565,-0.02787,-0.00115,0.00000,0.00000,-0.125,-0.009,0
591.0060,-0.00565,-0.02788,-0.00115,0.00000,0.00000,-0.125,-0.009,0
591.0580,-0.00565,-0.02787,-0.00115,0.00000,0.00000,-0.125,-0.009,0
591.1100,-0.00565,-0.02787,-0.00115,0.00000,0.00000,-0.125,-0.009,0
591.1620,-0.00566,-0.02788,-0.00115,0.00000,0.00000,-0.125,-0.009,0
591.2140,-0.00566,-0.02790,-0.00115,0.00000,0.00000,-0.125,-0.009,0
591.2660,-0.00566,-0.02791,-0.00115,0.00000,0.00000,-0.125,-0.009,0
591.3180,-0.00566,-0.02791,-0.00115,0.00000,0.00000,-0.125,-0.009,0
591.3700,-0.00566,-0.02790,-0.00115,0.00000,0.00000,-0.125,-0.009,0
591.4220,-0.00566,-0.02788,-0.00115,0.00000,0.00000,-0.125,-0.009,0
591.4740,-0.00565,-0.02786,-0.00115,0.00000,0.00000,-0.125,-0.009,0
591.5260,-0.00565,-0.02784,-0.00115,0.00000,0.00000,-0.125,-0.009,0
591.5780,-0.00564,-0.02781,-0.00115,0.00000,0.00000,-0.124,-0.009,0
591.6300,-0.00563,-0.02778,-0.00115,0.00000,0.00000,-0.124,-0.009,0
591.6820,-0.00563,-0.02775,-0.00115,0.00000,0.00000,-0.124,-0.009,0
591.7340,-0.00562,-0.02772,-0.00115,0.00000,0.00000,-0.124,-0.009,0
591.7860,-0.00561,-0.02769,-0.00115,0.00000,0.00000,-0.124,-0.009,0
591.8380,-0.00561,-0.02766,-0.00115,0.00000,0.00000,-0.124,-0.009,0
591.8900,-0.00560,-0.02762,-0.00115,0.00000,0.00000,-0.123,-0.009,0
591.9420,-0.00559,-0.02758,-0.00115,0.00000,0.00000,-0.123,-0.009,0
591.9940,-0.00558,-0.02754,-0.00115,0.00000,0.00000,-0.123,-0.009,0
592.0460,-0.00557,-0.02750,-0.00115,0.00000,0.00000,-0.123,-0.009,0
592.0980,-0.00556,-0.02745,-0.00115,0.00000,0.00000,-0.123,-0.009,0
592.1500,-0.00555,-0.02739,-0.00115,0.00000,0.00000,-0.122,-0.009,0
592.2020,-0.00554,-0.02734,-0.00115,0.00000,0.00000,-0.122,-0.009,0
592.2540,-0.00553,-0.02730,-0.00115,0.00000,0.00000,-0.122,-0.009,0
592.3060,-0.00552,-0.02726,-0.00115,0.00000,0.00000,-0.122,-0.009,0
592.3580,-0.00552,-0.02723,-0.00115,0.00000,0.00000,-0.121,-0.009,0
592.4100,-0.00551,-0.02720,-0.00115,0.00000,0.00000,-0.121,-0.009,0
592.4620,-0.00551,-0.02719,-0.00115,0.00000,0.00000,-0.121,-0.009,0
592.5140,-0.00551,-0.02719,-0.00115,0.00000,0.00000,-0.121,-0.009,0
592.5660,-0.00552,-0.02719,-0.00115,0.00000,0.00000,-0.121,-0.009,0
592.6180,-0.00552,-0.02720,-0.00115,0.00000,0.00000,-0.121,-0.009,0
592.6700,-0.00552,-0.02721,-0.00115,0.00000,0.00000,-0.121,-0.009,0
592.7220,-0.00553,-0.02723,-0.00115,0.00000,0.00000,-0.121,-0.009,0
592.7740,-0.00554,-0.02725,-0.00115,0.00000,0.00000,-0.121,-0.009,0
592.8260,-0.00555,-0.02728,-0.00115,0.00000,0.00000,-0.121,-0.009,0
592.8780,-0.00555,-0.02730,-0.00115,0.00000,0.00000,-0.121,-0.009,0
592.9300,-0.00555,-0.02731,-0.00115,0.00000,0.00000,-0.121,-0.009,0
592.9820,-0.00556,-0.02731,-0.00115,0.00000,0.00000,-0.121,-0.009,0
593.0340,-0.00555,-0.02731,-0.00115,0.00000,0.00000,-0.121,-0.009,0
593.0860,-0.00555,-0.02730,-0.00115,0.00000,0.00000,-0.121,-0.009,0
593.1380,-0.00555,-0.02730,-0.00115,0.00000,0.00000,-0.121,-0.009,0
593.1900,-0.00555,-0.02730,-0.00115,0.00000,0.00000,-0.121,-0.009,0
593.2420,-0.00555,-0.02728,-0.00115,0.00000,0.00000,-0.121,-0.009,0
593.2940,-0.00554,-0.02726,-0.00115,0.00000,0.00000,-0.121,-0.009,0
593.3460,-0.00554,-0.02725,-0.00115,0.00000,0.00000,-0.121,-0.009,0
593.3980,-0.00554,-0.02726,-0.00115,0.00000,0.00000,-0.121,-0.009,0
593.4500,-0.00554,-0.02725,-0.00115,0.00000,0.00000,-0.121,-0.009,0
593.5020,-0.00553,-0.02721,-0.00115,0.00000,0.00000,-0.121,-0.009,0
593.5540,-0.00553,-0.02718,-0.00115,0.00000,0.00000,-0.121,-0.009,0
593.6060,-0.00552,-0.02716,-0.00115,0.00000,0.00000,-0.120,-0.009,0
593.6580,-0.00551,-0.02712,-0.00115,0.00000,0.00000,-0.120,-0.009,0
593.7100,-0.00550,-0.02708,-0.00115,0.00000,0.00000,-0.120,-0.009,0
593.7620,-0.00549,-0.02702,-0.00115,0.00000,0.00000,-0.120,-0.009,0
593.8140,-0.00548,-0.02698,-0.00115,0.00000,0.00000,-0.120,-0.009,0
593.8660,-0.00547,-0.02694,-0.00115,0.00000,0.00000,-0.119,-0.009,0
593.9180,-0.00547,-0.02691,-0.00115,0.00000,0.00000,-0.119,-0.009,0
593.9700,-0.00546,-0.02687,-0.00115,0.00000,0.00000,-0.119,-0.009,0
594.0220,-0.00545,-0.02684,-0.00115,0.00000,0.00000,-0.119,-0.009,0
594.0740,-0.00545,-0.02681,-0.00115,0.00000,0.00000,-0.119,-0.009,0
594.1260,-0.00544,-0.02678,-0.00115,0.00000,0.00000,-0.119,-0.009,0
594.1780,-0.00543,-0.02675,-0.00115,0.00000,0.00000,-0.118,-0.009,0
594.2300,-0.00543,-0.02672,-0.00115,0.00000,0.00000,-0.118,-0.009,0
594.2820,-0.00542,-0.02669,-0.00115,0.00000,0.00000,-0.118,-0.009,0
594.3340,-0.00542,-0.02668,-0.00115,0.00000,0.00000,-0.118,-0.009,0
594.3860,-0.00542,-0.02668,-0.00115,0.00000,0.00000,-0.118,-0.009,0
594.4380,-0.00543,-0.02668,-0.00115,0.00000,0.00000,-0.118,-0.009,0
594.4900,-0.00542,-0.02667,-0.00115,0.00000,0.00000,-0.118,-0.009,0
594.5420,-0.00542,-0.02664,-0.00115,0.00000,0.00000,-0.118,-0.009,0
594.5940,-0.00541,-0.02661,-0.00115,0.00000,0.00000,-0.117,-0.009,0
594.6460,-0.00541,-0.02658,-0.00115,0.00000,0.00000,-0.117,-0.009,0
594.6980,-0.00540,-0.02654,-0.00115,0.00000,0.00000,-0.117,-0.009,0
594.7500,-0.00539,-0.02650,-0.00115,0.00000,0.00000,-0.117,-0.009,0
594.8020,-0.00538,-0.02646,-0.00115,0.00000,0.00000,-0.117,-0.009,0
594.8540,-0.00538,-0.02643,-0.00115,0.00000,0.00000,-0.116,-0.009,0
594.9060,-0.00538,-0.02642,-0.00115,0.00000,0.00000,-0.116,-0.009,0
594.9580,-0.00538,-0.02641,-0.00115,0.00000,0.00000,-0.116,-0.009,0
595.0100,-0.00537,-0.02640,-0.00115,0.00000,0.00000,-0.116,-0.009,0
595.0620,-0.00537,-0.02637,-0.00115,0.00000,0.00000,-0.116,-0.009,0
595.1140,-0.00536,-0.02634,-0.00115,0.00000,0.00000,-0.116,-0.009,0
595.1660,-0.00536,-0.02631,-0.00115,0.00000,0.00000,-0.116,-0.009,0
595.2180,-0.00535,-0.02627,-0.00115,0.00000,0.00000,-0.115,-0.009,0
595.2700,-0.00535,-0.02625,-0.00115,0.00000,0.00000,-0.115,-0.009,0
595.3220,-0.00534,-0.02623,-0.00115,0.00000,0.00000,-0.115,-0.009,0
595.3740,-0.00534,-0.02622,-0.00115,0.00000,0.00000,-0.115,-0.009,0
595.4260,-0.00534,-0.02622,-0.00115,0.00000,0.00000,-0.115,-0.009,0
595.4780,-0.00535,-0.02622,-0.00115,0.00000,0.00000,-0.115,-0.009,0
595.5300,-0.00535,-0.02623,-0.00115,0.00000,0.00000,-0.115,-0.009,0
595.5820,-0.00535,-0.02623,-0.00115,0.00000,0.00000,-0.115,-0.009,0
595.6340,-0.00535,-0.02623,-0.00115,0.00000,0.00000,-0.115,-0.009,0
595.6860,-0.00535,-0.02623,-0.00115,0.00000,0.00000,-0.115,-0.009,0
595.7380,-0.00535,-0.02621,-0.00115,0.00000,0.00000,-0.115,-0.009,0
595.7900,-0.00535,-0.02621,-0.00115,0.00000,0.00000,-0.115,-0.009,0
595.8420,-0.00535,-0.02620,-0.00115,0.00000,0.00000,-0.115,-0.009,0
595.8940,-0.00534,-0.02617,-0.00115,0.00000,0.00000,-0.115,-0.009,0
595.9460,-0.00533,-0.02614,-0.00115,0.00000,0.00000,-0.114,-0.009,0
595.9980,-0.00533,-0.02612,-0.00115,0.00000,0.00000,-0.114,-0.009,0
596.0500,-0.00533,-0.02611,-0.00115,0.00000,0.00000,-0.114,-0.009,0
596.1020,-0.00533,-0.02610,-0.00115,0.00000,0.00000,-0.114,-0.009,0
596.1540,-0.00532,-0.02608,-0.00115,0.00000,0.00000,-0.114,-0.009,0
596.2060,-0.00532,-0.02608,-0.00115,0.00000,0.00000,-0.114,-0.009,0
596.2580,-0.00533,-0.02609,-0.00115,0.00000,0.00000,-0.114,-0.009,0
596.3100,-0.00533,-0.02610,-0.00115,0.00000,0.00000,-0.114,-0.009,0
596.3620,-0.00533,-0.02611,-0.00115,0.00000,0.00000,-0.114,-0.009,0
596.4140,-0.00533,-0.02612,-0.00115,0.00000,0.00000,-0.114,-0.009,0
596.4660,-0.00534,-0.02612,-0.00115,0.00000,0.00000,-0.114,-0.009,0
596.5180,-0.00534,-0.02613,-0.00115,0.00000,0.00000,-0.114,-0.009,0
596.5700,-0.00534,-0.02614,-0.00115,0.00000,0.00000,-0.114,-0.009,0
596.6220,-0.00534,-0.02615,-0.00115,0.00000,0.00000,-0.114,-0.009,0
596.6740,-0.00535,-0.02616,-0.00115,0.00000,0.00000,-0.114,-0.009,0
596.7260,-0.00535,-0.02616,-0.00115,0.00000,0.00000,-0.114,-0.009,0
596.7780,-0.00535,-0.02618,-0.00115,0.00000,0.00000,-0.114,-0.009,0
596.8300,-0.00535,-0.02619,-0.00115,0.00000,0.00000,-0.114,-0.009,0
596.8820,-0.00536,-0.02620,-0.00115,0.00000,0.00000,-0.114,-0.009,0
596.9340,-0.00536,-0.02621,-0.00115,0.00000,0.00000,-0.114,-0.009,0
596.9860,-0.00536,-0.02622,-0.00115,0.00000,0.00000,-0.114,-0.009,0
597.0380,-0.00536,-0.02624,-0.00115,0.00000,0.00000,-0.114,-0.009,0
597.0900,-0.00537,-0.02627,-0.00115,0.00000,0.00000,-0.114,-0.009,0
597.1420,-0.00538,-0.02631,-0.00115,0.00000,0.00000,-0.115,-0.009,0
597.1940,-0.00539,-0.02635,-0.00115,0.00000,0.00000,-0.115,-0.009,0
597.2460,-0.00540,-0.02638,-0.00115,0.00000,0.00000,-0.115,-0.009,0
597.2980,-0.00540,-0.02640,-0.00115,0.00000,0.00000,-0.115,-0.009,0
597.3500,-0.00540,-0.02642,-0.00115,0.00000,0.00000,-0.115,-0.009,0
597.4020,-0.00540,-0.02642,-0.00115,0.00000,0.00000,-0.115,-0.009,0
597.4540,-0.00540,-0.02642,-0.00115,0.00000,0.00000,-0.115,-0.009,0
597.5060,-0.00540,-0.02642,-0.00115,0.00000,0.00000,-0.115,-0.009,0
597.5580,-0.00540,-0.02641,-0.00115,0.00000,0.00000,-0.115,-0.009,0
597.6100,-0.00540,-0.02640,-0.00115,0.00000,0.00000,-0.115,-0.009,0
597.6620,-0.00539,-0.02639,-0.00115,0.00000,0.00000,-0.115,-0.009,0
597.7140,-0.00539,-0.02639,-0.00115,0.00000,0.00000,-0.115,-0.009,0
597.7660,-0.00539,-0.02639,-0.00115,0.00000,0.00000,-0.115,-0.009,0
597.8180,-0.00539,-0.02640,-0.00115,0.00000,0.00000,-0.115,-0.009,0
597.8700,-0.00539,-0.02640,-0.00115,0.00000,0.00000,-0.115,-0.009,0
597.9220,-0.00539,-0.02641,-0.00115,0.00000,0.00000,-0.115,-0.009,0
597.9740,-0.00539,-0.02642,-0.00115,0.00000,0.00000,-0.115,-0.009,0
598.0260,-0.00540,-0.02643,-0.00115,0.00000,0.00000,-0.115,-0.009,0
598.0780,-0.00540,-0.02643,-0.00115,0.00000,0.00000,-0.115,-0.009,0
598.1300,-0.00540,-0.02644,-0.00115,0.00000,0.00000,-0.115,-0.009,0
598.1820,-0.00540,-0.02644,-0.00115,0.00000,0.00000,-0.115,-0.009,0
598.2340,-0.00540,-0.02644,-0.00115,0.00000,0.00000,-0.115,-0.009,0
598.2860,-0.00540,-0.02644,-0.00115,0.00000,0.00000,-0.115,-0.009,0
598.3380,-0.00540,-0.02644,-0.00115,0.00000,0.00000,-0.115,-0.009,0
598.3900,-0.00539,-0.02643,-0.00115,0.00000,0.00000,-0.115,-0.009,0
598.4420,-0.00539,-0.02642,-0.00115,0.00000,0.00000,-0.115,-0.009,0
598.4940,-0.00539,-0.02640,-0.00115,0.00000,0.00000,-0.115,-0.009,0
598.5460,-0.00538,-0.02638,-0.00115,0.00000,0.00000,-0.115,-0.009,0
598.5980,-0.00538,-0.02637,-0.00115,0.00000,0.00000,-0.115,-0.009,0
598.6500,-0.00538,-0.02636,-0.00115,0.00000,0.00000,-0.115,-0.009,0
598.7020,-0.00538,-0.02636,-0.00115,0.00000,0.00000,-0.115,-0.009,0
598.7540,-0.00538,-0.02637,-0.00115,0.00000,0.00000,-0.115,-0.009,0
598.8060,-0.00538,-0.02638,-0.00115,0.00000,0.00000,-0.115,-0.009,0
598.8580,-0.00538,-0.02639,-0.00115,0.00000,0.00000,-0.115,-0.009,0
598.9100,-0.00539,-0.02640,-0.00115,0.00000,0.00000,-0.115,-0.009,0
598.9620,-0.00539,-0.02644,-0.00115,0.00000,0.00000,-0.115,-0.009,0
599.0140,-0.00540,-0.02647,-0.00115,0.00000,0.00000,-0.115,-0.009,0
599.0660,-0.00541,-0.02650,-0.00115,0.00000,0.00000,-0.115,-0.009,0
599.1180,-0.00542,-0.02653,-0.00115,0.00000,0.00000,-0.116,-0.009,0
599.1700,-0.00542,-0.02655,-0.00115,0.00000,0.00000,-0.116,-0.009,0
599.2220,-0.00543,-0.02658,-0.00115,0.00000,0.00000,-0.116,-0.009,0
599.2740,-0.00544,-0.02662,-0.00115,0.00000,0.00000,-0.116,-0.009,0
599.3260,-0.00545,-0.02666,-0.00115,0.00000,0.00000,-0.116,-0.009,0
599.3780,-0.00546,-0.02670,-0.00115,0.00000,0.00000,-0.116,-0.009,0
599.4300,-0.00546,-0.02673,-0.00115,0.00000,0.00000,-0.117,-0.009,0
599.4820,-0.00546,-0.02674,-0.00115,0.00000,0.00000,-0.117,-0.009,0
599.5340,-0.00546,-0.02675,-0.00115,0.00000,0.00000,-0.117,-0.009,0
599.5860,-0.00546,-0.02674,-0.00115,0.00000,0.00000,-0.117,-0.009,0
599.6380,-0.00546,-0.02672,-0.00115,0.00000,0.00000,-0.117,-0.009,0
599.6900,-0.00545,-0.02671,-0.00115,0.00000,0.00000,-0.117,-0.009,0
599.7420,-0.00545,-0.02671,-0.00115,0.00000,0.00000,-0.117,-0.009,0
599.7940,-0.00545,-0.02672,-0.00115,0.00000,0.00000,-0.117,-0.009,0
599.8460,-0.00545,-0.02672,-0.00115,0.00000,0.00000,-0.117,-0.009,0
599.8980,-0.00545,-0.02673,-0.00115,0.00000,0.00000,-0.117,-0.009,0
599.9500,-0.00545,-0.02674,-0.00115,0.00000,0.00000,-0.117,-0.009,0
600.0020,-0.00545,-0.02674,-0.00115,0.00000,0.00000,-0.117,-0.009,0
600.0540,-0.00545,-0.02674,-0.00115,0.00000,0.00000,-0.117,-0.009,0
600.1060,-0.00545,-0.02673,-0.00115,0.00000,0.00000,-0.117,-0.009,0
600.1580,-0.00544,-0.02671,-0.00115,0.00000,0.00000,-0.117,-0.009,0
600.2100,-0.00544,-0.02668,-0.00115,0.00000,0.00000,-0.117,-0.009,0
600.2620,-0.00544,-0.02667,-0.00115,0.00000,0.00000,-0.117,-0.009,0
600.3140,-0.00543,-0.02666,-0.00115,0.00000,0.00000,-0.117,-0.009,0
600.3660,-0.00543,-0.02664,-0.00115,0.00000,0.00000,-0.117,-0.009,0
600.4180,-0.00542,-0.02662,-0.00115,0.00000,0.00000,-0.116,-0.009,0
600.4700,-0.00542,-0.02661,-0.00115,0.00000,0.00000,-0.116,-0.009,0
600.5220,-0.00542,-0.02662,-0.00115,0.00000,0.00000,-0.116,-0.009,0
600.5740,-0.00542,-0.02663,-0.00115,0.00000,0.00000,-0.117,-0.009,0
600.6260,-0.00542,-0.02663,-0.00115,0.00000,0.00000,-0.117,-0.009,0
600.6780,-0.00543,-0.02664,-0.00115,0.00000,0.00000,-0.117,-0.009,0
600.7300,-0.00543,-0.02664,-0.00115,0.00000,0.00000,-0.117,-0.009,0
600.7820,-0.00543,-0.02663,-0.00115,0.00000,0.00000,-0.117,-0.009,0
600.8340,-0.00543,-0.02663,-0.00115,0.00000,0.00000,-0.117,-0.009,0
600.8860,-0.00543,-0.02663,-0.00115,0.00000,0.00000,-0.117,-0.009,0
600.9380,-0.00543,-0.02664,-0.00115,0.00000,0.00000,-0.117,-0.009,0
600.9900,-0.00543,-0.02666,-0.00115,0.00000,0.00000,-0.117,-0.009,0
601.0420,-0.00544,-0.02668,-0.00115,0.00000,0.00000,-0.117,-0.009,0
601.0940,-0.00544,-0.02670,-0.00115,0.00000,0.00000,-0.117,-0.009,0
601.1460,-0.00545,-0.02671,-0.00115,0.00000,0.00000,-0.117,-0.009,0
601.1980,-0.00545,-0.02671,-0.00115,0.00000,0.00000,-0.117,-0.009,0
601.2500,-0.00545,-0.02671,-0.00115,0.00000,0.00000,-0.117,-0.009,0
601.3020,-0.00544,-0.02671,-0.00115,0.00000,0.00000,-0.117,-0.009,0
601.3540,-0.00544,-0.02670,-0.00115,0.00000,0.00000,-0.117,-0.009,0
601.4060,-0.00544,-0.02669,-0.00115,0.00000,0.00000,-0.117,-0.009,0
601.4580,-0.00544,-0.02670,-0.00115,0.00000,0.00000,-0.117,-0.009,0
601.5100,-0.00544,-0.02671,-0.00115,0.00000,0.00000,-0.117,-0.009,0
601.5620,-0.00545,-0.02671,-0.00115,0.00000,0.00000,-0.117,-0.009,0
601.6140,-0.00545,-0.02672,-0.00115,0.00000,0.00000,-0.117,-0.009,0
601.6660,-0.00545,-0.02673,-0.00115,0.00000,0.00000,-0.117,-0.009,0
601.7180,-0.00545,-0.02674,-0.00115,0.00000,0.00000,-0.117,-0.009,0
601.7700,-0.00545,-0.02674,-0.00115,0.00000,0.00000,-0.117,-0.009,0
601.8220,-0.00545,-0.02674,-0.00115,0.00000,0.00000,-0.117,-0.009,0
601.8740,-0.00545,-0.02673,-0.00115,0.00000,0.00000,-0.117,-0.009,0
601.9260,-0.00544,-0.02671,-0.00115,0.00000,0.00000,-0.117,-0.009,0
601.9780,-0.00544,-0.02669,-0.00115,0.00000,0.00000,-0.117,-0.009,0
602.0300,-0.00543,-0.02666,-0.00115,0.00000,0.00000,-0.117,-0.009,0
602.0820,-0.00543,-0.02664,-0.00115,0.00000,0.00000,-0.117,-0.009,0
602.1340,-0.00542,-0.02662,-0.00115,0.00000,0.00000,-0.117,-0.009,0
602.1860,-0.00542,-0.02659,-0.00115,0.00000,0.00000,-0.117,-0.009,0
602.2380,-0.00541,-0.02657,-0.00115,0.00000,0.00000,-0.116,-0.009,0
602.2900,-0.00541,-0.02656,-0.00115,0.00000,0.00000,-0.116,-0.009,0
602.3420,-0.00541,-0.02654,-0.00115,0.00000,0.00000,-0.116,-0.009,0
602.3940,-0.00540,-0.02652,-0.00115,0.00000,0.00000,-0.116,-0.009,0
602.4460,-0.00540,-0.02653,-0.00115,0.00000,0.00000,-0.116,-0.009,0
602.4980,-0.00540,-0.02652,-0.00115,0.00000,0.00000,-0.116,-0.009,0
602.5500,-0.00540,-0.02652,-0.00115,0.00000,0.00000,-0.116,-0.009,0
602.6020,-0.00540,-0.02650,-0.00115,0.00000,0.00000,-0.116,-0.009,0
602.6540,-0.00540,-0.02648,-0.00115,0.00000,0.00000,-0.116,-0.009,0
602.7060,-0.00539,-0.02645,-0.00115,0.00000,0.00000,-0.116,-0.009,0
602.7580,-0.00538,-0.02642,-0.00115,0.00000,0.00000,-0.116,-0.009,0
602.8100,-0.00538,-0.02640,-0.00115,0.00000,0.00000,-0.116,-0.009,0
602.8620,-0.00538,-0.02639,-0.00115,0.00000,0.00000,-0.116,-0.009,0
602.9140,-0.00538,-0.02639,-0.00115,0.00000,0.00000,-0.116,-0.009,0
602.9660,-0.00537,-0.02638,-0.00115,0.00000,0.00000,-0.115,-0.009,0
603.0180,-0.00537,-0.02637,-0.00115,0.00000,0.00000,-0.115,-0.009,0
603.0700,-0.00537,-0.02636,-0.00115,0.00000,0.00000,-0.115,-0.009,0
603.1220,-0.00537,-0.02636,-0.00115,0.00000,0.00000,-0.115,-0.009,0
603.1740,-0.00537,-0.02634,-0.00115,0.00000,0.00000,-0.115,-0.009,0
603.2260,-0.00537,-0.02632,-0.00115,0.00000,0.00000,-0.115,-0.009,0
603.2780,-0.00536,-0.02629,-0.00115,0.00000,0.00000,-0.115,-0.009,0
603.3300,-0.00535,-0.02626,-0.00115,0.00000,0.00000,-0.115,-0.009,0
603.3820,-0.00535,-0.02624,-0.00115,0.00000,0.00000,-0.115,-0.009,0
603.4340,-0.00534,-0.02622,-0.00115,0.00000,0.00000,-0.115,-0.009,0
603.4860,-0.00534,-0.02621,-0.00115,0.00000,0.00000,-0.115,-0.009,0
603.5380,-0.00534,-0.02620,-0.00115,0.00000,0.00000,-0.115,-0.009,0
603.5900,-0.00534,-0.02619,-0.00115,0.00000,0.00000,-0.114,-0.009,0
603.6420,-0.00534,-0.02619,-0.00115,0.00000,0.00000,-0.114,-0.009,0
603.6940,-0.00535,-0.02621,-0.00115,0.00000,0.00000,-0.114,-0.009,0
603.7460,-0.00535,-0.02623,-0.00115,0.00000,0.00000,-0.115,-0.009,0
603.7980,-0.00536,-0.02625,-0.00115,0.00000,0.00000,-0.115,-0.009,0
603.8500,-0.00536,-0.02627,-0.00115,0.00000,0.00000,-0.115,-0.009,0
603.9020,-0.00536,-0.02628,-0.00115,0.00000,0.00000,-0.115,-0.009,0
603.9540,-0.00537,-0.02628,-0.00115,0.00000,0.00000,-0.115,-0.009,0
604.0060,-0.00537,-0.02628,-0.00115,0.00000,0.00000,-0.115,-0.009,0
604.0580,-0.00537,-0.02629,-0.00115,0.00000,0.00000,-0.115,-0.009,0
604.1100,-0.00537,-0.02628,-0.00115,0.00000,0.00000,-0.115,-0.009,0
604.1620,-0.00537,-0.02627,-0.00115,0.00000,0.00000,-0.115,-0.009,0
604.2140,-0.00536,-0.02626,-0.00115,0.00000,0.00000,-0.115,-0.009,0
604.2660,-0.00536,-0.02625,-0.00115,0.00000,0.00000,-0.115,-0.009,0
604.3180,-0.00536,-0.02625,-0.00115,0.00000,0.00000,-0.114,-0.009,0
604.3700,-0.00536,-0.02626,-0.00115,0.00000,0.00000,-0.114,-0.009,0
604.4220,-0.00536,-0.02626,-0.00115,0.00000,0.00000,-0.114,-0.009,0
604.4740,-0.00536,-0.02626,-0.00115,0.00000,0.00000,-0.114,-0.009,0
604.5260,-0.00536,-0.02625,-0.00115,0.00000,0.00000,-0.114,-0.009,0
604.5780,-0.00535,-0.02622,-0.00115,0.00000,0.00000,-0.114,-0.009,0
604.6300,-0.00535,-0.02620,-0.00115,0.00000,0.00000,-0.114,-0.009,0
604.6820,-0.00535,-0.02619,-0.00115,0.00000,0.00000,-0.114,-0.009,0
604.7340,-0.00534,-0.02617,-0.00115,0.00000,0.00000,-0.114,-0.009,0
604.7860,-0.00534,-0.02617,-0.00115,0.00000,0.00000,-0.114,-0.009,0
604.8380,-0.00534,-0.02616,-0.00115,0.00000,0.00000,-0.114,-0.009,0
604.8900,-0.00534,-0.02616,-0.00115,0.00000,0.00000,-0.114,-0.009,0
604.9420,-0.00534,-0.02616,-0.00115,0.00000,0.00000,-0.114,-0.009,0
604.9940,-0.00534,-0.02617,-0.00115,0.00000,0.00000,-0.114,-0.009,0
605.0460,-0.00535,-0.02618,-0.00115,0.00000,0.00000,-0.114,-0.009,0
605.0980,-0.00535,-0.02619,-0.00115,0.00000,0.00000,-0.114,-0.009,0
605.1500,-0.00535,-0.02620,-0.00115,0.00000,0.00000,-0.114,-0.009,0
605.2020,-0.00536,-0.02623,-0.00115,0.00000,0.00000,-0.114,-0.009,0
605.2540,-0.00536,-0.02624,-0.00115,0.00000,0.00000,-0.114,-0.009,0
605.3060,-0.00536,-0.02625,-0.00115,0.00000,0.00000,-0.114,-0.009,0
605.3580,-0.00536,-0.02625,-0.00115,0.00000,0.00000,-0.114,-0.009,0
605.4100,-0.00536,-0.02624,-0.00115,0.00000,0.00000,-0.114,-0.009,0
605.4620,-0.00536,-0.02623,-0.00115,0.00000,0.00000,-0.114,-0.009,0
605.5140,-0.00536,-0.02623,-0.00115,0.00000,0.00000,-0.114,-0.009,0
605.5660,-0.00536,-0.02624,-0.00115,0.00000,0.00000,-0.114,-0.009,0
605.6180,-0.00537,-0.02626,-0.00115,0.00000,0.00000,-0.114,-0.009,0
605.6700,-0.00537,-0.02628,-0.00115,0.00000,0.00000,-0.114,-0.009,0
605.7220,-0.00537,-0.02630,-0.00115,0.00000,0.00000,-0.114,-0.009,0
605.7740,-0.00538,-0.02631,-0.00115,0.00000,0.00000,-0.115,-0.009,0
605.8260,-0.00538,-0.02633,-0.00115,0.00000,0.00000,-0.115,-0.009,0
605.8780,-0.00538,-0.02635,-0.00115,0.00000,0.00000,-0.115,-0.009,0
605.9300,-0.00539,-0.02638,-0.00115,0.00000,0.00000,-0.115,-0.009,0
605.9820,-0.00539,-0.02639,-0.00115,0.00000,0.00000,-0.115,-0.009,0
606.0340,-0.00540,-0.02641,-0.00115,0.00000,0.00000,-0.115,-0.009,0
606.0860,-0.00540,-0.02642,-0.00115,0.00000,0.00000,-0.115,-0.009,0
606.1380,-0.00540,-0.02643,-0.00115,0.00000,0.00000,-0.115,-0.009,0
606.1900,-0.00540,-0.02642,-0.00115,0.00000,0.00000,-0.115,-0.009,0
606.2420,-0.00540,-0.02642,-0.00115,0.00000,0.00000,-0.115,-0.009,0
606.2940,-0.00540,-0.02643,-0.00115,0.00000,0.00000,-0.115,-0.009,0
606.3460,-0.00540,-0.02645,-0.00115,0.00000,0.00000,-0.115,-0.009,0
606.3980,-0.00541,-0.02647,-0.00115,0.00000,0.00000,-0.115,-0.009,0
606.4500,-0.00541,-0.02648,-0.00115,0.00000,0.00000,-0.115,-0.009,0
606.5020,-0.00541,-0.02649,-0.00115,0.00000,0.00000,-0.115,-0.009,0
606.5540,-0.00541,-0.02650,-0.00115,0.00000,0.00000,-0.115,-0.009,0
606.6060,-0.00541,-0.02650,-0.00115,0.00000,0.00000,-0.116,-0.009,0
606.6580,-0.00541,-0.02649,-0.00115,0.00000,0.00000,-0.115,-0.009,0
606.7100,-0.00541,-0.02649,-0.00115,0.00000,0.00000,-0.115,-0.009,0
606.7620,-0.00541,-0.02648,-0.00115,0.00000,0.00000,-0.115,-0.009,0
606.8140,-0.00540,-0.02648,-0.00115,0.00000,0.00000,-0.115,-0.009,0
606.8660,-0.00540,-0.02648,-0.00115,0.00000,0.00000,-0.115,-0.009,0
606.9180,-0.00540,-0.02648,-0.00115,0.00000,0.00000,-0.115,-0.009,0
606.9700,-0.00540,-0.02646,-0.00115,0.00000,0.00000,-0.115,-0.009,0
607.0220,-0.00539,-0.02644,-0.00115,0.00000,0.00000,-0.115,-0.009,0
607.0740,-0.00539,-0.02644,-0.00115,0.00000,0.00000,-0.115,-0.009,0
607.1260,-0.00539,-0.02643,-0.00115,0.00000,0.00000,-0.115,-0.009,0
607.1780,-0.00539,-0.02642,-0.00115,0.00000,0.00000,-0.115,-0.009,0
607.2300,-0.00539,-0.02641,-0.00115,0.00000,0.00000,-0.115,-0.009,0
607.2820,-0.00538,-0.02639,-0.00115,0.00000,0.00000,-0.115,-0.009,0
607.3340,-0.00538,-0.02638,-0.00115,0.00000,0.00000,-0.115,-0.009,0
607.3860,-0.00538,-0.02637,-0.00115,0.00000,0.00000,-0.115,-0.009,0
607.4380,-0.00537,-0.02636,-0.00115,0.00000,0.00000,-0.115,-0.009,0
607.4900,-0.00538,-0.02636,-0.00115,0.00000,0.00000,-0.115,-0.009,0
607.5420,-0.00538,-0.02636,-0.00115,0.00000,0.00000,-0.115,-0.009,0
607.5940,-0.00538,-0.02636,-0.00115,0.00000,0.00000,-0.115,-0.009,0
607.6460,-0.00538,-0.02636,-0.00115,0.00000,0.00000,-0.115,-0.009,0
607.6980,-0.00538,-0.02637,-0.00115,0.00000,0.00000,-0.115,-0.009,0
607.7500,-0.00538,-0.02638,-0.00115,0.00000,0.00000,-0.115,-0.009,0
607.8020,-0.00538,-0.02638,-0.00115,0.00000,0.00000,-0.115,-0.009,0
607.8540,-0.00538,-0.02639,-0.00115,0.00000,0.00000,-0.115,-0.009,0
607.9060,-0.00538,-0.02638,-0.00115,0.00000,0.00000,-0.115,-0.009,0
607.9580,-0.00538,-0.02637,-0.00115,0.00000,0.00000,-0.115,-0.009,0
608.0100,-0.00538,-0.02638,-0.00115,0.00000,0.00000,-0.115,-0.009,0
608.0620,-0.00538,-0.02638,-0.00115,0.00000,0.00000,-0.115,-0.009,0
608.1140,-0.00539,-0.02641,-0.00115,0.00000,0.00000,-0.115,-0.009,0
608.1660,-0.00540,-0.02644,-0.00115,0.00000,0.00000,-0.115,-0.009,0
608.2180,-0.00540,-0.02644,-0.00115,0.00000,0.00000,-0.115,-0.009,0
608.2700,-0.00540,-0.02645,-0.00115,0.00000,0.00000,-0.115,-0.009,0
608.3220,-0.00540,-0.02645,-0.00115,0.00000,0.00000,-0.115,-0.009,0
608.3740,-0.00540,-0.02646,-0.00115,0.00000,0.00000,-0.115,-0.009,0
608.4260,-0.00540,-0.02646,-0.00115,0.00000,0.00000,-0.115,-0.009,0
608.4780,-0.00540,-0.02646,-0.00115,0.00000,0.00000,-0.115,-0.009,0
608.5300,-0.00540,-0.02647,-0.00115,0.00000,0.00000,-0.115,-0.009,0
608.5820,-0.00541,-0.02649,-0.00115,0.00000,0.00000,-0.116,-0.009,0
608.6340,-0.00542,-0.02653,-0.00115,0.00000,0.00000,-0.116,-0.009,0
608.6860,-0.00542,-0.02655,-0.00115,0.00000,0.00000,-0.116,-0.009,0
608.7380,-0.00543,-0.02657,-0.00115,0.00000,0.00000,-0.116,-0.009,0
608.7900,-0.00543,-0.02659,-0.00115,0.00000,0.00000,-0.116,-0.009,0
608.8420,-0.00543,-0.02659,-0.00115,0.00000,0.00000,-0.116,-0.009,0
608.8940,-0.00543,-0.02658,-0.00115,0.00000,0.00000,-0.116,-0.009,0
608.9460,-0.00543,-0.02659,-0.00115,0.00000,0.00000,-0.116,-0.009,0
608.9980,-0.00543,-0.02661,-0.00115,0.00000,0.00000,-0.116,-0.009,0
609.0500,-0.00543,-0.02662,-0.00115,0.00000,0.00000,-0.116,-0.009,0
609.1020,-0.00544,-0.02663,-0.00115,0.00000,0.00000,-0.116,-0.009,0
609.1540,-0.00544,-0.02664,-0.00115,0.00000,0.00000,-0.116,-0.009,0
609.2060,-0.00544,-0.02666,-0.00115,0.00000,0.00000,-0.116,-0.009,0
609.2580,-0.00545,-0.02668,-0.00115,0.00000,0.00000,-0.116,-0.009,0
609.3100,-0.00545,-0.02670,-0.00115,0.00000,0.00000,-0.117,-0.009,0
609.3620,-0.00545,-0.02670,-0.00115,0.00000,0.00000,-0.117,-0.009,0
609.4140,-0.00545,-0.02671,-0.00115,0.00000,0.00000,-0.117,-0.009,0
609.4660,-0.00545,-0.02672,-0.00115,0.00000,0.00000,-0.117,-0.009,0
609.5180,-0.00545,-0.02671,-0.00115,0.00000,0.00000,-0.117,-0.009,0
609.5700,-0.00545,-0.02670,-0.00115,0.00000,0.00000,-0.117,-0.009,0
609.6220,-0.00544,-0.02668,-0.00115,0.00000,0.00000,-0.117,-0.009,0
609.6740,-0.00543,-0.02664,-0.00115,0.00000,0.00000,-0.116,-0.009,0
609.7260,-0.00542,-0.02661,-0.00115,0.00000,0.00000,-0.116,-0.009,0
609.7780,-0.00541,-0.02657,-0.00115,0.00000,0.00000,-0.116,-0.009,0
609.8300,-0.00540,-0.02653,-0.00115,0.00000,0.00000,-0.116,-0.009,0
609.8820,-0.00539,-0.02648,-0.00115,0.00000,0.00000,-0.116,-0.009,0
609.9340,-0.00539,-0.02645,-0.00115,0.00000,0.00000,-0.116,-0.009,0
609.9860,-0.00538,-0.02641,-0.00115,0.00000,0.00000,-0.116,-0.009,0
610.0380,-0.00537,-0.02637,-0.00115,0.00000,0.00000,-0.115,-0.009,0
610.0900,-0.00536,-0.02636,-0.00115,0.00000,0.00000,-0.115,-0.009,0
610.1420,-0.00537,-0.02636,-0.00115,0.00000,0.00000,-0.115,-0.009,0
610.1940,-0.00537,-0.02636,-0.00115,0.00000,0.00000,-0.115,-0.009,0
610.2460,-0.00537,-0.02637,-0.00115,0.00000,0.00000,-0.115,-0.009,0
610.2980,-0.00537,-0.02637,-0.00115,0.00000,0.00000,-0.115,-0.009,0
610.3500,-0.00538,-0.02639,-0.00115,0.00000,0.00000,-0.115,-0.009,0
610.4020,-0.00538,-0.02639,-0.00115,0.00000,0.00000,-0.115,-0.009,0
610.4540,-0.00538,-0.02641,-0.00115,0.00000,0.00000,-0.115,-0.009,0
610.5060,-0.00539,-0.02643,-0.00115,0.00000,0.00000,-0.116,-0.009,0
610.5580,-0.00540,-0.02646,-0.00115,0.00000,0.00000,-0.116,-0.009,0
610.6100,-0.00540,-0.02649,-0.00115,0.00000,0.00000,-0.116,-0.009,0
610.6620,-0.00541,-0.02652,-0.00115,0.00000,0.00000,-0.116,-0.009,0
610.7140,-0.00542,-0.02655,-0.00115,0.00000,0.00000,-0.116,-0.009,0
610.7660,-0.00543,-0.02658,-0.00115,0.00000,0.00000,-0.116,-0.009,0
610.8180,-0.00544,-0.02662,-0.00115,0.00000,0.00000,-0.116,-0.009,0
610.8700,-0.00545,-0.02667,-0.00115,0.00000,0.00000,-0.117,-0.009,0
610.9220,-0.00546,-0.02672,-0.00115,0.00000,0.00000,-0.117,-0.009,0
610.9740,-0.00547,-0.02677,-0.00115,0.00000,0.00000,-0.117,-0.009,0
611.0260,-0.00548,-0.02682,-0.00115,0.00000,0.00000,-0.117,-0.009,0
611.0780,-0.00549,-0.02687,-0.00115,0.00000,0.00000,-0.117,-0.009,0
611.1300,-0.00550,-0.02691,-0.00115,0.00000,0.00000,-0.118,-0.009,0
611.1820,-0.00551,-0.02696,-0.00115,0.00000,0.00000,-0.118,-0.009,0
611.2340,-0.00552,-0.02701,-0.00115,0.00000,0.00000,-0.118,-0.009,0
611.2860,-0.00553,-0.02705,-0.00115,0.00000,0.00000,-0.118,-0.009,0
611.3380,-0.00554,-0.02711,-0.00115,0.00000,0.00000,-0.119,-0.009,0
611.3900,-0.00555,-0.02716,-0.00115,0.00000,0.00000,-0.119,-0.009,0
611.4420,-0.00556,-0.02721,-0.00115,0.00000,0.00000,-0.119,-0.009,0
611.4940,-0.00557,-0.02725,-0.00115,0.00000,0.00000,-0.119,-0.009,0
611.5460,-0.00558,-0.02729,-0.00115,0.00000,0.00000,-0.120,-0.009,0
611.5980,-0.00558,-0.02732,-0.00115,0.00000,0.00000,-0.120,-0.009,0
611.6500,-0.00559,-0.02735,-0.00115,0.00000,0.00000,-0.120,-0.009,0
611.7020,-0.00559,-0.02739,-0.00115,0.00000,0.00000,-0.120,-0.009,0
611.7540,-0.00560,-0.02743,-0.00115,0.00000,0.00000,-0.120,-0.009,0
611.8060,-0.00561,-0.02748,-0.00115,0.00000,0.00000,-0.121,-0.009,0
611.8580,-0.00562,-0.02752,-0.00115,0.00000,0.00000,-0.121,-0.009,0
611.9100,-0.00562,-0.02756,-0.00115,0.00000,0.00000,-0.121,-0.009,0
611.9620,-0.00563,-0.02758,-0.00115,0.00000,0.00000,-0.121,-0.009,0
612.0140,-0.00563,-0.02760,-0.00115,0.00000,0.00000,-0.121,-0.009,0
612.0660,-0.00563,-0.02761,-0.00115,0.00000,0.00000,-0.121,-0.009,0
612.1180,-0.00563,-0.02762,-0.00115,0.00000,0.00000,-0.121,-0.009,0
612.1700,-0.00563,-0.02763,-0.00115,0.00000,0.00000,-0.122,-0.009,0
612.2220,-0.00563,-0.02764,-0.00115,0.00000,0.00000,-0.122,-0.009,0
612.2740,-0.00563,-0.02765,-0.00115,0.00000,0.00000,-0.122,-0.009,0
612.3260,-0.00563,-0.02765,-0.00115,0.00000,0.00000,-0.122,-0.009,0
612.3780,-0.00563,-0.02766,-0.00115,0.00000,0.00000,-0.122,-0.009,0
612.4300,-0.00563,-0.02767,-0.00115,0.00000,0.00000,-0.122,-0.009,0
612.4820,-0.00563,-0.02767,-0.00115,0.00000,0.00000,-0.122,-0.009,0
612.5340,-0.00563,-0.02766,-0.00115,0.00000,0.00000,-0.122,-0.009,0
612.5860,-0.00562,-0.02765,-0.00115,0.00000,0.00000,-0.122,-0.009,0
612.6380,-0.00562,-0.02764,-0.00115,0.00000,0.00000,-0.122,-0.009,0
612.6900,-0.00561,-0.02761,-0.00115,0.00000,0.00000,-0.122,-0.009,0
612.7420,-0.00560,-0.02758,-0.00115,0.00000,0.00000,-0.122,-0.009,0
612.7940,-0.00559,-0.02755,-0.00115,0.00000,0.00000,-0.122,-0.009,0
612.8460,-0.00559,-0.02752,-0.00115,0.00000,0.00000,-0.122,-0.009,0
612.8980,-0.00558,-0.02751,-0.00115,0.00000,0.00000,-0.122,-0.009,0
612.9500,-0.00558,-0.02752,-0.00115,0.00000,0.00000,-0.122,-0.009,0
613.0020,-0.00559,-0.02752,-0.00115,0.00000,0.00000,-0.122,-0.009,0
613.0540,-0.00559,-0.02752,-0.00115,0.00000,0.00000,-0.122,-0.009,0
613.1060,-0.00558,-0.02751,-0.00115,0.00000,0.00000,-0.122,-0.009,0
613.1580,-0.00558,-0.02750,-0.00115,0.00000,0.00000,-0.122,-0.009,0
613.2100,-0.00558,-0.02748,-0.00115,0.00000,0.00000,-0.122,-0.009,0
613.2620,-0.00557,-0.02746,-0.00115,0.00000,0.00000,-0.122,-0.009,0
613.3140,-0.00557,-0.02745,-0.00115,0.00000,0.00000,-0.122,-0.009,0
613.3660,-0.00557,-0.02745,-0.00115,0.00000,0.00000,-0.122,-0.009,0
613.4180,-0.00557,-0.02744,-0.00115,0.00000,0.00000,-0.122,-0.009,0
613.4700,-0.00557,-0.02743,-0.00115,0.00000,0.00000,-0.122,-0.009,0
613.5220,-0.00556,-0.02741,-0.00115,0.00000,0.00000,-0.122,-0.009,0
613.5740,-0.00556,-0.02740,-0.00115,0.00000,0.00000,-0.121,-0.009,0
613.6260,-0.00556,-0.02738,-0.00115,0.00000,0.00000,-0.121,-0.009,0
613.6780,-0.00556,-0.02737,-0.00115,0.00000,0.00000,-0.121,-0.009,0
613.7300,-0.00555,-0.02736,-0.00115,0.00000,0.00000,-0.121,-0.009,0
613.7820,-0.00555,-0.02735,-0.00115,0.00000,0.00000,-0.121,-0.009,0
613.8340,-0.00555,-0.02734,-0.00115,0.00000,0.00000,-0.121,-0.009,0
613.8860,-0.00555,-0.02733,-0.00115,0.00000,0.00000,-0.121,-0.009,0
613.9380,-0.00554,-0.02731,-0.00115,0.00000,0.00000,-0.121,-0.009,0
613.9900,-0.00554,-0.02729,-0.00115,0.00000,0.00000,-0.121,-0.009,0
614.0420,-0.00554,-0.02728,-0.00115,0.00000,0.00000,-0.121,-0.009,0
614.0940,-0.00554,-0.02727,-0.00115,0.00000,0.00000,-0.121,-0.009,0
614.1460,-0.00554,-0.02726,-0.00115,0.00000,0.00000,-0.121,-0.009,0
614.1980,-0.00553,-0.02725,-0.00115,0.00000,0.00000,-0.121,-0.009,0
614.2500,-0.00553,-0.02724,-0.00115,0.00000,0.00000,-0.121,-0.009,0
614.3020,-0.00553,-0.02722,-0.00115,0.00000,0.00000,-0.121,-0.009,0
614.3540,-0.00553,-0.02721,-0.00115,0.00000,0.00000,-0.121,-0.009,0
614.4060,-0.00553,-0.02721,-0.00115,0.00000,0.00000,-0.121,-0.009,0
614.4580,-0.00553,-0.02721,-0.00115,0.00000,0.00000,-0.121,-0.009,0
614.5100,-0.00553,-0.02721,-0.00115,0.00000,0.00000,-0.121,-0.009,0
614.5620,-0.00553,-0.02722,-0.00115,0.00000,0.00000,-0.121,-0.009,0
614.6140,-0.00554,-0.02723,-0.00115,0.00000,0.00000,-0.121,-0.009,0
614.6660,-0.00554,-0.02723,-0.00115,0.00000,0.00000,-0.121,-0.009,0
614.7180,-0.00554,-0.02724,-0.00115,0.00000,0.00000,-0.121,-0.009,0
614.7700,-0.00554,-0.02726,-0.00115,0.00000,0.00000,-0.121,-0.009,0
614.8220,-0.00554,-0.02726,-0.00115,0.00000,0.00000,-0.121,-0.009,0
614.8740,-0.00555,-0.02726,-0.00115,0.00000,0.00000,-0.121,-0.009,0
614.9260,-0.00555,-0.02727,-0.00115,0.00000,0.00000,-0.121,-0.009,0
614.9780,-0.00555,-0.02730,-0.00115,0.00000,0.00000,-0.121,-0.009,0
615.0300,-0.00556,-0.02730,-0.00115,0.00000,0.00000,-0.121,-0.009,0
615.0820,-0.00556,-0.02730,-0.00115,0.00000,0.00000,-0.121,-0.009,0
615.1340,-0.00555,-0.02730,-0.00115,0.00000,0.00000,-0.121,-0.009,0
615.1860,-0.00555,-0.02730,-0.00115,0.00000,0.00000,-0.121,-0.009,0
615.2380,-0.00555,-0.02728,-0.00115,0.00000,0.00000,-0.121,-0.009,0
615.2900,-0.00554,-0.02725,-0.00115,0.00000,0.00000,-0.121,-0.009,0
615.3420,-0.00554,-0.02723,-0.00115,0.00000,0.00000,-0.121,-0.009,0
615.3940,-0.00554,-0.02722,-0.00115,0.00000,0.00000,-0.120,-0.009,0
615.4460,-0.00553,-0.02721,-0.00115,0.00000,0.00000,-0.120,-0.009,0
615.4980,-0.00553,-0.02720,-0.00115,0.00000,0.00000,-0.120,-0.009,0
615.5500,-0.00553,-0.02719,-0.00115,0.00000,0.00000,-0.120,-0.009,0
615.6020,-0.00553,-0.02718,-0.00115,0.00000,0.00000,-0.120,-0.009,0
615.6540,-0.00552,-0.02716,-0.00115,0.00000,0.00000,-0.120,-0.009,0
615.7060,-0.00552,-0.02714,-0.00115,0.00000,0.00000,-0.120,-0.009,0
615.7580,-0.00551,-0.02711,-0.00115,0.00000,0.00000,-0.120,-0.009,0
615.8100,-0.00551,-0.02709,-0.00115,0.00000,0.00000,-0.120,-0.009,0
615.8620,-0.00550,-0.02708,-0.00115,0.00000,0.00000,-0.120,-0.009,0
615.9140,-0.00550,-0.02706,-0.00115,0.00000,0.00000,-0.120,-0.009,0
615.9660,-0.00550,-0.02705,-0.00115,0.00000,0.00000,-0.120,-0.009,0
616.0180,-0.00550,-0.02705,-0.00115,0.00000,0.00000,-0.120,-0.009,0
616.0700,-0.00550,-0.02706,-0.00115,0.00000,0.00000,-0.120,-0.009,0
616.1220,-0.00551,-0.02708,-0.00115,0.00000,0.00000,-0.120,-0.009,0
616.1740,-0.00551,-0.02710,-0.00115,0.00000,0.00000,-0.120,-0.009,0
616.2260,-0.00552,-0.02712,-0.00115,0.00000,0.00000,-0.120,-0.009,0
616.2780,-0.00553,-0.02715,-0.00115,0.00000,0.00000,-0.120,-0.009,0
616.3300,-0.00554,-0.02719,-0.00115,0.00000,0.00000,-0.120,-0.009,0
616.3820,-0.00554,-0.02722,-0.00115,0.00000,0.00000,-0.120,-0.009,0
616.4340,-0.00555,-0.02724,-0.00115,0.00000,0.00000,-0.120,-0.009,0
616.4860,-0.00555,-0.02725,-0.00115,0.00000,0.00000,-0.120,-0.009,0
616.5380,-0.00555,-0.02726,-0.00115,0.00000,0.00000,-0.120,-0.009,0
616.5900,-0.00555,-0.02728,-0.00115,0.00000,0.00000,-0.120,-0.009,0
616.6420,-0.00556,-0.02729,-0.00115,0.00000,0.00000,-0.121,-0.009,0
616.6940,-0.00556,-0.02731,-0.00115,0.00000,0.00000,-0.121,-0.009,0
616.7460,-0.00556,-0.02732,-0.00115,0.00000,0.00000,-0.121,-0.009,0
616.7980,-0.00557,-0.02734,-0.00115,0.00000,0.00000,-0.121,-0.009,0
616.8500,-0.00557,-0.02734,-0.00115,0.00000,0.00000,-0.121,-0.009,0
616.9020,-0.00557,-0.02734,-0.00115,0.00000,0.00000,-0.121,-0.009,0
616.9540,-0.00557,-0.02735,-0.00115,0.00000,0.00000,-0.121,-0.009,0
617.0060,-0.00557,-0.02735,-0.00115,0.00000,0.00000,-0.121,-0.009,0
617.0580,-0.00557,-0.02735,-0.00115,0.00000,0.00000,-0.121,-0.009,0
617.1100,-0.00557,-0.02736,-0.00115,0.00000,0.00000,-0.121,-0.009,0
617.1620,-0.00557,-0.02737,-0.00115,0.00000,0.00000,-0.121,-0.009,0
617.2140,-0.00557,-0.02737,-0.00115,0.00000,0.00000,-0.121,-0.009,0
617.2660,-0.00557,-0.02736,-0.00115,0.00000,0.00000,-0.121,-0.009,0
617.3180,-0.00557,-0.02737,-0.00115,0.00000,0.00000,-0.121,-0.009,0
617.3700,-0.00557,-0.02737,-0.00115,0.00000,0.00000,-0.121,-0.009,0
617.4220,-0.00557,-0.02737,-0.00115,0.00000,0.00000,-0.121,-0.009,0
617.4740,-0.00557,-0.02736,-0.00115,0.00000,0.00000,-0.121,-0.009,0
617.5260,-0.00556,-0.02735,-0.00115,0.00000,0.00000,-0.121,-0.009,0
617.5780,-0.00556,-0.02733,-0.00115,0.00000,0.00000,-0.121,-0.009,0
617.6300,-0.00556,-0.02733,-0.00115,0.00000,0.00000,-0.121,-0.009,0
617.6820,-0.00556,-0.02734,-0.00115,0.00000,0.00000,-0.121,-0.009,0
617.7340,-0.00556,-0.02735,-0.00115,0.00000,0.00000,-0.121,-0.009,0
617.7860,-0.00556,-0.02735,-0.00115,0.00000,0.00000,-0.121,-0.009,0
617.8380,-0.00556,-0.02735,-0.00115,0.00000,0.00000,-0.121,-0.009,0
617.8900,-0.00556,-0.02735,-0.00115,0.00000,0.00000,-0.121,-0.009,0
617.9420,-0.00556,-0.02734,-0.00115,0.00000,0.00000,-0.121,-0.009,0
617.9940,-0.00555,-0.02732,-0.00115,0.00000,0.00000,-0.121,-0.009,0
618.0460,-0.00555,-0.02730,-0.00115,0.00000,0.00000,-0.121,-0.009,0
618.0980,-0.00554,-0.02728,-0.00115,0.00000,0.00000,-0.121,-0.009,0
618.1500,-0.00554,-0.02726,-0.00115,0.00000,0.00000,-0.121,-0.009,0
618.2020,-0.00554,-0.02726,-0.00115,0.00000,0.00000,-0.121,-0.009,0
618.2540,-0.00554,-0.02727,-0.00115,0.00000,0.00000,-0.121,-0.009,0
618.3060,-0.00554,-0.02728,-0.00115,0.00000,0.00000,-0.121,-0.009,0
618.3580,-0.00555,-0.02730,-0.00115,0.00000,0.00000,-0.121,-0.009,0
618.4100,-0.00555,-0.02732,-0.00115,0.00000,0.00000,-0.121,-0.009,0
618.4620,-0.00556,-0.02733,-0.00115,0.00000,0.00000,-0.121,-0.009,0
618.5140,-0.00556,-0.02735,-0.00115,0.00000,0.00000,-0.121,-0.009,0
618.5660,-0.00557,-0.02738,-0.00115,0.00000,0.00000,-0.121,-0.009,0
618.6180,-0.00558,-0.02741,-0.00115,0.00000,0.00000,-0.121,-0.009,0
618.6700,-0.00558,-0.02744,-0.00115,0.00000,0.00000,-0.121,-0.009,0
618.7220,-0.00559,-0.02746,-0.00115,0.00000,0.00000,-0.121,-0.009,0
618.7740,-0.00559,-0.02749,-0.00115,0.00000,0.00000,-0.122,-0.009,0
618.8260,-0.00560,-0.02750,-0.00115,0.00000,0.00000,-0.122,-0.009,0
618.8780,-0.00560,-0.02750,-0.00115,0.00000,0.00000,-0.122,-0.009,0
618.9300,-0.00559,-0.02749,-0.00115,0.00000,0.00000,-0.122,-0.009,0
618.9820,-0.00559,-0.02749,-0.00115,0.00000,0.00000,-0.122,-0.009,0
619.0340,-0.00559,-0.02748,-0.00115,0.00000,0.00000,-0.122,-0.009,0
619.0860,-0.00559,-0.02747,-0.00115,0.00000,0.00000,-0.122,-0.009,0
619.1380,-0.00558,-0.02745,-0.00115,0.00000,0.00000,-0.122,-0.009,0
619.1900,-0.00558,-0.02744,-0.00115,0.00000,0.00000,-0.122,-0.009,0
619.2420,-0.00558,-0.02744,-0.00115,0.00000,0.00000,-0.121,-0.009,0
619.2940,-0.00558,-0.02744,-0.00115,0.00000,0.00000,-0.121,-0.009,0
619.3460,-0.00558,-0.02745,-0.00115,0.00000,0.00000,-0.122,-0.009,0
619.3980,-0.00558,-0.02746,-0.00115,0.00000,0.00000,-0.122,-0.009,0
619.4500,-0.00559,-0.02747,-0.00115,0.00000,0.00000,-0.122,-0.009,0
619.5020,-0.00559,-0.02750,-0.00115,0.00000,0.00000,-0.122,-0.009,0
619.5540,-0.00560,-0.02752,-0.00115,0.00000,0.00000,-0.122,-0.009,0
619.6060,-0.00560,-0.02753,-0.00115,0.00000,0.00000,-0.122,-0.009,0
619.6580,-0.00560,-0.02755,-0.00115,0.00000,0.00000,-0.122,-0.009,0
619.7100,-0.00561,-0.02756,-0.00115,0.00000,0.00000,-0.122,-0.009,0
619.7620,-0.00561,-0.02759,-0.00115,0.00000,0.00000,-0.122,-0.009,0
619.8140,-0.00562,-0.02762,-0.00115,0.00000,0.00000,-0.122,-0.009,0
619.8660,-0.00563,-0.02766,-0.00115,0.00000,0.00000,-0.123,-0.009,0
619.9180,-0.00563,-0.02767,-0.00115,0.00000,0.00000,-0.123,-0.009,0
619.9700,-0.00563,-0.02767,-0.00115,0.00000,0.00000,-0.123,-0.009,0
620.0220,-0.00563,-0.02768,-0.00115,0.00000,0.00000,-0.123,-0.009,0
620.0740,-0.00563,-0.02769,-0.00115,0.00000,0.00000,-0.123,-0.009,0
620.1260,-0.00563,-0.02771,-0.00115,0.00000,0.00000,-0.123,-0.009,0
620.1780,-0.00564,-0.02772,-0.00115,0.00000,0.00000,-0.123,-0.009,0
620.2300,-0.00564,-0.02773,-0.00115,0.00000,0.00000,-0.123,-0.009,0
620.2820,-0.00564,-0.02773,-0.00115,0.00000,0.00000,-0.123,-0.009,0
620.3340,-0.00564,-0.02773,-0.00115,0.00000,0.00000,-0.123,-0.009,0
620.3860,-0.00564,-0.02774,-0.00115,0.00000,0.00000,-0.123,-0.009,0
620.4380,-0.00564,-0.02776,-0.00115,0.00000,0.00000,-0.123,-0.009,0
620.4900,-0.00565,-0.02778,-0.00115,0.00000,0.00000,-0.123,-0.009,0
620.5420,-0.00565,-0.02781,-0.00115,0.00000,0.00000,-0.123,-0.009,0
620.5940,-0.00566,-0.02782,-0.00115,0.00000,0.00000,-0.124,-0.009,0
620.6460,-0.00566,-0.02783,-0.00115,0.00000,0.00000,-0.124,-0.009,0
620.6980,-0.00565,-0.02782,-0.00115,0.00000,0.00000,-0.124,-0.009,0
620.7500,-0.00565,-0.02782,-0.00115,0.00000,0.00000,-0.124,-0.009,0
620.8020,-0.00565,-0.02781,-0.00115,0.00000,0.00000,-0.124,-0.009,0
620.8540,-0.00564,-0.02779,-0.00115,0.00000,0.00000,-0.123,-0.009,0
620.9060,-0.00564,-0.02777,-0.00115,0.00000,0.00000,-0.123,-0.009,0
620.9580,-0.00563,-0.02775,-0.00115,0.00000,0.00000,-0.123,-0.009,0
621.0100,-0.00563,-0.02775,-0.00115,0.00000,0.00000,-0.123,-0.009,0
621.0620,-0.00563,-0.02775,-0.00115,0.00000,0.00000,-0.123,-0.009,0
621.1140,-0.00563,-0.02775,-0.00115,0.00000,0.00000,-0.123,-0.009,0
621.1660,-0.00563,-0.02775,-0.00115,0.00000,0.00000,-0.123,-0.009,0
621.2180,-0.00564,-0.02776,-0.00115,0.00000,0.00000,-0.123,-0.009,0
621.2700,-0.00563,-0.02776,-0.00115,0.00000,0.00000,-0.123,-0.009,0
621.3220,-0.00563,-0.02775,-0.00115,0.00000,0.00000,-0.123,-0.009,0
621.3740,-0.00563,-0.02774,-0.00115,0.00000,0.00000,-0.123,-0.009,0
621.4260,-0.00563,-0.02772,-0.00115,0.00000,0.00000,-0.123,-0.009,0
621.4780,-0.00562,-0.02771,-0.00115,0.00000,0.00000,-0.123,-0.009,0
621.5300,-0.00562,-0.02770,-0.00115,0.00000,0.00000,-0.123,-0.009,0
621.5820,-0.00562,-0.02768,-0.00115,0.00000,0.00000,-0.123,-0.009,0
621.6340,-0.00561,-0.02766,-0.00115,0.00000,0.00000,-0.123,-0.009,0
621.6860,-0.00561,-0.02764,-0.00115,0.00000,0.00000,-0.123,-0.009,0
621.7380,-0.00560,-0.02762,-0.00115,0.00000,0.00000,-0.123,-0.009,0
621.7900,-0.00560,-0.02760,-0.00115,0.00000,0.00000,-0.123,-0.009,0
621.8420,-0.00559,-0.02758,-0.00115,0.00000,0.00000,-0.123,-0.009,0
621.8940,-0.00559,-0.02755,-0.00115,0.00000,0.00000,-0.123,-0.009,0
621.9460,-0.00558,-0.02753,-0.00115,0.00000,0.00000,-0.123,-0.009,0
621.9980,-0.00558,-0.02751,-0.00115,0.00000,0.00000,-0.122,-0.009,0
622.0500,-0.00558,-0.02750,-0.00115,0.00000,0.00000,-0.122,-0.009,0
622.1020,-0.00558,-0.02750,-0.00115,0.00000,0.00000,-0.122,-0.009,0
622.1540,-0.00558,-0.02749,-0.00115,0.00000,0.00000,-0.122,-0.009,0
622.2060,-0.00558,-0.02748,-0.00115,0.00000,0.00000,-0.122,-0.009,0
622.2580,-0.00558,-0.02748,-0.00115,0.00000,0.00000,-0.122,-0.009,0
622.3100,-0.00558,-0.02748,-0.00115,0.00000,0.00000,-0.122,-0.009,0
622.3620,-0.00558,-0.02750,-0.00115,0.00000,0.00000,-0.122,-0.009,0
622.4140,-0.00558,-0.02750,-0.00115,0.00000,0.00000,-0.122,-0.009,0
622.4660,-0.00558,-0.02750,-0.00115,0.00000,0.00000,-0.122,-0.009,0
622.5180,-0.00559,-0.02752,-0.00115,0.00000,0.00000,-0.122,-0.009,0
622.5700,-0.00559,-0.02752,-0.00115,0.00000,0.00000,-0.122,-0.009,0
622.6220,-0.00559,-0.02751,-0.00115,0.00000,0.00000,-0.122,-0.009,0
622.6740,-0.00558,-0.02750,-0.00115,0.00000,0.00000,-0.122,-0.009,0
622.7260,-0.00559,-0.02750,-0.00115,0.00000,0.00000,-0.122,-0.009,0
622.7780,-0.00559,-0.02750,-0.00115,0.00000,0.00000,-0.122,-0.009,0
622.8300,-0.00559,-0.02752,-0.00115,0.00000,0.00000,-0.122,-0.009,0
622.8820,-0.00559,-0.02753,-0.00115,0.00000,0.00000,-0.122,-0.009,0
622.9340,-0.00560,-0.02755,-0.00115,0.00000,0.00000,-0.122,-0.009,0
622.9860,-0.00560,-0.02757,-0.00115,0.00000,0.00000,-0.122,-0.009,0
623.0380,-0.00561,-0.02758,-0.00115,0.00000,0.00000,-0.122,-0.009,0
623.0900,-0.00561,-0.02758,-0.00115,0.00000,0.00000,-0.123,-0.009,0
623.1420,-0.00560,-0.02756,-0.00115,0.00000,0.00000,-0.122,-0.009,0
623.1940,-0.00560,-0.02755,-0.00115,0.00000,0.00000,-0.122,-0.009,0
623.2460,-0.00560,-0.02755,-0.00115,0.00000,0.00000,-0.122,-0.009,0
623.2980,-0.00560,-0.02755,-0.00115,0.00000,0.00000,-0.122,-0.009,0
623.3500,-0.00560,-0.02756,-0.00115,0.00000,0.00000,-0.122,-0.009,0
623.4020,-0.00561,-0.02758,-0.00115,0.00000,0.00000,-0.122,-0.009,0
623.4540,-0.00561,-0.02759,-0.00115,0.00000,0.00000,-0.122,-0.009,0
623.5060,-0.00561,-0.02761,-0.00115,0.00000,0.00000,-0.123,-0.009,0
623.5580,-0.00562,-0.02762,-0.00115,0.00000,0.00000,-0.123,-0.009,0
623.6100,-0.00562,-0.02763,-0.00115,0.00000,0.00000,-0.123,-0.009,0
623.6620,-0.00562,-0.02764,-0.00115,0.00000,0.00000,-0.123,-0.009,0
623.7140,-0.00562,-0.02766,-0.00115,0.00000,0.00000,-0.123,-0.009,0
623.7660,-0.00562,-0.02766,-0.00115,0.00000,0.00000,-0.123,-0.009,0
623.8180,-0.00562,-0.02765,-0.00115,0.00000,0.00000,-0.123,-0.009,0
623.8700,-0.00562,-0.02764,-0.00115,0.00000,0.00000,-0.123,-0.009,0
623.9220,-0.00561,-0.02763,-0.00115,0.00000,0.00000,-0.123,-0.009,0
623.9740,-0.00561,-0.02762,-0.00115,0.00000,0.00000,-0.123,-0.009,0
624.0260,-0.00561,-0.02762,-0.00115,0.00000,0.00000,-0.123,-0.009,0
624.0780,-0.00561,-0.02762,-0.00115,0.00000,0.00000,-0.123,-0.009,0
624.1300,-0.00561,-0.02760,-0.00115,0.00000,0.00000,-0.123,-0.009,0
624.1820,-0.00561,-0.02760,-0.00115,0.00000,0.00000,-0.123,-0.009,0
624.2340,-0.00560,-0.02759,-0.00115,0.00000,0.00000,-0.123,-0.009,0
624.2860,-0.00560,-0.02759,-0.00115,0.00000,0.00000,-0.123,-0.009,0
624.3380,-0.00560,-0.02759,-0.00115,0.00000,0.00000,-0.123,-0.009,0
624.3900,-0.00561,-0.02760,-0.00115,0.00000,0.00000,-0.123,-0.009,0
624.4420,-0.00561,-0.02761,-0.00115,0.00000,0.00000,-0.123,-0.009,0
624.4940,-0.00561,-0.02762,-0.00115,0.00000,0.00000,-0.123,-0.009,0
624.5460,-0.00561,-0.02762,-0.00115,0.00000,0.00000,-0.123,-0.009,0
624.5980,-0.00561,-0.02762,-0.00115,0.00000,0.00000,-0.123,-0.009,0
624.6500,-0.00561,-0.02763,-0.00115,0.00000,0.00000,-0.123,-0.009,0
624.7020,-0.00562,-0.02764,-0.00115,0.00000,0.00000,-0.123,-0.009,0
624.7540,-0.00562,-0.02765,-0.00115,0.00000,0.00000,-0.123,-0.009,0
624.8060,-0.00562,-0.02767,-0.00115,0.00000,0.00000,-0.123,-0.009,0
624.8580,-0.00563,-0.02769,-0.00115,0.00000,0.00000,-0.123,-0.009,0
624.9100,-0.00563,-0.02772,-0.00115,0.00000,0.00000,-0.123,-0.009,0
624.9620,-0.00564,-0.02773,-0.00115,0.00000,0.00000,-0.123,-0.009,0
625.0140,-0.00564,-0.02774,-0.00115,0.00000,0.00000,-0.123,-0.009,0
625.0660,-0.00564,-0.02775,-0.00115,0.00000,0.00000,-0.123,-0.009,0
625.1180,-0.00564,-0.02775,-0.00115,0.00000,0.00000,-0.123,-0.009,0
625.1700,-0.00564,-0.02776,-0.00115,0.00000,0.00000,-0.123,-0.009,0
625.2220,-0.00565,-0.02779,-0.00115,0.00000,0.00000,-0.123,-0.009,0
625.2740,-0.00565,-0.02781,-0.00115,0.00000,0.00000,-0.124,-0.009,0
625.3260,-0.00566,-0.02782,-0.00115,0.00000,0.00000,-0.124,-0.009,0
625.3780,-0.00566,-0.02784,-0.00115,0.00000,0.00000,-0.124,-0.009,0
625.4300,-0.00566,-0.02784,-0.00115,0.00000,0.00000,-0.124,-0.009,0
625.4820,-0.00566,-0.02784,-0.00115,0.00000,0.00000,-0.124,-0.009,0
625.5340,-0.00566,-0.02785,-0.00115,0.00000,0.00000,-0.124,-0.009,0
625.5860,-0.00566,-0.02786,-0.00115,0.00000,0.00000,-0.124,-0.009,0
625.6380,-0.00566,-0.02787,-0.00115,0.00000,0.00000,-0.124,-0.009,0
625.6900,-0.00566,-0.02788,-0.00115,0.00000,0.00000,-0.124,-0.009,0
625.7420,-0.00567,-0.02791,-0.00115,0.00000,0.00000,-0.124,-0.009,0
625.7940,-0.00567,-0.02793,-0.00115,0.00000,0.00000,-0.124,-0.009,0
625.8460,-0.00568,-0.02793,-0.00115,0.00000,0.00000,-0.124,-0.009,0
625.8980,-0.00568,-0.02794,-0.00115,0.00000,0.00000,-0.124,-0.009,0
625.9500,-0.00568,-0.02796,-0.00115,0.00000,0.00000,-0.124,-0.009,0
626.0020,-0.00568,-0.02797,-0.00115,0.00000,0.00000,-0.124,-0.009,0
626.0540,-0.00568,-0.02797,-0.00115,0.00000,0.00000,-0.125,-0.009,0
626.1060,-0.00568,-0.02798,-0.00115,0.00000,0.00000,-0.125,-0.009,0
626.1580,-0.00568,-0.02798,-0.00115,0.00000,0.00000,-0.125,-0.009,0
626.2100,-0.00568,-0.02799,-0.00115,0.00000,0.00000,-0.125,-0.009,0
626.2620,-0.00568,-0.02800,-0.00115,0.00000,0.00000,-0.125,-0.009,0
626.3140,-0.00569,-0.02802,-0.00115,0.00000,0.00000,-0.125,-0.009,0
626.3660,-0.00569,-0.02804,-0.00115,0.00000,0.00000,-0.125,-0.009,0
626.4180,-0.00570,-0.02805,-0.00115,0.00000,0.00000,-0.125,-0.009,0
626.4700,-0.00570,-0.02806,-0.00115,0.00000,0.00000,-0.125,-0.009,0
626.5220,-0.00570,-0.02808,-0.00115,0.00000,0.00000,-0.125,-0.009,0
626.5740,-0.00570,-0.02809,-0.00115,0.00000,0.00000,-0.125,-0.009,0
626.6260,-0.00571,-0.02810,-0.00115,0.00000,0.00000,-0.125,-0.009,0
626.6780,-0.00571,-0.02812,-0.00115,0.00000,0.00000,-0.125,-0.009,0
626.7300,-0.00571,-0.02814,-0.00115,0.00000,0.00000,-0.125,-0.009,0
626.7820,-0.00571,-0.02815,-0.00115,0.00000,0.00000,-0.126,-0.009,0
626.8340,-0.00571,-0.02814,-0.00115,0.00000,0.00000,-0.126,-0.009,0
626.8860,-0.00571,-0.02814,-0.00115,0.00000,0.00000,-0.126,-0.009,0
626.9380,-0.00571,-0.02814,-0.00115,0.00000,0.00000,-0.126,-0.009,0
626.9900,-0.00571,-0.02813,-0.00115,0.00000,0.00000,-0.126,-0.009,0
627.0420,-0.00570,-0.02811,-0.00115,0.00000,0.00000,-0.125,-0.009,0
627.0940,-0.00570,-0.02809,-0.00115,0.00000,0.00000,-0.125,-0.009,0
627.1460,-0.00569,-0.02806,-0.00115,0.00000,0.00000,-0.125,-0.009,0
627.1980,-0.00568,-0.02802,-0.00115,0.00000,0.00000,-0.125,-0.009,0
627.2500,-0.00567,-0.02799,-0.00115,0.00000,0.00000,-0.125,-0.009,0
627.3020,-0.00566,-0.02796,-0.00115,0.00000,0.00000,-0.125,-0.009,0
627.3540,-0.00566,-0.02792,-0.00115,0.00000,0.00000,-0.125,-0.009,0
627.4060,-0.00565,-0.02788,-0.00115,0.00000,0.00000,-0.125,-0.009,0
627.4580,-0.00564,-0.02785,-0.00115,0.00000,0.00000,-0.124,-0.009,0
627.5100,-0.00563,-0.02781,-0.00115,0.00000,0.00000,-0.124,-0.009,0
627.5620,-0.00563,-0.02779,-0.00115,0.00000,0.00000,-0.124,-0.009,0
627.6140,-0.00562,-0.02777,-0.00115,0.00000,0.00000,-0.124,-0.009,0
627.6660,-0.00563,-0.02778,-0.00115,0.00000,0.00000,-0.124,-0.009,0
627.7180,-0.00563,-0.02781,-0.00115,0.00000,0.00000,-0.124,-0.009,0
627.7700,-0.00564,-0.02783,-0.00115,0.00000,0.00000,-0.124,-0.009,0
627.8220,-0.00565,-0.02787,-0.00115,0.00000,0.00000,-0.124,-0.009,0
627.8740,-0.00566,-0.02791,-0.00115,0.00000,0.00000,-0.125,-0.009,0
627.9260,-0.00567,-0.02794,-0.00115,0.00000,0.00000,-0.125,-0.009,0
627.9780,-0.00568,-0.02798,-0.00115,0.00000,0.00000,-0.125,-0.009,0
628.0300,-0.00569,-0.02802,-0.00115,0.00000,0.00000,-0.125,-0.009,0
628.0820,-0.00570,-0.02805,-0.00115,0.00000,0.00000,-0.125,-0.009,0
628.1340,-0.00570,-0.02808,-0.00115,0.00000,0.00000,-0.125,-0.009,0
628.1860,-0.00571,-0.02811,-0.00115,0.00000,0.00000,-0.126,-0.009,0
628.2380,-0.00571,-0.02813,-0.00115,0.00000,0.00000,-0.126,-0.009,0
628.2900,-0.00572,-0.02814,-0.00115,0.00000,0.00000,-0.126,-0.009,0
628.3420,-0.00572,-0.02814,-0.00115,0.00000,0.00000,-0.126,-0.009,0
628.3940,-0.00571,-0.02814,-0.00115,0.00000,0.00000,-0.126,-0.009,0
628.4460,-0.00571,-0.02813,-0.00115,0.00000,0.00000,-0.126,-0.009,0
628.4980,-0.00571,-0.02812,-0.00115,0.00000,0.00000,-0.126,-0.009,0
628.5500,-0.00570,-0.02810,-0.00115,0.00000,0.00000,-0.126,-0.009,0
628.6020,-0.00570,-0.02807,-0.00115,0.00000,0.00000,-0.126,-0.009,0
628.6540,-0.00569,-0.02805,-0.00115,0.00000,0.00000,-0.125,-0.009,0
628.7060,-0.00568,-0.02803,-0.00115,0.00000,0.00000,-0.125,-0.009,0
628.7580,-0.00568,-0.02801,-0.00115,0.00000,0.00000,-0.125,-0.009,0
628.8100,-0.00567,-0.02798,-0.00115,0.00000,0.00000,-0.125,-0.009,0
628.8620,-0.00567,-0.02796,-0.00115,0.00000,0.00000,-0.125,-0.009,0
628.9140,-0.00566,-0.02793,-0.00115,0.00000,0.00000,-0.125,-0.009,0
628.9660,-0.00565,-0.02790,-0.00115,0.00000,0.00000,-0.125,-0.009,0
629.0180,-0.00565,-0.02787,-0.00115,0.00000,0.00000,-0.125,-0.009,0
629.0700,-0.00564,-0.02785,-0.00115,0.00000,0.00000,-0.125,-0.009,0
629.1220,-0.00564,-0.02783,-0.00115,0.00000,0.00000,-0.124,-0.009,0
629.1740,-0.00563,-0.02781,-0.00115,0.00000,0.00000,-0.124,-0.009,0
629.2260,-0.00563,-0.02778,-0.00115,0.00000,0.00000,-0.124,-0.009,0
629.2780,-0.00562,-0.02775,-0.00115,0.00000,0.00000,-0.124,-0.009,0
629.3300,-0.00562,-0.02773,-0.00115,0.00000,0.00000,-0.124,-0.009,0
629.3820,-0.00561,-0.02770,-0.00115,0.00000,0.00000,-0.124,-0.009,0
629.4340,-0.00561,-0.02768,-0.00115,0.00000,0.00000,-0.124,-0.009,0
629.4860,-0.00561,-0.02768,-0.00115,0.00000,0.00000,-0.124,-0.009,0
629.5380,-0.00561,-0.02769,-0.00115,0.00000,0.00000,-0.124,-0.009,0
629.5900,-0.00561,-0.02768,-0.00115,0.00000,0.00000,-0.124,-0.009,0
629.6420,-0.00561,-0.02768,-0.00115,0.00000,0.00000,-0.124,-0.009,0
629.6940,-0.00561,-0.02768,-0.00115,0.00000,0.00000,-0.124,-0.009,0
629.7460,-0.00561,-0.02767,-0.00115,0.00000,0.00000,-0.123,-0.009,0
629.7980,-0.00561,-0.02766,-0.00115,0.00000,0.00000,-0.123,-0.009,0
629.8500,-0.00561,-0.02766,-0.00115,0.00000,0.00000,-0.123,-0.009,0
629.9020,-0.00562,-0.02768,-0.00115,0.00000,0.00000,-0.123,-0.009,0
629.9540,-0.00562,-0.02770,-0.00115,0.00000,0.00000,-0.124,-0.009,0
630.0060,-0.00563,-0.02772,-0.00115,0.00000,0.00000,-0.124,-0.009,0
630.0580,-0.00563,-0.02773,-0.00115,0.00000,0.00000,-0.124,-0.009,0
630.1100,-0.00563,-0.02774,-0.00115,0.00000,0.00000,-0.124,-0.009,0
630.1620,-0.00563,-0.02773,-0.00115,0.00000,0.00000,-0.124,-0.009,0
630.2140,-0.00563,-0.02771,-0.00115,0.00000,0.00000,-0.124,-0.009,0
630.2660,-0.00562,-0.02769,-0.00115,0.00000,0.00000,-0.123,-0.009,0
630.3180,-0.00562,-0.02768,-0.00115,0.00000,0.00000,-0.123,-0.009,0
630.3700,-0.00562,-0.02768,-0.00115,0.00000,0.00000,-0.123,-0.009,0
630.4220,-0.00562,-0.02768,-0.00115,0.00000,0.00000,-0.123,-0.009,0
630.4740,-0.00562,-0.02767,-0.00115,0.00000,0.00000,-0.123,-0.009,0
630.5260,-0.00561,-0.02765,-0.00115,0.00000,0.00000,-0.123,-0.009,0
630.5780,-0.00561,-0.02764,-0.00115,0.00000,0.00000,-0.123,-0.009,0
630.6300,-0.00561,-0.02762,-0.00115,0.00000,0.00000,-0.123,-0.009,0
630.6820,-0.00560,-0.02759,-0.00115,0.00000,0.00000,-0.123,-0.009,0
630.7340,-0.00559,-0.02756,-0.00115,0.00000,0.00000,-0.123,-0.009,0
630.7860,-0.00559,-0.02754,-0.00115,0.00000,0.00000,-0.123,-0.009,0
630.8380,-0.00559,-0.02753,-0.00115,0.00000,0.00000,-0.123,-0.009,0
630.8900,-0.00559,-0.02753,-0.00115,0.00000,0.00000,-0.123,-0.009,0
630.9420,-0.00559,-0.02752,-0.00115,0.00000,0.00000,-0.122,-0.009,0
630.9940,-0.00558,-0.02750,-0.00115,0.00000,0.00000,-0.122,-0.009,0
631.0460,-0.00558,-0.02747,-0.00115,0.00000,0.00000,-0.122,-0.009,0
631.0980,-0.00557,-0.02745,-0.00115,0.00000,0.00000,-0.122,-0.009,0
631.1500,-0.00557,-0.02744,-0.00115,0.00000,0.00000,-0.122,-0.009,0
631.2020,-0.00557,-0.02744,-0.00115,0.00000,0.00000,-0.122,-0.009,0
631.2540,-0.00557,-0.02744,-0.00115,0.00000,0.00000,-0.122,-0.009,0
631.3060,-0.00557,-0.02744,-0.00115,0.00000,0.00000,-0.122,-0.009,0
631.3580,-0.00557,-0.02744,-0.00115,0.00000,0.00000,-0.122,-0.009,0
631.4100,-0.00558,-0.02745,-0.00115,0.00000,0.00000,-0.122,-0.009,0
631.4620,-0.00558,-0.02747,-0.00115,0.00000,0.00000,-0.122,-0.009,0
631.5140,-0.00558,-0.02748,-0.00115,0.00000,0.00000,-0.122,-0.009,0
631.5660,-0.00558,-0.02748,-0.00115,0.00000,0.00000,-0.122,-0.009,0
631.6180,-0.00559,-0.02749,-0.00115,0.00000,0.00000,-0.122,-0.009,0
631.6700,-0.00559,-0.02749,-0.00115,0.00000,0.00000,-0.122,-0.009,0
631.7220,-0.00558,-0.02747,-0.00115,0.00000,0.00000,-0.122,-0.009,0
631.7740,-0.00558,-0.02746,-0.00115,0.00000,0.00000,-0.122,-0.009,0
631.8260,-0.00558,-0.02745,-0.00115,0.00000,0.00000,-0.122,-0.009,0
631.8780,-0.00558,-0.02746,-0.00115,0.00000,0.00000,-0.122,-0.009,0
631.9300,-0.00558,-0.02746,-0.00115,0.00000,0.00000,-0.122,-0.009,0
631.9820,-0.00558,-0.02747,-0.00115,0.00000,0.00000,-0.122,-0.009,0
632.0340,-0.00559,-0.02748,-0.00115,0.00000,0.00000,-0.122,-0.009,0
632.0860,-0.00559,-0.02748,-0.00115,0.00000,0.00000,-0.122,-0.009,0
632.1380,-0.00559,-0.02748,-0.00115,0.00000,0.00000,-0.122,-0.009,0
632.1900,-0.00559,-0.02748,-0.00115,0.00000,0.00000,-0.122,-0.009,0
632.2420,-0.00559,-0.02748,-0.00115,0.00000,0.00000,-0.122,-0.009,0
632.2940,-0.00558,-0.02747,-0.00115,0.00000,0.00000,-0.122,-0.009,0
632.3460,-0.00558,-0.02746,-0.00115,0.00000,0.00000,-0.122,-0.009,0
632.3980,-0.00558,-0.02745,-0.00115,0.00000,0.00000,-0.122,-0.009,0
632.4500,-0.00558,-0.02744,-0.00115,0.00000,0.00000,-0.122,-0.009,0
632.5020,-0.00557,-0.02742,-0.00115,0.00000,0.00000,-0.122,-0.009,0
632.5540,-0.00557,-0.02740,-0.00115,0.00000,0.00000,-0.122,-0.009,0
632.6060,-0.00557,-0.02740,-0.00115,0.00000,0.00000,-0.122,-0.009,0
632.6580,-0.00557,-0.02741,-0.00115,0.00000,0.00000,-0.122,-0.009,0
632.7100,-0.00557,-0.02741,-0.00115,0.00000,0.00000,-0.122,-0.009,0
632.7620,-0.00557,-0.02740,-0.00115,0.00000,0.00000,-0.122,-0.009,0
632.8140,-0.00556,-0.02738,-0.00115,0.00000,0.00000,-0.122,-0.009,0
632.8660,-0.00556,-0.02737,-0.00115,0.00000,0.00000,-0.121,-0.009,0
632.9180,-0.00556,-0.02735,-0.00115,0.00000,0.00000,-0.121,-0.009,0
632.9700,-0.00556,-0.02735,-0.00115,0.00000,0.00000,-0.121,-0.009,0
633.0220,-0.00555,-0.02734,-0.00115,0.00000,0.00000,-0.121,-0.009,0
633.0740,-0.00555,-0.02733,-0.00115,0.00000,0.00000,-0.121,-0.009,0
633.1260,-0.00555,-0.02733,-0.00115,0.00000,0.00000,-0.121,-0.009,0
633.1780,-0.00555,-0.02732,-0.00115,0.00000,0.00000,-0.121,-0.009,0
633.2300,-0.00555,-0.02732,-0.00115,0.00000,0.00000,-0.121,-0.009,0
633.2820,-0.00555,-0.02732,-0.00115,0.00000,0.00000,-0.121,-0.009,0
633.3340,-0.00555,-0.02731,-0.00115,0.00000,0.00000,-0.121,-0.009,0
633.3860,-0.00555,-0.02729,-0.00115,0.00000,0.00000,-0.121,-0.009,0
633.4380,-0.00554,-0.02728,-0.00115,0.00000,0.00000,-0.121,-0.009,0
633.4900,-0.00554,-0.02726,-0.00115,0.00000,0.00000,-0.121,-0.009,0
633.5420,-0.00554,-0.02726,-0.00115,0.00000,0.00000,-0.121,-0.009,0
633.5940,-0.00554,-0.02726,-0.00115,0.00000,0.00000,-0.121,-0.009,0
633.6460,-0.00554,-0.02727,-0.00115,0.00000,0.00000,-0.121,-0.009,0
633.6980,-0.00554,-0.02727,-0.00115,0.00000,0.00000,-0.121,-0.009,0
633.7500,-0.00555,-0.02729,-0.00115,0.00000,0.00000,-0.121,-0.009,0
633.8020,-0.00555,-0.02730,-0.00115,0.00000,0.00000,-0.121,-0.009,0
633.8540,-0.00556,-0.02733,-0.00115,0.00000,0.00000,-0.121,-0.009,0
633.9060,-0.00557,-0.02736,-0.00115,0.00000,0.00000,-0.121,-0.009,0
633.9580,-0.00557,-0.02739,-0.00115,0.00000,0.00000,-0.121,-0.009,0
634.0100,-0.00558,-0.02742,-0.00115,0.00000,0.00000,-0.121,-0.009,0
634.0620,-0.00559,-0.02745,-0.00115,0.00000,0.00000,-0.122,-0.009,0
634.1140,-0.00559,-0.02748,-0.00115,0.00000,0.00000,-0.122,-0.009,0
634.1660,-0.00560,-0.02750,-0.00115,0.00000,0.00000,-0.122,-0.009,0
634.2180,-0.00560,-0.02752,-0.00115,0.00000,0.00000,-0.122,-0.009,0
634.2700,-0.00561,-0.02754,-0.00115,0.00000,0.00000,-0.122,-0.009,0
634.3220,-0.00561,-0.02754,-0.00115,0.00000,0.00000,-0.122,-0.009,0
634.3740,-0.00561,-0.02755,-0.00115,0.00000,0.00000,-0.122,-0.009,0
634.4260,-0.00561,-0.02755,-0.00115,0.00000,0.00000,-0.122,-0.009,0
634.4780,-0.00561,-0.02756,-0.00115,0.00000,0.00000,-0.122,-0.009,0
634.5300,-0.00561,-0.02758,-0.00115,0.00000,0.00000,-0.122,-0.009,0
634.5820,-0.00562,-0.02761,-0.00115,0.00000,0.00000,-0.122,-0.009,0
634.6340,-0.00562,-0.02762,-0.00115,0.00000,0.00000,-0.122,-0.009,0
634.6860,-0.00562,-0.02763,-0.00115,0.00000,0.00000,-0.122,-0.009,0
634.7380,-0.00562,-0.02763,-0.00115,0.00000,0.00000,-0.122,-0.009,0
634.7900,-0.00562,-0.02763,-0.00115,0.00000,0.00000,-0.122,-0.009,0
634.8420,-0.00562,-0.02762,-0.00115,0.00000,0.00000,-0.122,-0.009,0
634.8940,-0.00562,-0.02762,-0.00115,0.00000,0.00000,-0.122,-0.009,0
634.9460,-0.00562,-0.02763,-0.00115,0.00000,0.00000,-0.122,-0.009,0
634.9980,-0.00562,-0.02764,-0.00115,0.00000,0.00000,-0.123,-0.009,0
635.0500,-0.00562,-0.02764,-0.00115,0.00000,0.00000,-0.123,-0.009,0
635.1020,-0.00562,-0.02763,-0.00115,0.00000,0.00000,-0.123,-0.009,0
635.1540,-0.00561,-0.02762,-0.00115,0.00000,0.00000,-0.122,-0.009,0
635.2060,-0.00561,-0.02761,-0.00115,0.00000,0.00000,-0.122,-0.009,0
635.2580,-0.00561,-0.02761,-0.00115,0.00000,0.00000,-0.122,-0.009,0
635.3100,-0.00561,-0.02761,-0.00115,0.00000,0.00000,-0.122,-0.009,0
635.3620,-0.00561,-0.02761,-0.00115,0.00000,0.00000,-0.122,-0.009,0
635.4140,-0.00561,-0.02761,-0.00115,0.00000,0.00000,-0.122,-0.009,0
635.4660,-0.00561,-0.02761,-0.00115,0.00000,0.00000,-0.122,-0.009,0
635.5180,-0.00561,-0.02762,-0.00115,0.00000,0.00000,-0.123,-0.009,0
635.5700,-0.00562,-0.02764,-0.00115,0.00000,0.00000,-0.123,-0.009,0
635.6220,-0.00562,-0.02766,-0.00115,0.00000,0.00000,-0.123,-0.009,0
635.6740,-0.00562,-0.02768,-0.00115,0.00000,0.00000,-0.123,-0.009,0
635.7260,-0.00563,-0.02769,-0.00115,0.00000,0.00000,-0.123,-0.009,0
635.7780,-0.00563,-0.02770,-0.00115,0.00000,0.00000,-0.123,-0.009,0
635.8300,-0.00563,-0.02771,-0.00115,0.00000,0.00000,-0.123,-0.009,0
635.8820,-0.00564,-0.02773,-0.00115,0.00000,0.00000,-0.123,-0.009,0
635.9340,-0.00564,-0.02775,-0.00115,0.00000,0.00000,-0.123,-0.009,0
635.9860,-0.00565,-0.02778,-0.00115,0.00000,0.00000,-0.123,-0.009,0
636.0380,-0.00565,-0.02781,-0.00115,0.00000,0.00000,-0.123,-0.009,0
636.0900,-0.00566,-0.02785,-0.00115,0.00000,0.00000,-0.124,-0.009,0
636.1420,-0.00567,-0.02788,-0.00115,0.00000,0.00000,-0.124,-0.009,0
636.1940,-0.00568,-0.02792,-0.00115,0.00000,0.00000,-0.124,-0.009,0
636.2460,-0.00568,-0.02794,-0.00115,0.00000,0.00000,-0.124,-0.009,0
636.2980,-0.00568,-0.02796,-0.00115,0.00000,0.00000,-0.124,-0.009,0
636.3500,-0.00569,-0.02798,-0.00115,0.00000,0.00000,-0.124,-0.009,0
636.4020,-0.00569,-0.02800,-0.00115,0.00000,0.00000,-0.125,-0.009,0
636.4540,-0.00570,-0.02802,-0.00115,0.00000,0.00000,-0.125,-0.009,0
636.5060,-0.00570,-0.02805,-0.00115,0.00000,0.00000,-0.125,-0.009,0
636.5580,-0.00571,-0.02807,-0.00115,0.00000,0.00000,-0.125,-0.009,0
636.6100,-0.00571,-0.02810,-0.00115,0.00000,0.00000,-0.125,-0.009,0
636.6620,-0.00572,-0.02813,-0.00115,0.00000,0.00000,-0.125,-0.009,0
636.7140,-0.00572,-0.02815,-0.00115,0.00000,0.00000,-0.125,-0.009,0
636.7660,-0.00572,-0.02815,-0.00115,0.00000,0.00000,-0.125,-0.009,0
636.8180,-0.00571,-0.02813,-0.00115,0.00000,0.00000,-0.125,-0.009,0
636.8700,-0.00571,-0.02812,-0.00115,0.00000,0.00000,-0.125,-0.009,0
636.9220,-0.00571,-0.02812,-0.00115,0.00000,0.00000,-0.125,-0.009,0
636.9740,-0.00571,-0.02811,-0.00115,0.00000,0.00000,-0.125,-0.009,0
637.0260,-0.00571,-0.02811,-0.00115,0.00000,0.00000,-0.125,-0.009,0
637.0780,-0.00570,-0.02811,-0.00115,0.00000,0.00000,-0.125,-0.009,0
637.1300,-0.00570,-0.02811,-0.00115,0.00000,0.00000,-0.125,-0.009,0
637.1820,-0.00570,-0.02810,-0.00115,0.00000,0.00000,-0.125,-0.009,0
637.2340,-0.00570,-0.02809,-0.00115,0.00000,0.00000,-0.125,-0.009,0
637.2860,-0.00569,-0.02808,-0.00115,0.00000,0.00000,-0.125,-0.009,0
637.3380,-0.00569,-0.02805,-0.00115,0.00000,0.00000,-0.125,-0.009,0
637.3900,-0.00568,-0.02803,-0.00115,0.00000,0.00000,-0.125,-0.009,0
637.4420,-0.00568,-0.02802,-0.00115,0.00000,0.00000,-0.125,-0.009,0
637.4940,-0.00568,-0.02802,-0.00115,0.00000,0.00000,-0.125,-0.009,0
637.5460,-0.00568,-0.02801,-0.00115,0.00000,0.00000,-0.125,-0.009,0
637.5980,-0.00567,-0.02798,-0.00115,0.00000,0.00000,-0.125,-0.009,0
637.6500,-0.00566,-0.02795,-0.00115,0.00000,0.00000,-0.125,-0.009,0
637.7020,-0.00565,-0.02791,-0.00115,0.00000,0.00000,-0.125,-0.009,0
637.7540,-0.00565,-0.02788,-0.00115,0.00000,0.00000,-0.125,-0.009,0
637.8060,-0.00564,-0.02784,-0.00115,0.00000,0.00000,-0.124,-0.009,0
637.8580,-0.00563,-0.02781,-0.00115,0.00000,0.00000,-0.124,-0.009,0
637.9100,-0.00563,-0.02780,-0.00115,0.00000,0.00000,-0.124,-0.009,0
637.9620,-0.00563,-0.02780,-0.00115,0.00000,0.00000,-0.124,-0.009,0
638.0140,-0.00563,-0.02780,-0.00115,0.00000,0.00000,-0.124,-0.009,0
638.0660,-0.00563,-0.02780,-0.00115,0.00000,0.00000,-0.124,-0.009,0
638.1180,-0.00563,-0.02779,-0.00115,0.00000,0.00000,-0.124,-0.009,0
638.1700,-0.00563,-0.02778,-0.00115,0.00000,0.00000,-0.124,-0.009,0
638.2220,-0.00563,-0.02777,-0.00115,0.00000,0.00000,-0.124,-0.009,0
638.2740,-0.00563,-0.02777,-0.00115,0.00000,0.00000,-0.124,-0.009,0
638.3260,-0.00563,-0.02776,-0.00115,0.00000,0.00000,-0.124,-0.009,0
638.3780,-0.00563,-0.02776,-0.00115,0.00000,0.00000,-0.124,-0.009,0
638.4300,-0.00563,-0.02777,-0.00115,0.00000,0.00000,-0.124,-0.009,0
638.4820,-0.00564,-0.02779,-0.00115,0.00000,0.00000,-0.124,-0.009,0
638.5340,-0.00564,-0.02782,-0.00115,0.00000,0.00000,-0.124,-0.009,0
638.5860,-0.00565,-0.02786,-0.00115,0.00000,0.00000,-0.124,-0.009,0
638.6380,-0.00567,-0.02790,-0.00115,0.00000,0.00000,-0.124,-0.009,0
638.6900,-0.00568,-0.02795,-0.00115,0.00000,0.00000,-0.125,-0.009,0
638.7420,-0.00569,-0.02800,-0.00115,0.00000,0.00000,-0.125,-0.009,0
638.7940,-0.00570,-0.02805,-0.00115,0.00000,0.00000,-0.125,-0.009,0
638.8460,-0.00571,-0.02811,-0.00115,0.00000,0.00000,-0.125,-0.009,0
638.8980,-0.00573,-0.02816,-0.00115,0.00000,0.00000,-0.126,-0.009,0
638.9500,-0.00574,-0.02821,-0.00115,0.00000,0.00000,-0.126,-0.009,0
639.0020,-0.00575,-0.02826,-0.00115,0.00000,0.00000,-0.126,-0.009,0
639.0540,-0.00576,-0.02830,-0.00115,0.00000,0.00000,-0.126,-0.009,0
639.1060,-0.00576,-0.02833,-0.00115,0.00000,0.00000,-0.126,-0.009,0
639.1580,-0.00577,-0.02837,-0.00115,0.00000,0.00000,-0.127,-0.009,0
639.2100,-0.00577,-0.02839,-0.00115,0.00000,0.00000,-0.127,-0.009,0
639.2620,-0.00577,-0.02840,-0.00115,0.00000,0.00000,-0.127,-0.009,0
639.3140,-0.00577,-0.02841,-0.00115,0.00000,0.00000,-0.127,-0.009,0
639.3660,-0.00578,-0.02843,-0.00115,0.00000,0.00000,-0.127,-0.009,0
639.4180,-0.00578,-0.02844,-0.00115,0.00000,0.00000,-0.127,-0.009,0
639.4700,-0.00578,-0.02846,-0.00115,0.00000,0.00000,-0.127,-0.009,0
639.5220,-0.00578,-0.02847,-0.00115,0.00000,0.00000,-0.127,-0.009,0
639.5740,-0.00578,-0.02849,-0.00115,0.00000,0.00000,-0.127,-0.009,0
639.6260,-0.00579,-0.02850,-0.00115,0.00000,0.00000,-0.127,-0.009,0
639.6780,-0.00578,-0.02849,-0.00115,0.00000,0.00000,-0.128,-0.009,0
639.7300,-0.00578,-0.02849,-0.00115,0.00000,0.00000,-0.128,-0.009,0
639.7820,-0.00578,-0.02848,-0.00115,0.00000,0.00000,-0.128,-0.009,0
639.8340,-0.00578,-0.02848,-0.00115,0.00000,0.00000,-0.128,-0.009,0
639.8860,-0.00577,-0.02848,-0.00115,0.00000,0.00000,-0.128,-0.009,0
639.9380,-0.00577,-0.02846,-0.00115,0.00000,0.00000,-0.128,-0.009,0
639.9900,-0.00576,-0.02844,-0.00115,0.00000,0.00000,-0.127,-0.009,0
640.0420,-0.00576,-0.02843,-0.00115,0.00000,0.00000,-0.127,-0.009,0
640.0940,-0.00576,-0.02843,-0.00115,0.00000,0.00000,-0.127,-0.009,0
640.1460,-0.00576,-0.02842,-0.00115,0.00000,0.00000,-0.127,-0.009,0
640.1980,-0.00575,-0.02842,-0.00115,0.00000,0.00000,-0.127,-0.009,0
640.2500,-0.00575,-0.02841,-0.00115,0.00000,0.00000,-0.127,-0.009,0
640.3020,-0.00575,-0.02840,-0.00115,0.00000,0.00000,-0.127,-0.009,0
640.3540,-0.00575,-0.02839,-0.00115,0.00000,0.00000,-0.127,-0.009,0
640.4060,-0.00575,-0.02839,-0.00115,0.00000,0.00000,-0.127,-0.009,0
640.4580,-0.00575,-0.02839,-0.00115,0.00000,0.00000,-0.127,-0.009,0
640.5100,-0.00575,-0.02839,-0.00115,0.00000,0.00000,-0.127,-0.009,0
640.5620,-0.00575,-0.02838,-0.00115,0.00000,0.00000,-0.127,-0.009,0
640.6140,-0.00575,-0.02839,-0.00115,0.00000,0.00000,-0.127,-0.009,0
640.6660,-0.00574,-0.02838,-0.00115,0.00000,0.00000,-0.127,-0.009,0
640.7180,-0.00574,-0.02837,-0.00115,0.00000,0.00000,-0.127,-0.009,0
640.7700,-0.00574,-0.02836,-0.00115,0.00000,0.00000,-0.127,-0.009,0
640.8220,-0.00574,-0.02834,-0.00115,0.00000,0.00000,-0.127,-0.009,0
640.8740,-0.00574,-0.02833,-0.00115,0.00000,0.00000,-0.127,-0.009,0
640.9260,-0.00574,-0.02834,-0.00115,0.00000,0.00000,-0.127,-0.009,0
640.9780,-0.00573,-0.02833,-0.00115,0.00000,0.00000,-0.127,-0.009,0
641.0300,-0.00573,-0.02832,-0.00115,0.00000,0.00000,-0.127,-0.009,0
641.0820,-0.00573,-0.02831,-0.00115,0.00000,0.00000,-0.127,-0.009,0
641.1340,-0.00573,-0.02831,-0.00115,0.00000,0.00000,-0.127,-0.009,0
641.1860,-0.00573,-0.02830,-0.00115,0.00000,0.00000,-0.127,-0.009,0
641.2380,-0.00573,-0.02829,-0.00115,0.00000,0.00000,-0.127,-0.009,0
641.2900,-0.00573,-0.02829,-0.00115,0.00000,0.00000,-0.127,-0.009,0
641.3420,-0.00573,-0.02829,-0.00115,0.00000,0.00000,-0.127,-0.009,0
641.3940,-0.00573,-0.02831,-0.00115,0.00000,0.00000,-0.127,-0.009,0
641.4460,-0.00573,-0.02831,-0.00115,0.00000,0.00000,-0.127,-0.009,0
641.4980,-0.00574,-0.02833,-0.00115,0.00000,0.00000,-0.127,-0.009,0
641.5500,-0.00575,-0.02836,-0.00115,0.00000,0.00000,-0.127,-0.009,0
641.6020,-0.00575,-0.02839,-0.00115,0.00000,0.00000,-0.127,-0.009,0
641.6540,-0.00576,-0.02843,-0.00115,0.00000,0.00000,-0.128,-0.009,0
641.7060,-0.00577,-0.02848,-0.00115,0.00000,0.00000,-0.128,-0.009,0
641.7580,-0.00579,-0.02853,-0.00115,0.00000,0.00000,-0.128,-0.009,0
641.8100,-0.00580,-0.02858,-0.00115,0.00000,0.00000,-0.128,-0.009,0
641.8620,-0.00581,-0.02863,-0.00115,0.00000,0.00000,-0.129,-0.009,0
641.9140,-0.00581,-0.02865,-0.00115,0.00000,0.00000,-0.129,-0.009,0
641.9660,-0.00582,-0.02867,-0.00115,0.00000,0.00000,-0.129,-0.009,0
642.0180,-0.00582,-0.02869,-0.00115,0.00000,0.00000,-0.129,-0.009,0
642.0700,-0.00582,-0.02870,-0.00115,0.00000,0.00000,-0.129,-0.009,0
642.1220,-0.00582,-0.02869,-0.00115,0.00000,0.00000,-0.129,-0.009,0
642.1740,-0.00581,-0.02867,-0.00115,0.00000,0.00000,-0.129,-0.009,0
642.2260,-0.00581,-0.02864,-0.00115,0.00000,0.00000,-0.129,-0.009,0
642.2780,-0.00580,-0.02861,-0.00115,0.00000,0.00000,-0.129,-0.009,0
642.3300,-0.00579,-0.02858,-0.00115,0.00000,0.00000,-0.129,-0.009,0
642.3820,-0.00578,-0.02853,-0.00115,0.00000,0.00000,-0.128,-0.009,0
642.4340,-0.00577,-0.02850,-0.00115,0.00000,0.00000,-0.128,-0.009,0
642.4860,-0.00576,-0.02849,-0.00115,0.00000,0.00000,-0.128,-0.009,0
642.5380,-0.00576,-0.02848,-0.00115,0.00000,0.00000,-0.128,-0.009,0
642.5900,-0.00576,-0.02846,-0.00115,0.00000,0.00000,-0.128,-0.009,0
642.6420,-0.00575,-0.02844,-0.00115,0.00000,0.00000,-0.128,-0.009,0
642.6940,-0.00575,-0.02843,-0.00115,0.00000,0.00000,-0.128,-0.009,0
642.7460,-0.00574,-0.02840,-0.00115,0.00000,0.00000,-0.128,-0.009,0
642.7980,-0.00574,-0.02837,-0.00115,0.00000,0.00000,-0.128,-0.009,0
642.8500,-0.00573,-0.02834,-0.00115,0.00000,0.00000,-0.128,-0.009,0
642.9020,-0.00572,-0.02831,-0.00115,0.00000,0.00000,-0.127,-0.009,0
642.9540,-0.00572,-0.02827,-0.00115,0.00000,0.00000,-0.127,-0.009,0
643.0060,-0.00571,-0.02824,-0.00115,0.00000,0.00000,-0.127,-0.009,0
643.0580,-0.00571,-0.02822,-0.00115,0.00000,0.00000,-0.127,-0.009,0
643.1100,-0.00571,-0.02822,-0.00115,0.00000,0.00000,-0.127,-0.009,0
643.1620,-0.00571,-0.02822,-0.00115,0.00000,0.00000,-0.127,-0.009,0
643.2140,-0.00570,-0.02821,-0.00115,0.00000,0.00000,-0.127,-0.009,0
643.2660,-0.00570,-0.02820,-0.00115,0.00000,0.00000,-0.127,-0.009,0
643.3180,-0.00570,-0.02820,-0.00115,0.00000,0.00000,-0.127,-0.009,0
643.3700,-0.00571,-0.02821,-0.00115,0.00000,0.00000,-0.127,-0.009,0
643.4220,-0.00571,-0.02821,-0.00115,0.00000,0.00000,-0.127,-0.009,0
643.4740,-0.00571,-0.02822,-0.00115,0.00000,0.00000,-0.127,-0.009,0
643.5260,-0.00572,-0.02823,-0.00115,0.00000,0.00000,-0.127,-0.009,0
643.5780,-0.00572,-0.02823,-0.00115,0.00000,0.00000,-0.127,-0.009,0
643.6300,-0.00571,-0.02822,-0.00115,0.00000,0.00000,-0.127,-0.009,0
643.6820,-0.00571,-0.02821,-0.00115,0.00000,0.00000,-0.127,-0.009,0
643.7340,-0.00571,-0.02820,-0.00115,0.00000,0.00000,-0.127,-0.009,0
643.7860,-0.00571,-0.02819,-0.00115,0.00000,0.00000,-0.127,-0.009,0
643.8380,-0.00571,-0.02819,-0.00115,0.00000,0.00000,-0.127,-0.009,0
643.8900,-0.00571,-0.02820,-0.00115,0.00000,0.00000,-0.127,-0.009,0
643.9420,-0.00572,-0.02821,-0.00115,0.00000,0.00000,-0.127,-0.009,0
643.9940,-0.00572,-0.02822,-0.00115,0.00000,0.00000,-0.127,-0.009,0
644.0460,-0.00572,-0.02823,-0.00115,0.00000,0.00000,-0.127,-0.009,0
644.0980,-0.00572,-0.02822,-0.00115,0.00000,0.00000,-0.127,-0.009,0
644.1500,-0.00572,-0.02821,-0.00115,0.00000,0.00000,-0.127,-0.009,0
644.2020,-0.00571,-0.02819,-0.00115,0.00000,0.00000,-0.127,-0.009,0
644.2540,-0.00571,-0.02819,-0.00115,0.00000,0.00000,-0.127,-0.009,0
644.3060,-0.00571,-0.02818,-0.00115,0.00000,0.00000,-0.126,-0.009,0
644.3580,-0.00571,-0.02816,-0.00115,0.00000,0.00000,-0.126,-0.009,0
644.4100,-0.00570,-0.02814,-0.00115,0.00000,0.00000,-0.126,-0.009,0
644.4620,-0.00570,-0.02813,-0.00115,0.00000,0.00000,-0.126,-0.009,0
644.5140,-0.00570,-0.02813,-0.00115,0.00000,0.00000,-0.126,-0.009,0
644.5660,-0.00570,-0.02814,-0.00115,0.00000,0.00000,-0.126,-0.009,0
644.6180,-0.00571,-0.02816,-0.00115,0.00000,0.00000,-0.126,-0.009,0
644.6700,-0.00571,-0.02816,-0.00115,0.00000,0.00000,-0.126,-0.009,0
644.7220,-0.00571,-0.02815,-0.00115,0.00000,0.00000,-0.126,-0.009,0
644.7740,-0.00570,-0.02814,-0.00115,0.00000,0.00000,-0.126,-0.009,0
644.8260,-0.00570,-0.02812,-0.00115,0.00000,0.00000,-0.126,-0.009,0
644.8780,-0.00570,-0.02811,-0.00115,0.00000,0.00000,-0.126,-0.009,0
644.9300,-0.00570,-0.02812,-0.00115,0.00000,0.00000,-0.126,-0.009,0
644.9820,-0.00570,-0.02813,-0.00115,0.00000,0.00000,-0.126,-0.009,0
645.0340,-0.00571,-0.02814,-0.00115,0.00000,0.00000,-0.126,-0.009,0
645.0860,-0.00571,-0.02816,-0.00115,0.00000,0.00000,-0.126,-0.009,0
645.1380,-0.00571,-0.02816,-0.00115,0.00000,0.00000,-0.126,-0.009,0
645.1900,-0.00571,-0.02816,-0.00115,0.00000,0.00000,-0.126,-0.009,0
645.2420,-0.00571,-0.02816,-0.00115,0.00000,0.00000,-0.126,-0.009,0
645.2940,-0.00571,-0.02817,-0.00115,0.00000,0.00000,-0.126,-0.009,0
645.3460,-0.00571,-0.02817,-0.00115,0.00000,0.00000,-0.126,-0.009,0
645.3980,-0.00571,-0.02818,-0.00115,0.00000,0.00000,-0.126,-0.009,0
645.4500,-0.00572,-0.02819,-0.00115,0.00000,0.00000,-0.126,-0.009,0
645.5020,-0.00572,-0.02820,-0.00115,0.00000,0.00000,-0.126,-0.009,0
645.5540,-0.00572,-0.02820,-0.00115,0.00000,0.00000,-0.126,-0.009,0
645.6060,-0.00572,-0.02820,-0.00115,0.00000,0.00000,-0.126,-0.009,0
645.6580,-0.00572,-0.02821,-0.00115,0.00000,0.00000,-0.126,-0.009,0
645.7100,-0.00572,-0.02822,-0.00115,0.00000,0.00000,-0.126,-0.009,0
645.7620,-0.00573,-0.02824,-0.00115,0.00000,0.00000,-0.126,-0.009,0
645.8140,-0.00573,-0.02826,-0.00115,0.00000,0.00000,-0.127,-0.009,0
645.8660,-0.00574,-0.02829,-0.00115,0.00000,0.00000,-0.127,-0.009,0
645.9180,-0.00574,-0.02831,-0.00115,0.00000,0.00000,-0.127,-0.009,0
645.9700,-0.00575,-0.02832,-0.00115,0.00000,0.00000,-0.127,-0.009,0
646.0220,-0.00575,-0.02834,-0.00115,0.00000,0.00000,-0.127,-0.009,0
646.0740,-0.00575,-0.02835,-0.00115,0.00000,0.00000,-0.127,-0.009,0
646.1260,-0.00575,-0.02836,-0.00115,0.00000,0.00000,-0.127,-0.009,0
646.1780,-0.00576,-0.02839,-0.00115,0.00000,0.00000,-0.127,-0.009,0
646.2300,-0.00576,-0.02841,-0.00115,0.00000,0.00000,-0.127,-0.009,0
646.2820,-0.00577,-0.02844,-0.00115,0.00000,0.00000,-0.127,-0.009,0
646.3340,-0.00578,-0.02848,-0.00115,0.00000,0.00000,-0.128,-0.009,0
646.3860,-0.00579,-0.02852,-0.00115,0.00000,0.00000,-0.128,-0.009,0
646.4380,-0.00580,-0.02855,-0.00115,0.00000,0.00000,-0.128,-0.009,0
646.4900,-0.00580,-0.02860,-0.00115,0.00000,0.00000,-0.128,-0.009,0
646.5420,-0.00581,-0.02864,-0.00115,0.00000,0.00000,-0.128,-0.009,0
646.5940,-0.00582,-0.02869,-0.00115,0.00000,0.00000,-0.129,-0.009,0
646.6460,-0.00584,-0.02875,-0.00115,0.00000,0.00000,-0.129,-0.009,0
646.6980,-0.00585,-0.02879,-0.00115,0.00000,0.00000,-0.129,-0.009,0
646.7500,-0.00585,-0.02882,-0.00115,0.00000,0.00000,-0.129,-0.009,0
646.8020,-0.00585,-0.02884,-0.00115,0.00000,0.00000,-0.129,-0.009,0
646.8540,-0.00586,-0.02885,-0.00115,0.00000,0.00000,-0.130,-0.009,0
646.9060,-0.00586,-0.02887,-0.00115,0.00000,0.00000,-0.130,-0.009,0
646.9580,-0.00586,-0.02888,-0.00115,0.00000,0.00000,-0.130,-0.009,0
647.0100,-0.00586,-0.02889,-0.00115,0.00000,0.00000,-0.130,-0.009,0
647.0620,-0.00586,-0.02890,-0.00115,0.00000,0.00000,-0.130,-0.009,0
647.1140,-0.00586,-0.02891,-0.00115,0.00000,0.00000,-0.130,-0.009,0
647.1660,-0.00586,-0.02891,-0.00115,0.00000,0.00000,-0.130,-0.009,0
647.2180,-0.00586,-0.02891,-0.00115,0.00000,0.00000,-0.130,-0.009,0
647.2700,-0.00585,-0.02890,-0.00115,0.00000,0.00000,-0.130,-0.009,0
647.3220,-0.00585,-0.02889,-0.00115,0.00000,0.00000,-0.130,-0.009,0
647.3740,-0.00585,-0.02889,-0.00115,0.00000,0.00000,-0.130,-0.009,0
647.4260,-0.00584,-0.02888,-0.00115,0.00000,0.00000,-0.130,-0.009,0
647.4780,-0.00584,-0.02887,-0.00115,0.00000,0.00000,-0.130,-0.009,0
647.5300,-0.00584,-0.02886,-0.00115,0.00000,0.00000,-0.130,-0.009,0
647.5820,-0.00584,-0.02887,-0.00115,0.00000,0.00000,-0.130,-0.009,0
647.6340,-0.00584,-0.02888,-0.00115,0.00000,0.00000,-0.130,-0.009,0
647.6860,-0.00584,-0.02889,-0.00115,0.00000,0.00000,-0.130,-0.009,0
647.7380,-0.00584,-0.02889,-0.00115,0.00000,0.00000,-0.130,-0.009,0
647.7900,-0.00584,-0.02888,-0.00115,0.00000,0.00000,-0.130,-0.009,0
647.8420,-0.00584,-0.02889,-0.00115,0.00000,0.00000,-0.130,-0.009,0
647.8940,-0.00584,-0.02888,-0.00115,0.00000,0.00000,-0.130,-0.009,0
647.9460,-0.00584,-0.02887,-0.00115,0.00000,0.00000,-0.130,-0.009,0
647.9980,-0.00583,-0.02885,-0.00115,0.00000,0.00000,-0.130,-0.009,0
648.0500,-0.00583,-0.02883,-0.00115,0.00000,0.00000,-0.130,-0.009,0
648.1020,-0.00582,-0.02882,-0.00115,0.00000,0.00000,-0.130,-0.009,0
648.1540,-0.00582,-0.02880,-0.00115,0.00000,0.00000,-0.130,-0.009,0
648.2060,-0.00581,-0.02877,-0.00115,0.00000,0.00000,-0.130,-0.009,0
648.2580,-0.00581,-0.02874,-0.00115,0.00000,0.00000,-0.130,-0.009,0
648.3100,-0.00580,-0.02872,-0.00115,0.00000,0.00000,-0.130,-0.009,0
648.3620,-0.00580,-0.02871,-0.00115,0.00000,0.00000,-0.130,-0.009,0
648.4140,-0.00580,-0.02871,-0.00115,0.00000,0.00000,-0.130,-0.009,0
648.4660,-0.00580,-0.02873,-0.00115,0.00000,0.00000,-0.130,-0.009,0
648.5180,-0.00581,-0.02875,-0.00115,0.00000,0.00000,-0.130,-0.009,0
648.5700,-0.00582,-0.02877,-0.00115,0.00000,0.00000,-0.130,-0.009,0
648.6220,-0.00582,-0.02880,-0.00115,0.00000,0.00000,-0.130,-0.009,0
648.6740,-0.00583,-0.02883,-0.00115,0.00000,0.00000,-0.130,-0.009,0
648.7260,-0.00583,-0.02884,-0.00115,0.00000,0.00000,-0.130,-0.009,0
648.7780,-0.00584,-0.02885,-0.00115,0.00000,0.00000,-0.130,-0.009,0
648.8300,-0.00584,-0.02887,-0.00115,0.00000,0.00000,-0.130,-0.009,0
648.8820,-0.00585,-0.02889,-0.00115,0.00000,0.00000,-0.130,-0.009,0
648.9340,-0.00585,-0.02893,-0.00115,0.00000,0.00000,-0.131,-0.009,0
648.9860,-0.00586,-0.02896,-0.00115,0.00000,0.00000,-0.131,-0.009,0
649.0380,-0.00587,-0.02899,-0.00115,0.00000,0.00000,-0.131,-0.009,0
649.0900,-0.00587,-0.02901,-0.00115,0.00000,0.00000,-0.131,-0.009,0
649.1420,-0.00588,-0.02903,-0.00115,0.00000,0.00000,-0.131,-0.009,0
649.1940,-0.00588,-0.02905,-0.00115,0.00000,0.00000,-0.131,-0.009,0
649.2460,-0.00588,-0.02906,-0.00115,0.00000,0.00000,-0.131,-0.009,0
649.2980,-0.00589,-0.02907,-0.00115,0.00000,0.00000,-0.131,-0.009,0
649.3500,-0.00589,-0.02908,-0.00115,0.00000,0.00000,-0.131,-0.009,0
649.4020,-0.00589,-0.02908,-0.00115,0.00000,0.00000,-0.131,-0.009,0
649.4540,-0.00588,-0.02907,-0.00115,0.00000,0.00000,-0.131,-0.009,0
649.5060,-0.00588,-0.02906,-0.00115,0.00000,0.00000,-0.131,-0.009,0
649.5580,-0.00587,-0.02903,-0.00115,0.00000,0.00000,-0.131,-0.009,0
649.6100,-0.00586,-0.02900,-0.00115,0.00000,0.00000,-0.131,-0.009,0
649.6620,-0.00586,-0.02897,-0.00115,0.00000,0.00000,-0.131,-0.009,0
649.7140,-0.00585,-0.02896,-0.00115,0.00000,0.00000,-0.131,-0.009,0
649.7660,-0.00585,-0.02894,-0.00115,0.00000,0.00000,-0.131,-0.009,0
649.8180,-0.00585,-0.02893,-0.00115,0.00000,0.00000,-0.131,-0.009,0
649.8700,-0.00585,-0.02893,-0.00115,0.00000,0.00000,-0.131,-0.009,0
649.9220,-0.00584,-0.02892,-0.00115,0.00000,0.00000,-0.131,-0.009,0
649.9740,-0.00584,-0.02891,-0.00115,0.00000,0.00000,-0.131,-0.009,0
650.0260,-0.00584,-0.02891,-0.00115,0.00000,0.00000,-0.131,-0.009,0
650.0780,-0.00584,-0.02890,-0.00115,0.00000,0.00000,-0.131,-0.009,0
650.1300,-0.00584,-0.02889,-0.00115,0.00000,0.00000,-0.131,-0.009,0
650.1820,-0.00584,-0.02890,-0.00115,0.00000,0.00000,-0.131,-0.009,0
650.2340,-0.00584,-0.02889,-0.00115,0.00000,0.00000,-0.131,-0.009,0
650.2860,-0.00584,-0.02888,-0.00115,0.00000,0.00000,-0.131,-0.009,0
650.3380,-0.00583,-0.02888,-0.00115,0.00000,0.00000,-0.131,-0.009,0
650.3900,-0.00583,-0.02887,-0.00115,0.00000,0.00000,-0.131,-0.009,0
650.4420,-0.00583,-0.02888,-0.00115,0.00000,0.00000,-0.131,-0.009,0
650.4940,-0.00584,-0.02889,-0.00115,0.00000,0.00000,-0.131,-0.009,0
650.5460,-0.00584,-0.02891,-0.00115,0.00000,0.00000,-0.131,-0.009,0
650.5980,-0.00585,-0.02894,-0.00115,0.00000,0.00000,-0.131,-0.009,0
650.6500,-0.00586,-0.02896,-0.00115,0.00000,0.00000,-0.131,-0.009,0
650.7020,-0.00586,-0.02899,-0.00115,0.00000,0.00000,-0.131,-0.010,0
650.7540,-0.00587,-0.02902,-0.00115,0.00000,0.00000,-0.131,-0.010,0
650.8060,-0.00588,-0.02905,-0.00115,0.00000,0.00000,-0.132,-0.010,0
650.8580,-0.00588,-0.02908,-0.00115,0.00000,0.00000,-0.132,-0.010,0
650.9100,-0.00589,-0.02912,-0.00115,0.00000,0.00000,-0.132,-0.010,0
650.9620,-0.00590,-0.02915,-0.00115,0.00000,0.00000,-0.132,-0.010,0
651.0140,-0.00591,-0.02918,-0.00115,0.00000,0.00000,-0.132,-0.010,0
651.0660,-0.00591,-0.02921,-0.00115,0.00000,0.00000,-0.132,-0.010,0
651.1180,-0.00592,-0.02922,-0.00115,0.00000,0.00000,-0.132,-0.010,0
651.1700,-0.00592,-0.02925,-0.00115,0.00000,0.00000,-0.132,-0.010,0
651.2220,-0.00592,-0.02926,-0.00115,0.00000,0.00000,-0.133,-0.010,0
651.2740,-0.00592,-0.02926,-0.00115,0.00000,0.00000,-0.133,-0.010,0
651.3260,-0.00592,-0.02927,-0.00115,0.00000,0.00000,-0.133,-0.010,0
651.3780,-0.00592,-0.02928,-0.00115,0.00000,0.00000,-0.133,-0.010,0
651.4300,-0.00593,-0.02930,-0.00115,0.00000,0.00000,-0.133,-0.010,0
651.4820,-0.00593,-0.02931,-0.00115,0.00000,0.00000,-0.133,-0.010,0
651.5340,-0.00593,-0.02931,-0.00115,0.00000,0.00000,-0.133,-0.010,0
651.5860,-0.00593,-0.02931,-0.00115,0.00000,0.00000,-0.133,-0.010,0
651.6380,-0.00593,-0.02932,-0.00115,0.00000,0.00000,-0.133,-0.010,0
651.6900,-0.00593,-0.02934,-0.00115,0.00000,0.00000,-0.133,-0.010,0
651.7420,-0.00593,-0.02934,-0.00115,0.00000,0.00000,-0.133,-0.010,0
651.7940,-0.00593,-0.02933,-0.00115,0.00000,0.00000,-0.133,-0.010,0
651.8460,-0.00593,-0.02933,-0.00115,0.00000,0.00000,-0.133,-0.010,0
651.8980,-0.00592,-0.02932,-0.00115,0.00000,0.00000,-0.133,-0.010,0
651.9500,-0.00592,-0.02933,-0.00115,0.00000,0.00000,-0.133,-0.010,0
652.0020,-0.00593,-0.02934,-0.00115,0.00000,0.00000,-0.133,-0.010,0
652.0540,-0.00593,-0.02936,-0.00115,0.00000,0.00000,-0.133,-0.010,0
652.1060,-0.00593,-0.02937,-0.00115,0.00000,0.00000,-0.133,-0.010,0
652.1580,-0.00593,-0.02937,-0.00115,0.00000,0.00000,-0.133,-0.010,0
652.2100,-0.00593,-0.02937,-0.00115,0.00000,0.00000,-0.133,-0.010,0
652.2620,-0.00594,-0.02939,-0.00115,0.00000,0.00000,-0.133,-0.010,0
652.3140,-0.00594,-0.02940,-0.00115,0.00000,0.00000,-0.134,-0.010,0
652.3660,-0.00594,-0.02940,-0.00115,0.00000,0.00000,-0.134,-0.010,0
652.4180,-0.00594,-0.02939,-0.00115,0.00000,0.00000,-0.134,-0.010,0
652.4700,-0.00593,-0.02939,-0.00115,0.00000,0.00000,-0.134,-0.010,0
652.5220,-0.00593,-0.02938,-0.00115,0.00000,0.00000,-0.134,-0.010,0
652.5740,-0.00593,-0.02937,-0.00115,0.00000,0.00000,-0.134,-0.010,0
652.6260,-0.00592,-0.02934,-0.00115,0.00000,0.00000,-0.133,-0.010,0
652.6780,-0.00592,-0.02932,-0.00115,0.00000,0.00000,-0.133,-0.010,0
652.7300,-0.00591,-0.02929,-0.00115,0.00000,0.00000,-0.133,-0.010,0
652.7820,-0.00590,-0.02926,-0.00115,0.00000,0.00000,-0.133,-0.010,0
652.8340,-0.00590,-0.02924,-0.00115,0.00000,0.00000,-0.133,-0.010,0
652.8860,-0.00590,-0.02924,-0.00115,0.00000,0.00000,-0.133,-0.010,0
652.9380,-0.00590,-0.02923,-0.00115,0.00000,0.00000,-0.133,-0.010,0
652.9900,-0.00589,-0.02922,-0.00115,0.00000,0.00000,-0.133,-0.010,0
653.0420,-0.00589,-0.02922,-0.00115,0.00000,0.00000,-0.133,-0.010,0
653.0940,-0.00589,-0.02921,-0.00115,0.00000,0.00000,-0.133,-0.010,0
653.1460,-0.00589,-0.02919,-0.00115,0.00000,0.00000,-0.133,-0.010,0
653.1980,-0.00589,-0.02918,-0.00115,0.00000,0.00000,-0.133,-0.010,0
653.2500,-0.00589,-0.02918,-0.00115,0.00000,0.00000,-0.133,-0.010,0
653.3020,-0.00589,-0.02918,-0.00115,0.00000,0.00000,-0.133,-0.010,0
653.3540,-0.00589,-0.02918,-0.00115,0.00000,0.00000,-0.133,-0.010,0
653.4060,-0.00588,-0.02916,-0.00115,0.00000,0.00000,-0.133,-0.010,0
653.4580,-0.00588,-0.02916,-0.00115,0.00000,0.00000,-0.133,-0.010,0
653.5100,-0.00589,-0.02917,-0.00115,0.00000,0.00000,-0.133,-0.010,0
653.5620,-0.00589,-0.02918,-0.00115,0.00000,0.00000,-0.133,-0.010,0
653.6140,-0.00590,-0.02920,-0.00115,0.00000,0.00000,-0.133,-0.010,0
653.6660,-0.00590,-0.02922,-0.00115,0.00000,0.00000,-0.133,-0.010,0
653.7180,-0.00590,-0.02922,-0.00115,0.00000,0.00000,-0.133,-0.010,0
653.7700,-0.00590,-0.02921,-0.00115,0.00000,0.00000,-0.133,-0.010,0
653.8220,-0.00590,-0.02920,-0.00115,0.00000,0.00000,-0.133,-0.010,0
653.8740,-0.00590,-0.02920,-0.00115,0.00000,0.00000,-0.133,-0.010,0
653.9260,-0.00590,-0.02919,-0.00115,0.00000,0.00000,-0.133,-0.010,0
653.9780,-0.00590,-0.02919,-0.00115,0.00000,0.00000,-0.133,-0.010,0
654.0300,-0.00589,-0.02919,-0.00115,0.00000,0.00000,-0.133,-0.010,0
654.0820,-0.00590,-0.02920,-0.00115,0.00000,0.00000,-0.133,-0.010,0
654.1340,-0.00590,-0.02922,-0.00115,0.00000,0.00000,-0.133,-0.010,0
654.1860,-0.00591,-0.02926,-0.00115,0.00000,0.00000,-0.133,-0.010,0
654.2380,-0.00593,-0.02932,-0.00115,0.00000,0.00000,-0.133,-0.010,0
654.2900,-0.00594,-0.02937,-0.00115,0.00000,0.00000,-0.133,-0.010,0
654.3420,-0.00595,-0.02941,-0.00115,0.00000,0.00000,-0.134,-0.010,0
654.3940,-0.00596,-0.02946,-0.00115,0.00000,0.00000,-0.134,-0.010,0
654.4460,-0.00597,-0.02952,-0.00115,0.00000,0.00000,-0.134,-0.010,0
654.4980,-0.00598,-0.02956,-0.00115,0.00000,0.00000,-0.134,-0.010,0
654.5500,-0.00599,-0.02960,-0.00115,0.00000,0.00000,-0.135,-0.010,0
654.6020,-0.00600,-0.02965,-0.00115,0.00000,0.00000,-0.135,-0.010,0
654.6540,-0.00601,-0.02968,-0.00115,0.00000,0.00000,-0.135,-0.010,0
654.7060,-0.00601,-0.02970,-0.00115,0.00000,0.00000,-0.135,-0.010,0
654.7580,-0.00601,-0.02972,-0.00115,0.00000,0.00000,-0.135,-0.010,0
654.8100,-0.00601,-0.02973,-0.00115,0.00000,0.00000,-0.135,-0.010,0
654.8620,-0.00602,-0.02975,-0.00115,0.00000,0.00000,-0.135,-0.010,0
654.9140,-0.00602,-0.02977,-0.00115,0.00000,0.00000,-0.136,-0.010,0
654.9660,-0.00602,-0.02979,-0.00115,0.00000,0.00000,-0.136,-0.010,0
655.0180,-0.00602,-0.02980,-0.00115,0.00000,0.00000,-0.136,-0.010,0
655.0700,-0.00602,-0.02980,-0.00115,0.00000,0.00000,-0.136,-0.010,0
655.1220,-0.00602,-0.02980,-0.00115,0.00000,0.00000,-0.136,-0.010,0
655.1740,-0.00602,-0.02980,-0.00115,0.00000,0.00000,-0.136,-0.010,0
655.2260,-0.00602,-0.02980,-0.00115,0.00000,0.00000,-0.136,-0.010,0
655.2780,-0.00602,-0.02980,-0.00115,0.00000,0.00000,-0.136,-0.010,0
655.3300,-0.00601,-0.02980,-0.00115,0.00000,0.00000,-0.136,-0.010,0
655.3820,-0.00601,-0.02978,-0.00115,0.00000,0.00000,-0.136,-0.010,0
655.4340,-0.00601,-0.02978,-0.00115,0.00000,0.00000,-0.136,-0.010,0
655.4860,-0.00601,-0.02978,-0.00115,0.00000,0.00000,-0.136,-0.010,0
655.5380,-0.00601,-0.02980,-0.00115,0.00000,0.00000,-0.136,-0.010,0
655.5900,-0.00601,-0.02981,-0.00115,0.00000,0.00000,-0.136,-0.010,0
655.6420,-0.00601,-0.02981,-0.00115,0.00000,0.00000,-0.136,-0.010,0
655.6940,-0.00601,-0.02981,-0.00115,0.00000,0.00000,-0.136,-0.010,0
655.7460,-0.00601,-0.02980,-0.00115,0.00000,0.00000,-0.136,-0.010,0
655.7980,-0.00600,-0.02978,-0.00115,0.00000,0.00000,-0.136,-0.010,0
655.8500,-0.00600,-0.02978,-0.00115,0.00000,0.00000,-0.136,-0.010,0
655.9020,-0.00600,-0.02979,-0.00115,0.00000,0.00000,-0.136,-0.010,0
655.9540,-0.00600,-0.02978,-0.00115,0.00000,0.00000,-0.136,-0.010,0
656.0060,-0.00600,-0.02976,-0.00115,0.00000,0.00000,-0.136,-0.010,0
656.0580,-0.00600,-0.02976,-0.00115,0.00000,0.00000,-0.136,-0.010,0
656.1100,-0.00600,-0.02975,-0.00115,0.00000,0.00000,-0.136,-0.010,0
656.1620,-0.00599,-0.02975,-0.00115,0.00000,0.00000,-0.136,-0.010,0
656.2140,-0.00599,-0.02974,-0.00115,0.00000,0.00000,-0.136,-0.010,0
656.2660,-0.00599,-0.02973,-0.00115,0.00000,0.00000,-0.136,-0.010,0
656.3180,-0.00599,-0.02972,-0.00115,0.00000,0.00000,-0.136,-0.010,0
656.3700,-0.00598,-0.02970,-0.00115,0.00000,0.00000,-0.136,-0.010,0
656.4220,-0.00598,-0.02970,-0.00115,0.00000,0.00000,-0.136,-0.010,0
656.4740,-0.00598,-0.02970,-0.00115,0.00000,0.00000,-0.136,-0.010,0
656.5260,-0.00598,-0.02970,-0.00115,0.00000,0.00000,-0.136,-0.010,0
656.5780,-0.00598,-0.02970,-0.00115,0.00000,0.00000,-0.136,-0.010,0
656.6300,-0.00598,-0.02969,-0.00115,0.00000,0.00000,-0.136,-0.010,0
656.6820,-0.00598,-0.02969,-0.00115,0.00000,0.00000,-0.136,-0.010,0
656.7340,-0.00599,-0.02970,-0.00115,0.00000,0.00000,-0.136,-0.010,0
656.7860,-0.00599,-0.02972,-0.00115,0.00000,0.00000,-0.136,-0.010,0
656.8380,-0.00599,-0.02974,-0.00115,0.00000,0.00000,-0.136,-0.010,0
656.8900,-0.00600,-0.02976,-0.00115,0.00000,0.00000,-0.136,-0.010,0
656.9420,-0.00601,-0.02979,-0.00115,0.00000,0.00000,-0.136,-0.010,0
656.9940,-0.00601,-0.02982,-0.00115,0.00000,0.00000,-0.136,-0.010,0
657.0460,-0.00602,-0.02983,-0.00115,0.00000,0.00000,-0.136,-0.010,0
657.0980,-0.00602,-0.02983,-0.00115,0.00000,0.00000,-0.137,-0.010,0
657.1500,-0.00601,-0.02982,-0.00115,0.00000,0.00000,-0.136,-0.010,0
657.2020,-0.00602,-0.02983,-0.00115,0.00000,0.00000,-0.136,-0.010,0
657.2540,-0.00602,-0.02985,-0.00115,0.00000,0.00000,-0.137,-0.010,0
657.3060,-0.00603,-0.02988,-0.00115,0.00000,0.00000,-0.137,-0.010,0
657.3580,-0.00603,-0.02991,-0.00115,0.00000,0.00000,-0.137,-0.010,0
657.4100,-0.00604,-0.02994,-0.00115,0.00000,0.00000,-0.137,-0.010,0
657.4620,-0.00605,-0.02999,-0.00115,0.00000,0.00000,-0.137,-0.010,0
657.5140,-0.00606,-0.03003,-0.00115,0.00000,0.00000,-0.137,-0.010,0
657.5660,-0.00607,-0.03006,-0.00115,0.00000,0.00000,-0.138,-0.010,0
657.6180,-0.00607,-0.03008,-0.00115,0.00000,0.00000,-0.138,-0.010,0
657.6700,-0.00608,-0.03012,-0.00115,0.00000,0.00000,-0.138,-0.010,0
657.7220,-0.00608,-0.03014,-0.00115,0.00000,0.00000,-0.138,-0.010,0
657.7740,-0.00608,-0.03015,-0.00115,0.00000,0.00000,-0.138,-0.010,0
657.8260,-0.00608,-0.03015,-0.00115,0.00000,0.00000,-0.138,-0.010,0
657.8780,-0.00608,-0.03014,-0.00115,0.00000,0.00000,-0.138,-0.010,0
657.9300,-0.00607,-0.03012,-0.00115,0.00000,0.00000,-0.138,-0.010,0
657.9820,-0.00607,-0.03011,-0.00115,0.00000,0.00000,-0.138,-0.010,0
658.0340,-0.00607,-0.03011,-0.00115,0.00000,0.00000,-0.138,-0.010,0
658.0860,-0.00607,-0.03012,-0.00115,0.00000,0.00000,-0.138,-0.010,0
658.1380,-0.00608,-0.03014,-0.00115,0.00000,0.00000,-0.138,-0.010,0
658.1900,-0.00608,-0.03016,-0.00115,0.00000,0.00000,-0.138,-0.010,0
658.2420,-0.00608,-0.03017,-0.00115,0.00000,0.00000,-0.138,-0.010,0
658.2940,-0.00608,-0.03017,-0.00115,0.00000,0.00000,-0.138,-0.010,0
658.3460,-0.00608,-0.03017,-0.00115,0.00000,0.00000,-0.138,-0.010,0
658.3980,-0.00608,-0.03017,-0.00115,0.00000,0.00000,-0.139,-0.010,0
658.4500,-0.00607,-0.03015,-0.00115,0.00000,0.00000,-0.138,-0.010,0
658.5020,-0.00607,-0.03013,-0.00115,0.00000,0.00000,-0.138,-0.010,0
658.5540,-0.00606,-0.03012,-0.00115,0.00000,0.00000,-0.138,-0.010,0
658.6060,-0.00606,-0.03010,-0.00115,0.00000,0.00000,-0.138,-0.010,0
658.6580,-0.00605,-0.03007,-0.00115,0.00000,0.00000,-0.138,-0.010,0
658.7100,-0.00604,-0.03003,-0.00115,0.00000,0.00000,-0.138,-0.010,0
658.7620,-0.00604,-0.03001,-0.00115,0.00000,0.00000,-0.138,-0.010,0
658.8140,-0.00603,-0.02997,-0.00115,0.00000,0.00000,-0.138,-0.010,0
658.8660,-0.00602,-0.02993,-0.00115,0.00000,0.00000,-0.138,-0.010,0
658.9180,-0.00601,-0.02991,-0.00115,0.00000,0.00000,-0.137,-0.010,0
658.9700,-0.00601,-0.02989,-0.00115,0.00000,0.00000,-0.137,-0.010,0
659.0220,-0.00600,-0.02986,-0.00115,0.00000,0.00000,-0.137,-0.010,0
659.0740,-0.00600,-0.02983,-0.00115,0.00000,0.00000,-0.137,-0.010,0
659.1260,-0.00599,-0.02981,-0.00115,0.00000,0.00000,-0.137,-0.010,0
659.1780,-0.00599,-0.02978,-0.00115,0.00000,0.00000,-0.137,-0.010,0
659.2300,-0.00598,-0.02975,-0.00115,0.00000,0.00000,-0.137,-0.010,0
659.2820,-0.00598,-0.02972,-0.00115,0.00000,0.00000,-0.136,-0.010,0
659.3340,-0.00597,-0.02969,-0.00115,0.00000,0.00000,-0.136,-0.010,0
659.3860,-0.00596,-0.02965,-0.00115,0.00000,0.00000,-0.136,-0.010,0
659.4380,-0.00595,-0.02960,-0.00115,0.00000,0.00000,-0.136,-0.010,0
659.4900,-0.00595,-0.02958,-0.00115,0.00000,0.00000,-0.136,-0.010,0
659.5420,-0.00594,-0.02956,-0.00115,0.00000,0.00000,-0.136,-0.010,0
659.5940,-0.00594,-0.02955,-0.00115,0.00000,0.00000,-0.136,-0.010,0
659.6460,-0.00595,-0.02956,-0.00115,0.00000,0.00000,-0.136,-0.010,0
659.6980,-0.00595,-0.02957,-0.00115,0.00000,0.00000,-0.136,-0.010,0
659.7500,-0.00596,-0.02958,-0.00115,0.00000,0.00000,-0.136,-0.010,0
659.8020,-0.00596,-0.02960,-0.00115,0.00000,0.00000,-0.136,-0.010,0
659.8540,-0.00596,-0.02961,-0.00115,0.00000,0.00000,-0.136,-0.010,0
659.9060,-0.00597,-0.02962,-0.00115,0.00000,0.00000,-0.136,-0.010,0
659.9580,-0.00597,-0.02964,-0.00115,0.00000,0.00000,-0.136,-0.010,0
660.0100,-0.00598,-0.02966,-0.00115,0.00000,0.00000,-0.136,-0.010,0
660.0620,-0.00598,-0.02968,-0.00115,0.00000,0.00000,-0.136,-0.010,0
660.1140,-0.00599,-0.02970,-0.00115,0.00000,0.00000,-0.136,-0.010,0
660.1660,-0.00600,-0.02974,-0.00115,0.00000,0.00000,-0.136,-0.010,0
660.2180,-0.00601,-0.02977,-0.00115,0.00000,0.00000,-0.136,-0.010,0
660.2700,-0.00602,-0.02982,-0.00115,0.00000,0.00000,-0.137,-0.010,0
660.3220,-0.00603,-0.02986,-0.00115,0.00000,0.00000,-0.137,-0.010,0
660.3740,-0.00604,-0.02990,-0.00115,0.00000,0.00000,-0.137,-0.010,0
660.4260,-0.00604,-0.02993,-0.00115,0.00000,0.00000,-0.137,-0.010,0
660.4780,-0.00605,-0.02996,-0.00115,0.00000,0.00000,-0.137,-0.010,0
660.5300,-0.00605,-0.02998,-0.00115,0.00000,0.00000,-0.137,-0.010,0
660.5820,-0.00606,-0.03000,-0.00115,0.00000,0.00000,-0.137,-0.010,0
660.6340,-0.00606,-0.03001,-0.00115,0.00000,0.00000,-0.138,-0.010,0
660.6860,-0.00606,-0.03003,-0.00115,0.00000,0.00000,-0.138,-0.010,0
660.7380,-0.00607,-0.03005,-0.00115,0.00000,0.00000,-0.138,-0.010,0
660.7900,-0.00607,-0.03006,-0.00115,0.00000,0.00000,-0.138,-0.010,0
660.8420,-0.00607,-0.03008,-0.00115,0.00000,0.00000,-0.138,-0.010,0
660.8940,-0.00607,-0.03009,-0.00115,0.00000,0.00000,-0.138,-0.010,0
660.9460,-0.00608,-0.03011,-0.00115,0.00000,0.00000,-0.138,-0.010,0
660.9980,-0.00608,-0.03013,-0.00115,0.00000,0.00000,-0.138,-0.010,0
661.0500,-0.00609,-0.03016,-0.00115,0.00000,0.00000,-0.138,-0.010,0
661.1020,-0.00609,-0.03019,-0.00115,0.00000,0.00000,-0.138,-0.010,0
661.1540,-0.00610,-0.03023,-0.00115,0.00000,0.00000,-0.139,-0.010,0
661.2060,-0.00611,-0.03026,-0.00115,0.00000,0.00000,-0.139,-0.010,0
661.2580,-0.00611,-0.03030,-0.00115,0.00000,0.00000,-0.139,-0.010,0
661.3100,-0.00612,-0.03033,-0.00115,0.00000,0.00000,-0.139,-0.010,0
661.3620,-0.00613,-0.03037,-0.00115,0.00000,0.00000,-0.139,-0.010,0
661.4140,-0.00614,-0.03041,-0.00115,0.00000,0.00000,-0.140,-0.010,0
661.4660,-0.00614,-0.03043,-0.00115,0.00000,0.00000,-0.140,-0.010,0
661.5180,-0.00614,-0.03044,-0.00115,0.00000,0.00000,-0.140,-0.010,0
661.5700,-0.00614,-0.03044,-0.00115,0.00000,0.00000,-0.140,-0.010,0
661.6220,-0.00613,-0.03043,-0.00115,0.00000,0.00000,-0.140,-0.010,0
661.6740,-0.00613,-0.03041,-0.00115,0.00000,0.00000,-0.140,-0.010,0
661.7260,-0.00612,-0.03039,-0.00115,0.00000,0.00000,-0.140,-0.010,0
661.7780,-0.00611,-0.03037,-0.00115,0.00000,0.00000,-0.140,-0.010,0
661.8300,-0.00611,-0.03035,-0.00115,0.00000,0.00000,-0.140,-0.010,0
661.8820,-0.00610,-0.03033,-0.00115,0.00000,0.00000,-0.139,-0.010,0
661.9340,-0.00610,-0.03032,-0.00115,0.00000,0.00000,-0.139,-0.010,0
661.9860,-0.00610,-0.03031,-0.00115,0.00000,0.00000,-0.139,-0.010,0
662.0380,-0.00610,-0.03031,-0.00115,0.00000,0.00000,-0.139,-0.010,0
662.0900,-0.00610,-0.03031,-0.00115,0.00000,0.00000,-0.139,-0.010,0
662.1420,-0.00610,-0.03031,-0.00115,0.00000,0.00000,-0.139,-0.010,0
662.1940,-0.00610,-0.03031,-0.00115,0.00000,0.00000,-0.139,-0.010,0
662.2460,-0.00610,-0.03032,-0.00115,0.00000,0.00000,-0.140,-0.010,0
662.2980,-0.00610,-0.03033,-0.00115,0.00000,0.00000,-0.140,-0.010,0
662.3500,-0.00611,-0.03035,-0.00115,0.00000,0.00000,-0.140,-0.010,0
662.4020,-0.00611,-0.03038,-0.00115,0.00000,0.00000,-0.140,-0.010,0
662.4540,-0.00612,-0.03041,-0.00115,0.00000,0.00000,-0.140,-0.010,0
662.5060,-0.00613,-0.03044,-0.00115,0.00000,0.00000,-0.140,-0.010,0
662.5580,-0.00613,-0.03047,-0.00115,0.00000,0.00000,-0.140,-0.010,0
662.6100,-0.00614,-0.03051,-0.00115,0.00000,0.00000,-0.141,-0.010,0
662.6620,-0.00615,-0.03052,-0.00115,0.00000,0.00000,-0.141,-0.010,0
662.7140,-0.00614,-0.03052,-0.00115,0.00000,0.00000,-0.141,-0.010,0
662.7660,-0.00614,-0.03052,-0.00115,0.00000,0.00000,-0.141,-0.010,0
662.8180,-0.00614,-0.03051,-0.00115,0.00000,0.00000,-0.141,-0.010,0
662.8700,-0.00614,-0.03051,-0.00115,0.00000,0.00000,-0.141,-0.010,0
662.9220,-0.00613,-0.03049,-0.00115,0.00000,0.00000,-0.141,-0.010,0
662.9740,-0.00613,-0.03046,-0.00115,0.00000,0.00000,-0.141,-0.010,0
663.0260,-0.00612,-0.03045,-0.00115,0.00000,0.00000,-0.140,-0.010,0
663.0780,-0.00612,-0.03043,-0.00115,0.00000,0.00000,-0.140,-0.010,0
663.1300,-0.00612,-0.03042,-0.00115,0.00000,0.00000,-0.140,-0.010,0
663.1820,-0.00611,-0.03041,-0.00115,0.00000,0.00000,-0.140,-0.010,0
663.2340,-0.00611,-0.03040,-0.00115,0.00000,0.00000,-0.140,-0.010,0
663.2860,-0.00611,-0.03039,-0.00115,0.00000,0.00000,-0.140,-0.010,0
663.3380,-0.00611,-0.03040,-0.00115,0.00000,0.00000,-0.140,-0.010,0
663.3900,-0.00611,-0.03040,-0.00115,0.00000,0.00000,-0.140,-0.010,0
663.4420,-0.00611,-0.03040,-0.00115,0.00000,0.00000,-0.140,-0.010,0
663.4940,-0.00611,-0.03040,-0.00115,0.00000,0.00000,-0.140,-0.010,0
663.5460,-0.00611,-0.03040,-0.00115,0.00000,0.00000,-0.140,-0.010,0
663.5980,-0.00611,-0.03040,-0.00115,0.00000,0.00000,-0.140,-0.010,0
663.6500,-0.00611,-0.03041,-0.00115,0.00000,0.00000,-0.140,-0.010,0
663.7020,-0.00611,-0.03041,-0.00115,0.00000,0.00000,-0.140,-0.010,0
663.7540,-0.00611,-0.03041,-0.00115,0.00000,0.00000,-0.140,-0.010,0
663.8060,-0.00612,-0.03042,-0.00115,0.00000,0.00000,-0.140,-0.010,0
663.8580,-0.00612,-0.03044,-0.00115,0.00000,0.00000,-0.140,-0.010,0
663.9100,-0.00613,-0.03047,-0.00115,0.00000,0.00000,-0.141,-0.010,0
663.9620,-0.00614,-0.03050,-0.00115,0.00000,0.00000,-0.141,-0.010,0
664.0140,-0.00614,-0.03052,-0.00115,0.00000,0.00000,-0.141,-0.010,0
664.0660,-0.00615,-0.03053,-0.00115,0.00000,0.00000,-0.141,-0.010,0
664.1180,-0.00615,-0.03054,-0.00115,0.00000,0.00000,-0.141,-0.010,0
664.1700,-0.00615,-0.03056,-0.00115,0.00000,0.00000,-0.141,-0.010,0
664.2220,-0.00615,-0.03057,-0.00115,0.00000,0.00000,-0.141,-0.010,0
664.2740,-0.00616,-0.03059,-0.00115,0.00000,0.00000,-0.141,-0.010,0
664.3260,-0.00616,-0.03061,-0.00115,0.00000,0.00000,-0.141,-0.010,0
664.3780,-0.00616,-0.03062,-0.00115,0.00000,0.00000,-0.141,-0.010,0
664.4300,-0.00616,-0.03063,-0.00115,0.00000,0.00000,-0.142,-0.010,0
664.4820,-0.00616,-0.03062,-0.00115,0.00000,0.00000,-0.142,-0.010,0
664.5340,-0.00616,-0.03062,-0.00115,0.00000,0.00000,-0.141,-0.010,0
664.5860,-0.00616,-0.03061,-0.00115,0.00000,0.00000,-0.141,-0.010,0
664.6380,-0.00616,-0.03063,-0.00115,0.00000,0.00000,-0.141,-0.010,0
664.6900,-0.00617,-0.03065,-0.00115,0.00000,0.00000,-0.142,-0.010,0
664.7420,-0.00617,-0.03068,-0.00115,0.00000,0.00000,-0.142,-0.010,0
664.7940,-0.00618,-0.03070,-0.00115,0.00000,0.00000,-0.142,-0.010,0
664.8460,-0.00618,-0.03071,-0.00115,0.00000,0.00000,-0.142,-0.010,0
664.8980,-0.00618,-0.03073,-0.00115,0.00000,0.00000,-0.142,-0.010,0
664.9500,-0.00618,-0.03074,-0.00115,0.00000,0.00000,-0.142,-0.010,0
665.0020,-0.00619,-0.03075,-0.00115,0.00000,0.00000,-0.142,-0.010,0
665.0540,-0.00619,-0.03076,-0.00115,0.00000,0.00000,-0.142,-0.010,0
665.1060,-0.00618,-0.03075,-0.00115,0.00000,0.00000,-0.142,-0.010,0
665.1580,-0.00618,-0.03073,-0.00115,0.00000,0.00000,-0.142,-0.010,0
665.2100,-0.00617,-0.03070,-0.00115,0.00000,0.00000,-0.142,-0.010,0
665.2620,-0.00616,-0.03067,-0.00115,0.00000,0.00000,-0.142,-0.010,0
665.3140,-0.00616,-0.03065,-0.00115,0.00000,0.00000,-0.142,-0.010,0
665.3660,-0.00615,-0.03063,-0.00115,0.00000,0.00000,-0.142,-0.010,0
665.4180,-0.00615,-0.03062,-0.00115,0.00000,0.00000,-0.142,-0.010,0
665.4700,-0.00615,-0.03060,-0.00115,0.00000,0.00000,-0.142,-0.010,0
665.5220,-0.00614,-0.03057,-0.00115,0.00000,0.00000,-0.142,-0.010,0
665.5740,-0.00613,-0.03054,-0.00115,0.00000,0.00000,-0.141,-0.010,0
665.6260,-0.00613,-0.03051,-0.00115,0.00000,0.00000,-0.141,-0.010,0
665.6780,-0.00612,-0.03050,-0.00115,0.00000,0.00000,-0.141,-0.010,0
665.7300,-0.00612,-0.03047,-0.00115,0.00000,0.00000,-0.141,-0.010,0
665.7820,-0.00611,-0.03045,-0.00115,0.00000,0.00000,-0.141,-0.010,0
665.8340,-0.00611,-0.03043,-0.00115,0.00000,0.00000,-0.141,-0.010,0
665.8860,-0.00611,-0.03042,-0.00115,0.00000,0.00000,-0.141,-0.010,0
665.9380,-0.00611,-0.03042,-0.00115,0.00000,0.00000,-0.141,-0.010,0
665.9900,-0.00611,-0.03042,-0.00115,0.00000,0.00000,-0.141,-0.010,0
666.0420,-0.00611,-0.03042,-0.00115,0.00000,0.00000,-0.141,-0.010,0
666.0940,-0.00611,-0.03043,-0.00115,0.00000,0.00000,-0.141,-0.010,0
666.1460,-0.00612,-0.03044,-0.00115,0.00000,0.00000,-0.141,-0.010,0
666.1980,-0.00612,-0.03046,-0.00115,0.00000,0.00000,-0.141,-0.010,0
666.2500,-0.00613,-0.03048,-0.00115,0.00000,0.00000,-0.141,-0.010,0
666.3020,-0.00613,-0.03050,-0.00115,0.00000,0.00000,-0.141,-0.010,0
666.3540,-0.00614,-0.03053,-0.00115,0.00000,0.00000,-0.141,-0.010,0
666.4060,-0.00614,-0.03055,-0.00115,0.00000,0.00000,-0.141,-0.010,0
666.4580,-0.00615,-0.03057,-0.00115,0.00000,0.00000,-0.141,-0.010,0
666.5100,-0.00615,-0.03059,-0.00115,0.00000,0.00000,-0.141,-0.010,0
666.5620,-0.00616,-0.03061,-0.00115,0.00000,0.00000,-0.141,-0.010,0
666.6140,-0.00617,-0.03064,-0.00115,0.00000,0.00000,-0.142,-0.010,0
666.6660,-0.00617,-0.03066,-0.00115,0.00000,0.00000,-0.142,-0.010,0
666.7180,-0.00617,-0.03067,-0.00115,0.00000,0.00000,-0.142,-0.010,0
666.7700,-0.00617,-0.03068,-0.00115,0.00000,0.00000,-0.142,-0.010,0
666.8220,-0.00618,-0.03069,-0.00115,0.00000,0.00000,-0.142,-0.010,0
666.8740,-0.00618,-0.03070,-0.00115,0.00000,0.00000,-0.142,-0.010,0
666.9260,-0.00618,-0.03070,-0.00115,0.00000,0.00000,-0.142,-0.010,0
666.9780,-0.00618,-0.03070,-0.00115,0.00000,0.00000,-0.142,-0.010,0
667.0300,-0.00618,-0.03071,-0.00115,0.00000,0.00000,-0.142,-0.010,0
667.0820,-0.00618,-0.03072,-0.00115,0.00000,0.00000,-0.142,-0.010,0
667.1340,-0.00618,-0.03072,-0.00115,0.00000,0.00000,-0.142,-0.010,0
667.1860,-0.00618,-0.03073,-0.00115,0.00000,0.00000,-0.142,-0.010,0
667.2380,-0.00618,-0.03074,-0.00115,0.00000,0.00000,-0.142,-0.010,0
667.2900,-0.00619,-0.03076,-0.00115,0.00000,0.00000,-0.142,-0.010,0
667.3420,-0.00619,-0.03078,-0.00115,0.00000,0.00000,-0.142,-0.010,0
667.3940,-0.00620,-0.03081,-0.00115,0.00000,0.00000,-0.143,-0.010,0
667.4460,-0.00620,-0.03084,-0.00115,0.00000,0.00000,-0.143,-0.010,0
667.4980,-0.00621,-0.03086,-0.00115,0.00000,0.00000,-0.143,-0.010,0
667.5500,-0.00621,-0.03087,-0.00115,0.00000,0.00000,-0.143,-0.010,0
667.6020,-0.00621,-0.03089,-0.00115,0.00000,0.00000,-0.143,-0.010,0
667.6540,-0.00622,-0.03092,-0.00115,0.00000,0.00000,-0.143,-0.010,0
667.7060,-0.00622,-0.03093,-0.00115,0.00000,0.00000,-0.143,-0.010,0
667.7580,-0.00622,-0.03093,-0.00115,0.00000,0.00000,-0.143,-0.010,0
667.8100,-0.00622,-0.03094,-0.00115,0.00000,0.00000,-0.143,-0.010,0
667.8620,-0.00623,-0.03097,-0.00115,0.00000,0.00000,-0.143,-0.010,0
667.9140,-0.00623,-0.03099,-0.00115,0.00000,0.00000,-0.144,-0.010,0
667.9660,-0.00623,-0.03101,-0.00115,0.00000,0.00000,-0.144,-0.010,0
668.0180,-0.00624,-0.03103,-0.00115,0.00000,0.00000,-0.144,-0.010,0
668.0700,-0.00624,-0.03104,-0.00115,0.00000,0.00000,-0.144,-0.010,0
668.1220,-0.00624,-0.03105,-0.00115,0.00000,0.00000,-0.144,-0.010,0
668.1740,-0.00625,-0.03108,-0.00115,0.00000,0.00000,-0.144,-0.010,0
668.2260,-0.00625,-0.03109,-0.00115,0.00000,0.00000,-0.144,-0.010,0
668.2780,-0.00625,-0.03110,-0.00115,0.00000,0.00000,-0.144,-0.010,0
668.3300,-0.00625,-0.03111,-0.00115,0.00000,0.00000,-0.144,-0.010,0
668.3820,-0.00625,-0.03111,-0.00115,0.00000,0.00000,-0.144,-0.010,0
668.4340,-0.00625,-0.03112,-0.00115,0.00000,0.00000,-0.144,-0.010,0
668.4860,-0.00625,-0.03113,-0.00115,0.00000,0.00000,-0.145,-0.010,0
668.5380,-0.00625,-0.03113,-0.00115,0.00000,0.00000,-0.145,-0.010,0
668.5900,-0.00626,-0.03114,-0.00115,0.00000,0.00000,-0.145,-0.010,0
668.6420,-0.00626,-0.03115,-0.00115,0.00000,0.00000,-0.145,-0.010,0
668.6940,-0.00626,-0.03115,-0.00115,0.00000,0.00000,-0.145,-0.010,0
668.7460,-0.00626,-0.03118,-0.00115,0.00000,0.00000,-0.145,-0.010,0
668.7980,-0.00627,-0.03120,-0.00115,0.00000,0.00000,-0.145,-0.010,0
668.8500,-0.00627,-0.03123,-0.00115,0.00000,0.00000,-0.145,-0.010,0
668.9020,-0.00628,-0.03126,-0.00115,0.00000,0.00000,-0.145,-0.010,0
668.9540,-0.00628,-0.03128,-0.00115,0.00000,0.00000,-0.145,-0.010,0
669.0060,-0.00629,-0.03130,-0.00115,0.00000,0.00000,-0.146,-0.010,0
669.0580,-0.00629,-0.03132,-0.00115,0.00000,0.00000,-0.146,-0.010,0
669.1100,-0.00630,-0.03134,-0.00115,0.00000,0.00000,-0.146,-0.010,0
669.1620,-0.00630,-0.03136,-0.00115,0.00000,0.00000,-0.146,-0.010,0
669.2140,-0.00630,-0.03136,-0.00115,0.00000,0.00000,-0.146,-0.010,0
669.2660,-0.00629,-0.03135,-0.00115,0.00000,0.00000,-0.146,-0.010,0
669.3180,-0.00629,-0.03133,-0.00115,0.00000,0.00000,-0.146,-0.010,0
669.3700,-0.00629,-0.03133,-0.00115,0.00000,0.00000,-0.146,-0.010,0
669.4220,-0.00629,-0.03133,-0.00115,0.00000,0.00000,-0.146,-0.010,0
669.4740,-0.00629,-0.03133,-0.00115,0.00000,0.00000,-0.146,-0.010,0
669.5260,-0.00629,-0.03135,-0.00115,0.00000,0.00000,-0.146,-0.010,0
669.5780,-0.00629,-0.03135,-0.00115,0.00000,0.00000,-0.146,-0.010,0
669.6300,-0.00629,-0.03136,-0.00115,0.00000,0.00000,-0.146,-0.010,0
669.6820,-0.00629,-0.03136,-0.00115,0.00000,0.00000,-0.146,-0.010,0
669.7340,-0.00629,-0.03137,-0.00115,0.00000,0.00000,-0.146,-0.010,0
669.7860,-0.00629,-0.03136,-0.00115,0.00000,0.00000,-0.146,-0.010,0
669.8380,-0.00629,-0.03135,-0.00115,0.00000,0.00000,-0.146,-0.010,0
669.8900,-0.00629,-0.03135,-0.00115,0.00000,0.00000,-0.146,-0.010,0
669.9420,-0.00628,-0.03133,-0.00115,0.00000,0.00000,-0.146,-0.010,0
669.9940,-0.00628,-0.03133,-0.00115,0.00000,0.00000,-0.146,-0.010,0
670.0460,-0.00628,-0.03134,-0.00115,0.00000,0.00000,-0.146,-0.010,0
670.0980,-0.00629,-0.03135,-0.00115,0.00000,0.00000,-0.146,-0.010,0
670.1500,-0.00629,-0.03136,-0.00115,0.00000,0.00000,-0.146,-0.010,0
670.2020,-0.00629,-0.03138,-0.00115,0.00000,0.00000,-0.146,-0.010,0
670.2540,-0.00629,-0.03139,-0.00115,0.00000,0.00000,-0.146,-0.010,0
670.3060,-0.00629,-0.03138,-0.00115,0.00000,0.00000,-0.146,-0.010,0
670.3580,-0.00629,-0.03137,-0.00115,0.00000,0.00000,-0.146,-0.010,0
670.4100,-0.00629,-0.03136,-0.00115,0.00000,0.00000,-0.146,-0.010,0
670.4620,-0.00628,-0.03134,-0.00115,0.00000,0.00000,-0.146,-0.010,0
670.5140,-0.00628,-0.03131,-0.00115,0.00000,0.00000,-0.146,-0.010,0
670.5660,-0.00627,-0.03127,-0.00115,0.00000,0.00000,-0.146,-0.010,0
670.6180,-0.00626,-0.03124,-0.00115,0.00000,0.00000,-0.146,-0.010,0
670.6700,-0.00625,-0.03120,-0.00115,0.00000,0.00000,-0.146,-0.010,0
670.7220,-0.00625,-0.03118,-0.00115,0.00000,0.00000,-0.145,-0.010,0
670.7740,-0.00624,-0.03116,-0.00115,0.00000,0.00000,-0.145,-0.010,0
670.8260,-0.00624,-0.03116,-0.00115,0.00000,0.00000,-0.145,-0.010,0
670.8780,-0.00624,-0.03114,-0.00115,0.00000,0.00000,-0.145,-0.010,0
670.9300,-0.00623,-0.03113,-0.00115,0.00000,0.00000,-0.145,-0.010,0
670.9820,-0.00623,-0.03111,-0.00115,0.00000,0.00000,-0.145,-0.010,0
671.0340,-0.00623,-0.03110,-0.00115,0.00000,0.00000,-0.145,-0.010,0
671.0860,-0.00623,-0.03109,-0.00115,0.00000,0.00000,-0.145,-0.010,0
671.1380,-0.00623,-0.03108,-0.00115,0.00000,0.00000,-0.145,-0.010,0
671.1900,-0.00623,-0.03108,-0.00115,0.00000,0.00000,-0.145,-0.010,0
671.2420,-0.00623,-0.03108,-0.00115,0.00000,0.00000,-0.145,-0.010,0
671.2940,-0.00623,-0.03109,-0.00115,0.00000,0.00000,-0.145,-0.010,0
671.3460,-0.00624,-0.03112,-0.00115,0.00000,0.00000,-0.145,-0.010,0
671.3980,-0.00625,-0.03116,-0.00115,0.00000,0.00000,-0.145,-0.010,0
671.4500,-0.00626,-0.03120,-0.00115,0.00000,0.00000,-0.145,-0.010,0
671.5020,-0.00627,-0.03124,-0.00115,0.00000,0.00000,-0.146,-0.010,0
671.5540,-0.00628,-0.03128,-0.00115,0.00000,0.00000,-0.146,-0.010,0
671.6060,-0.00629,-0.03131,-0.00115,0.00000,0.00000,-0.146,-0.010,0
671.6580,-0.00629,-0.03134,-0.00115,0.00000,0.00000,-0.146,-0.010,0
671.7100,-0.00630,-0.03137,-0.00115,0.00000,0.00000,-0.146,-0.010,0
671.7620,-0.00631,-0.03140,-0.00115,0.00000,0.00000,-0.146,-0.010,0
671.8140,-0.00631,-0.03143,-0.00115,0.00000,0.00000,-0.147,-0.010,0
671.8660,-0.00632,-0.03144,-0.00115,0.00000,0.00000,-0.147,-0.010,0
671.9180,-0.00632,-0.03146,-0.00115,0.00000,0.00000,-0.147,-0.010,0
671.9700,-0.00632,-0.03149,-0.00115,0.00000,0.00000,-0.147,-0.010,0
672.0220,-0.00633,-0.03151,-0.00115,0.00000,0.00000,-0.147,-0.010,0
672.0740,-0.00634,-0.03154,-0.00115,0.00000,0.00000,-0.147,-0.010,0
672.1260,-0.00634,-0.03156,-0.00115,0.00000,0.00000,-0.147,-0.010,0
672.1780,-0.00634,-0.03157,-0.00115,0.00000,0.00000,-0.147,-0.010,0
672.2300,-0.00634,-0.03158,-0.00115,0.00000,0.00000,-0.147,-0.010,0
672.2820,-0.00635,-0.03160,-0.00115,0.00000,0.00000,-0.148,-0.010,0
672.3340,-0.00635,-0.03163,-0.00115,0.00000,0.00000,-0.148,-0.010,0
672.3860,-0.00636,-0.03165,-0.00115,0.00000,0.00000,-0.148,-0.010,0
672.4380,-0.00636,-0.03166,-0.00115,0.00000,0.00000,-0.148,-0.010,0
672.4900,-0.00636,-0.03166,-0.00115,0.00000,0.00000,-0.148,-0.010,0
672.5420,-0.00635,-0.03166,-0.00115,0.00000,0.00000,-0.148,-0.010,0
672.5940,-0.00635,-0.03166,-0.00115,0.00000,0.00000,-0.148,-0.010,0
672.6460,-0.00635,-0.03167,-0.00115,0.00000,0.00000,-0.148,-0.010,0
672.6980,-0.00635,-0.03168,-0.00115,0.00000,0.00000,-0.148,-0.010,0
672.7500,-0.00635,-0.03168,-0.00115,0.00000,0.00000,-0.148,-0.010,0
672.8020,-0.00635,-0.03167,-0.00115,0.00000,0.00000,-0.148,-0.010,0
672.8540,-0.00635,-0.03165,-0.00115,0.00000,0.00000,-0.148,-0.010,0
672.9060,-0.00634,-0.03164,-0.00115,0.00000,0.00000,-0.148,-0.010,0
672.9580,-0.00634,-0.03163,-0.00115,0.00000,0.00000,-0.148,-0.010,0
673.0100,-0.00633,-0.03161,-0.00115,0.00000,0.00000,-0.148,-0.010,0
673.0620,-0.00632,-0.03157,-0.00115,0.00000,0.00000,-0.148,-0.010,0
673.1140,-0.00632,-0.03154,-0.00115,0.00000,0.00000,-0.148,-0.010,0
673.1660,-0.00631,-0.03150,-0.00115,0.00000,0.00000,-0.148,-0.010,0
673.2180,-0.00630,-0.03147,-0.00115,0.00000,0.00000,-0.147,-0.010,0
673.2700,-0.00629,-0.03144,-0.00115,0.00000,0.00000,-0.147,-0.010,0
673.3220,-0.00629,-0.03142,-0.00115,0.00000,0.00000,-0.147,-0.010,0
673.3740,-0.00628,-0.03139,-0.00115,0.00000,0.00000,-0.147,-0.010,0
673.4260,-0.00627,-0.03136,-0.00115,0.00000,0.00000,-0.147,-0.010,0
673.4780,-0.00627,-0.03133,-0.00115,0.00000,0.00000,-0.147,-0.010,0
673.5300,-0.00627,-0.03132,-0.00115,0.00000,0.00000,-0.147,-0.010,0
673.5820,-0.00626,-0.03130,-0.00115,0.00000,0.00000,-0.147,-0.010,0
673.6340,-0.00626,-0.03128,-0.00115,0.00000,0.00000,-0.146,-0.010,0
673.6860,-0.00626,-0.03126,-0.00115,0.00000,0.00000,-0.146,-0.010,0
673.7380,-0.00626,-0.03126,-0.00115,0.00000,0.00000,-0.146,-0.010,0
673.7900,-0.00626,-0.03127,-0.00115,0.00000,0.00000,-0.146,-0.010,0
673.8420,-0.00626,-0.03128,-0.00115,0.00000,0.00000,-0.146,-0.010,0
673.8940,-0.00626,-0.03126,-0.00115,0.00000,0.00000,-0.146,-0.010,0
673.9460,-0.00625,-0.03122,-0.00115,0.00000,0.00000,-0.146,-0.010,0
673.9980,-0.00625,-0.03119,-0.00115,0.00000,0.00000,-0.146,-0.010,0
674.0500,-0.00624,-0.03116,-0.00115,0.00000,0.00000,-0.146,-0.010,0
674.1020,-0.00623,-0.03112,-0.00115,0.00000,0.00000,-0.146,-0.010,0
674.1540,-0.00622,-0.03108,-0.00115,0.00000,0.00000,-0.145,-0.010,0
674.2060,-0.00622,-0.03105,-0.00115,0.00000,0.00000,-0.145,-0.010,0
674.2580,-0.00621,-0.03101,-0.00115,0.00000,0.00000,-0.145,-0.010,0
674.3100,-0.00620,-0.03097,-0.00115,0.00000,0.00000,-0.145,-0.010,0
674.3620,-0.00619,-0.03093,-0.00115,0.00000,0.00000,-0.145,-0.010,0
674.4140,-0.00618,-0.03088,-0.00115,0.00000,0.00000,-0.144,-0.010,0
674.4660,-0.00617,-0.03082,-0.00115,0.00000,0.00000,-0.144,-0.010,0
674.5180,-0.00616,-0.03078,-0.00115,0.00000,0.00000,-0.144,-0.010,0
674.5700,-0.00616,-0.03076,-0.00115,0.00000,0.00000,-0.144,-0.010,0
674.6220,-0.00616,-0.03076,-0.00115,0.00000,0.00000,-0.143,-0.010,0
674.6740,-0.00616,-0.03075,-0.00115,0.00000,0.00000,-0.143,-0.010,0
674.7260,-0.00615,-0.03072,-0.00115,0.00000,0.00000,-0.143,-0.010,0
674.7780,-0.00615,-0.03069,-0.00115,0.00000,0.00000,-0.143,-0.010,0
674.8300,-0.00614,-0.03064,-0.00115,0.00000,0.00000,-0.143,-0.010,0
674.8820,-0.00613,-0.03060,-0.00115,0.00000,0.00000,-0.143,-0.010,0
674.9340,-0.00612,-0.03056,-0.00115,0.00000,0.00000,-0.142,-0.010,0
674.9860,-0.00612,-0.03053,-0.00115,0.00000,0.00000,-0.142,-0.010,0
675.0380,-0.00611,-0.03048,-0.00115,0.00000,0.00000,-0.142,-0.010,0
675.0900,-0.00610,-0.03044,-0.00115,0.00000,0.00000,-0.142,-0.010,0
675.1420,-0.00610,-0.03042,-0.00115,0.00000,0.00000,-0.142,-0.010,0
675.1940,-0.00610,-0.03042,-0.00115,0.00000,0.00000,-0.141,-0.010,0
675.2460,-0.00610,-0.03041,-0.00115,0.00000,0.00000,-0.141,-0.010,0
675.2980,-0.00610,-0.03041,-0.00115,0.00000,0.00000,-0.141,-0.010,0
675.3500,-0.00610,-0.03042,-0.00115,0.00000,0.00000,-0.141,-0.010,0
675.4020,-0.00611,-0.03043,-0.00115,0.00000,0.00000,-0.141,-0.010,0
675.4540,-0.00611,-0.03043,-0.00115,0.00000,0.00000,-0.141,-0.010,0
675.5060,-0.00611,-0.03044,-0.00115,0.00000,0.00000,-0.141,-0.010,0
675.5580,-0.00612,-0.03044,-0.00115,0.00000,0.00000,-0.141,-0.010,0
675.6100,-0.00611,-0.03043,-0.00115,0.00000,0.00000,-0.141,-0.010,0
675.6620,-0.00611,-0.03042,-0.00115,0.00000,0.00000,-0.141,-0.010,0
675.7140,-0.00612,-0.03043,-0.00115,0.00000,0.00000,-0.141,-0.010,0
675.7660,-0.00612,-0.03044,-0.00115,0.00000,0.00000,-0.141,-0.010,0
675.8180,-0.00612,-0.03045,-0.00115,0.00000,0.00000,-0.141,-0.010,0
675.8700,-0.00613,-0.03046,-0.00115,0.00000,0.00000,-0.141,-0.010,0
675.9220,-0.00613,-0.03047,-0.00115,0.00000,0.00000,-0.141,-0.010,0
675.9740,-0.00613,-0.03048,-0.00115,0.00000,0.00000,-0.141,-0.010,0
676.0260,-0.00613,-0.03049,-0.00115,0.00000,0.00000,-0.141,-0.010,0
676.0780,-0.00614,-0.03050,-0.00115,0.00000,0.00000,-0.141,-0.010,0
676.1300,-0.00614,-0.03052,-0.00115,0.00000,0.00000,-0.141,-0.010,0
676.1820,-0.00614,-0.03053,-0.00115,0.00000,0.00000,-0.141,-0.010,0
676.2340,-0.00615,-0.03054,-0.00115,0.00000,0.00000,-0.141,-0.010,0
676.2860,-0.00615,-0.03055,-0.00115,0.00000,0.00000,-0.141,-0.010,0
676.3380,-0.00615,-0.03055,-0.00115,0.00000,0.00000,-0.141,-0.010,0
676.3900,-0.00615,-0.03055,-0.00115,0.00000,0.00000,-0.141,-0.010,0
676.4420,-0.00615,-0.03054,-0.00115,0.00000,0.00000,-0.141,-0.010,0
676.4940,-0.00614,-0.03054,-0.00115,0.00000,0.00000,-0.141,-0.010,0
676.5460,-0.00614,-0.03053,-0.00115,0.00000,0.00000,-0.141,-0.010,0
676.5980,-0.00614,-0.03050,-0.00115,0.00000,0.00000,-0.141,-0.010,0
676.6500,-0.00613,-0.03048,-0.00115,0.00000,0.00000,-0.141,-0.010,0
676.7020,-0.00613,-0.03046,-0.00115,0.00000,0.00000,-0.141,-0.010,0
676.7540,-0.00612,-0.03044,-0.00115,0.00000,0.00000,-0.141,-0.010,0
676.8060,-0.00612,-0.03043,-0.00115,0.00000,0.00000,-0.141,-0.010,0
676.8580,-0.00612,-0.03042,-0.00115,0.00000,0.00000,-0.141,-0.010,0
676.9100,-0.00612,-0.03042,-0.00115,0.00000,0.00000,-0.141,-0.010,0
676.9620,-0.00612,-0.03043,-0.00115,0.00000,0.00000,-0.141,-0.010,0
677.0140,-0.00612,-0.03042,-0.00115,0.00000,0.00000,-0.141,-0.010,0
677.0660,-0.00612,-0.03042,-0.00115,0.00000,0.00000,-0.141,-0.010,0
677.1180,-0.00612,-0.03042,-0.00115,0.00000,0.00000,-0.141,-0.010,0
677.1700,-0.00612,-0.03044,-0.00115,0.00000,0.00000,-0.141,-0.010,0
677.2220,-0.00612,-0.03044,-0.00115,0.00000,0.00000,-0.141,-0.010,0
677.2740,-0.00612,-0.03045,-0.00115,0.00000,0.00000,-0.141,-0.010,0
677.3260,-0.00612,-0.03045,-0.00115,0.00000,0.00000,-0.141,-0.010,0
677.3780,-0.00612,-0.03044,-0.00115,0.00000,0.00000,-0.141,-0.010,0
677.4300,-0.00612,-0.03044,-0.00115,0.00000,0.00000,-0.141,-0.010,0
677.4820,-0.00612,-0.03043,-0.00115,0.00000,0.00000,-0.141,-0.010,0
677.5340,-0.00612,-0.03042,-0.00115,0.00000,0.00000,-0.141,-0.010,0
677.5860,-0.00611,-0.03041,-0.00115,0.00000,0.00000,-0.141,-0.010,0
677.6380,-0.00611,-0.03040,-0.00115,0.00000,0.00000,-0.141,-0.010,0
677.6900,-0.00611,-0.03039,-0.00115,0.00000,0.00000,-0.140,-0.010,0
677.7420,-0.00610,-0.03036,-0.00115,0.00000,0.00000,-0.140,-0.010,0
677.7940,-0.00610,-0.03033,-0.00115,0.00000,0.00000,-0.140,-0.010,0
677.8460,-0.00609,-0.03031,-0.00115,0.00000,0.00000,-0.140,-0.010,0
677.8980,-0.00609,-0.03030,-0.00115,0.00000,0.00000,-0.140,-0.010,0
677.9500,-0.00609,-0.03028,-0.00115,0.00000,0.00000,-0.140,-0.010,0
678.0020,-0.00608,-0.03028,-0.00115,0.00000,0.00000,-0.140,-0.010,0
678.0540,-0.00609,-0.03028,-0.00115,0.00000,0.00000,-0.140,-0.010,0
678.1060,-0.00609,-0.03028,-0.00115,0.00000,0.00000,-0.140,-0.010,0
678.1580,-0.00609,-0.03028,-0.00115,0.00000,0.00000,-0.140,-0.010,0
678.2100,-0.00609,-0.03027,-0.00115,0.00000,0.00000,-0.140,-0.010,0
678.2620,-0.00609,-0.03027,-0.00115,0.00000,0.00000,-0.140,-0.010,0
678.3140,-0.00609,-0.03027,-0.00115,0.00000,0.00000,-0.140,-0.010,0
678.3660,-0.00609,-0.03027,-0.00115,0.00000,0.00000,-0.140,-0.010,0
678.4180,-0.00609,-0.03027,-0.00115,0.00000,0.00000,-0.140,-0.010,0
678.4700,-0.00609,-0.03026,-0.00115,0.00000,0.00000,-0.140,-0.010,0
678.5220,-0.00608,-0.03023,-0.00115,0.00000,0.00000,-0.140,-0.010,0
678.5740,-0.00607,-0.03019,-0.00115,0.00000,0.00000,-0.139,-0.010,0
678.6260,-0.00606,-0.03014,-0.00115,0.00000,0.00000,-0.139,-0.010,0
678.6780,-0.00605,-0.03010,-0.00115,0.00000,0.00000,-0.139,-0.010,0
678.7300,-0.00604,-0.03005,-0.00115,0.00000,0.00000,-0.139,-0.010,0
678.7820,-0.00603,-0.03000,-0.00115,0.00000,0.00000,-0.138,-0.010,0
678.8340,-0.00602,-0.02995,-0.00115,0.00000,0.00000,-0.138,-0.010,0
678.8860,-0.00601,-0.02990,-0.00115,0.00000,0.00000,-0.138,-0.010,0
678.9380,-0.00600,-0.02987,-0.00115,0.00000,0.00000,-0.138,-0.010,0
678.9900,-0.00599,-0.02983,-0.00115,0.00000,0.00000,-0.137,-0.010,0
679.0420,-0.00599,-0.02980,-0.00115,0.00000,0.00000,-0.137,-0.010,0
679.0940,-0.00599,-0.02979,-0.00115,0.00000,0.00000,-0.137,-0.010,0
679.1460,-0.00598,-0.02978,-0.00115,0.00000,0.00000,-0.137,-0.010,0
679.1980,-0.00598,-0.02976,-0.00115,0.00000,0.00000,-0.137,-0.010,0
679.2500,-0.00598,-0.02975,-0.00115,0.00000,0.00000,-0.137,-0.010,0
679.3020,-0.00598,-0.02973,-0.00115,0.00000,0.00000,-0.137,-0.010,0
679.3540,-0.00598,-0.02972,-0.00115,0.00000,0.00000,-0.137,-0.010,0
679.4060,-0.00597,-0.02970,-0.00115,0.00000,0.00000,-0.137,-0.010,0
679.4580,-0.00597,-0.02970,-0.00115,0.00000,0.00000,-0.137,-0.010,0
679.5100,-0.00597,-0.02969,-0.00115,0.00000,0.00000,-0.137,-0.010,0
679.5620,-0.00597,-0.02969,-0.00115,0.00000,0.00000,-0.136,-0.010,0
679.6140,-0.00597,-0.02967,-0.00115,0.00000,0.00000,-0.136,-0.010,0
679.6660,-0.00597,-0.02965,-0.00115,0.00000,0.00000,-0.136,-0.010,0
679.7180,-0.00597,-0.02965,-0.00115,0.00000,0.00000,-0.136,-0.010,0
679.7700,-0.00597,-0.02964,-0.00115,0.00000,0.00000,-0.136,-0.010,0
679.8220,-0.00597,-0.02964,-0.00115,0.00000,0.00000,-0.136,-0.010,0
679.8740,-0.00597,-0.02964,-0.00115,0.00000,0.00000,-0.136,-0.010,0
679.9260,-0.00597,-0.02965,-0.00115,0.00000,0.00000,-0.136,-0.010,0
679.9780,-0.00598,-0.02965,-0.00115,0.00000,0.00000,-0.136,-0.010,0
680.0300,-0.00597,-0.02964,-0.00115,0.00000,0.00000,-0.136,-0.010,0
680.0820,-0.00597,-0.02962,-0.00115,0.00000,0.00000,-0.136,-0.010,0
680.1340,-0.00597,-0.02960,-0.00115,0.00000,0.00000,-0.136,-0.010,0
680.1860,-0.00596,-0.02958,-0.00115,0.00000,0.00000,-0.136,-0.010,0
680.2380,-0.00596,-0.02957,-0.00115,0.00000,0.00000,-0.136,-0.010,0
680.2900,-0.00596,-0.02956,-0.00115,0.00000,0.00000,-0.135,-0.010,0
680.3420,-0.00595,-0.02952,-0.00115,0.00000,0.00000,-0.135,-0.010,0
680.3940,-0.00595,-0.02950,-0.00115,0.00000,0.00000,-0.135,-0.010,0
680.4460,-0.00594,-0.02948,-0.00115,0.00000,0.00000,-0.135,-0.010,0
680.4980,-0.00593,-0.02945,-0.00115,0.00000,0.00000,-0.135,-0.010,0
680.5500,-0.00593,-0.02943,-0.00115,0.00000,0.00000,-0.135,-0.010,0
680.6020,-0.00592,-0.02940,-0.00115,0.00000,0.00000,-0.135,-0.010,0
680.6540,-0.00591,-0.02936,-0.00115,0.00000,0.00000,-0.134,-0.010,0
680.7060,-0.00591,-0.02932,-0.00115,0.00000,0.00000,-0.134,-0.010,0
680.7580,-0.00590,-0.02928,-0.00115,0.00000,0.00000,-0.134,-0.010,0
680.8100,-0.00589,-0.02923,-0.00115,0.00000,0.00000,-0.134,-0.010,0
680.8620,-0.00588,-0.02918,-0.00115,0.00000,0.00000,-0.133,-0.010,0
680.9140,-0.00587,-0.02915,-0.00115,0.00000,0.00000,-0.133,-0.010,0
680.9660,-0.00586,-0.02911,-0.00115,0.00000,0.00000,-0.133,-0.010,0
681.0180,-0.00586,-0.02909,-0.00115,0.00000,0.00000,-0.133,-0.010,0
681.0700,-0.00586,-0.02908,-0.00115,0.00000,0.00000,-0.133,-0.010,0
681.1220,-0.00586,-0.02907,-0.00115,0.00000,0.00000,-0.133,-0.010,0
681.1740,-0.00585,-0.02904,-0.00115,0.00000,0.00000,-0.133,-0.010,0
681.2260,-0.00585,-0.02901,-0.00115,0.00000,0.00000,-0.132,-0.010,0
681.2780,-0.00584,-0.02899,-0.00115,0.00000,0.00000,-0.132,-0.010,0
681.3300,-0.00584,-0.02898,-0.00115,0.00000,0.00000,-0.132,-0.010,0
681.3820,-0.00584,-0.02896,-0.00115,0.00000,0.00000,-0.132,-0.010,0
681.4340,-0.00583,-0.02893,-0.00115,0.00000,0.00000,-0.132,-0.010,0
681.4860,-0.00583,-0.02892,-0.00115,0.00000,0.00000,-0.132,-0.010,0
681.5380,-0.00583,-0.02890,-0.00115,0.00000,0.00000,-0.132,-0.010,0
681.5900,-0.00583,-0.02888,-0.00115,0.00000,0.00000,-0.132,-0.010,0
681.6420,-0.00582,-0.02886,-0.00115,0.00000,0.00000,-0.131,-0.009,0
681.6940,-0.00582,-0.02883,-0.00115,0.00000,0.00000,-0.131,-0.009,0
681.7460,-0.00581,-0.02881,-0.00115,0.00000,0.00000,-0.131,-0.009,0
681.7980,-0.00581,-0.02879,-0.00115,0.00000,0.00000,-0.131,-0.009,0
681.8500,-0.00581,-0.02876,-0.00115,0.00000,0.00000,-0.131,-0.009,0
681.9020,-0.00580,-0.02872,-0.00115,0.00000,0.00000,-0.131,-0.009,0
681.9540,-0.00579,-0.02868,-0.00115,0.00000,0.00000,-0.130,-0.009,0
682.0060,-0.00578,-0.02865,-0.00115,0.00000,0.00000,-0.130,-0.009,0
682.0580,-0.00578,-0.02863,-0.00115,0.00000,0.00000,-0.130,-0.009,0
682.1100,-0.00578,-0.02861,-0.00115,0.00000,0.00000,-0.130,-0.009,0
682.1620,-0.00577,-0.02859,-0.00115,0.00000,0.00000,-0.130,-0.009,0
682.2140,-0.00577,-0.02857,-0.00115,0.00000,0.00000,-0.130,-0.009,0
682.2660,-0.00577,-0.02856,-0.00115,0.00000,0.00000,-0.130,-0.009,0
682.3180,-0.00577,-0.02857,-0.00115,0.00000,0.00000,-0.129,-0.009,0
682.3700,-0.00577,-0.02857,-0.00115,0.00000,0.00000,-0.129,-0.009,0
682.4220,-0.00578,-0.02858,-0.00115,0.00000,0.00000,-0.129,-0.009,0
682.4740,-0.00578,-0.02858,-0.00115,0.00000,0.00000,-0.129,-0.009,0
682.5260,-0.00578,-0.02859,-0.00115,0.00000,0.00000,-0.129,-0.009,0
682.5780,-0.00578,-0.02859,-0.00115,0.00000,0.00000,-0.129,-0.009,0
682.6300,-0.00578,-0.02859,-0.00115,0.00000,0.00000,-0.129,-0.009,0
682.6820,-0.00579,-0.02860,-0.00115,0.00000,0.00000,-0.129,-0.009,0
682.7340,-0.00579,-0.02860,-0.00115,0.00000,0.00000,-0.129,-0.009,0
682.7860,-0.00579,-0.02860,-0.00115,0.00000,0.00000,-0.129,-0.009,0
682.8380,-0.00578,-0.02859,-0.00115,0.00000,0.00000,-0.129,-0.009,0
682.8900,-0.00578,-0.02857,-0.00115,0.00000,0.00000,-0.129,-0.009,0
682.9420,-0.00578,-0.02854,-0.00115,0.00000,0.00000,-0.129,-0.009,0
682.9940,-0.00578,-0.02854,-0.00115,0.00000,0.00000,-0.129,-0.009,0
683.0460,-0.00578,-0.02855,-0.00115,0.00000,0.00000,-0.129,-0.009,0
683.0980,-0.00578,-0.02854,-0.00115,0.00000,0.00000,-0.129,-0.009,0
683.1500,-0.00578,-0.02854,-0.00115,0.00000,0.00000,-0.129,-0.009,0
683.2020,-0.00577,-0.02853,-0.00115,0.00000,0.00000,-0.129,-0.009,0
683.2540,-0.00577,-0.02852,-0.00115,0.00000,0.00000,-0.129,-0.009,0
683.3060,-0.00577,-0.02852,-0.00115,0.00000,0.00000,-0.129,-0.009,0
683.3580,-0.00577,-0.02850,-0.00115,0.00000,0.00000,-0.129,-0.009,0
683.4100,-0.00576,-0.02848,-0.00115,0.00000,0.00000,-0.129,-0.009,0
683.4620,-0.00576,-0.02846,-0.00115,0.00000,0.00000,-0.129,-0.009,0
683.5140,-0.00576,-0.02845,-0.00115,0.00000,0.00000,-0.128,-0.009,0
683.5660,-0.00576,-0.02845,-0.00115,0.00000,0.00000,-0.128,-0.009,0
683.6180,-0.00576,-0.02846,-0.00115,0.00000,0.00000,-0.128,-0.009,0
683.6700,-0.00576,-0.02847,-0.00115,0.00000,0.00000,-0.128,-0.009,0
683.7220,-0.00577,-0.02850,-0.00115,0.00000,0.00000,-0.129,-0.009,0
683.7740,-0.00578,-0.02854,-0.00115,0.00000,0.00000,-0.129,-0.009,0
683.8260,-0.00579,-0.02858,-0.00115,0.00000,0.00000,-0.129,-0.009,0
683.8780,-0.00580,-0.02862,-0.00115,0.00000,0.00000,-0.129,-0.009,0
683.9300,-0.00581,-0.02866,-0.00115,0.00000,0.00000,-0.129,-0.009,0
683.9820,-0.00582,-0.02869,-0.00115,0.00000,0.00000,-0.129,-0.009,0
684.0340,-0.00582,-0.02870,-0.00115,0.00000,0.00000,-0.129,-0.009,0
684.0860,-0.00582,-0.02871,-0.00115,0.00000,0.00000,-0.129,-0.009,0
684.1380,-0.00582,-0.02872,-0.00115,0.00000,0.00000,-0.130,-0.009,0
684.1900,-0.00582,-0.02871,-0.00115,0.00000,0.00000,-0.130,-0.009,0
684.2420,-0.00581,-0.02869,-0.00115,0.00000,0.00000,-0.129,-0.009,0
684.2940,-0.00580,-0.02866,-0.00115,0.00000,0.00000,-0.129,-0.009,0
684.3460,-0.00579,-0.02862,-0.00115,0.00000,0.00000,-0.129,-0.009,0
684.3980,-0.00579,-0.02858,-0.00115,0.00000,0.00000,-0.129,-0.009,0
684.4500,-0.00578,-0.02854,-0.00115,0.00000,0.00000,-0.129,-0.009,0
684.5020,-0.00577,-0.02851,-0.00115,0.00000,0.00000,-0.129,-0.009,0
684.5540,-0.00576,-0.02848,-0.00115,0.00000,0.00000,-0.128,-0.009,0
684.6060,-0.00576,-0.02846,-0.00115,0.00000,0.00000,-0.128,-0.009,0
684.6580,-0.00576,-0.02846,-0.00115,0.00000,0.00000,-0.128,-0.009,0
684.7100,-0.00576,-0.02845,-0.00115,0.00000,0.00000,-0.128,-0.009,0
684.7620,-0.00576,-0.02846,-0.00115,0.00000,0.00000,-0.128,-0.009,0
684.8140,-0.00576,-0.02846,-0.00115,0.00000,0.00000,-0.128,-0.009,0
684.8660,-0.00575,-0.02844,-0.00115,0.00000,0.00000,-0.128,-0.009,0
684.9180,-0.00575,-0.02842,-0.00115,0.00000,0.00000,-0.128,-0.009,0
684.9700,-0.00574,-0.02839,-0.00115,0.00000,0.00000,-0.128,-0.009,0
685.0220,-0.00573,-0.02835,-0.00115,0.00000,0.00000,-0.128,-0.009,0
685.0740,-0.00572,-0.02831,-0.00115,0.00000,0.00000,-0.128,-0.009,0
685.1260,-0.00572,-0.02828,-0.00115,0.00000,0.00000,-0.127,-0.009,0
685.1780,-0.00571,-0.02826,-0.00115,0.00000,0.00000,-0.127,-0.009,0
685.2300,-0.00571,-0.02823,-0.00115,0.00000,0.00000,-0.127,-0.009,0
685.2820,-0.00570,-0.02820,-0.00115,0.00000,0.00000,-0.127,-0.009,0
685.3340,-0.00569,-0.02816,-0.00115,0.00000,0.00000,-0.127,-0.009,0
685.3860,-0.00569,-0.02812,-0.00115,0.00000,0.00000,-0.127,-0.009,0
685.4380,-0.00568,-0.02810,-0.00115,0.00000,0.00000,-0.126,-0.009,0
685.4900,-0.00568,-0.02811,-0.00115,0.00000,0.00000,-0.126,-0.009,0
685.5420,-0.00569,-0.02811,-0.00115,0.00000,0.00000,-0.126,-0.009,0
685.5940,-0.00569,-0.02811,-0.00115,0.00000,0.00000,-0.126,-0.009,0
685.6460,-0.00569,-0.02811,-0.00115,0.00000,0.00000,-0.126,-0.009,0
685.6980,-0.00569,-0.02810,-0.00115,0.00000,0.00000,-0.126,-0.009,0
685.7500,-0.00569,-0.02810,-0.00115,0.00000,0.00000,-0.126,-0.009,0
685.8020,-0.00569,-0.02808,-0.00115,0.00000,0.00000,-0.126,-0.009,0
685.8540,-0.00568,-0.02806,-0.00115,0.00000,0.00000,-0.126,-0.009,0
685.9060,-0.00568,-0.02804,-0.00115,0.00000,0.00000,-0.126,-0.009,0
685.9580,-0.00568,-0.02803,-0.00115,0.00000,0.00000,-0.126,-0.009,0
686.0100,-0.00568,-0.02802,-0.00115,0.00000,0.00000,-0.126,-0.009,0
686.0620,-0.00567,-0.02801,-0.00115,0.00000,0.00000,-0.126,-0.009,0
686.1140,-0.00567,-0.02800,-0.00115,0.00000,0.00000,-0.126,-0.009,0
686.1660,-0.00567,-0.02798,-0.00115,0.00000,0.00000,-0.126,-0.009,0
686.2180,-0.00567,-0.02797,-0.00115,0.00000,0.00000,-0.126,-0.009,0
686.2700,-0.00566,-0.02796,-0.00115,0.00000,0.00000,-0.125,-0.009,0
686.3220,-0.00566,-0.02794,-0.00115,0.00000,0.00000,-0.125,-0.009,0
686.3740,-0.00565,-0.02791,-0.00115,0.00000,0.00000,-0.125,-0.009,0
686.4260,-0.00565,-0.02788,-0.00115,0.00000,0.00000,-0.125,-0.009,0
686.4780,-0.00564,-0.02784,-0.00115,0.00000,0.00000,-0.125,-0.009,0
686.5300,-0.00563,-0.02780,-0.00115,0.00000,0.00000,-0.125,-0.009,0
686.5820,-0.00563,-0.02777,-0.00115,0.00000,0.00000,-0.124,-0.009,0
686.6340,-0.00562,-0.02774,-0.00115,0.00000,0.00000,-0.124,-0.009,0
686.6860,-0.00562,-0.02772,-0.00115,0.00000,0.00000,-0.124,-0.009,0
686.7380,-0.00561,-0.02769,-0.00115,0.00000,0.00000,-0.124,-0.009,0
686.7900,-0.00560,-0.02766,-0.00115,0.00000,0.00000,-0.124,-0.009,0
686.8420,-0.00560,-0.02763,-0.00115,0.00000,0.00000,-0.124,-0.009,0
686.8940,-0.00559,-0.02760,-0.00115,0.00000,0.00000,-0.124,-0.009,0
686.9460,-0.00559,-0.02757,-0.00115,0.00000,0.00000,-0.123,-0.009,0
686.9980,-0.00558,-0.02755,-0.00115,0.00000,0.00000,-0.123,-0.009,0
687.0500,-0.00558,-0.02754,-0.00115,0.00000,0.00000,-0.123,-0.009,0
687.1020,-0.00558,-0.02753,-0.00115,0.00000,0.00000,-0.123,-0.009,0
687.1540,-0.00558,-0.02752,-0.00115,0.00000,0.00000,-0.123,-0.009,0
687.2060,-0.00558,-0.02752,-0.00115,0.00000,0.00000,-0.123,-0.009,0
687.2580,-0.00558,-0.02752,-0.00115,0.00000,0.00000,-0.123,-0.009,0
687.3100,-0.00559,-0.02753,-0.00115,0.00000,0.00000,-0.123,-0.009,0
687.3620,-0.00559,-0.02753,-0.00115,0.00000,0.00000,-0.123,-0.009,0
687.4140,-0.00558,-0.02751,-0.00115,0.00000,0.00000,-0.123,-0.009,0
687.4660,-0.00558,-0.02751,-0.00115,0.00000,0.00000,-0.123,-0.009,0
687.5180,-0.00559,-0.02752,-0.00115,0.00000,0.00000,-0.123,-0.009,0
687.5700,-0.00559,-0.02753,-0.00115,0.00000,0.00000,-0.123,-0.009,0
687.6220,-0.00559,-0.02753,-0.00115,0.00000,0.00000,-0.123,-0.009,0
687.6740,-0.00559,-0.02753,-0.00115,0.00000,0.00000,-0.123,-0.009,0
687.7260,-0.00559,-0.02753,-0.00115,0.00000,0.00000,-0.123,-0.009,0
687.7780,-0.00559,-0.02753,-0.00115,0.00000,0.00000,-0.123,-0.009,0
687.8300,-0.00559,-0.02753,-0.00115,0.00000,0.00000,-0.123,-0.009,0
687.8820,-0.00559,-0.02752,-0.00115,0.00000,0.00000,-0.123,-0.009,0
687.9340,-0.00559,-0.02751,-0.00115,0.00000,0.00000,-0.122,-0.009,0
687.9860,-0.00559,-0.02751,-0.00115,0.00000,0.00000,-0.122,-0.009,0
688.0380,-0.00559,-0.02751,-0.00115,0.00000,0.00000,-0.122,-0.009,0
688.0900,-0.00559,-0.02751,-0.00115,0.00000,0.00000,-0.122,-0.009,0
688.1420,-0.00559,-0.02750,-0.00115,0.00000,0.00000,-0.122,-0.009,0
688.1940,-0.00559,-0.02750,-0.00115,0.00000,0.00000,-0.122,-0.009,0
688.2460,-0.00559,-0.02750,-0.00115,0.00000,0.00000,-0.122,-0.009,0
688.2980,-0.00559,-0.02750,-0.00115,0.00000,0.00000,-0.122,-0.009,0
688.3500,-0.00559,-0.02750,-0.00115,0.00000,0.00000,-0.122,-0.009,0
688.4020,-0.00559,-0.02750,-0.00115,0.00000,0.00000,-0.122,-0.009,0
688.4540,-0.00559,-0.02749,-0.00115,0.00000,0.00000,-0.122,-0.009,0
688.5060,-0.00559,-0.02749,-0.00115,0.00000,0.00000,-0.122,-0.009,0
688.5580,-0.00559,-0.02749,-0.00115,0.00000,0.00000,-0.122,-0.009,0
688.6100,-0.00559,-0.02750,-0.00115,0.00000,0.00000,-0.122,-0.009,0
688.6620,-0.00559,-0.02750,-0.00115,0.00000,0.00000,-0.122,-0.009,0
688.7140,-0.00559,-0.02751,-0.00115,0.00000,0.00000,-0.122,-0.009,0
688.7660,-0.00560,-0.02754,-0.00115,0.00000,0.00000,-0.122,-0.009,0
688.8180,-0.00561,-0.02757,-0.00115,0.00000,0.00000,-0.122,-0.009,0
688.8700,-0.00562,-0.02761,-0.00115,0.00000,0.00000,-0.123,-0.009,0
688.9220,-0.00563,-0.02765,-0.00115,0.00000,0.00000,-0.123,-0.009,0
688.9740,-0.00564,-0.02770,-0.00115,0.00000,0.00000,-0.123,-0.009,0
689.0260,-0.00565,-0.02775,-0.00115,0.00000,0.00000,-0.123,-0.009,0
689.0780,-0.00566,-0.02781,-0.00115,0.00000,0.00000,-0.123,-0.009,0
689.1300,-0.00567,-0.02787,-0.00115,0.00000,0.00000,-0.124,-0.009,0
689.1820,-0.00569,-0.02793,-0.00115,0.00000,0.00000,-0.124,-0.009,0
689.2340,-0.00570,-0.02801,-0.00115,0.00000,0.00000,-0.124,-0.009,0
689.2860,-0.00572,-0.02808,-0.00115,0.00000,0.00000,-0.125,-0.009,0
689.3380,-0.00574,-0.02815,-0.00115,0.00000,0.00000,-0.125,-0.009,0
689.3900,-0.00575,-0.02821,-0.00115,0.00000,0.00000,-0.125,-0.009,0
689.4420,-0.00576,-0.02826,-0.00115,0.00000,0.00000,-0.126,-0.009,0
689.4940,-0.00576,-0.02830,-0.00115,0.00000,0.00000,-0.126,-0.009,0
689.5460,-0.00577,-0.02833,-0.00115,0.00000,0.00000,-0.126,-0.009,0
689.5980,-0.00577,-0.02835,-0.00115,0.00000,0.00000,-0.126,-0.009,0
689.6500,-0.00577,-0.02836,-0.00115,0.00000,0.00000,-0.126,-0.009,0
689.7020,-0.00577,-0.02835,-0.00115,0.00000,0.00000,-0.126,-0.009,0
689.7540,-0.00576,-0.02833,-0.00115,0.00000,0.00000,-0.126,-0.009,0
689.8060,-0.00575,-0.02832,-0.00115,0.00000,0.00000,-0.126,-0.009,0
689.8580,-0.00575,-0.02831,-0.00115,0.00000,0.00000,-0.126,-0.009,0
689.9100,-0.00575,-0.02830,-0.00115,0.00000,0.00000,-0.126,-0.009,0
689.9620,-0.00575,-0.02830,-0.00115,0.00000,0.00000,-0.126,-0.009,0
690.0140,-0.00574,-0.02831,-0.00115,0.00000,0.00000,-0.126,-0.009,0
690.0660,-0.00574,-0.02829,-0.00115,0.00000,0.00000,-0.126,-0.009,0
690.1180,-0.00573,-0.02828,-0.00115,0.00000,0.00000,-0.126,-0.009,0
690.1700,-0.00573,-0.02827,-0.00115,0.00000,0.00000,-0.126,-0.009,0
690.2220,-0.00573,-0.02826,-0.00115,0.00000,0.00000,-0.126,-0.009,0
690.2740,-0.00573,-0.02826,-0.00115,0.00000,0.00000,-0.126,-0.009,0
690.3260,-0.00573,-0.02828,-0.00115,0.00000,0.00000,-0.126,-0.009,0
690.3780,-0.00573,-0.02829,-0.00115,0.00000,0.00000,-0.126,-0.009,0
690.4300,-0.00574,-0.02831,-0.00115,0.00000,0.00000,-0.126,-0.009,0
690.4820,-0.00574,-0.02832,-0.00115,0.00000,0.00000,-0.127,-0.009,0
690.5340,-0.00574,-0.02833,-0.00115,0.00000,0.00000,-0.127,-0.009,0
690.5860,-0.00574,-0.02834,-0.00115,0.00000,0.00000,-0.127,-0.009,0
690.6380,-0.00575,-0.02836,-0.00115,0.00000,0.00000,-0.127,-0.009,0
690.6900,-0.00575,-0.02837,-0.00115,0.00000,0.00000,-0.127,-0.009,0
690.7420,-0.00575,-0.02837,-0.00115,0.00000,0.00000,-0.127,-0.009,0
690.7940,-0.00575,-0.02837,-0.00115,0.00000,0.00000,-0.127,-0.009,0
690.8460,-0.00575,-0.02836,-0.00115,0.00000,0.00000,-0.127,-0.009,0
690.8980,-0.00574,-0.02835,-0.00115,0.00000,0.00000,-0.127,-0.009,0
690.9500,-0.00574,-0.02834,-0.00115,0.00000,0.00000,-0.127,-0.009,0
691.0020,-0.00574,-0.02832,-0.00115,0.00000,0.00000,-0.127,-0.009,0
691.0540,-0.00573,-0.02831,-0.00115,0.00000,0.00000,-0.127,-0.009,0
691.1060,-0.00573,-0.02828,-0.00115,0.00000,0.00000,-0.127,-0.009,0
691.1580,-0.00572,-0.02826,-0.00115,0.00000,0.00000,-0.127,-0.009,0
691.2100,-0.00572,-0.02824,-0.00115,0.00000,0.00000,-0.127,-0.009,0
691.2620,-0.00571,-0.02823,-0.00115,0.00000,0.00000,-0.127,-0.009,0
691.3140,-0.00571,-0.02822,-0.00115,0.00000,0.00000,-0.126,-0.009,0
691.3660,-0.00571,-0.02822,-0.00115,0.00000,0.00000,-0.126,-0.009,0
691.4180,-0.00571,-0.02822,-0.00115,0.00000,0.00000,-0.127,-0.009,0
691.4700,-0.00572,-0.02823,-0.00115,0.00000,0.00000,-0.127,-0.009,0
691.5220,-0.00572,-0.02823,-0.00115,0.00000,0.00000,-0.127,-0.009,0
691.5740,-0.00572,-0.02822,-0.00115,0.00000,0.00000,-0.127,-0.009,0
691.6260,-0.00571,-0.02821,-0.00115,0.00000,0.00000,-0.127,-0.009,0
691.6780,-0.00571,-0.02821,-0.00115,0.00000,0.00000,-0.126,-0.009,0
691.7300,-0.00571,-0.02819,-0.00115,0.00000,0.00000,-0.126,-0.009,0
691.7820,-0.00570,-0.02817,-0.00115,0.00000,0.00000,-0.126,-0.009,0
691.8340,-0.00570,-0.02816,-0.00115,0.00000,0.00000,-0.126,-0.009,0
691.8860,-0.00570,-0.02814,-0.00115,0.00000,0.00000,-0.126,-0.009,0
691.9380,-0.00569,-0.02812,-0.00115,0.00000,0.00000,-0.126,-0.009,0
691.9900,-0.00569,-0.02811,-0.00115,0.00000,0.00000,-0.126,-0.009,0
692.0420,-0.00569,-0.02811,-0.00115,0.00000,0.00000,-0.126,-0.009,0
692.0940,-0.00569,-0.02810,-0.00115,0.00000,0.00000,-0.126,-0.009,0
692.1460,-0.00568,-0.02807,-0.00115,0.00000,0.00000,-0.126,-0.009,0
692.1980,-0.00568,-0.02806,-0.00115,0.00000,0.00000,-0.126,-0.009,0
692.2500,-0.00568,-0.02804,-0.00115,0.00000,0.00000,-0.126,-0.009,0
692.3020,-0.00567,-0.02801,-0.00115,0.00000,0.00000,-0.126,-0.009,0
692.3540,-0.00567,-0.02800,-0.00115,0.00000,0.00000,-0.126,-0.009,0
692.4060,-0.00567,-0.02799,-0.00115,0.00000,0.00000,-0.125,-0.009,0
692.4580,-0.00567,-0.02800,-0.00115,0.00000,0.00000,-0.125,-0.009,0
692.5100,-0.00567,-0.02800,-0.00115,0.00000,0.00000,-0.126,-0.009,0
692.5620,-0.00568,-0.02801,-0.00115,0.00000,0.00000,-0.126,-0.009,0
692.6140,-0.00568,-0.02802,-0.00115,0.00000,0.00000,-0.126,-0.009,0
692.6660,-0.00568,-0.02803,-0.00115,0.00000,0.00000,-0.126,-0.009,0
692.7180,-0.00568,-0.02801,-0.00115,0.00000,0.00000,-0.126,-0.009,0
692.7700,-0.00568,-0.02800,-0.00115,0.00000,0.00000,-0.125,-0.009,0
692.8220,-0.00567,-0.02798,-0.00115,0.00000,0.00000,-0.125,-0.009,0
692.8740,-0.00567,-0.02797,-0.00115,0.00000,0.00000,-0.125,-0.009,0
692.9260,-0.00567,-0.02796,-0.00115,0.00000,0.00000,-0.125,-0.009,0
692.9780,-0.00567,-0.02796,-0.00115,0.00000,0.00000,-0.125,-0.009,0
693.0300,-0.00567,-0.02796,-0.00115,0.00000,0.00000,-0.125,-0.009,0
693.0820,-0.00567,-0.02798,-0.00115,0.00000,0.00000,-0.125,-0.009,0
693.1340,-0.00568,-0.02800,-0.00115,0.00000,0.00000,-0.125,-0.009,0
693.1860,-0.00568,-0.02801,-0.00115,0.00000,0.00000,-0.125,-0.009,0
693.2380,-0.00569,-0.02803,-0.00115,0.00000,0.00000,-0.125,-0.009,0
693.2900,-0.00569,-0.02803,-0.00115,0.00000,0.00000,-0.125,-0.009,0
693.3420,-0.00569,-0.02803,-0.00115,0.00000,0.00000,-0.125,-0.009,0
693.3940,-0.00569,-0.02804,-0.00115,0.00000,0.00000,-0.125,-0.009,0
693.4460,-0.00569,-0.02804,-0.00115,0.00000,0.00000,-0.125,-0.009,0
693.4980,-0.00569,-0.02805,-0.00115,0.00000,0.00000,-0.125,-0.009,0
693.5500,-0.00569,-0.02804,-0.00115,0.00000,0.00000,-0.125,-0.009,0
693.6020,-0.00568,-0.02802,-0.00115,0.00000,0.00000,-0.125,-0.009,0
693.6540,-0.00568,-0.02801,-0.00115,0.00000,0.00000,-0.125,-0.009,0
693.7060,-0.00568,-0.02801,-0.00115,0.00000,0.00000,-0.125,-0.009,0
693.7580,-0.00569,-0.02803,-0.00115,0.00000,0.00000,-0.125,-0.009,0
693.8100,-0.00569,-0.02805,-0.00115,0.00000,0.00000,-0.125,-0.009,0
693.8620,-0.00569,-0.02806,-0.00115,0.00000,0.00000,-0.125,-0.009,0
693.9140,-0.00570,-0.02807,-0.00115,0.00000,0.00000,-0.126,-0.009,0
693.9660,-0.00570,-0.02808,-0.00115,0.00000,0.00000,-0.126,-0.009,0
694.0180,-0.00570,-0.02809,-0.00115,0.00000,0.00000,-0.126,-0.009,0
694.0700,-0.00570,-0.02810,-0.00115,0.00000,0.00000,-0.126,-0.009,0
694.1220,-0.00570,-0.02811,-0.00115,0.00000,0.00000,-0.126,-0.009,0
694.1740,-0.00571,-0.02813,-0.00115,0.00000,0.00000,-0.126,-0.009,0
694.2260,-0.00571,-0.02815,-0.00115,0.00000,0.00000,-0.126,-0.009,0
694.2780,-0.00572,-0.02816,-0.00115,0.00000,0.00000,-0.126,-0.009,0
694.3300,-0.00572,-0.02817,-0.00115,0.00000,0.00000,-0.126,-0.009,0
694.3820,-0.00572,-0.02818,-0.00115,0.00000,0.00000,-0.126,-0.009,0
694.4340,-0.00572,-0.02819,-0.00115,0.00000,0.00000,-0.126,-0.009,0
694.4860,-0.00572,-0.02820,-0.00115,0.00000,0.00000,-0.126,-0.009,0
694.5380,-0.00572,-0.02821,-0.00115,0.00000,0.00000,-0.126,-0.009,0
694.5900,-0.00573,-0.02823,-0.00115,0.00000,0.00000,-0.126,-0.009,0
694.6420,-0.00573,-0.02826,-0.00115,0.00000,0.00000,-0.126,-0.009,0
694.6940,-0.00574,-0.02828,-0.00115,0.00000,0.00000,-0.127,-0.009,0
694.7460,-0.00574,-0.02830,-0.00115,0.00000,0.00000,-0.127,-0.009,0
694.7980,-0.00575,-0.02833,-0.00115,0.00000,0.00000,-0.127,-0.009,0
694.8500,-0.00575,-0.02835,-0.00115,0.00000,0.00000,-0.127,-0.009,0
694.9020,-0.00576,-0.02836,-0.00115,0.00000,0.00000,-0.127,-0.009,0
694.9540,-0.00576,-0.02838,-0.00115,0.00000,0.00000,-0.127,-0.009,0
695.0060,-0.00576,-0.02840,-0.00115,0.00000,0.00000,-0.127,-0.009,0
695.0580,-0.00577,-0.02841,-0.00115,0.00000,0.00000,-0.127,-0.009,0
695.1100,-0.00577,-0.02842,-0.00115,0.00000,0.00000,-0.127,-0.009,0
695.1620,-0.00577,-0.02842,-0.00115,0.00000,0.00000,-0.127,-0.009,0
695.2140,-0.00576,-0.02841,-0.00115,0.00000,0.00000,-0.127,-0.009,0
695.2660,-0.00576,-0.02840,-0.00115,0.00000,0.00000,-0.127,-0.009,0
695.3180,-0.00575,-0.02838,-0.00115,0.00000,0.00000,-0.127,-0.009,0
695.3700,-0.00574,-0.02834,-0.00115,0.00000,0.00000,-0.127,-0.009,0
695.4220,-0.00573,-0.02830,-0.00115,0.00000,0.00000,-0.127,-0.009,0
695.4740,-0.00572,-0.02826,-0.00115,0.00000,0.00000,-0.127,-0.009,0
695.5260,-0.00572,-0.02824,-0.00115,0.00000,0.00000,-0.127,-0.009,0
695.5780,-0.00572,-0.02823,-0.00115,0.00000,0.00000,-0.127,-0.009,0
695.6300,-0.00572,-0.02823,-0.00115,0.00000,0.00000,-0.127,-0.009,0
695.6820,-0.00572,-0.02824,-0.00115,0.00000,0.00000,-0.127,-0.009,0
695.7340,-0.00572,-0.02825,-0.00115,0.00000,0.00000,-0.127,-0.009,0
695.7860,-0.00573,-0.02828,-0.00115,0.00000,0.00000,-0.127,-0.009,0
695.8380,-0.00573,-0.02830,-0.00115,0.00000,0.00000,-0.127,-0.009,0
695.8900,-0.00574,-0.02832,-0.00115,0.00000,0.00000,-0.127,-0.009,0
695.9420,-0.00574,-0.02833,-0.00115,0.00000,0.00000,-0.127,-0.009,0
695.9940,-0.00574,-0.02835,-0.00115,0.00000,0.00000,-0.127,-0.009,0
696.0460,-0.00575,-0.02836,-0.00115,0.00000,0.00000,-0.127,-0.009,0
696.0980,-0.00575,-0.02836,-0.00115,0.00000,0.00000,-0.127,-0.009,0
696.1500,-0.00575,-0.02835,-0.00115,0.00000,0.00000,-0.127,-0.009,0
696.2020,-0.00574,-0.02834,-0.00115,0.00000,0.00000,-0.127,-0.009,0
696.2540,-0.00574,-0.02834,-0.00115,0.00000,0.00000,-0.127,-0.009,0
696.3060,-0.00574,-0.02835,-0.00115,0.00000,0.00000,-0.127,-0.009,0
696.3580,-0.00575,-0.02837,-0.00115,0.00000,0.00000,-0.127,-0.009,0
696.4100,-0.00575,-0.02837,-0.00115,0.00000,0.00000,-0.127,-0.009,0
696.4620,-0.00575,-0.02837,-0.00115,0.00000,0.00000,-0.127,-0.009,0
696.5140,-0.00574,-0.02835,-0.00115,0.00000,0.00000,-0.127,-0.009,0
696.5660,-0.00574,-0.02833,-0.00115,0.00000,0.00000,-0.127,-0.009,0
696.6180,-0.00574,-0.02832,-0.00115,0.00000,0.00000,-0.127,-0.009,0
696.6700,-0.00574,-0.02831,-0.00115,0.00000,0.00000,-0.127,-0.009,0
696.7220,-0.00574,-0.02831,-0.00115,0.00000,0.00000,-0.127,-0.009,0
696.7740,-0.00574,-0.02834,-0.00115,0.00000,0.00000,-0.127,-0.009,0
696.8260,-0.00575,-0.02836,-0.00115,0.00000,0.00000,-0.127,-0.009,0
696.8780,-0.00575,-0.02837,-0.00115,0.00000,0.00000,-0.127,-0.009,0
696.9300,-0.00575,-0.02838,-0.00115,0.00000,0.00000,-0.127,-0.009,0
696.9820,-0.00575,-0.02838,-0.00115,0.00000,0.00000,-0.127,-0.009,0
697.0340,-0.00575,-0.02838,-0.00115,0.00000,0.00000,-0.127,-0.009,0
697.0860,-0.00575,-0.02839,-0.00115,0.00000,0.00000,-0.127,-0.009,0
697.1380,-0.00575,-0.02840,-0.00115,0.00000,0.00000,-0.127,-0.009,0
697.1900,-0.00576,-0.02841,-0.00115,0.00000,0.00000,-0.128,-0.009,0
697.2420,-0.00576,-0.02842,-0.00115,0.00000,0.00000,-0.128,-0.009,0
697.2940,-0.00576,-0.02842,-0.00115,0.00000,0.00000,-0.128,-0.009,0
697.3460,-0.00576,-0.02840,-0.00115,0.00000,0.00000,-0.128,-0.009,0
697.3980,-0.00575,-0.02839,-0.00115,0.00000,0.00000,-0.128,-0.009,0
697.4500,-0.00575,-0.02838,-0.00115,0.00000,0.00000,-0.127,-0.009,0
697.5020,-0.00575,-0.02837,-0.00115,0.00000,0.00000,-0.127,-0.009,0
697.5540,-0.00574,-0.02836,-0.00115,0.00000,0.00000,-0.127,-0.009,0
697.6060,-0.00574,-0.02834,-0.00115,0.00000,0.00000,-0.127,-0.009,0
697.6580,-0.00574,-0.02832,-0.00115,0.00000,0.00000,-0.127,-0.009,0
697.7100,-0.00573,-0.02831,-0.00115,0.00000,0.00000,-0.127,-0.009,0
697.7620,-0.00573,-0.02829,-0.00115,0.00000,0.00000,-0.127,-0.009,0
697.8140,-0.00572,-0.02826,-0.00115,0.00000,0.00000,-0.127,-0.009,0
697.8660,-0.00572,-0.02824,-0.00115,0.00000,0.00000,-0.127,-0.009,0
697.9180,-0.00571,-0.02822,-0.00115,0.00000,0.00000,-0.127,-0.009,0
697.9700,-0.00571,-0.02819,-0.00115,0.00000,0.00000,-0.127,-0.009,0
698.0220,-0.00570,-0.02817,-0.00115,0.00000,0.00000,-0.127,-0.009,0
698.0740,-0.00570,-0.02815,-0.00115,0.00000,0.00000,-0.126,-0.009,0
698.1260,-0.00569,-0.02812,-0.00115,0.00000,0.00000,-0.126,-0.009,0
698.1780,-0.00568,-0.02809,-0.00115,0.00000,0.00000,-0.126,-0.009,0
698.2300,-0.00568,-0.02808,-0.00115,0.00000,0.00000,-0.126,-0.009,0
698.2820,-0.00568,-0.02807,-0.00115,0.00000,0.00000,-0.126,-0.009,0
698.3340,-0.00568,-0.02806,-0.00115,0.00000,0.00000,-0.126,-0.009,0
698.3860,-0.00568,-0.02804,-0.00115,0.00000,0.00000,-0.126,-0.009,0
698.4380,-0.00567,-0.02802,-0.00115,0.00000,0.00000,-0.126,-0.009,0
698.4900,-0.00567,-0.02800,-0.00115,0.00000,0.00000,-0.126,-0.009,0
698.5420,-0.00566,-0.02797,-0.00115,0.00000,0.00000,-0.126,-0.009,0
698.5940,-0.00566,-0.02795,-0.00115,0.00000,0.00000,-0.125,-0.009,0
698.6460,-0.00565,-0.02792,-0.00115,0.00000,0.00000,-0.125,-0.009,0
698.6980,-0.00565,-0.02789,-0.00115,0.00000,0.00000,-0.125,-0.009,0
698.7500,-0.00564,-0.02787,-0.00115,0.00000,0.00000,-0.125,-0.009,0
698.8020,-0.00564,-0.02786,-0.00115,0.00000,0.00000,-0.125,-0.009,0
698.8540,-0.00564,-0.02784,-0.00115,0.00000,0.00000,-0.125,-0.009,0
698.9060,-0.00563,-0.02782,-0.00115,0.00000,0.00000,-0.125,-0.009,0
698.9580,-0.00563,-0.02782,-0.00115,0.00000,0.00000,-0.125,-0.009,0
699.0100,-0.00563,-0.02781,-0.00115,0.00000,0.00000,-0.125,-0.009,0
699.0620,-0.00563,-0.02780,-0.00115,0.00000,0.00000,-0.124,-0.009,0
699.1140,-0.00563,-0.02780,-0.00115,0.00000,0.00000,-0.124,-0.009,0
699.1660,-0.00563,-0.02780,-0.00115,0.00000,0.00000,-0.124,-0.009,0
699.2180,-0.00564,-0.02780,-0.00115,0.00000,0.00000,-0.124,-0.009,0
699.2700,-0.00563,-0.02778,-0.00115,0.00000,0.00000,-0.124,-0.009,0
699.3220,-0.00563,-0.02775,-0.00115,0.00000,0.00000,-0.124,-0.009,0
699.3740,-0.00562,-0.02772,-0.00115,0.00000,0.00000,-0.124,-0.009,0
699.4260,-0.00562,-0.02770,-0.00115,0.00000,0.00000,-0.124,-0.009,0
699.4780,-0.00561,-0.02767,-0.00115,0.00000,0.00000,-0.124,-0.009,0
699.5300,-0.00560,-0.02764,-0.00115,0.00000,0.00000,-0.124,-0.009,0
699.5820,-0.00560,-0.02761,-0.00115,0.00000,0.00000,-0.123,-0.009,0
699.6340,-0.00559,-0.02757,-0.00115,0.00000,0.00000,-0.123,-0.009,0
699.6860,-0.00558,-0.02752,-0.00115,0.00000,0.00000,-0.123,-0.009,0
699.7380,-0.00557,-0.02747,-0.00115,0.00000,0.00000,-0.123,-0.009,0
699.7900,-0.00556,-0.02743,-0.00115,0.00000,0.00000,-0.123,-0.009,0
699.8420,-0.00555,-0.02740,-0.00115,0.00000,0.00000,-0.122,-0.009,0
699.8940,-0.00555,-0.02738,-0.00115,0.00000,0.00000,-0.122,-0.009,0
699.9460,-0.00555,-0.02735,-0.00115,0.00000,0.00000,-0.122,-0.009,0
699.9980,-0.00554,-0.02732,-0.00115,0.00000,0.00000,-0.122,-0.009,0
700.0500,-0.00553,-0.02730,-0.00115,0.00000,0.00000,-0.122,-0.009,0
700.1020,-0.00553,-0.02728,-0.00115,0.00000,0.00000,-0.122,-0.009,0
700.1540,-0.00553,-0.02727,-0.00115,0.00000,0.00000,-0.122,-0.009,0
700.2060,-0.00553,-0.02725,-0.00115,0.00000,0.00000,-0.122,-0.009,0
700.2580,-0.00553,-0.02724,-0.00115,0.00000,0.00000,-0.121,-0.009,0
700.3100,-0.00553,-0.02723,-0.00115,0.00000,0.00000,-0.121,-0.009,0
700.3620,-0.00552,-0.02722,-0.00115,0.00000,0.00000,-0.121,-0.009,0
700.4140,-0.00552,-0.02721,-0.00115,0.00000,0.00000,-0.121,-0.009,0
700.4660,-0.00552,-0.02720,-0.00115,0.00000,0.00000,-0.121,-0.009,0
700.5180,-0.00552,-0.02720,-0.00115,0.00000,0.00000,-0.121,-0.009,0
700.5700,-0.00553,-0.02720,-0.00115,0.00000,0.00000,-0.121,-0.009,0
700.6220,-0.00553,-0.02723,-0.00115,0.00000,0.00000,-0.121,-0.009,0
700.6740,-0.00554,-0.02725,-0.00115,0.00000,0.00000,-0.121,-0.009,0
700.7260,-0.00555,-0.02727,-0.00115,0.00000,0.00000,-0.121,-0.009,0
700.7780,-0.00555,-0.02730,-0.00115,0.00000,0.00000,-0.121,-0.009,0
700.8300,-0.00556,-0.02732,-0.00115,0.00000,0.00000,-0.121,-0.009,0
700.8820,-0.00556,-0.02733,-0.00115,0.00000,0.00000,-0.121,-0.009,0
700.9340,-0.00556,-0.02733,-0.00115,0.00000,0.00000,-0.121,-0.009,0
700.9860,-0.00556,-0.02733,-0.00115,0.00000,0.00000,-0.121,-0.009,0
701.0380,-0.00556,-0.02732,-0.00115,0.00000,0.00000,-0.121,-0.009,0
701.0900,-0.00555,-0.02730,-0.00115,0.00000,0.00000,-0.121,-0.009,0
701.1420,-0.00555,-0.02729,-0.00115,0.00000,0.00000,-0.121,-0.009,0
701.1940,-0.00555,-0.02728,-0.00115,0.00000,0.00000,-0.121,-0.009,0
701.2460,-0.00555,-0.02729,-0.00115,0.00000,0.00000,-0.121,-0.009,0
701.2980,-0.00555,-0.02729,-0.00115,0.00000,0.00000,-0.121,-0.009,0
701.3500,-0.00556,-0.02730,-0.00115,0.00000,0.00000,-0.121,-0.009,0
701.4020,-0.00556,-0.02731,-0.00115,0.00000,0.00000,-0.121,-0.009,0
701.4540,-0.00556,-0.02731,-0.00115,0.00000,0.00000,-0.121,-0.009,0
701.5060,-0.00556,-0.02731,-0.00115,0.00000,0.00000,-0.121,-0.009,0
701.5580,-0.00556,-0.02731,-0.00115,0.00000,0.00000,-0.121,-0.009,0
701.6100,-0.00555,-0.02730,-0.00115,0.00000,0.00000,-0.121,-0.009,0
701.6620,-0.00555,-0.02729,-0.00115,0.00000,0.00000,-0.121,-0.009,0
701.7140,-0.00555,-0.02727,-0.00115,0.00000,0.00000,-0.121,-0.009,0
701.7660,-0.00554,-0.02725,-0.00115,0.00000,0.00000,-0.121,-0.009,0
701.8180,-0.00554,-0.02723,-0.00115,0.00000,0.00000,-0.121,-0.009,0
701.8700,-0.00553,-0.02720,-0.00115,0.00000,0.00000,-0.120,-0.009,0
701.9220,-0.00552,-0.02717,-0.00115,0.00000,0.00000,-0.120,-0.009,0
701.9740,-0.00552,-0.02715,-0.00115,0.00000,0.00000,-0.120,-0.009,0
702.0260,-0.00551,-0.02712,-0.00115,0.00000,0.00000,-0.120,-0.009,0
702.0780,-0.00551,-0.02710,-0.00115,0.00000,0.00000,-0.120,-0.009,0
702.1300,-0.00550,-0.02708,-0.00115,0.00000,0.00000,-0.120,-0.009,0
702.1820,-0.00550,-0.02705,-0.00115,0.00000,0.00000,-0.120,-0.009,0
702.2340,-0.00549,-0.02702,-0.00115,0.00000,0.00000,-0.120,-0.009,0
702.2860,-0.00548,-0.02699,-0.00115,0.00000,0.00000,-0.119,-0.009,0
702.3380,-0.00548,-0.02698,-0.00115,0.00000,0.00000,-0.119,-0.009,0
702.3900,-0.00548,-0.02695,-0.00115,0.00000,0.00000,-0.119,-0.009,0
702.4420,-0.00547,-0.02693,-0.00115,0.00000,0.00000,-0.119,-0.009,0
702.4940,-0.00547,-0.02691,-0.00115,0.00000,0.00000,-0.119,-0.009,0
702.5460,-0.00547,-0.02690,-0.00115,0.00000,0.00000,-0.119,-0.009,0
702.5980,-0.00547,-0.02689,-0.00115,0.00000,0.00000,-0.119,-0.009,0
702.6500,-0.00546,-0.02688,-0.00115,0.00000,0.00000,-0.119,-0.009,0
702.7020,-0.00546,-0.02686,-0.00115,0.00000,0.00000,-0.119,-0.009,0
702.7540,-0.00546,-0.02684,-0.00115,0.00000,0.00000,-0.119,-0.009,0
702.8060,-0.00546,-0.02683,-0.00115,0.00000,0.00000,-0.118,-0.009,0
702.8580,-0.00545,-0.02681,-0.00115,0.00000,0.00000,-0.118,-0.009,0
702.9100,-0.00545,-0.02680,-0.00115,0.00000,0.00000,-0.118,-0.009,0
702.9620,-0.00545,-0.02678,-0.00115,0.00000,0.00000,-0.118,-0.009,0
703.0140,-0.00544,-0.02676,-0.00115,0.00000,0.00000,-0.118,-0.009,0
703.0660,-0.00543,-0.02671,-0.00115,0.00000,0.00000,-0.118,-0.009,0
703.1180,-0.00542,-0.02667,-0.00115,0.00000,0.00000,-0.118,-0.009,0
703.1700,-0.00541,-0.02662,-0.00115,0.00000,0.00000,-0.117,-0.009,0
703.2220,-0.00541,-0.02659,-0.00115,0.00000,0.00000,-0.117,-0.009,0
703.2740,-0.00540,-0.02656,-0.00115,0.00000,0.00000,-0.117,-0.009,0
703.3260,-0.00540,-0.02653,-0.00115,0.00000,0.00000,-0.117,-0.009,0
703.3780,-0.00540,-0.02653,-0.00115,0.00000,0.00000,-0.117,-0.009,0
703.4300,-0.00540,-0.02652,-0.00115,0.00000,0.00000,-0.117,-0.009,0
703.4820,-0.00540,-0.02654,-0.00115,0.00000,0.00000,-0.117,-0.009,0
703.5340,-0.00541,-0.02655,-0.00115,0.00000,0.00000,-0.117,-0.009,0
703.5860,-0.00541,-0.02655,-0.00115,0.00000,0.00000,-0.117,-0.009,0
703.6380,-0.00541,-0.02654,-0.00115,0.00000,0.00000,-0.117,-0.009,0
703.6900,-0.00541,-0.02654,-0.00115,0.00000,0.00000,-0.117,-0.009,0
703.7420,-0.00541,-0.02653,-0.00115,0.00000,0.00000,-0.117,-0.009,0
703.7940,-0.00541,-0.02653,-0.00115,0.00000,0.00000,-0.117,-0.009,0
703.8460,-0.00541,-0.02653,-0.00115,0.00000,0.00000,-0.117,-0.009,0
703.8980,-0.00541,-0.02654,-0.00115,0.00000,0.00000,-0.117,-0.009,0
703.9500,-0.00541,-0.02655,-0.00115,0.00000,0.00000,-0.117,-0.009,0
704.0020,-0.00541,-0.02655,-0.00115,0.00000,0.00000,-0.117,-0.009,0
704.0540,-0.00542,-0.02656,-0.00115,0.00000,0.00000,-0.117,-0.009,0
704.1060,-0.00542,-0.02656,-0.00115,0.00000,0.00000,-0.117,-0.009,0
704.1580,-0.00542,-0.02656,-0.00115,0.00000,0.00000,-0.117,-0.009,0
704.2100,-0.00542,-0.02656,-0.00115,0.00000,0.00000,-0.117,-0.009,0
704.2620,-0.00542,-0.02656,-0.00115,0.00000,0.00000,-0.117,-0.009,0
704.3140,-0.00542,-0.02656,-0.00115,0.00000,0.00000,-0.116,-0.009,0
704.3660,-0.00542,-0.02656,-0.00115,0.00000,0.00000,-0.116,-0.009,0
704.4180,-0.00541,-0.02654,-0.00115,0.00000,0.00000,-0.116,-0.009,0
704.4700,-0.00541,-0.02653,-0.00115,0.00000,0.00000,-0.116,-0.009,0
704.5220,-0.00541,-0.02654,-0.00115,0.00000,0.00000,-0.116,-0.009,0
704.5740,-0.00542,-0.02657,-0.00115,0.00000,0.00000,-0.116,-0.009,0
704.6260,-0.00542,-0.02657,-0.00115,0.00000,0.00000,-0.116,-0.009,0
704.6780,-0.00542,-0.02657,-0.00115,0.00000,0.00000,-0.116,-0.009,0
704.7300,-0.00542,-0.02656,-0.00115,0.00000,0.00000,-0.116,-0.009,0
704.7820,-0.00542,-0.02657,-0.00115,0.00000,0.00000,-0.116,-0.009,0
704.8340,-0.00542,-0.02657,-0.00115,0.00000,0.00000,-0.116,-0.009,0
704.8860,-0.00542,-0.02657,-0.00115,0.00000,0.00000,-0.116,-0.009,0
704.9380,-0.00542,-0.02655,-0.00115,0.00000,0.00000,-0.116,-0.009,0
704.9900,-0.00541,-0.02653,-0.00115,0.00000,0.00000,-0.116,-0.009,0
705.0420,-0.00541,-0.02653,-0.00115,0.00000,0.00000,-0.116,-0.009,0
705.0940,-0.00541,-0.02651,-0.00115,0.00000,0.00000,-0.116,-0.009,0
705.1460,-0.00540,-0.02650,-0.00115,0.00000,0.00000,-0.116,-0.009,0
705.1980,-0.00540,-0.02650,-0.00115,0.00000,0.00000,-0.116,-0.009,0
705.2500,-0.00540,-0.02649,-0.00115,0.00000,0.00000,-0.116,-0.009,0
705.3020,-0.00540,-0.02648,-0.00115,0.00000,0.00000,-0.116,-0.009,0
705.3540,-0.00539,-0.02645,-0.00115,0.00000,0.00000,-0.116,-0.009,0
705.4060,-0.00539,-0.02643,-0.00115,0.00000,0.00000,-0.116,-0.009,0
705.4580,-0.00538,-0.02641,-0.00115,0.00000,0.00000,-0.116,-0.009,0
705.5100,-0.00538,-0.02640,-0.00115,0.00000,0.00000,-0.116,-0.009,0
705.5620,-0.00538,-0.02639,-0.00115,0.00000,0.00000,-0.115,-0.009,0
705.6140,-0.00538,-0.02637,-0.00115,0.00000,0.00000,-0.115,-0.009,0
705.6660,-0.00538,-0.02637,-0.00115,0.00000,0.00000,-0.115,-0.009,0
705.7180,-0.00538,-0.02637,-0.00115,0.00000,0.00000,-0.115,-0.009,0
705.7700,-0.00538,-0.02638,-0.00115,0.00000,0.00000,-0.115,-0.009,0
705.8220,-0.00538,-0.02637,-0.00115,0.00000,0.00000,-0.115,-0.009,0
705.8740,-0.00537,-0.02635,-0.00115,0.00000,0.00000,-0.115,-0.009,0
705.9260,-0.00536,-0.02631,-0.00115,0.00000,0.00000,-0.115,-0.009,0
705.9780,-0.00536,-0.02628,-0.00115,0.00000,0.00000,-0.115,-0.009,0
706.0300,-0.00535,-0.02626,-0.00115,0.00000,0.00000,-0.115,-0.009,0
706.0820,-0.00535,-0.02626,-0.00115,0.00000,0.00000,-0.115,-0.009,0
706.1340,-0.00535,-0.02625,-0.00115,0.00000,0.00000,-0.115,-0.009,0
706.1860,-0.00535,-0.02622,-0.00115,0.00000,0.00000,-0.115,-0.009,0
706.2380,-0.00534,-0.02620,-0.00115,0.00000,0.00000,-0.114,-0.009,0
706.2900,-0.00534,-0.02618,-0.00115,0.00000,0.00000,-0.114,-0.009,0
706.3420,-0.00534,-0.02617,-0.00115,0.00000,0.00000,-0.114,-0.009,0
706.3940,-0.00534,-0.02617,-0.00115,0.00000,0.00000,-0.114,-0.009,0
706.4460,-0.00533,-0.02616,-0.00115,0.00000,0.00000,-0.114,-0.009,0
706.4980,-0.00533,-0.02613,-0.00115,0.00000,0.00000,-0.114,-0.009,0
706.5500,-0.00533,-0.02611,-0.00115,0.00000,0.00000,-0.114,-0.009,0
706.6020,-0.00532,-0.02610,-0.00115,0.00000,0.00000,-0.114,-0.009,0
706.6540,-0.00532,-0.02608,-0.00115,0.00000,0.00000,-0.114,-0.009,0
706.7060,-0.00531,-0.02605,-0.00115,0.00000,0.00000,-0.114,-0.009,0
706.7580,-0.00531,-0.02603,-0.00115,0.00000,0.00000,-0.114,-0.009,0
706.8100,-0.00530,-0.02599,-0.00115,0.00000,0.00000,-0.113,-0.009,0
706.8620,-0.00529,-0.02596,-0.00115,0.00000,0.00000,-0.113,-0.009,0
706.9140,-0.00529,-0.02593,-0.00115,0.00000,0.00000,-0.113,-0.009,0
706.9660,-0.00528,-0.02589,-0.00115,0.00000,0.00000,-0.113,-0.009,0
707.0180,-0.00528,-0.02587,-0.00115,0.00000,0.00000,-0.113,-0.009,0
707.0700,-0.00527,-0.02584,-0.00115,0.00000,0.00000,-0.113,-0.009,0
707.1220,-0.00527,-0.02582,-0.00115,0.00000,0.00000,-0.112,-0.009,0
707.1740,-0.00526,-0.02579,-0.00115,0.00000,0.00000,-0.112,-0.009,0
707.2260,-0.00526,-0.02576,-0.00115,0.00000,0.00000,-0.112,-0.009,0
707.2780,-0.00525,-0.02574,-0.00115,0.00000,0.00000,-0.112,-0.009,0
707.3300,-0.00525,-0.02573,-0.00115,0.00000,0.00000,-0.112,-0.009,0
707.3820,-0.00526,-0.02574,-0.00115,0.00000,0.00000,-0.112,-0.009,0
707.4340,-0.00526,-0.02574,-0.00115,0.00000,0.00000,-0.112,-0.009,0
707.4860,-0.00525,-0.02573,-0.00115,0.00000,0.00000,-0.112,-0.009,0
707.5380,-0.00525,-0.02572,-0.00115,0.00000,0.00000,-0.112,-0.009,0
707.5900,-0.00525,-0.02572,-0.00115,0.00000,0.00000,-0.112,-0.009,0
707.6420,-0.00526,-0.02573,-0.00115,0.00000,0.00000,-0.112,-0.009,0
707.6940,-0.00526,-0.02575,-0.00115,0.00000,0.00000,-0.112,-0.009,0
707.7460,-0.00527,-0.02577,-0.00115,0.00000,0.00000,-0.112,-0.009,0
707.7980,-0.00527,-0.02578,-0.00115,0.00000,0.00000,-0.112,-0.009,0
707.8500,-0.00528,-0.02579,-0.00115,0.00000,0.00000,-0.112,-0.009,0
707.9020,-0.00528,-0.02580,-0.00115,0.00000,0.00000,-0.112,-0.009,0
707.9540,-0.00528,-0.02581,-0.00115,0.00000,0.00000,-0.112,-0.009,0
708.0060,-0.00528,-0.02582,-0.00115,0.00000,0.00000,-0.112,-0.009,0
708.0580,-0.00529,-0.02584,-0.00115,0.00000,0.00000,-0.112,-0.009,0
708.1100,-0.00529,-0.02584,-0.00115,0.00000,0.00000,-0.112,-0.009,0
708.1620,-0.00529,-0.02585,-0.00115,0.00000,0.00000,-0.112,-0.009,0
708.2140,-0.00529,-0.02586,-0.00115,0.00000,0.00000,-0.112,-0.009,0
708.2660,-0.00529,-0.02586,-0.00115,0.00000,0.00000,-0.112,-0.009,0
708.3180,-0.00530,-0.02587,-0.00115,0.00000,0.00000,-0.112,-0.009,0
708.3700,-0.00530,-0.02589,-0.00115,0.00000,0.00000,-0.112,-0.009,0
708.4220,-0.00530,-0.02590,-0.00115,0.00000,0.00000,-0.112,-0.009,0
708.4740,-0.00530,-0.02591,-0.00115,0.00000,0.00000,-0.112,-0.009,0
708.5260,-0.00531,-0.02594,-0.00115,0.00000,0.00000,-0.112,-0.009,0
708.5780,-0.00532,-0.02597,-0.00115,0.00000,0.00000,-0.112,-0.009,0
708.6300,-0.00533,-0.02601,-0.00115,0.00000,0.00000,-0.113,-0.009,0
708.6820,-0.00533,-0.02604,-0.00115,0.00000,0.00000,-0.113,-0.009,0
708.7340,-0.00534,-0.02606,-0.00115,0.00000,0.00000,-0.113,-0.009,0
708.7860,-0.00534,-0.02609,-0.00115,0.00000,0.00000,-0.113,-0.009,0
708.8380,-0.00535,-0.02612,-0.00115,0.00000,0.00000,-0.113,-0.009,0
708.8900,-0.00536,-0.02615,-0.00115,0.00000,0.00000,-0.113,-0.009,0
708.9420,-0.00537,-0.02619,-0.00115,0.00000,0.00000,-0.113,-0.009,0
708.9940,-0.00537,-0.02623,-0.00115,0.00000,0.00000,-0.114,-0.009,0
709.0460,-0.00538,-0.02627,-0.00115,0.00000,0.00000,-0.114,-0.009,0
709.0980,-0.00538,-0.02629,-0.00115,0.00000,0.00000,-0.114,-0.009,0
709.1500,-0.00539,-0.02632,-0.00115,0.00000,0.00000,-0.114,-0.009,0
709.2020,-0.00539,-0.02633,-0.00115,0.00000,0.00000,-0.114,-0.009,0
709.2540,-0.00539,-0.02633,-0.00115,0.00000,0.00000,-0.114,-0.009,0
709.3060,-0.00539,-0.02632,-0.00115,0.00000,0.00000,-0.114,-0.009,0
709.3580,-0.00538,-0.02630,-0.00115,0.00000,0.00000,-0.114,-0.009,0
709.4100,-0.00537,-0.02628,-0.00115,0.00000,0.00000,-0.114,-0.009,0
709.4620,-0.00537,-0.02627,-0.00115,0.00000,0.00000,-0.114,-0.009,0
709.5140,-0.00537,-0.02627,-0.00115,0.00000,0.00000,-0.114,-0.009,0
709.5660,-0.00537,-0.02628,-0.00115,0.00000,0.00000,-0.114,-0.009,0
709.6180,-0.00537,-0.02630,-0.00115,0.00000,0.00000,-0.114,-0.009,0
709.6700,-0.00538,-0.02632,-0.00115,0.00000,0.00000,-0.114,-0.009,0
709.7220,-0.00538,-0.02633,-0.00115,0.00000,0.00000,-0.114,-0.009,0
709.7740,-0.00538,-0.02634,-0.00115,0.00000,0.00000,-0.114,-0.009,0
709.8260,-0.00538,-0.02635,-0.00115,0.00000,0.00000,-0.114,-0.009,0
709.8780,-0.00539,-0.02638,-0.00115,0.00000,0.00000,-0.114,-0.009,0
709.9300,-0.00540,-0.02641,-0.00115,0.00000,0.00000,-0.115,-0.009,0
709.9820,-0.00540,-0.02644,-0.00115,0.00000,0.00000,-0.115,-0.009,0
710.0340,-0.00541,-0.02647,-0.00115,0.00000,0.00000,-0.115,-0.009,0
710.0860,-0.00542,-0.02650,-0.00115,0.00000,0.00000,-0.115,-0.009,0
710.1380,-0.00542,-0.02652,-0.00115,0.00000,0.00000,-0.115,-0.009,0
710.1900,-0.00543,-0.02655,-0.00115,0.00000,0.00000,-0.115,-0.009,0
710.2420,-0.00543,-0.02657,-0.00115,0.00000,0.00000,-0.115,-0.009,0
710.2940,-0.00544,-0.02661,-0.00115,0.00000,0.00000,-0.116,-0.009,0
710.3460,-0.00544,-0.02664,-0.00115,0.00000,0.00000,-0.116,-0.009,0
710.3980,-0.00545,-0.02666,-0.00115,0.00000,0.00000,-0.116,-0.009,0
710.4500,-0.00545,-0.02668,-0.00115,0.00000,0.00000,-0.116,-0.009,0
710.5020,-0.00545,-0.02670,-0.00115,0.00000,0.00000,-0.116,-0.009,0
710.5540,-0.00546,-0.02671,-0.00115,0.00000,0.00000,-0.116,-0.009,0
710.6060,-0.00546,-0.02674,-0.00115,0.00000,0.00000,-0.116,-0.009,0
710.6580,-0.00546,-0.02675,-0.00115,0.00000,0.00000,-0.117,-0.009,0
710.7100,-0.00547,-0.02677,-0.00115,0.00000,0.00000,-0.117,-0.009,0
710.7620,-0.00547,-0.02679,-0.00115,0.00000,0.00000,-0.117,-0.009,0
710.8140,-0.00547,-0.02680,-0.00115,0.00000,0.00000,-0.117,-0.009,0
710.8660,-0.00547,-0.02681,-0.00115,0.00000,0.00000,-0.117,-0.009,0
710.9180,-0.00547,-0.02680,-0.00115,0.00000,0.00000,-0.117,-0.009,0
710.9700,-0.00547,-0.02680,-0.00115,0.00000,0.00000,-0.117,-0.009,0
711.0220,-0.00547,-0.02679,-0.00115,0.00000,0.00000,-0.117,-0.009,0
711.0740,-0.00546,-0.02679,-0.00115,0.00000,0.00000,-0.117,-0.009,0
711.1260,-0.00546,-0.02678,-0.00115,0.00000,0.00000,-0.117,-0.009,0
711.1780,-0.00546,-0.02677,-0.00115,0.00000,0.00000,-0.117,-0.009,0
711.2300,-0.00546,-0.02677,-0.00115,0.00000,0.00000,-0.117,-0.009,0
711.2820,-0.00545,-0.02677,-0.00115,0.00000,0.00000,-0.117,-0.009,0
711.3340,-0.00546,-0.02677,-0.00115,0.00000,0.00000,-0.117,-0.009,0
711.3860,-0.00546,-0.02678,-0.00115,0.00000,0.00000,-0.117,-0.009,0
711.4380,-0.00546,-0.02678,-0.00115,0.00000,0.00000,-0.117,-0.009,0
711.4900,-0.00546,-0.02678,-0.00115,0.00000,0.00000,-0.117,-0.009,0
711.5420,-0.00546,-0.02679,-0.00115,0.00000,0.00000,-0.117,-0.009,0
711.5940,-0.00546,-0.02679,-0.00115,0.00000,0.00000,-0.117,-0.009,0
711.6460,-0.00546,-0.02680,-0.00115,0.00000,0.00000,-0.117,-0.009,0
711.6980,-0.00546,-0.02681,-0.00115,0.00000,0.00000,-0.117,-0.009,0
711.7500,-0.00546,-0.02682,-0.00115,0.00000,0.00000,-0.117,-0.009,0
711.8020,-0.00547,-0.02683,-0.00115,0.00000,0.00000,-0.117,-0.009,0
711.8540,-0.00547,-0.02683,-0.00115,0.00000,0.00000,-0.118,-0.009,0
711.9060,-0.00547,-0.02685,-0.00115,0.00000,0.00000,-0.118,-0.009,0
711.9580,-0.00547,-0.02686,-0.00115,0.00000,0.00000,-0.118,-0.009,0
712.0100,-0.00548,-0.02687,-0.00115,0.00000,0.00000,-0.118,-0.009,0
712.0620,-0.00548,-0.02689,-0.00115,0.00000,0.00000,-0.118,-0.009,0
712.1140,-0.00548,-0.02691,-0.00115,0.00000,0.00000,-0.118,-0.009,0
712.1660,-0.00549,-0.02693,-0.00115,0.00000,0.00000,-0.118,-0.009,0
712.2180,-0.00550,-0.02697,-0.00115,0.00000,0.00000,-0.118,-0.009,0
712.2700,-0.00551,-0.02701,-0.00115,0.00000,0.00000,-0.118,-0.009,0
712.3220,-0.00551,-0.02703,-0.00115,0.00000,0.00000,-0.119,-0.009,0
712.3740,-0.00552,-0.02705,-0.00115,0.00000,0.00000,-0.119,-0.009,0
712.4260,-0.00552,-0.02706,-0.00115,0.00000,0.00000,-0.119,-0.009,0
712.4780,-0.00552,-0.02708,-0.00115,0.00000,0.00000,-0.119,-0.009,0
712.5300,-0.00552,-0.02709,-0.00115,0.00000,0.00000,-0.119,-0.009,0
712.5820,-0.00553,-0.02711,-0.00115,0.00000,0.00000,-0.119,-0.009,0
712.6340,-0.00553,-0.02714,-0.00115,0.00000,0.00000,-0.119,-0.009,0
712.6860,-0.00554,-0.02716,-0.00115,0.00000,0.00000,-0.119,-0.009,0
712.7380,-0.00554,-0.02719,-0.00115,0.00000,0.00000,-0.119,-0.009,0
712.7900,-0.00555,-0.02723,-0.00115,0.00000,0.00000,-0.120,-0.009,0
712.8420,-0.00556,-0.02727,-0.00115,0.00000,0.00000,-0.120,-0.009,0
712.8940,-0.00557,-0.02732,-0.00115,0.00000,0.00000,-0.120,-0.009,0
712.9460,-0.00558,-0.02737,-0.00115,0.00000,0.00000,-0.120,-0.009,0
712.9980,-0.00559,-0.02740,-0.00115,0.00000,0.00000,-0.120,-0.009,0
713.0500,-0.00559,-0.02742,-0.00115,0.00000,0.00000,-0.121,-0.009,0
713.1020,-0.00560,-0.02745,-0.00115,0.00000,0.00000,-0.121,-0.009,0
713.1540,-0.00560,-0.02747,-0.00115,0.00000,0.00000,-0.121,-0.009,0
713.2060,-0.00561,-0.02750,-0.00115,0.00000,0.00000,-0.121,-0.009,0
713.2580,-0.00561,-0.02752,-0.00115,0.00000,0.00000,-0.121,-0.009,0
713.3100,-0.00561,-0.02753,-0.00115,0.00000,0.00000,-0.121,-0.009,0
713.3620,-0.00561,-0.02753,-0.00115,0.00000,0.00000,-0.121,-0.009,0
713.4140,-0.00561,-0.02754,-0.00115,0.00000,0.00000,-0.121,-0.009,0
713.4660,-0.00561,-0.02755,-0.00115,0.00000,0.00000,-0.122,-0.009,0
713.5180,-0.00561,-0.02757,-0.00115,0.00000,0.00000,-0.122,-0.009,0
713.5700,-0.00562,-0.02759,-0.00115,0.00000,0.00000,-0.122,-0.009,0
713.6220,-0.00562,-0.02761,-0.00115,0.00000,0.00000,-0.122,-0.009,0
713.6740,-0.00562,-0.02763,-0.00115,0.00000,0.00000,-0.122,-0.009,0
713.7260,-0.00563,-0.02765,-0.00115,0.00000,0.00000,-0.122,-0.009,0
713.7780,-0.00563,-0.02765,-0.00115,0.00000,0.00000,-0.122,-0.009,0
713.8300,-0.00563,-0.02765,-0.00115,0.00000,0.00000,-0.122,-0.009,0
713.8820,-0.00563,-0.02767,-0.00115,0.00000,0.00000,-0.122,-0.009,0
713.9340,-0.00563,-0.02769,-0.00115,0.00000,0.00000,-0.122,-0.009,0
713.9860,-0.00563,-0.02769,-0.00115,0.00000,0.00000,-0.122,-0.009,0
714.0380,-0.00563,-0.02769,-0.00115,0.00000,0.00000,-0.123,-0.009,0
714.0900,-0.00563,-0.02770,-0.00115,0.00000,0.00000,-0.123,-0.009,0
714.1420,-0.00563,-0.02771,-0.00115,0.00000,0.00000,-0.123,-0.009,0
714.1940,-0.00563,-0.02771,-0.00115,0.00000,0.00000,-0.123,-0.009,0
714.2460,-0.00563,-0.02770,-0.00115,0.00000,0.00000,-0.123,-0.009,0
714.2980,-0.00563,-0.02769,-0.00115,0.00000,0.00000,-0.123,-0.009,0
714.3500,-0.00562,-0.02768,-0.00115,0.00000,0.00000,-0.123,-0.009,0
714.4020,-0.00562,-0.02766,-0.00115,0.00000,0.00000,-0.123,-0.009,0
714.4540,-0.00561,-0.02764,-0.00115,0.00000,0.00000,-0.123,-0.009,0
714.5060,-0.00561,-0.02761,-0.00115,0.00000,0.00000,-0.122,-0.009,0
714.5580,-0.00560,-0.02758,-0.00115,0.00000,0.00000,-0.122,-0.009,0
714.6100,-0.00559,-0.02755,-0.00115,0.00000,0.00000,-0.122,-0.009,0
714.6620,-0.00559,-0.02753,-0.00115,0.00000,0.00000,-0.122,-0.009,0
714.7140,-0.00558,-0.02752,-0.00115,0.00000,0.00000,-0.122,-0.009,0
714.7660,-0.00558,-0.02751,-0.00115,0.00000,0.00000,-0.122,-0.009,0
714.8180,-0.00558,-0.02750,-0.00115,0.00000,0.00000,-0.122,-0.009,0
714.8700,-0.00558,-0.02750,-0.00115,0.00000,0.00000,-0.122,-0.009,0
714.9220,-0.00558,-0.02751,-0.00115,0.00000,0.00000,-0.122,-0.009,0
714.9740,-0.00558,-0.02750,-0.00115,0.00000,0.00000,-0.122,-0.009,0
715.0260,-0.00558,-0.02750,-0.00115,0.00000,0.00000,-0.122,-0.009,0
715.0780,-0.00558,-0.02750,-0.00115,0.00000,0.00000,-0.122,-0.009,0
715.1300,-0.00558,-0.02750,-0.00115,0.00000,0.00000,-0.122,-0.009,0
715.1820,-0.00559,-0.02751,-0.00115,0.00000,0.00000,-0.122,-0.009,0
715.2340,-0.00559,-0.02753,-0.00115,0.00000,0.00000,-0.122,-0.009,0
715.2860,-0.00559,-0.02754,-0.00115,0.00000,0.00000,-0.122,-0.009,0
715.3380,-0.00559,-0.02754,-0.00115,0.00000,0.00000,-0.122,-0.009,0
715.3900,-0.00559,-0.02754,-0.00115,0.00000,0.00000,-0.122,-0.009,0
715.4420,-0.00559,-0.02752,-0.00115,0.00000,0.00000,-0.122,-0.009,0
715.4940,-0.00559,-0.02751,-0.00115,0.00000,0.00000,-0.122,-0.009,0
715.5460,-0.00559,-0.02750,-0.00115,0.00000,0.00000,-0.122,-0.009,0
715.5980,-0.00559,-0.02751,-0.00115,0.00000,0.00000,-0.122,-0.009,0
715.6500,-0.00559,-0.02750,-0.00115,0.00000,0.00000,-0.122,-0.009,0
715.7020,-0.00559,-0.02751,-0.00115,0.00000,0.00000,-0.122,-0.009,0
715.7540,-0.00559,-0.02751,-0.00115,0.00000,0.00000,-0.122,-0.009,0
715.8060,-0.00559,-0.02751,-0.00115,0.00000,0.00000,-0.122,-0.009,0
715.8580,-0.00559,-0.02750,-0.00115,0.00000,0.00000,-0.122,-0.009,0
715.9100,-0.00558,-0.02749,-0.00115,0.00000,0.00000,-0.122,-0.009,0
715.9620,-0.00558,-0.02749,-0.00115,0.00000,0.00000,-0.122,-0.009,0
716.0140,-0.00558,-0.02748,-0.00115,0.00000,0.00000,-0.122,-0.009,0
716.0660,-0.00558,-0.02748,-0.00115,0.00000,0.00000,-0.122,-0.009,0
716.1180,-0.00558,-0.02749,-0.00115,0.00000,0.00000,-0.122,-0.009,0
716.1700,-0.00559,-0.02750,-0.00115,0.00000,0.00000,-0.122,-0.009,0
716.2220,-0.00559,-0.02751,-0.00115,0.00000,0.00000,-0.122,-0.009,0
716.2740,-0.00560,-0.02753,-0.00115,0.00000,0.00000,-0.122,-0.009,0
716.3260,-0.00560,-0.02755,-0.00115,0.00000,0.00000,-0.122,-0.009,0
716.3780,-0.00560,-0.02755,-0.00115,0.00000,0.00000,-0.122,-0.009,0
716.4300,-0.00560,-0.02754,-0.00115,0.00000,0.00000,-0.122,-0.009,0
716.4820,-0.00560,-0.02753,-0.00115,0.00000,0.00000,-0.122,-0.009,0
716.5340,-0.00559,-0.02753,-0.00115,0.00000,0.00000,-0.122,-0.009,0
716.5860,-0.00559,-0.02752,-0.00115,0.00000,0.00000,-0.122,-0.009,0
716.6380,-0.00559,-0.02752,-0.00115,0.00000,0.00000,-0.122,-0.009,0
716.6900,-0.00559,-0.02753,-0.00115,0.00000,0.00000,-0.122,-0.009,0
716.7420,-0.00560,-0.02754,-0.00115,0.00000,0.00000,-0.122,-0.009,0
716.7940,-0.00560,-0.02753,-0.00115,0.00000,0.00000,-0.122,-0.009,0
716.8460,-0.00559,-0.02752,-0.00115,0.00000,0.00000,-0.122,-0.009,0
716.8980,-0.00559,-0.02752,-0.00115,0.00000,0.00000,-0.122,-0.009,0
716.9500,-0.00560,-0.02754,-0.00115,0.00000,0.00000,-0.122,-0.009,0
717.0020,-0.00560,-0.02757,-0.00115,0.00000,0.00000,-0.122,-0.009,0
717.0540,-0.00561,-0.02761,-0.00115,0.00000,0.00000,-0.122,-0.009,0
717.1060,-0.00562,-0.02766,-0.00115,0.00000,0.00000,-0.123,-0.009,0
717.1580,-0.00564,-0.02770,-0.00115,0.00000,0.00000,-0.123,-0.009,0
717.2100,-0.00564,-0.02775,-0.00115,0.00000,0.00000,-0.123,-0.009,0
717.2620,-0.00565,-0.02777,-0.00115,0.00000,0.00000,-0.123,-0.009,0
717.3140,-0.00566,-0.02780,-0.00115,0.00000,0.00000,-0.123,-0.009,0
717.3660,-0.00566,-0.02783,-0.00115,0.00000,0.00000,-0.124,-0.009,0
717.4180,-0.00567,-0.02786,-0.00115,0.00000,0.00000,-0.124,-0.009,0
717.4700,-0.00567,-0.02788,-0.00115,0.00000,0.00000,-0.124,-0.009,0
717.5220,-0.00568,-0.02790,-0.00115,0.00000,0.00000,-0.124,-0.009,0
717.5740,-0.00568,-0.02791,-0.00115,0.00000,0.00000,-0.124,-0.009,0
717.6260,-0.00568,-0.02793,-0.00115,0.00000,0.00000,-0.124,-0.009,0
717.6780,-0.00568,-0.02793,-0.00115,0.00000,0.00000,-0.124,-0.009,0
717.7300,-0.00568,-0.02794,-0.00115,0.00000,0.00000,-0.124,-0.009,0
717.7820,-0.00569,-0.02797,-0.00115,0.00000,0.00000,-0.124,-0.009,0
717.8340,-0.00570,-0.02801,-0.00115,0.00000,0.00000,-0.124,-0.009,0
717.8860,-0.00570,-0.02804,-0.00115,0.00000,0.00000,-0.125,-0.009,0
717.9380,-0.00571,-0.02807,-0.00115,0.00000,0.00000,-0.125,-0.009,0
717.9900,-0.00571,-0.02810,-0.00115,0.00000,0.00000,-0.125,-0.009,0
718.0420,-0.00571,-0.02811,-0.00115,0.00000,0.00000,-0.125,-0.009,0
718.0940,-0.00572,-0.02813,-0.00115,0.00000,0.00000,-0.125,-0.009,0
718.1460,-0.00572,-0.02813,-0.00115,0.00000,0.00000,-0.125,-0.009,0
718.1980,-0.00571,-0.02812,-0.00115,0.00000,0.00000,-0.125,-0.009,0
718.2500,-0.00571,-0.02810,-0.00115,0.00000,0.00000,-0.125,-0.009,0
718.3020,-0.00570,-0.02807,-0.00115,0.00000,0.00000,-0.125,-0.009,0
718.3540,-0.00569,-0.02803,-0.00115,0.00000,0.00000,-0.125,-0.009,0
718.4060,-0.00568,-0.02799,-0.00115,0.00000,0.00000,-0.125,-0.009,0
718.4580,-0.00567,-0.02796,-0.00115,0.00000,0.00000,-0.125,-0.009,0
718.5100,-0.00566,-0.02792,-0.00115,0.00000,0.00000,-0.124,-0.009,0
718.5620,-0.00565,-0.02789,-0.00115,0.00000,0.00000,-0.124,-0.009,0
718.6140,-0.00565,-0.02787,-0.00115,0.00000,0.00000,-0.124,-0.009,0
718.6660,-0.00564,-0.02786,-0.00115,0.00000,0.00000,-0.124,-0.009,0
718.7180,-0.00564,-0.02784,-0.00115,0.00000,0.00000,-0.124,-0.009,0
718.7700,-0.00564,-0.02782,-0.00115,0.00000,0.00000,-0.124,-0.009,0
718.8220,-0.00563,-0.02781,-0.00115,0.00000,0.00000,-0.124,-0.009,0
718.8740,-0.00563,-0.02780,-0.00115,0.00000,0.00000,-0.124,-0.009,0
718.9260,-0.00563,-0.02778,-0.00115,0.00000,0.00000,-0.124,-0.009,0
718.9780,-0.00563,-0.02777,-0.00115,0.00000,0.00000,-0.124,-0.009,0
719.0300,-0.00563,-0.02778,-0.00115,0.00000,0.00000,-0.124,-0.009,0
719.0820,-0.00563,-0.02778,-0.00115,0.00000,0.00000,-0.124,-0.009,0
719.1340,-0.00563,-0.02777,-0.00115,0.00000,0.00000,-0.124,-0.009,0
719.1860,-0.00563,-0.02776,-0.00115,0.00000,0.00000,-0.124,-0.009,0
719.2380,-0.00562,-0.02774,-0.00115,0.00000,0.00000,-0.124,-0.009,0
719.2900,-0.00562,-0.02772,-0.00115,0.00000,0.00000,-0.124,-0.009,0
719.3420,-0.00562,-0.02770,-0.00115,0.00000,0.00000,-0.124,-0.009,0
719.3940,-0.00561,-0.02768,-0.00115,0.00000,0.00000,-0.123,-0.009,0
719.4460,-0.00561,-0.02769,-0.00115,0.00000,0.00000,-0.123,-0.009,0
719.4980,-0.00562,-0.02770,-0.00115,0.00000,0.00000,-0.123,-0.009,0
719.5500,-0.00562,-0.02770,-0.00115,0.00000,0.00000,-0.123,-0.009,0
719.6020,-0.00562,-0.02771,-0.00115,0.00000,0.00000,-0.123,-0.009,0
719.6540,-0.00562,-0.02770,-0.00115,0.00000,0.00000,-0.123,-0.009,0
719.7060,-0.00562,-0.02769,-0.00115,0.00000,0.00000,-0.123,-0.009,0
719.7580,-0.00562,-0.02767,-0.00115,0.00000,0.00000,-0.123,-0.009,0
719.8100,-0.00562,-0.02767,-0.00115,0.00000,0.00000,-0.123,-0.009,0
719.8620,-0.00561,-0.02767,-0.00115,0.00000,0.00000,-0.123,-0.009,0
719.9140,-0.00561,-0.02766,-0.00115,0.00000,0.00000,-0.123,-0.009,0
719.9660,-0.00561,-0.02764,-0.00115,0.00000,0.00000,-0.123,-0.009,0
720.0180,-0.00561,-0.02763,-0.00115,0.00000,0.00000,-0.123,-0.009,0
720.0700,-0.00561,-0.02762,-0.00115,0.00000,0.00000,-0.123,-0.009,0
720.1220,-0.00560,-0.02760,-0.00115,0.00000,0.00000,-0.123,-0.009,0
720.1740,-0.00560,-0.02758,-0.00115,0.00000,0.00000,-0.123,-0.009,0
720.2260,-0.00559,-0.02757,-0.00115,0.00000,0.00000,-0.123,-0.009,0
720.2780,-0.00559,-0.02756,-0.00115,0.00000,0.00000,-0.123,-0.009,0
720.3300,-0.00560,-0.02757,-0.00115,0.00000,0.00000,-0.123,-0.009,0
720.3820,-0.00560,-0.02758,-0.00115,0.00000,0.00000,-0.123,-0.009,0
720.4340,-0.00560,-0.02758,-0.00115,0.00000,0.00000,-0.123,-0.009,0
720.4860,-0.00560,-0.02758,-0.00115,0.00000,0.00000,-0.123,-0.009,0
720.5380,-0.00560,-0.02757,-0.00115,0.00000,0.00000,-0.123,-0.009,0
720.5900,-0.00560,-0.02757,-0.00115,0.00000,0.00000,-0.123,-0.009,0
720.6420,-0.00560,-0.02756,-0.00115,0.00000,0.00000,-0.123,-0.009,0
720.6940,-0.00560,-0.02756,-0.00115,0.00000,0.00000,-0.123,-0.009,0
720.7460,-0.00559,-0.02755,-0.00115,0.00000,0.00000,-0.123,-0.009,0
720.7980,-0.00559,-0.02754,-0.00115,0.00000,0.00000,-0.123,-0.009,0
720.8500,-0.00559,-0.02754,-0.00115,0.00000,0.00000,-0.123,-0.009,0
720.9020,-0.00559,-0.02755,-0.00115,0.00000,0.00000,-0.123,-0.009,0
720.9540,-0.00559,-0.02754,-0.00115,0.00000,0.00000,-0.123,-0.009,0
721.0060,-0.00559,-0.02753,-0.00115,0.00000,0.00000,-0.122,-0.009,0
721.0580,-0.00559,-0.02752,-0.00115,0.00000,0.00000,-0.122,-0.009,0
721.1100,-0.00559,-0.02752,-0.00115,0.00000,0.00000,-0.122,-0.009,0
721.1620,-0.00558,-0.02749,-0.00115,0.00000,0.00000,-0.122,-0.009,0
721.2140,-0.00558,-0.02747,-0.00115,0.00000,0.00000,-0.122,-0.009,0
721.2660,-0.00557,-0.02745,-0.00115,0.00000,0.00000,-0.122,-0.009,0
721.3180,-0.00557,-0.02743,-0.00115,0.00000,0.00000,-0.122,-0.009,0
721.3700,-0.00556,-0.02740,-0.00115,0.00000,0.00000,-0.122,-0.009,0
721.4220,-0.00556,-0.02737,-0.00115,0.00000,0.00000,-0.122,-0.009,0
721.4740,-0.00555,-0.02735,-0.00115,0.00000,0.00000,-0.122,-0.009,0
721.5260,-0.00555,-0.02736,-0.00115,0.00000,0.00000,-0.122,-0.009,0
721.5780,-0.00556,-0.02737,-0.00115,0.00000,0.00000,-0.122,-0.009,0
721.6300,-0.00556,-0.02739,-0.00115,0.00000,0.00000,-0.122,-0.009,0
721.6820,-0.00557,-0.02741,-0.00115,0.00000,0.00000,-0.122,-0.009,0
721.7340,-0.00557,-0.02743,-0.00115,0.00000,0.00000,-0.122,-0.009,0
721.7860,-0.00558,-0.02745,-0.00115,0.00000,0.00000,-0.122,-0.009,0
721.8380,-0.00558,-0.02746,-0.00115,0.00000,0.00000,-0.122,-0.009,0
721.8900,-0.00558,-0.02746,-0.00115,0.00000,0.00000,-0.122,-0.009,0
721.9420,-0.00558,-0.02745,-0.00115,0.00000,0.00000,-0.122,-0.009,0
721.9940,-0.00558,-0.02744,-0.00115,0.00000,0.00000,-0.122,-0.009,0
722.0460,-0.00558,-0.02743,-0.00115,0.00000,0.00000,-0.122,-0.009,0
722.0980,-0.00557,-0.02741,-0.00115,0.00000,0.00000,-0.122,-0.009,0
722.1500,-0.00557,-0.02739,-0.00115,0.00000,0.00000,-0.122,-0.009,0
722.2020,-0.00556,-0.02736,-0.00115,0.00000,0.00000,-0.121,-0.009,0
722.2540,-0.00555,-0.02733,-0.00115,0.00000,0.00000,-0.121,-0.009,0
722.3060,-0.00555,-0.02732,-0.00115,0.00000,0.00000,-0.121,-0.009,0
722.3580,-0.00555,-0.02732,-0.00115,0.00000,0.00000,-0.121,-0.009,0
722.4100,-0.00555,-0.02732,-0.00115,0.00000,0.00000,-0.121,-0.009,0
722.4620,-0.00555,-0.02731,-0.00115,0.00000,0.00000,-0.121,-0.009,0
722.5140,-0.00555,-0.02729,-0.00115,0.00000,0.00000,-0.121,-0.009,0
722.5660,-0.00554,-0.02727,-0.00115,0.00000,0.00000,-0.121,-0.009,0
722.6180,-0.00554,-0.02725,-0.00115,0.00000,0.00000,-0.121,-0.009,0
722.6700,-0.00554,-0.02725,-0.00115,0.00000,0.00000,-0.121,-0.009,0
722.7220,-0.00554,-0.02724,-0.00115,0.00000,0.00000,-0.121,-0.009,0
722.7740,-0.00553,-0.02723,-0.00115,0.00000,0.00000,-0.121,-0.009,0
722.8260,-0.00553,-0.02722,-0.00115,0.00000,0.00000,-0.121,-0.009,0
722.8780,-0.00553,-0.02720,-0.00115,0.00000,0.00000,-0.121,-0.009,0
722.9300,-0.00552,-0.02718,-0.00115,0.00000,0.00000,-0.121,-0.009,0
722.9820,-0.00552,-0.02716,-0.00115,0.00000,0.00000,-0.120,-0.009,0
723.0340,-0.00552,-0.02715,-0.00115,0.00000,0.00000,-0.120,-0.009,0
723.0860,-0.00552,-0.02715,-0.00115,0.00000,0.00000,-0.120,-0.009,0
723.1380,-0.00552,-0.02714,-0.00115,0.00000,0.00000,-0.120,-0.009,0
723.1900,-0.00551,-0.02713,-0.00115,0.00000,0.00000,-0.120,-0.009,0
723.2420,-0.00551,-0.02711,-0.00115,0.00000,0.00000,-0.120,-0.009,0
723.2940,-0.00551,-0.02709,-0.00115,0.00000,0.00000,-0.120,-0.009,0
723.3460,-0.00550,-0.02707,-0.00115,0.00000,0.00000,-0.120,-0.009,0
723.3980,-0.00550,-0.02704,-0.00115,0.00000,0.00000,-0.120,-0.009,0
723.4500,-0.00549,-0.02702,-0.00115,0.00000,0.00000,-0.120,-0.009,0
723.5020,-0.00549,-0.02701,-0.00115,0.00000,0.00000,-0.120,-0.009,0
723.5540,-0.00548,-0.02698,-0.00115,0.00000,0.00000,-0.119,-0.009,0
723.6060,-0.00548,-0.02696,-0.00115,0.00000,0.00000,-0.119,-0.009,0
723.6580,-0.00548,-0.02694,-0.00115,0.00000,0.00000,-0.119,-0.009,0
723.7100,-0.00547,-0.02692,-0.00115,0.00000,0.00000,-0.119,-0.009,0
723.7620,-0.00547,-0.02691,-0.00115,0.00000,0.00000,-0.119,-0.009,0
723.8140,-0.00547,-0.02689,-0.00115,0.00000,0.00000,-0.119,-0.009,0
723.8660,-0.00547,-0.02688,-0.00115,0.00000,0.00000,-0.119,-0.009,0
723.9180,-0.00546,-0.02687,-0.00115,0.00000,0.00000,-0.119,-0.009,0
723.9700,-0.00546,-0.02685,-0.00115,0.00000,0.00000,-0.119,-0.009,0
724.0220,-0.00546,-0.02683,-0.00115,0.00000,0.00000,-0.119,-0.009,0
724.0740,-0.00545,-0.02679,-0.00115,0.00000,0.00000,-0.118,-0.009,0
724.1260,-0.00544,-0.02677,-0.00115,0.00000,0.00000,-0.118,-0.009,0
724.1780,-0.00544,-0.02676,-0.00115,0.00000,0.00000,-0.118,-0.009,0
724.2300,-0.00544,-0.02675,-0.00115,0.00000,0.00000,-0.118,-0.009,0
724.2820,-0.00544,-0.02676,-0.00115,0.00000,0.00000,-0.118,-0.009,0
724.3340,-0.00545,-0.02678,-0.00115,0.00000,0.00000,-0.118,-0.009,0
724.3860,-0.00546,-0.02681,-0.00115,0.00000,0.00000,-0.118,-0.009,0
724.4380,-0.00546,-0.02682,-0.00115,0.00000,0.00000,-0.118,-0.009,0
724.4900,-0.00547,-0.02684,-0.00115,0.00000,0.00000,-0.118,-0.009,0
724.5420,-0.00547,-0.02684,-0.00115,0.00000,0.00000,-0.118,-0.009,0
724.5940,-0.00547,-0.02684,-0.00115,0.00000,0.00000,-0.118,-0.009,0
724.6460,-0.00547,-0.02683,-0.00115,0.00000,0.00000,-0.118,-0.009,0
724.6980,-0.00546,-0.02681,-0.00115,0.00000,0.00000,-0.118,-0.009,0
724.7500,-0.00546,-0.02679,-0.00115,0.00000,0.00000,-0.118,-0.009,0
724.8020,-0.00545,-0.02677,-0.00115,0.00000,0.00000,-0.118,-0.009,0
724.8540,-0.00545,-0.02676,-0.00115,0.00000,0.00000,-0.118,-0.009,0
724.9060,-0.00545,-0.02676,-0.00115,0.00000,0.00000,-0.118,-0.009,0
724.9580,-0.00546,-0.02678,-0.00115,0.00000,0.00000,-0.118,-0.009,0
725.0100,-0.00546,-0.02680,-0.00115,0.00000,0.00000,-0.118,-0.009,0
725.0620,-0.00547,-0.02684,-0.00115,0.00000,0.00000,-0.118,-0.009,0
725.1140,-0.00548,-0.02687,-0.00115,0.00000,0.00000,-0.118,-0.009,0
725.1660,-0.00549,-0.02692,-0.00115,0.00000,0.00000,-0.118,-0.009,0
725.2180,-0.00550,-0.02695,-0.00115,0.00000,0.00000,-0.119,-0.009,0
725.2700,-0.00550,-0.02697,-0.00115,0.00000,0.00000,-0.119,-0.009,0
725.3220,-0.00550,-0.02699,-0.00115,0.00000,0.00000,-0.119,-0.009,0
725.3740,-0.00551,-0.02700,-0.00115,0.00000,0.00000,-0.119,-0.009,0
725.4260,-0.00551,-0.02701,-0.00115,0.00000,0.00000,-0.119,-0.009,0
725.4780,-0.00551,-0.02702,-0.00115,0.00000,0.00000,-0.119,-0.009,0
725.5300,-0.00551,-0.02703,-0.00115,0.00000,0.00000,-0.119,-0.009,0
725.5820,-0.00552,-0.02705,-0.00115,0.00000,0.00000,-0.119,-0.009,0
725.6340,-0.00552,-0.02707,-0.00115,0.00000,0.00000,-0.119,-0.009,0
725.6860,-0.00552,-0.02709,-0.00115,0.00000,0.00000,-0.119,-0.009,0
725.7380,-0.00553,-0.02710,-0.00115,0.00000,0.00000,-0.119,-0.009,0
725.7900,-0.00553,-0.02713,-0.00115,0.00000,0.00000,-0.119,-0.009,0
725.8420,-0.00553,-0.02714,-0.00115,0.00000,0.00000,-0.119,-0.009,0
725.8940,-0.00554,-0.02716,-0.00115,0.00000,0.00000,-0.119,-0.009,0
725.9460,-0.00554,-0.02718,-0.00115,0.00000,0.00000,-0.120,-0.009,0
725.9980,-0.00555,-0.02720,-0.00115,0.00000,0.00000,-0.120,-0.009,0
726.0500,-0.00555,-0.02721,-0.00115,0.00000,0.00000,-0.120,-0.009,0
726.1020,-0.00554,-0.02720,-0.00115,0.00000,0.00000,-0.120,-0.009,0
726.1540,-0.00554,-0.02720,-0.00115,0.00000,0.00000,-0.120,-0.009,0
726.2060,-0.00554,-0.02720,-0.00115,0.00000,0.00000,-0.120,-0.009,0
726.2580,-0.00554,-0.02719,-0.00115,0.00000,0.00000,-0.120,-0.009,0
726.3100,-0.00553,-0.02718,-0.00115,0.00000,0.00000,-0.120,-0.009,0
726.3620,-0.00553,-0.02717,-0.00115,0.00000,0.00000,-0.120,-0.009,0
726.4140,-0.00553,-0.02716,-0.00115,0.00000,0.00000,-0.120,-0.009,0
726.4660,-0.00553,-0.02715,-0.00115,0.00000,0.00000,-0.120,-0.009,0
726.5180,-0.00552,-0.02715,-0.00115,0.00000,0.00000,-0.120,-0.009,0
726.5700,-0.00552,-0.02715,-0.00115,0.00000,0.00000,-0.120,-0.009,0
726.6220,-0.00552,-0.02715,-0.00115,0.00000,0.00000,-0.120,-0.009,0
726.6740,-0.00553,-0.02716,-0.00115,0.00000,0.00000,-0.120,-0.009,0
726.7260,-0.00553,-0.02717,-0.00115,0.00000,0.00000,-0.120,-0.009,0
726.7780,-0.00553,-0.02718,-0.00115,0.00000,0.00000,-0.120,-0.009,0
726.8300,-0.00553,-0.02718,-0.00115,0.00000,0.00000,-0.120,-0.009,0
726.8820,-0.00553,-0.02718,-0.00115,0.00000,0.00000,-0.120,-0.009,0
726.9340,-0.00553,-0.02719,-0.00115,0.00000,0.00000,-0.120,-0.009,0
726.9860,-0.00553,-0.02719,-0.00115,0.00000,0.00000,-0.120,-0.009,0
727.0380,-0.00554,-0.02720,-0.00115,0.00000,0.00000,-0.120,-0.009,0
727.0900,-0.00554,-0.02720,-0.00115,0.00000,0.00000,-0.120,-0.009,0
727.1420,-0.00554,-0.02721,-0.00115,0.00000,0.00000,-0.120,-0.009,0
727.1940,-0.00554,-0.02722,-0.00115,0.00000,0.00000,-0.120,-0.009,0
727.2460,-0.00554,-0.02723,-0.00115,0.00000,0.00000,-0.120,-0.009,0
727.2980,-0.00554,-0.02724,-0.00115,0.00000,0.00000,-0.120,-0.009,0
727.3500,-0.00555,-0.02726,-0.00115,0.00000,0.00000,-0.120,-0.009,0
727.4020,-0.00555,-0.02728,-0.00115,0.00000,0.00000,-0.120,-0.009,0
727.4540,-0.00556,-0.02730,-0.00115,0.00000,0.00000,-0.120,-0.009,0
727.5060,-0.00556,-0.02732,-0.00115,0.00000,0.00000,-0.121,-0.009,0
727.5580,-0.00557,-0.02736,-0.00115,0.00000,0.00000,-0.121,-0.009,0
727.6100,-0.00558,-0.02738,-0.00115,0.00000,0.00000,-0.121,-0.009,0
727.6620,-0.00558,-0.02741,-0.00115,0.00000,0.00000,-0.121,-0.009,0
727.7140,-0.00559,-0.02744,-0.00115,0.00000,0.00000,-0.121,-0.009,0
727.7660,-0.00560,-0.02748,-0.00115,0.00000,0.00000,-0.121,-0.009,0
727.8180,-0.00560,-0.02752,-0.00115,0.00000,0.00000,-0.121,-0.009,0
727.8700,-0.00561,-0.02754,-0.00115,0.00000,0.00000,-0.122,-0.009,0
727.9220,-0.00561,-0.02756,-0.00115,0.00000,0.00000,-0.122,-0.009,0
727.9740,-0.00561,-0.02756,-0.00115,0.00000,0.00000,-0.122,-0.009,0
728.0260,-0.00561,-0.02756,-0.00115,0.00000,0.00000,-0.122,-0.009,0
728.0780,-0.00561,-0.02756,-0.00115,0.00000,0.00000,-0.122,-0.009,0
728.1300,-0.00561,-0.02757,-0.00115,0.00000,0.00000,-0.122,-0.009,0
728.1820,-0.00561,-0.02756,-0.00115,0.00000,0.00000,-0.122,-0.009,0
728.2340,-0.00560,-0.02755,-0.00115,0.00000,0.00000,-0.122,-0.009,0
728.2860,-0.00560,-0.02752,-0.00115,0.00000,0.00000,-0.122,-0.009,0
728.3380,-0.00559,-0.02750,-0.00115,0.00000,0.00000,-0.122,-0.009,0
728.3900,-0.00559,-0.02749,-0.00115,0.00000,0.00000,-0.122,-0.009,0
728.4420,-0.00558,-0.02746,-0.00115,0.00000,0.00000,-0.122,-0.009,0
728.4940,-0.00557,-0.02744,-0.00115,0.00000,0.00000,-0.121,-0.009,0
728.5460,-0.00557,-0.02742,-0.00115,0.00000,0.00000,-0.121,-0.009,0
728.5980,-0.00557,-0.02740,-0.00115,0.00000,0.00000,-0.121,-0.009,0
728.6500,-0.00556,-0.02738,-0.00115,0.00000,0.00000,-0.121,-0.009,0
728.7020,-0.00556,-0.02736,-0.00115,0.00000,0.00000,-0.121,-0.009,0
728.7540,-0.00555,-0.02733,-0.00115,0.00000,0.00000,-0.121,-0.009,0
728.8060,-0.00554,-0.02730,-0.00115,0.00000,0.00000,-0.121,-0.009,0
728.8580,-0.00553,-0.02727,-0.00115,0.00000,0.00000,-0.121,-0.009,0
728.9100,-0.00553,-0.02725,-0.00115,0.00000,0.00000,-0.121,-0.009,0
728.9620,-0.00553,-0.02723,-0.00115,0.00000,0.00000,-0.121,-0.009,0
729.0140,-0.00552,-0.02721,-0.00115,0.00000,0.00000,-0.120,-0.009,0
729.0660,-0.00552,-0.02718,-0.00115,0.00000,0.00000,-0.120,-0.009,0
729.1180,-0.00551,-0.02717,-0.00115,0.00000,0.00000,-0.120,-0.009,0
729.1700,-0.00551,-0.02716,-0.00115,0.00000,0.00000,-0.120,-0.009,0
729.2220,-0.00552,-0.02716,-0.00115,0.00000,0.00000,-0.120,-0.009,0
729.2740,-0.00552,-0.02718,-0.00115,0.00000,0.00000,-0.120,-0.009,0
729.3260,-0.00553,-0.02720,-0.00115,0.00000,0.00000,-0.120,-0.009,0
729.3780,-0.00553,-0.02721,-0.00115,0.00000,0.00000,-0.120,-0.009,0
729.4300,-0.00553,-0.02723,-0.00115,0.00000,0.00000,-0.121,-0.009,0
729.4820,-0.00554,-0.02724,-0.00115,0.00000,0.00000,-0.121,-0.009,0
729.5340,-0.00555,-0.02727,-0.00115,0.00000,0.00000,-0.121,-0.009,0
729.5860,-0.00556,-0.02732,-0.00115,0.00000,0.00000,-0.121,-0.009,0
729.6380,-0.00556,-0.02735,-0.00115,0.00000,0.00000,-0.121,-0.009,0
729.6900,-0.00557,-0.02738,-0.00115,0.00000,0.00000,-0.121,-0.009,0
729.7420,-0.00558,-0.02741,-0.00115,0.00000,0.00000,-0.121,-0.009,0
729.7940,-0.00558,-0.02743,-0.00115,0.00000,0.00000,-0.121,-0.009,0
729.8460,-0.00559,-0.02745,-0.00115,0.00000,0.00000,-0.121,-0.009,0
729.8980,-0.00559,-0.02746,-0.00115,0.00000,0.00000,-0.121,-0.009,0
729.9500,-0.00559,-0.02747,-0.00115,0.00000,0.00000,-0.122,-0.009,0
730.0020,-0.00560,-0.02750,-0.00115,0.00000,0.00000,-0.122,-0.009,0
730.0540,-0.00561,-0.02753,-0.00115,0.00000,0.00000,-0.122,-0.009,0
730.1060,-0.00561,-0.02755,-0.00115,0.00000,0.00000,-0.122,-0.009,0
730.1580,-0.00561,-0.02754,-0.00115,0.00000,0.00000,-0.122,-0.009,0
730.2100,-0.00560,-0.02752,-0.00115,0.00000,0.00000,-0.122,-0.009,0
730.2620,-0.00559,-0.02750,-0.00115,0.00000,0.00000,-0.122,-0.009,0
730.3140,-0.00559,-0.02747,-0.00115,0.00000,0.00000,-0.122,-0.009,0
730.3660,-0.00559,-0.02746,-0.00115,0.00000,0.00000,-0.122,-0.009,0
730.4180,-0.00558,-0.02746,-0.00115,0.00000,0.00000,-0.122,-0.009,0
730.4700,-0.00558,-0.02745,-0.00115,0.00000,0.00000,-0.122,-0.009,0
730.5220,-0.00557,-0.02742,-0.00115,0.00000,0.00000,-0.121,-0.009,0
730.5740,-0.00556,-0.02738,-0.00115,0.00000,0.00000,-0.121,-0.009,0
730.6260,-0.00555,-0.02733,-0.00115,0.00000,0.00000,-0.121,-0.009,0
730.6780,-0.00554,-0.02728,-0.00115,0.00000,0.00000,-0.121,-0.009,0
730.7300,-0.00553,-0.02724,-0.00115,0.00000,0.00000,-0.121,-0.009,0
730.7820,-0.00552,-0.02720,-0.00115,0.00000,0.00000,-0.120,-0.009,0
730.8340,-0.00551,-0.02716,-0.00115,0.00000,0.00000,-0.120,-0.009,0
730.8860,-0.00550,-0.02711,-0.00115,0.00000,0.00000,-0.120,-0.009,0
730.9380,-0.00549,-0.02707,-0.00115,0.00000,0.00000,-0.120,-0.009,0
730.9900,-0.00549,-0.02704,-0.00115,0.00000,0.00000,-0.120,-0.009,0
731.0420,-0.00548,-0.02701,-0.00115,0.00000,0.00000,-0.120,-0.009,0
731.0940,-0.00548,-0.02699,-0.00115,0.00000,0.00000,-0.119,-0.009,0
731.1460,-0.00547,-0.02696,-0.00115,0.00000,0.00000,-0.119,-0.009,0
731.1980,-0.00547,-0.02694,-0.00115,0.00000,0.00000,-0.119,-0.009,0
731.2500,-0.00547,-0.02693,-0.00115,0.00000,0.00000,-0.119,-0.009,0
731.3020,-0.00547,-0.02694,-0.00115,0.00000,0.00000,-0.119,-0.009,0
731.3540,-0.00548,-0.02696,-0.00115,0.00000,0.00000,-0.119,-0.009,0
731.4060,-0.00548,-0.02697,-0.00115,0.00000,0.00000,-0.119,-0.009,0
731.4580,-0.00548,-0.02697,-0.00115,0.00000,0.00000,-0.119,-0.009,0
731.5100,-0.00548,-0.02697,-0.00115,0.00000,0.00000,-0.119,-0.009,0
731.5620,-0.00549,-0.02697,-0.00115,0.00000,0.00000,-0.119,-0.009,0
731.6140,-0.00549,-0.02698,-0.00115,0.00000,0.00000,-0.119,-0.009,0
731.6660,-0.00549,-0.02698,-0.00115,0.00000,0.00000,-0.119,-0.009,0
731.7180,-0.00549,-0.02698,-0.00115,0.00000,0.00000,-0.119,-0.009,0
731.7700,-0.00549,-0.02699,-0.00115,0.00000,0.00000,-0.119,-0.009,0
731.8220,-0.00549,-0.02699,-0.00115,0.00000,0.00000,-0.119,-0.009,0
731.8740,-0.00550,-0.02700,-0.00115,0.00000,0.00000,-0.119,-0.009,0
731.9260,-0.00550,-0.02700,-0.00115,0.00000,0.00000,-0.119,-0.009,0
731.9780,-0.00550,-0.02700,-0.00115,0.00000,0.00000,-0.119,-0.009,0
732.0300,-0.00550,-0.02700,-0.00115,0.00000,0.00000,-0.119,-0.009,0
732.0820,-0.00550,-0.02700,-0.00115,0.00000,0.00000,-0.119,-0.009,0
732.1340,-0.00550,-0.02700,-0.00115,0.00000,0.00000,-0.119,-0.009,0
732.1860,-0.00550,-0.02701,-0.00115,0.00000,0.00000,-0.119,-0.009,0
732.2380,-0.00550,-0.02701,-0.00115,0.00000,0.00000,-0.119,-0.009,0
732.2900,-0.00550,-0.02702,-0.00115,0.00000,0.00000,-0.119,-0.009,0
732.3420,-0.00550,-0.02702,-0.00115,0.00000,0.00000,-0.119,-0.009,0
732.3940,-0.00550,-0.02702,-0.00115,0.00000,0.00000,-0.119,-0.009,0
732.4460,-0.00550,-0.02702,-0.00115,0.00000,0.00000,-0.119,-0.009,0
732.4980,-0.00550,-0.02702,-0.00115,0.00000,0.00000,-0.119,-0.009,0
732.5500,-0.00550,-0.02702,-0.00115,0.00000,0.00000,-0.119,-0.009,0
732.6020,-0.00550,-0.02701,-0.00115,0.00000,0.00000,-0.119,-0.009,0
732.6540,-0.00550,-0.02700,-0.00115,0.00000,0.00000,-0.119,-0.009,0
732.7060,-0.00550,-0.02701,-0.00115,0.00000,0.00000,-0.119,-0.009,0
732.7580,-0.00550,-0.02702,-0.00115,0.00000,0.00000,-0.119,-0.009,0
732.8100,-0.00551,-0.02705,-0.00115,0.00000,0.00000,-0.119,-0.009,0
732.8620,-0.00552,-0.02708,-0.00115,0.00000,0.00000,-0.119,-0.009,0
732.9140,-0.00552,-0.02711,-0.00115,0.00000,0.00000,-0.119,-0.009,0
732.9660,-0.00553,-0.02713,-0.00115,0.00000,0.00000,-0.120,-0.009,0
733.0180,-0.00553,-0.02716,-0.00115,0.00000,0.00000,-0.120,-0.009,0
733.0700,-0.00554,-0.02717,-0.00115,0.00000,0.00000,-0.120,-0.009,0
733.1220,-0.00553,-0.02715,-0.00115,0.00000,0.00000,-0.120,-0.009,0
733.1740,-0.00553,-0.02714,-0.00115,0.00000,0.00000,-0.120,-0.009,0
733.2260,-0.00553,-0.02714,-0.00115,0.00000,0.00000,-0.120,-0.009,0
733.2780,-0.00553,-0.02714,-0.00115,0.00000,0.00000,-0.120,-0.009,0
733.3300,-0.00553,-0.02714,-0.00115,0.00000,0.00000,-0.120,-0.009,0
733.3820,-0.00553,-0.02714,-0.00115,0.00000,0.00000,-0.120,-0.009,0
733.4340,-0.00552,-0.02713,-0.00115,0.00000,0.00000,-0.120,-0.009,0
733.4860,-0.00552,-0.02712,-0.00115,0.00000,0.00000,-0.120,-0.009,0
733.5380,-0.00552,-0.02712,-0.00115,0.00000,0.00000,-0.120,-0.009,0
733.5900,-0.00552,-0.02712,-0.00115,0.00000,0.00000,-0.120,-0.009,0
733.6420,-0.00552,-0.02713,-0.00115,0.00000,0.00000,-0.120,-0.009,0
733.6940,-0.00552,-0.02714,-0.00115,0.00000,0.00000,-0.120,-0.009,0
733.7460,-0.00552,-0.02713,-0.00115,0.00000,0.00000,-0.120,-0.009,0
733.7980,-0.00552,-0.02713,-0.00115,0.00000,0.00000,-0.120,-0.009,0
733.8500,-0.00552,-0.02713,-0.00115,0.00000,0.00000,-0.120,-0.009,0
733.9020,-0.00552,-0.02713,-0.00115,0.00000,0.00000,-0.120,-0.009,0
733.9540,-0.00552,-0.02713,-0.00115,0.00000,0.00000,-0.120,-0.009,0
734.0060,-0.00552,-0.02714,-0.00115,0.00000,0.00000,-0.120,-0.009,0
734.0580,-0.00552,-0.02713,-0.00115,0.00000,0.00000,-0.120,-0.009,0
734.1100,-0.00552,-0.02713,-0.00115,0.00000,0.00000,-0.120,-0.009,0
734.1620,-0.00552,-0.02713,-0.00115,0.00000,0.00000,-0.120,-0.009,0
734.2140,-0.00553,-0.02716,-0.00115,0.00000,0.00000,-0.120,-0.009,0
734.2660,-0.00553,-0.02718,-0.00115,0.00000,0.00000,-0.120,-0.009,0
734.3180,-0.00554,-0.02721,-0.00115,0.00000,0.00000,-0.120,-0.009,0
734.3700,-0.00555,-0.02723,-0.00115,0.00000,0.00000,-0.120,-0.009,0
734.4220,-0.00555,-0.02724,-0.00115,0.00000,0.00000,-0.120,-0.009,0
734.4740,-0.00555,-0.02724,-0.00115,0.00000,0.00000,-0.120,-0.009,0
734.5260,-0.00555,-0.02725,-0.00115,0.00000,0.00000,-0.120,-0.009,0
734.5780,-0.00555,-0.02727,-0.00115,0.00000,0.00000,-0.120,-0.009,0
734.6300,-0.00555,-0.02727,-0.00115,0.00000,0.00000,-0.120,-0.009,0
734.6820,-0.00555,-0.02726,-0.00115,0.00000,0.00000,-0.120,-0.009,0
734.7340,-0.00555,-0.02726,-0.00115,0.00000,0.00000,-0.120,-0.009,0
734.7860,-0.00555,-0.02726,-0.00115,0.00000,0.00000,-0.120,-0.009,0
734.8380,-0.00555,-0.02725,-0.00115,0.00000,0.00000,-0.120,-0.009,0
734.8900,-0.00554,-0.02723,-0.00115,0.00000,0.00000,-0.120,-0.009,0
734.9420,-0.00553,-0.02721,-0.00115,0.00000,0.00000,-0.120,-0.009,0
734.9940,-0.00553,-0.02719,-0.00115,0.00000,0.00000,-0.120,-0.009,0
735.0460,-0.00553,-0.02718,-0.00115,0.00000,0.00000,-0.120,-0.009,0
735.0980,-0.00553,-0.02718,-0.00115,0.00000,0.00000,-0.120,-0.009,0
735.1500,-0.00553,-0.02718,-0.00115,0.00000,0.00000,-0.120,-0.009,0
735.2020,-0.00553,-0.02718,-0.00115,0.00000,0.00000,-0.120,-0.009,0
735.2540,-0.00552,-0.02716,-0.00115,0.00000,0.00000,-0.120,-0.009,0
735.3060,-0.00552,-0.02714,-0.00115,0.00000,0.00000,-0.120,-0.009,0
735.3580,-0.00551,-0.02712,-0.00115,0.00000,0.00000,-0.120,-0.009,0
735.4100,-0.00551,-0.02712,-0.00115,0.00000,0.00000,-0.120,-0.009,0
735.4620,-0.00551,-0.02711,-0.00115,0.00000,0.00000,-0.120,-0.009,0
735.5140,-0.00551,-0.02710,-0.00115,0.00000,0.00000,-0.120,-0.009,0
735.5660,-0.00551,-0.02709,-0.00115,0.00000,0.00000,-0.120,-0.009,0
735.6180,-0.00551,-0.02708,-0.00115,0.00000,0.00000,-0.120,-0.009,0
735.6700,-0.00550,-0.02707,-0.00115,0.00000,0.00000,-0.120,-0.009,0
735.7220,-0.00551,-0.02709,-0.00115,0.00000,0.00000,-0.120,-0.009,0
735.7740,-0.00551,-0.02710,-0.00115,0.00000,0.00000,-0.120,-0.009,0
735.8260,-0.00551,-0.02710,-0.00115,0.00000,0.00000,-0.120,-0.009,0
735.8780,-0.00551,-0.02711,-0.00115,0.00000,0.00000,-0.120,-0.009,0
735.9300,-0.00551,-0.02711,-0.00115,0.00000,0.00000,-0.120,-0.009,0
735.9820,-0.00552,-0.02711,-0.00115,0.00000,0.00000,-0.120,-0.009,0
736.0340,-0.00552,-0.02712,-0.00115,0.00000,0.00000,-0.120,-0.009,0
736.0860,-0.00552,-0.02715,-0.00115,0.00000,0.00000,-0.120,-0.009,0
736.1380,-0.00553,-0.02718,-0.00115,0.00000,0.00000,-0.120,-0.009,0
736.1900,-0.00554,-0.02720,-0.00115,0.00000,0.00000,-0.120,-0.009,0
736.2420,-0.00554,-0.02723,-0.00115,0.00000,0.00000,-0.120,-0.009,0
736.2940,-0.00555,-0.02725,-0.00115,0.00000,0.00000,-0.120,-0.009,0
736.3460,-0.00556,-0.02728,-0.00115,0.00000,0.00000,-0.120,-0.009,0
736.3980,-0.00556,-0.02731,-0.00115,0.00000,0.00000,-0.120,-0.009,0
736.4500,-0.00557,-0.02733,-0.00115,0.00000,0.00000,-0.121,-0.009,0
736.5020,-0.00557,-0.02735,-0.00115,0.00000,0.00000,-0.121,-0.009,0
736.5540,-0.00557,-0.02736,-0.00115,0.00000,0.00000,-0.121,-0.009,0
736.6060,-0.00557,-0.02736,-0.00115,0.00000,0.00000,-0.121,-0.009,0
736.6580,-0.00557,-0.02736,-0.00115,0.00000,0.00000,-0.121,-0.009,0
736.7100,-0.00557,-0.02735,-0.00115,0.00000,0.00000,-0.121,-0.009,0
736.7620,-0.00556,-0.02733,-0.00115,0.00000,0.00000,-0.121,-0.009,0
736.8140,-0.00556,-0.02732,-0.00115,0.00000,0.00000,-0.121,-0.009,0
736.8660,-0.00556,-0.02731,-0.00115,0.00000,0.00000,-0.121,-0.009,0
736.9180,-0.00555,-0.02730,-0.00115,0.00000,0.00000,-0.121,-0.009,0
736.9700,-0.00555,-0.02730,-0.00115,0.00000,0.00000,-0.121,-0.009,0
737.0220,-0.00555,-0.02729,-0.00115,0.00000,0.00000,-0.121,-0.009,0
737.0740,-0.00555,-0.02728,-0.00115,0.00000,0.00000,-0.121,-0.009,0
737.1260,-0.00555,-0.02728,-0.00115,0.00000,0.00000,-0.120,-0.009,0
737.1780,-0.00555,-0.02729,-0.00115,0.00000,0.00000,-0.121,-0.009,0
737.2300,-0.00555,-0.02729,-0.00115,0.00000,0.00000,-0.121,-0.009,0
737.2820,-0.00555,-0.02728,-0.00115,0.00000,0.00000,-0.121,-0.009,0
737.3340,-0.00555,-0.02728,-0.00115,0.00000,0.00000,-0.121,-0.009,0
737.3860,-0.00554,-0.02726,-0.00115,0.00000,0.00000,-0.120,-0.009,0
737.4380,-0.00554,-0.02726,-0.00115,0.00000,0.00000,-0.120,-0.009,0
737.4900,-0.00554,-0.02727,-0.00115,0.00000,0.00000,-0.120,-0.009,0
737.5420,-0.00554,-0.02727,-0.00115,0.00000,0.00000,-0.121,-0.009,0
737.5940,-0.00555,-0.02727,-0.00115,0.00000,0.00000,-0.121,-0.009,0
737.6460,-0.00554,-0.02726,-0.00115,0.00000,0.00000,-0.121,-0.009,0
737.6980,-0.00554,-0.02724,-0.00115,0.00000,0.00000,-0.120,-0.009,0
737.7500,-0.00553,-0.02722,-0.00115,0.00000,0.00000,-0.120,-0.009,0
737.8020,-0.00553,-0.02721,-0.00115,0.00000,0.00000,-0.120,-0.009,0
737.8540,-0.00553,-0.02721,-0.00115,0.00000,0.00000,-0.120,-0.009,0
737.9060,-0.00553,-0.02721,-0.00115,0.00000,0.00000,-0.120,-0.009,0
737.9580,-0.00553,-0.02721,-0.00115,0.00000,0.00000,-0.120,-0.009,0
738.0100,-0.00553,-0.02721,-0.00115,0.00000,0.00000,-0.120,-0.009,0
738.0620,-0.00554,-0.02722,-0.00115,0.00000,0.00000,-0.120,-0.009,0
738.1140,-0.00554,-0.02724,-0.00115,0.00000,0.00000,-0.120,-0.009,0
738.1660,-0.00555,-0.02726,-0.00115,0.00000,0.00000,-0.120,-0.009,0
738.2180,-0.00555,-0.02728,-0.00115,0.00000,0.00000,-0.121,-0.009,0
738.2700,-0.00555,-0.02730,-0.00115,0.00000,0.00000,-0.121,-0.009,0
738.3220,-0.00556,-0.02731,-0.00115,0.00000,0.00000,-0.121,-0.009,0
738.3740,-0.00556,-0.02733,-0.00115,0.00000,0.00000,-0.121,-0.009,0
738.4260,-0.00556,-0.02734,-0.00115,0.00000,0.00000,-0.121,-0.009,0
738.4780,-0.00556,-0.02734,-0.00115,0.00000,0.00000,-0.121,-0.009,0
738.5300,-0.00556,-0.02733,-0.00115,0.00000,0.00000,-0.121,-0.009,0
738.5820,-0.00556,-0.02732,-0.00115,0.00000,0.00000,-0.121,-0.009,0
738.6340,-0.00556,-0.02731,-0.00115,0.00000,0.00000,-0.121,-0.009,0
738.6860,-0.00555,-0.02730,-0.00115,0.00000,0.00000,-0.121,-0.009,0
738.7380,-0.00555,-0.02728,-0.00115,0.00000,0.00000,-0.121,-0.009,0
738.7900,-0.00554,-0.02726,-0.00115,0.00000,0.00000,-0.121,-0.009,0
738.8420,-0.00554,-0.02724,-0.00115,0.00000,0.00000,-0.120,-0.009,0
738.8940,-0.00553,-0.02721,-0.00115,0.00000,0.00000,-0.120,-0.009,0
738.9460,-0.00553,-0.02719,-0.00115,0.00000,0.00000,-0.120,-0.009,0
738.9980,-0.00552,-0.02717,-0.00115,0.00000,0.00000,-0.120,-0.009,0
739.0500,-0.00552,-0.02715,-0.00115,0.00000,0.00000,-0.120,-0.009,0
739.1020,-0.00551,-0.02711,-0.00115,0.00000,0.00000,-0.120,-0.009,0
739.1540,-0.00550,-0.02708,-0.00115,0.00000,0.00000,-0.120,-0.009,0
739.2060,-0.00550,-0.02706,-0.00115,0.00000,0.00000,-0.120,-0.009,0
739.2580,-0.00549,-0.02703,-0.00115,0.00000,0.00000,-0.120,-0.009,0
739.3100,-0.00549,-0.02700,-0.00115,0.00000,0.00000,-0.119,-0.009,0
739.3620,-0.00548,-0.02698,-0.00115,0.00000,0.00000,-0.119,-0.009,0
739.4140,-0.00547,-0.02695,-0.00115,0.00000,0.00000,-0.119,-0.009,0
739.4660,-0.00547,-0.02691,-0.00115,0.00000,0.00000,-0.119,-0.009,0
739.5180,-0.00546,-0.02687,-0.00115,0.00000,0.00000,-0.119,-0.009,0
739.5700,-0.00545,-0.02684,-0.00115,0.00000,0.00000,-0.119,-0.009,0
739.6220,-0.00544,-0.02680,-0.00115,0.00000,0.00000,-0.118,-0.009,0
739.6740,-0.00544,-0.02676,-0.00115,0.00000,0.00000,-0.118,-0.009,0
739.7260,-0.00543,-0.02674,-0.00115,0.00000,0.00000,-0.118,-0.009,0
739.7780,-0.00543,-0.02673,-0.00115,0.00000,0.00000,-0.118,-0.009,0
739.8300,-0.00543,-0.02673,-0.00115,0.00000,0.00000,-0.118,-0.009,0
739.8820,-0.00544,-0.02674,-0.00115,0.00000,0.00000,-0.118,-0.009,0
739.9340,-0.00544,-0.02674,-0.00115,0.00000,0.00000,-0.118,-0.009,0
739.9860,-0.00544,-0.02673,-0.00115,0.00000,0.00000,-0.118,-0.009,0
740.0380,-0.00544,-0.02673,-0.00115,0.00000,0.00000,-0.118,-0.009,0
740.0900,-0.00544,-0.02672,-0.00115,0.00000,0.00000,-0.118,-0.009,0
740.1420,-0.00544,-0.02672,-0.00115,0.00000,0.00000,-0.118,-0.009,0
740.1940,-0.00544,-0.02673,-0.00115,0.00000,0.00000,-0.118,-0.009,0
740.2460,-0.00544,-0.02674,-0.00115,0.00000,0.00000,-0.118,-0.009,0
740.2980,-0.00544,-0.02673,-0.00115,0.00000,0.00000,-0.118,-0.009,0
740.3500,-0.00545,-0.02675,-0.00115,0.00000,0.00000,-0.118,-0.009,0
740.4020,-0.00545,-0.02677,-0.00115,0.00000,0.00000,-0.118,-0.009,0
740.4540,-0.00546,-0.02679,-0.00115,0.00000,0.00000,-0.118,-0.009,0
740.5060,-0.00547,-0.02682,-0.00115,0.00000,0.00000,-0.118,-0.009,0
740.5580,-0.00547,-0.02685,-0.00115,0.00000,0.00000,-0.118,-0.009,0
740.6100,-0.00548,-0.02687,-0.00115,0.00000,0.00000,-0.118,-0.009,0
740.6620,-0.00549,-0.02690,-0.00115,0.00000,0.00000,-0.118,-0.009,0
740.7140,-0.00550,-0.02695,-0.00115,0.00000,0.00000,-0.119,-0.009,0
740.7660,-0.00550,-0.02696,-0.00115,0.00000,0.00000,-0.119,-0.009,0
740.8180,-0.00550,-0.02697,-0.00115,0.00000,0.00000,-0.119,-0.009,0
740.8700,-0.00551,-0.02699,-0.00115,0.00000,0.00000,-0.119,-0.009,0
740.9220,-0.00551,-0.02699,-0.00115,0.00000,0.00000,-0.119,-0.009,0
740.9740,-0.00550,-0.02698,-0.00115,0.00000,0.00000,-0.119,-0.009,0
741.0260,-0.00550,-0.02696,-0.00115,0.00000,0.00000,-0.119,-0.009,0
741.0780,-0.00549,-0.02694,-0.00115,0.00000,0.00000,-0.119,-0.009,0
741.1300,-0.00548,-0.02690,-0.00115,0.00000,0.00000,-0.118,-0.009,0
741.1820,-0.00548,-0.02688,-0.00115,0.00000,0.00000,-0.118,-0.009,0
741.2340,-0.00547,-0.02685,-0.00115,0.00000,0.00000,-0.118,-0.009,0
741.2860,-0.00546,-0.02682,-0.00115,0.00000,0.00000,-0.118,-0.009,0
741.3380,-0.00545,-0.02679,-0.00115,0.00000,0.00000,-0.118,-0.009,0
741.3900,-0.00545,-0.02676,-0.00115,0.00000,0.00000,-0.118,-0.009,0
741.4420,-0.00544,-0.02673,-0.00115,0.00000,0.00000,-0.118,-0.009,0
741.4940,-0.00543,-0.02670,-0.00115,0.00000,0.00000,-0.117,-0.009,0
741.5460,-0.00543,-0.02667,-0.00115,0.00000,0.00000,-0.117,-0.009,0
741.5980,-0.00542,-0.02664,-0.00115,0.00000,0.00000,-0.117,-0.009,0
741.6500,-0.00542,-0.02663,-0.00115,0.00000,0.00000,-0.117,-0.009,0
741.7020,-0.00542,-0.02662,-0.00115,0.00000,0.00000,-0.117,-0.009,0
741.7540,-0.00542,-0.02663,-0.00115,0.00000,0.00000,-0.117,-0.009,0
741.8060,-0.00542,-0.02664,-0.00115,0.00000,0.00000,-0.117,-0.009,0
741.8580,-0.00543,-0.02666,-0.00115,0.00000,0.00000,-0.117,-0.009,0
741.9100,-0.00543,-0.02667,-0.00115,0.00000,0.00000,-0.117,-0.009,0
741.9620,-0.00544,-0.02669,-0.00115,0.00000,0.00000,-0.117,-0.009,0
742.0140,-0.00544,-0.02670,-0.00115,0.00000,0.00000,-0.117,-0.009,0
742.0660,-0.00544,-0.02670,-0.00115,0.00000,0.00000,-0.117,-0.009,0
742.1180,-0.00544,-0.02670,-0.00115,0.00000,0.00000,-0.117,-0.009,0
742.1700,-0.00544,-0.02670,-0.00115,0.00000,0.00000,-0.117,-0.009,0
742.2220,-0.00544,-0.02670,-0.00115,0.00000,0.00000,-0.117,-0.009,0
742.2740,-0.00544,-0.02669,-0.00115,0.00000,0.00000,-0.117,-0.009,0
742.3260,-0.00544,-0.02669,-0.00115,0.00000,0.00000,-0.117,-0.009,0
742.3780,-0.00544,-0.02670,-0.00115,0.00000,0.00000,-0.117,-0.009,0
742.4300,-0.00544,-0.02670,-0.00115,0.00000,0.00000,-0.117,-0.009,0
742.4820,-0.00544,-0.02670,-0.00115,0.00000,0.00000,-0.117,-0.009,0
742.5340,-0.00544,-0.02670,-0.00115,0.00000,0.00000,-0.117,-0.009,0
742.5860,-0.00544,-0.02669,-0.00115,0.00000,0.00000,-0.117,-0.009,0
742.6380,-0.00544,-0.02668,-0.00115,0.00000,0.00000,-0.117,-0.009,0
742.6900,-0.00543,-0.02667,-0.00115,0.00000,0.00000,-0.117,-0.009,0
742.7420,-0.00543,-0.02666,-0.00115,0.00000,0.00000,-0.117,-0.009,0
742.7940,-0.00543,-0.02666,-0.00115,0.00000,0.00000,-0.117,-0.009,0
742.8460,-0.00543,-0.02666,-0.00115,0.00000,0.00000,-0.117,-0.009,0
742.8980,-0.00544,-0.02667,-0.00115,0.00000,0.00000,-0.117,-0.009,0
742.9500,-0.00544,-0.02669,-0.00115,0.00000,0.00000,-0.117,-0.009,0
743.0020,-0.00544,-0.02670,-0.00115,0.00000,0.00000,-0.117,-0.009,0
743.0540,-0.00544,-0.02670,-0.00115,0.00000,0.00000,-0.117,-0.009,0
743.1060,-0.00545,-0.02672,-0.00115,0.00000,0.00000,-0.117,-0.009,0
743.1580,-0.00545,-0.02673,-0.00115,0.00000,0.00000,-0.117,-0.009,0
743.2100,-0.00545,-0.02674,-0.00115,0.00000,0.00000,-0.117,-0.009,0
743.2620,-0.00545,-0.02674,-0.00115,0.00000,0.00000,-0.117,-0.009,0
743.3140,-0.00545,-0.02674,-0.00115,0.00000,0.00000,-0.117,-0.009,0
743.3660,-0.00545,-0.02674,-0.00115,0.00000,0.00000,-0.117,-0.009,0
743.4180,-0.00545,-0.02674,-0.00115,0.00000,0.00000,-0.117,-0.009,0
743.4700,-0.00545,-0.02674,-0.00115,0.00000,0.00000,-0.117,-0.009,0
743.5220,-0.00545,-0.02674,-0.00115,0.00000,0.00000,-0.117,-0.009,0
743.5740,-0.00545,-0.02675,-0.00115,0.00000,0.00000,-0.117,-0.009,0
743.6260,-0.00546,-0.02676,-0.00115,0.00000,0.00000,-0.117,-0.009,0
743.6780,-0.00546,-0.02678,-0.00115,0.00000,0.00000,-0.117,-0.009,0
743.7300,-0.00547,-0.02681,-0.00115,0.00000,0.00000,-0.118,-0.009,0
743.7820,-0.00547,-0.02684,-0.00115,0.00000,0.00000,-0.118,-0.009,0
743.8340,-0.00548,-0.02687,-0.00115,0.00000,0.00000,-0.118,-0.009,0
743.8860,-0.00549,-0.02690,-0.00115,0.00000,0.00000,-0.118,-0.009,0
743.9380,-0.00549,-0.02693,-0.00115,0.00000,0.00000,-0.118,-0.009,0
743.9900,-0.00550,-0.02696,-0.00115,0.00000,0.00000,-0.118,-0.009,0
744.0420,-0.00550,-0.02697,-0.00115,0.00000,0.00000,-0.118,-0.009,0
744.0940,-0.00550,-0.02697,-0.00115,0.00000,0.00000,-0.118,-0.009,0
744.1460,-0.00550,-0.02698,-0.00115,0.00000,0.00000,-0.118,-0.009,0
744.1980,-0.00551,-0.02699,-0.00115,0.00000,0.00000,-0.118,-0.009,0
744.2500,-0.00551,-0.02700,-0.00115,0.00000,0.00000,-0.119,-0.009,0
744.3020,-0.00551,-0.02702,-0.00115,0.00000,0.00000,-0.119,-0.009,0
744.3540,-0.00551,-0.02703,-0.00115,0.00000,0.00000,-0.119,-0.009,0
744.4060,-0.00551,-0.02703,-0.00115,0.00000,0.00000,-0.119,-0.009,0
744.4580,-0.00551,-0.02701,-0.00115,0.00000,0.00000,-0.119,-0.009,0
744.5100,-0.00550,-0.02699,-0.00115,0.00000,0.00000,-0.119,-0.009,0
744.5620,-0.00549,-0.02696,-0.00115,0.00000,0.00000,-0.118,-0.009,0
744.6140,-0.00549,-0.02694,-0.00115,0.00000,0.00000,-0.118,-0.009,0
744.6660,-0.00548,-0.02693,-0.00115,0.00000,0.00000,-0.118,-0.009,0
744.7180,-0.00548,-0.02690,-0.00115,0.00000,0.00000,-0.118,-0.009,0
744.7700,-0.00547,-0.02687,-0.00115,0.00000,0.00000,-0.118,-0.009,0
744.8220,-0.00546,-0.02685,-0.00115,0.00000,0.00000,-0.118,-0.009,0
744.8740,-0.00546,-0.02683,-0.00115,0.00000,0.00000,-0.118,-0.009,0
744.9260,-0.00545,-0.02680,-0.00115,0.00000,0.00000,-0.118,-0.009,0
744.9780,-0.00544,-0.02676,-0.00115,0.00000,0.00000,-0.118,-0.009,0
745.0300,-0.00544,-0.02673,-0.00115,0.00000,0.00000,-0.117,-0.009,0
745.0820,-0.00543,-0.02669,-0.00115,0.00000,0.00000,-0.117,-0.009,0
745.1340,-0.00542,-0.02664,-0.00115,0.00000,0.00000,-0.117,-0.009,0
745.1860,-0.00541,-0.02660,-0.00115,0.00000,0.00000,-0.117,-0.009,0
745.2380,-0.00540,-0.02657,-0.00115,0.00000,0.00000,-0.117,-0.009,0
745.2900,-0.00539,-0.02652,-0.00115,0.00000,0.00000,-0.117,-0.009,0
745.3420,-0.00538,-0.02648,-0.00115,0.00000,0.00000,-0.116,-0.009,0
745.3940,-0.00537,-0.02644,-0.00115,0.00000,0.00000,-0.116,-0.009,0
745.4460,-0.00537,-0.02640,-0.00115,0.00000,0.00000,-0.116,-0.009,0
745.4980,-0.00536,-0.02635,-0.00115,0.00000,0.00000,-0.116,-0.009,0
745.5500,-0.00534,-0.02629,-0.00115,0.00000,0.00000,-0.116,-0.009,0
745.6020,-0.00533,-0.02623,-0.00115,0.00000,0.00000,-0.115,-0.009,0
745.6540,-0.00532,-0.02617,-0.00115,0.00000,0.00000,-0.115,-0.009,0
745.7060,-0.00531,-0.02612,-0.00115,0.00000,0.00000,-0.115,-0.009,0
745.7580,-0.00530,-0.02607,-0.00115,0.00000,0.00000,-0.114,-0.009,0
745.8100,-0.00529,-0.02604,-0.00115,0.00000,0.00000,-0.114,-0.009,0
745.8620,-0.00529,-0.02601,-0.00115,0.00000,0.00000,-0.114,-0.009,0
745.9140,-0.00529,-0.02600,-0.00115,0.00000,0.00000,-0.114,-0.009,0
745.9660,-0.00529,-0.02599,-0.00115,0.00000,0.00000,-0.114,-0.009,0
746.0180,-0.00529,-0.02599,-0.00115,0.00000,0.00000,-0.114,-0.009,0
746.0700,-0.00530,-0.02599,-0.00115,0.00000,0.00000,-0.114,-0.009,0
746.1220,-0.00530,-0.02600,-0.00115,0.00000,0.00000,-0.114,-0.009,0
746.1740,-0.00530,-0.02600,-0.00115,0.00000,0.00000,-0.114,-0.009,0
746.2260,-0.00530,-0.02599,-0.00115,0.00000,0.00000,-0.114,-0.009,0
746.2780,-0.00530,-0.02598,-0.00115,0.00000,0.00000,-0.114,-0.009,0
746.3300,-0.00530,-0.02597,-0.00115,0.00000,0.00000,-0.113,-0.009,0
746.3820,-0.00530,-0.02596,-0.00115,0.00000,0.00000,-0.113,-0.009,0
746.4340,-0.00530,-0.02595,-0.00115,0.00000,0.00000,-0.113,-0.009,0
746.4860,-0.00530,-0.02594,-0.00115,0.00000,0.00000,-0.113,-0.009,0
746.5380,-0.00530,-0.02594,-0.00115,0.00000,0.00000,-0.113,-0.009,0
746.5900,-0.00530,-0.02595,-0.00115,0.00000,0.00000,-0.113,-0.009,0
746.6420,-0.00530,-0.02595,-0.00115,0.00000,0.00000,-0.113,-0.009,0
746.6940,-0.00531,-0.02596,-0.00115,0.00000,0.00000,-0.113,-0.009,0
746.7460,-0.00531,-0.02598,-0.00115,0.00000,0.00000,-0.113,-0.009,0
746.7980,-0.00531,-0.02599,-0.00115,0.00000,0.00000,-0.113,-0.009,0
746.8500,-0.00532,-0.02600,-0.00115,0.00000,0.00000,-0.113,-0.009,0
746.9020,-0.00532,-0.02601,-0.00115,0.00000,0.00000,-0.113,-0.009,0
746.9540,-0.00532,-0.02602,-0.00115,0.00000,0.00000,-0.113,-0.009,0
747.0060,-0.00532,-0.02602,-0.00115,0.00000,0.00000,-0.113,-0.009,0
747.0580,-0.00533,-0.02604,-0.00115,0.00000,0.00000,-0.113,-0.009,0
747.1100,-0.00533,-0.02606,-0.00115,0.00000,0.00000,-0.113,-0.009,0
747.1620,-0.00534,-0.02608,-0.00115,0.00000,0.00000,-0.113,-0.009,0
747.2140,-0.00534,-0.02610,-0.00115,0.00000,0.00000,-0.113,-0.009,0
747.2660,-0.00535,-0.02614,-0.00115,0.00000,0.00000,-0.114,-0.009,0
747.3180,-0.00536,-0.02617,-0.00115,0.00000,0.00000,-0.114,-0.009,0
747.3700,-0.00536,-0.02621,-0.00115,0.00000,0.00000,-0.114,-0.009,0
747.4220,-0.00538,-0.02626,-0.00115,0.00000,0.00000,-0.114,-0.009,0
747.4740,-0.00539,-0.02631,-0.00115,0.00000,0.00000,-0.114,-0.009,0
747.5260,-0.00540,-0.02635,-0.00115,0.00000,0.00000,-0.114,-0.009,0
747.5780,-0.00540,-0.02637,-0.00115,0.00000,0.00000,-0.115,-0.009,0
747.6300,-0.00540,-0.02640,-0.00115,0.00000,0.00000,-0.115,-0.009,0
747.6820,-0.00541,-0.02643,-0.00115,0.00000,0.00000,-0.115,-0.009,0
747.7340,-0.00542,-0.02647,-0.00115,0.00000,0.00000,-0.115,-0.009,0
747.7860,-0.00543,-0.02652,-0.00115,0.00000,0.00000,-0.115,-0.009,0
747.8380,-0.00544,-0.02657,-0.00115,0.00000,0.00000,-0.115,-0.009,0
747.8900,-0.00545,-0.02662,-0.00115,0.00000,0.00000,-0.116,-0.009,0
747.9420,-0.00546,-0.02666,-0.00115,0.00000,0.00000,-0.116,-0.009,0
747.9940,-0.00547,-0.02670,-0.00115,0.00000,0.00000,-0.116,-0.009,0
748.0460,-0.00547,-0.02672,-0.00115,0.00000,0.00000,-0.116,-0.009,0
748.0980,-0.00547,-0.02674,-0.00115,0.00000,0.00000,-0.116,-0.009,0
748.1500,-0.00547,-0.02675,-0.00115,0.00000,0.00000,-0.116,-0.009,0
748.2020,-0.00547,-0.02674,-0.00115,0.00000,0.00000,-0.116,-0.009,0
748.2540,-0.00546,-0.02674,-0.00115,0.00000,0.00000,-0.116,-0.009,0
748.3060,-0.00546,-0.02675,-0.00115,0.00000,0.00000,-0.116,-0.009,0
748.3580,-0.00546,-0.02675,-0.00115,0.00000,0.00000,-0.116,-0.009,0
748.4100,-0.00546,-0.02675,-0.00115,0.00000,0.00000,-0.117,-0.009,0
748.4620,-0.00546,-0.02676,-0.00115,0.00000,0.00000,-0.117,-0.009,0
748.5140,-0.00546,-0.02676,-0.00115,0.00000,0.00000,-0.117,-0.009,0
748.5660,-0.00546,-0.02677,-0.00115,0.00000,0.00000,-0.117,-0.009,0
748.6180,-0.00546,-0.02677,-0.00115,0.00000,0.00000,-0.117,-0.009,0
748.6700,-0.00546,-0.02675,-0.00115,0.00000,0.00000,-0.117,-0.009,0
748.7220,-0.00545,-0.02673,-0.00115,0.00000,0.00000,-0.117,-0.009,0
748.7740,-0.00544,-0.02670,-0.00115,0.00000,0.00000,-0.117,-0.009,0
748.8260,-0.00544,-0.02668,-0.00115,0.00000,0.00000,-0.117,-0.009,0
748.8780,-0.00544,-0.02667,-0.00115,0.00000,0.00000,-0.116,-0.009,0
748.9300,-0.00543,-0.02665,-0.00115,0.00000,0.00000,-0.116,-0.009,0
748.9820,-0.00542,-0.02662,-0.00115,0.00000,0.00000,-0.116,-0.009,0
749.0340,-0.00541,-0.02659,-0.00115,0.00000,0.00000,-0.116,-0.009,0
749.0860,-0.00541,-0.02657,-0.00115,0.00000,0.00000,-0.116,-0.009,0
749.1380,-0.00540,-0.02655,-0.00115,0.00000,0.00000,-0.116,-0.009,0
749.1900,-0.00540,-0.02651,-0.00115,0.00000,0.00000,-0.116,-0.009,0
749.2420,-0.00539,-0.02650,-0.00115,0.00000,0.00000,-0.116,-0.009,0
749.2940,-0.00539,-0.02650,-0.00115,0.00000,0.00000,-0.116,-0.009,0
749.3460,-0.00539,-0.02649,-0.00115,0.00000,0.00000,-0.116,-0.009,0
749.3980,-0.00539,-0.02649,-0.00115,0.00000,0.00000,-0.116,-0.009,0
749.4500,-0.00539,-0.02648,-0.00115,0.00000,0.00000,-0.116,-0.009,0
749.5020,-0.00539,-0.02649,-0.00115,0.00000,0.00000,-0.116,-0.009,0
749.5540,-0.00540,-0.02650,-0.00115,0.00000,0.00000,-0.116,-0.009,0
749.6060,-0.00540,-0.02651,-0.00115,0.00000,0.00000,-0.116,-0.009,0
749.6580,-0.00541,-0.02653,-0.00115,0.00000,0.00000,-0.116,-0.009,0
749.7100,-0.00541,-0.02654,-0.00115,0.00000,0.00000,-0.116,-0.009,0
749.7620,-0.00541,-0.02656,-0.00115,0.00000,0.00000,-0.116,-0.009,0
749.8140,-0.00542,-0.02657,-0.00115,0.00000,0.00000,-0.116,-0.009,0
749.8660,-0.00542,-0.02658,-0.00115,0.00000,0.00000,-0.116,-0.009,0
749.9180,-0.00542,-0.02659,-0.00115,0.00000,0.00000,-0.116,-0.009,0
749.9700,-0.00542,-0.02659,-0.00115,0.00000,0.00000,-0.116,-0.009,0
750.0220,-0.00542,-0.02659,-0.00115,0.00000,0.00000,-0.116,-0.009,0
750.0740,-0.00543,-0.02661,-0.00115,0.00000,0.00000,-0.116,-0.009,0
750.1260,-0.00543,-0.02664,-0.00115,0.00000,0.00000,-0.116,-0.009,0
750.1780,-0.00544,-0.02666,-0.00115,0.00000,0.00000,-0.117,-0.009,0
750.2300,-0.00545,-0.02669,-0.00115,0.00000,0.00000,-0.117,-0.009,0
750.2820,-0.00545,-0.02671,-0.00115,0.00000,0.00000,-0.117,-0.009,0
750.3340,-0.00545,-0.02672,-0.00115,0.00000,0.00000,-0.117,-0.009,0
750.3860,-0.00546,-0.02674,-0.00115,0.00000,0.00000,-0.117,-0.009,0
750.4380,-0.00546,-0.02676,-0.00115,0.00000,0.00000,-0.117,-0.009,0
750.4900,-0.00547,-0.02678,-0.00115,0.00000,0.00000,-0.117,-0.009,0
750.5420,-0.00547,-0.02678,-0.00115,0.00000,0.00000,-0.117,-0.009,0
750.5940,-0.00546,-0.02676,-0.00115,0.00000,0.00000,-0.117,-0.009,0
750.6460,-0.00546,-0.02674,-0.00115,0.00000,0.00000,-0.117,-0.009,0
750.6980,-0.00545,-0.02673,-0.00115,0.00000,0.00000,-0.117,-0.009,0
750.7500,-0.00545,-0.02672,-0.00115,0.00000,0.00000,-0.117,-0.009,0
750.8020,-0.00544,-0.02669,-0.00115,0.00000,0.00000,-0.117,-0.009,0
750.8540,-0.00544,-0.02667,-0.00115,0.00000,0.00000,-0.117,-0.009,0
750.9060,-0.00543,-0.02665,-0.00115,0.00000,0.00000,-0.117,-0.009,0
750.9580,-0.00543,-0.02665,-0.00115,0.00000,0.00000,-0.117,-0.009,0
751.0100,-0.00543,-0.02664,-0.00115,0.00000,0.00000,-0.117,-0.009,0
751.0620,-0.00543,-0.02663,-0.00115,0.00000,0.00000,-0.117,-0.009,0
751.1140,-0.00542,-0.02660,-0.00115,0.00000,0.00000,-0.117,-0.009,0
751.1660,-0.00542,-0.02658,-0.00115,0.00000,0.00000,-0.116,-0.009,0
751.2180,-0.00541,-0.02654,-0.00115,0.00000,0.00000,-0.116,-0.009,0
751.2700,-0.00539,-0.02648,-0.00115,0.00000,0.00000,-0.116,-0.009,0
751.3220,-0.00538,-0.02641,-0.00115,0.00000,0.00000,-0.116,-0.009,0
751.3740,-0.00536,-0.02636,-0.00115,0.00000,0.00000,-0.115,-0.009,0
751.4260,-0.00535,-0.02631,-0.00115,0.00000,0.00000,-0.115,-0.009,0
751.4780,-0.00534,-0.02626,-0.00115,0.00000,0.00000,-0.115,-0.009,0
751.5300,-0.00533,-0.02621,-0.00115,0.00000,0.00000,-0.115,-0.009,0
751.5820,-0.00532,-0.02617,-0.00115,0.00000,0.00000,-0.115,-0.009,0
751.6340,-0.00532,-0.02613,-0.00115,0.00000,0.00000,-0.114,-0.009,0
751.6860,-0.00531,-0.02610,-0.00115,0.00000,0.00000,-0.114,-0.009,0
751.7380,-0.00531,-0.02607,-0.00115,0.00000,0.00000,-0.114,-0.009,0
751.7900,-0.00530,-0.02605,-0.00115,0.00000,0.00000,-0.114,-0.009,0
751.8420,-0.00530,-0.02603,-0.00115,0.00000,0.00000,-0.114,-0.009,0
751.8940,-0.00530,-0.02601,-0.00115,0.00000,0.00000,-0.114,-0.009,0
751.9460,-0.00529,-0.02599,-0.00115,0.00000,0.00000,-0.114,-0.009,0
751.9980,-0.00529,-0.02597,-0.00115,0.00000,0.00000,-0.113,-0.009,0
752.0500,-0.00529,-0.02595,-0.00115,0.00000,0.00000,-0.113,-0.009,0
752.1020,-0.00528,-0.02593,-0.00115,0.00000,0.00000,-0.113,-0.009,0
752.1540,-0.00528,-0.02592,-0.00115,0.00000,0.00000,-0.113,-0.009,0
752.2060,-0.00528,-0.02591,-0.00115,0.00000,0.00000,-0.113,-0.009,0
752.2580,-0.00528,-0.02589,-0.00115,0.00000,0.00000,-0.113,-0.009,0
752.3100,-0.00528,-0.02588,-0.00115,0.00000,0.00000,-0.113,-0.009,0
752.3620,-0.00528,-0.02587,-0.00115,0.00000,0.00000,-0.113,-0.009,0
752.4140,-0.00528,-0.02588,-0.00115,0.00000,0.00000,-0.113,-0.009,0
752.4660,-0.00529,-0.02590,-0.00115,0.00000,0.00000,-0.113,-0.009,0
752.5180,-0.00529,-0.02592,-0.00115,0.00000,0.00000,-0.113,-0.009,0
752.5700,-0.00530,-0.02594,-0.00115,0.00000,0.00000,-0.113,-0.009,0
752.6220,-0.00531,-0.02597,-0.00115,0.00000,0.00000,-0.113,-0.009,0
752.6740,-0.00531,-0.02599,-0.00115,0.00000,0.00000,-0.113,-0.009,0
752.7260,-0.00532,-0.02600,-0.00115,0.00000,0.00000,-0.113,-0.009,0
752.7780,-0.00532,-0.02602,-0.00115,0.00000,0.00000,-0.113,-0.009,0
752.8300,-0.00532,-0.02602,-0.00115,0.00000,0.00000,-0.113,-0.009,0
752.8820,-0.00533,-0.02604,-0.00115,0.00000,0.00000,-0.113,-0.009,0
752.9340,-0.00533,-0.02605,-0.00115,0.00000,0.00000,-0.113,-0.009,0
752.9860,-0.00533,-0.02606,-0.00115,0.00000,0.00000,-0.113,-0.009,0
753.0380,-0.00533,-0.02607,-0.00115,0.00000,0.00000,-0.113,-0.009,0
753.0900,-0.00534,-0.02608,-0.00115,0.00000,0.00000,-0.113,-0.009,0
753.1420,-0.00534,-0.02609,-0.00115,0.00000,0.00000,-0.113,-0.009,0
753.1940,-0.00534,-0.02609,-0.00115,0.00000,0.00000,-0.113,-0.009,0
753.2460,-0.00534,-0.02609,-0.00115,0.00000,0.00000,-0.113,-0.009,0
753.2980,-0.00534,-0.02611,-0.00115,0.00000,0.00000,-0.113,-0.009,0
753.3500,-0.00534,-0.02612,-0.00115,0.00000,0.00000,-0.113,-0.009,0
753.4020,-0.00534,-0.02612,-0.00115,0.00000,0.00000,-0.113,-0.009,0
753.4540,-0.00534,-0.02613,-0.00115,0.00000,0.00000,-0.113,-0.009,0
753.5060,-0.00535,-0.02614,-0.00115,0.00000,0.00000,-0.114,-0.009,0
753.5580,-0.00535,-0.02614,-0.00115,0.00000,0.00000,-0.114,-0.009,0
753.6100,-0.00535,-0.02616,-0.00115,0.00000,0.00000,-0.114,-0.009,0
753.6620,-0.00535,-0.02618,-0.00115,0.00000,0.00000,-0.114,-0.009,0
753.7140,-0.00536,-0.02621,-0.00115,0.00000,0.00000,-0.114,-0.009,0
753.7660,-0.00537,-0.02626,-0.00115,0.00000,0.00000,-0.114,-0.009,0
753.8180,-0.00538,-0.02630,-0.00115,0.00000,0.00000,-0.114,-0.009,0
753.8700,-0.00539,-0.02634,-0.00115,0.00000,0.00000,-0.114,-0.009,0
753.9220,-0.00540,-0.02638,-0.00115,0.00000,0.00000,-0.115,-0.009,0
753.9740,-0.00540,-0.02640,-0.00115,0.00000,0.00000,-0.115,-0.009,0
754.0260,-0.00541,-0.02644,-0.00115,0.00000,0.00000,-0.115,-0.009,0
754.0780,-0.00542,-0.02649,-0.00115,0.00000,0.00000,-0.115,-0.009,0
754.1300,-0.00543,-0.02652,-0.00115,0.00000,0.00000,-0.115,-0.009,0
754.1820,-0.00543,-0.02656,-0.00115,0.00000,0.00000,-0.115,-0.009,0
754.2340,-0.00544,-0.02658,-0.00115,0.00000,0.00000,-0.116,-0.009,0
754.2860,-0.00544,-0.02661,-0.00115,0.00000,0.00000,-0.116,-0.009,0
754.3380,-0.00545,-0.02663,-0.00115,0.00000,0.00000,-0.116,-0.009,0
754.3900,-0.00545,-0.02666,-0.00115,0.00000,0.00000,-0.116,-0.009,0
754.4420,-0.00546,-0.02669,-0.00115,0.00000,0.00000,-0.116,-0.009,0
754.4940,-0.00546,-0.02672,-0.00115,0.00000,0.00000,-0.116,-0.009,0
754.5460,-0.00547,-0.02675,-0.00115,0.00000,0.00000,-0.116,-0.009,0
754.5980,-0.00547,-0.02677,-0.00115,0.00000,0.00000,-0.117,-0.009,0
754.6500,-0.00547,-0.02678,-0.00115,0.00000,0.00000,-0.117,-0.009,0
754.7020,-0.00547,-0.02679,-0.00115,0.00000,0.00000,-0.117,-0.009,0
754.7540,-0.00547,-0.02680,-0.00115,0.00000,0.00000,-0.117,-0.009,0
754.8060,-0.00548,-0.02681,-0.00115,0.00000,0.00000,-0.117,-0.009,0
754.8580,-0.00548,-0.02682,-0.00115,0.00000,0.00000,-0.117,-0.009,0
754.9100,-0.00548,-0.02683,-0.00115,0.00000,0.00000,-0.117,-0.009,0
754.9620,-0.00548,-0.02684,-0.00115,0.00000,0.00000,-0.117,-0.009,0
755.0140,-0.00548,-0.02685,-0.00115,0.00000,0.00000,-0.117,-0.009,0
755.0660,-0.00548,-0.02686,-0.00115,0.00000,0.00000,-0.117,-0.009,0
755.1180,-0.00549,-0.02689,-0.00115,0.00000,0.00000,-0.117,-0.009,0
755.1700,-0.00549,-0.02691,-0.00115,0.00000,0.00000,-0.118,-0.009,0
755.2220,-0.00549,-0.02693,-0.00115,0.00000,0.00000,-0.118,-0.009,0
755.2740,-0.00550,-0.02694,-0.00115,0.00000,0.00000,-0.118,-0.009,0
755.3260,-0.00550,-0.02696,-0.00115,0.00000,0.00000,-0.118,-0.009,0
755.3780,-0.00550,-0.02697,-0.00115,0.00000,0.00000,-0.118,-0.009,0
755.4300,-0.00551,-0.02700,-0.00115,0.00000,0.00000,-0.118,-0.009,0
755.4820,-0.00551,-0.02702,-0.00115,0.00000,0.00000,-0.118,-0.009,0
755.5340,-0.00551,-0.02704,-0.00115,0.00000,0.00000,-0.118,-0.009,0
755.5860,-0.00551,-0.02705,-0.00115,0.00000,0.00000,-0.118,-0.009,0
755.6380,-0.00552,-0.02708,-0.00115,0.00000,0.00000,-0.119,-0.009,0
755.6900,-0.00552,-0.02710,-0.00115,0.00000,0.00000,-0.119,-0.009,0
755.7420,-0.00553,-0.02712,-0.00115,0.00000,0.00000,-0.119,-0.009,0
755.7940,-0.00553,-0.02714,-0.00115,0.00000,0.00000,-0.119,-0.009,0
755.8460,-0.00554,-0.02716,-0.00115,0.00000,0.00000,-0.119,-0.009,0
755.8980,-0.00554,-0.02717,-0.00115,0.00000,0.00000,-0.119,-0.009,0
755.9500,-0.00554,-0.02717,-0.00115,0.00000,0.00000,-0.119,-0.009,0
756.0020,-0.00554,-0.02717,-0.00115,0.00000,0.00000,-0.119,-0.009,0
756.0540,-0.00554,-0.02717,-0.00115,0.00000,0.00000,-0.119,-0.009,0
756.1060,-0.00553,-0.02717,-0.00115,0.00000,0.00000,-0.119,-0.009,0
756.1580,-0.00553,-0.02716,-0.00115,0.00000,0.00000,-0.119,-0.009,0
756.2100,-0.00553,-0.02715,-0.00115,0.00000,0.00000,-0.119,-0.009,0
756.2620,-0.00552,-0.02713,-0.00115,0.00000,0.00000,-0.119,-0.009,0
756.3140,-0.00552,-0.02711,-0.00115,0.00000,0.00000,-0.119,-0.009,0
756.3660,-0.00552,-0.02711,-0.00115,0.00000,0.00000,-0.119,-0.009,0
756.4180,-0.00551,-0.02708,-0.00115,0.00000,0.00000,-0.119,-0.009,0
756.4700,-0.00551,-0.02707,-0.00115,0.00000,0.00000,-0.119,-0.009,0
756.5220,-0.00550,-0.02706,-0.00115,0.00000,0.00000,-0.119,-0.009,0
756.5740,-0.00550,-0.02705,-0.00115,0.00000,0.00000,-0.119,-0.009,0
756.6260,-0.00550,-0.02704,-0.00115,0.00000,0.00000,-0.119,-0.009,0
756.6780,-0.00549,-0.02702,-0.00115,0.00000,0.00000,-0.119,-0.009,0
756.7300,-0.00549,-0.02699,-0.00115,0.00000,0.00000,-0.119,-0.009,0
756.7820,-0.00548,-0.02697,-0.00115,0.00000,0.00000,-0.119,-0.009,0
756.8340,-0.00548,-0.02696,-0.00115,0.00000,0.00000,-0.119,-0.009,0
756.8860,-0.00548,-0.02696,-0.00115,0.00000,0.00000,-0.119,-0.009,0
756.9380,-0.00548,-0.02697,-0.00115,0.00000,0.00000,-0.119,-0.009,0
756.9900,-0.00549,-0.02699,-0.00115,0.00000,0.00000,-0.119,-0.009,0
757.0420,-0.00550,-0.02701,-0.00115,0.00000,0.00000,-0.119,-0.009,0
757.0940,-0.00550,-0.02703,-0.00115,0.00000,0.00000,-0.119,-0.009,0
757.1460,-0.00550,-0.02703,-0.00115,0.00000,0.00000,-0.119,-0.009,0
757.1980,-0.00550,-0.02702,-0.00115,0.00000,0.00000,-0.119,-0.009,0
757.2500,-0.00550,-0.02703,-0.00115,0.00000,0.00000,-0.119,-0.009,0
757.3020,-0.00550,-0.02704,-0.00115,0.00000,0.00000,-0.119,-0.009,0
757.3540,-0.00551,-0.02706,-0.00115,0.00000,0.00000,-0.119,-0.009,0
757.4060,-0.00551,-0.02708,-0.00115,0.00000,0.00000,-0.119,-0.009,0
757.4580,-0.00552,-0.02711,-0.00115,0.00000,0.00000,-0.119,-0.009,0
757.5100,-0.00553,-0.02714,-0.00115,0.00000,0.00000,-0.120,-0.009,0
757.5620,-0.00554,-0.02717,-0.00115,0.00000,0.00000,-0.120,-0.009,0
757.6140,-0.00554,-0.02721,-0.00115,0.00000,0.00000,-0.120,-0.009,0
757.6660,-0.00555,-0.02724,-0.00115,0.00000,0.00000,-0.120,-0.009,0
757.7180,-0.00556,-0.02727,-0.00115,0.00000,0.00000,-0.120,-0.009,0
757.7700,-0.00556,-0.02730,-0.00115,0.00000,0.00000,-0.120,-0.009,0
757.8220,-0.00557,-0.02731,-0.00115,0.00000,0.00000,-0.120,-0.009,0
757.8740,-0.00557,-0.02733,-0.00115,0.00000,0.00000,-0.120,-0.009,0
757.9260,-0.00557,-0.02733,-0.00115,0.00000,0.00000,-0.121,-0.009,0
757.9780,-0.00557,-0.02734,-0.00115,0.00000,0.00000,-0.121,-0.009,0
758.0300,-0.00557,-0.02734,-0.00115,0.00000,0.00000,-0.121,-0.009,0
758.0820,-0.00557,-0.02734,-0.00115,0.00000,0.00000,-0.121,-0.009,0
758.1340,-0.00557,-0.02733,-0.00115,0.00000,0.00000,-0.121,-0.009,0
758.1860,-0.00556,-0.02733,-0.00115,0.00000,0.00000,-0.121,-0.009,0
758.2380,-0.00556,-0.02731,-0.00115,0.00000,0.00000,-0.121,-0.009,0
758.2900,-0.00556,-0.02730,-0.00115,0.00000,0.00000,-0.120,-0.009,0
758.3420,-0.00555,-0.02730,-0.00115,0.00000,0.00000,-0.120,-0.009,0
758.3940,-0.00555,-0.02730,-0.00115,0.00000,0.00000,-0.120,-0.009,0
758.4460,-0.00555,-0.02729,-0.00115,0.00000,0.00000,-0.120,-0.009,0
758.4980,-0.00555,-0.02727,-0.00115,0.00000,0.00000,-0.120,-0.009,0
758.5500,-0.00554,-0.02724,-0.00115,0.00000,0.00000,-0.120,-0.009,0
758.6020,-0.00553,-0.02721,-0.00115,0.00000,0.00000,-0.120,-0.009,0
758.6540,-0.00552,-0.02717,-0.00115,0.00000,0.00000,-0.120,-0.009,0
758.7060,-0.00551,-0.02713,-0.00115,0.00000,0.00000,-0.120,-0.009,0
758.7580,-0.00551,-0.02710,-0.00115,0.00000,0.00000,-0.120,-0.009,0
758.8100,-0.00550,-0.02708,-0.00115,0.00000,0.00000,-0.120,-0.009,0
758.8620,-0.00550,-0.02707,-0.00115,0.00000,0.00000,-0.120,-0.009,0
758.9140,-0.00550,-0.02705,-0.00115,0.00000,0.00000,-0.119,-0.009,0
758.9660,-0.00549,-0.02703,-0.00115,0.00000,0.00000,-0.119,-0.009,0
759.0180,-0.00549,-0.02700,-0.00115,0.00000,0.00000,-0.119,-0.009,0
759.0700,-0.00548,-0.02697,-0.00115,0.00000,0.00000,-0.119,-0.009,0
759.1220,-0.00547,-0.02693,-0.00115,0.00000,0.00000,-0.119,-0.009,0
759.1740,-0.00547,-0.02691,-0.00115,0.00000,0.00000,-0.119,-0.009,0
759.2260,-0.00546,-0.02689,-0.00115,0.00000,0.00000,-0.119,-0.009,0
759.2780,-0.00546,-0.02688,-0.00115,0.00000,0.00000,-0.119,-0.009,0
759.3300,-0.00546,-0.02688,-0.00115,0.00000,0.00000,-0.119,-0.009,0
759.3820,-0.00546,-0.02687,-0.00115,0.00000,0.00000,-0.119,-0.009,0
759.4340,-0.00545,-0.02684,-0.00115,0.00000,0.00000,-0.118,-0.009,0
759.4860,-0.00545,-0.02680,-0.00115,0.00000,0.00000,-0.118,-0.009,0
759.5380,-0.00544,-0.02678,-0.00115,0.00000,0.00000,-0.118,-0.009,0
759.5900,-0.00544,-0.02677,-0.00115,0.00000,0.00000,-0.118,-0.009,0
759.6420,-0.00544,-0.02676,-0.00115,0.00000,0.00000,-0.118,-0.009,0
759.6940,-0.00544,-0.02675,-0.00115,0.00000,0.00000,-0.118,-0.009,0
759.7460,-0.00544,-0.02674,-0.00115,0.00000,0.00000,-0.118,-0.009,0
759.7980,-0.00543,-0.02672,-0.00115,0.00000,0.00000,-0.118,-0.009,0
759.8500,-0.00543,-0.02669,-0.00115,0.00000,0.00000,-0.118,-0.009,0
759.9020,-0.00542,-0.02665,-0.00115,0.00000,0.00000,-0.118,-0.009,0
759.9540,-0.00542,-0.02662,-0.00115,0.00000,0.00000,-0.117,-0.009,0
760.0060,-0.00541,-0.02659,-0.00115,0.00000,0.00000,-0.117,-0.009,0
760.0580,-0.00541,-0.02657,-0.00115,0.00000,0.00000,-0.117,-0.009,0
760.1100,-0.00540,-0.02656,-0.00115,0.00000,0.00000,-0.117,-0.009,0
760.1620,-0.00540,-0.02655,-0.00115,0.00000,0.00000,-0.117,-0.009,0
760.2140,-0.00540,-0.02654,-0.00115,0.00000,0.00000,-0.117,-0.009,0
760.2660,-0.00540,-0.02654,-0.00115,0.00000,0.00000,-0.117,-0.009,0
760.3180,-0.00541,-0.02655,-0.00115,0.00000,0.00000,-0.117,-0.009,0
760.3700,-0.00541,-0.02655,-0.00115,0.00000,0.00000,-0.117,-0.009,0
760.4220,-0.00541,-0.02656,-0.00115,0.00000,0.00000,-0.117,-0.009,0
760.4740,-0.00541,-0.02656,-0.00115,0.00000,0.00000,-0.117,-0.009,0
760.5260,-0.00541,-0.02656,-0.00115,0.00000,0.00000,-0.117,-0.009,0
760.5780,-0.00541,-0.02655,-0.00115,0.00000,0.00000,-0.117,-0.009,0
760.6300,-0.00541,-0.02654,-0.00115,0.00000,0.00000,-0.117,-0.009,0
760.6820,-0.00541,-0.02654,-0.00115,0.00000,0.00000,-0.117,-0.009,0
760.7340,-0.00541,-0.02652,-0.00115,0.00000,0.00000,-0.117,-0.009,0
760.7860,-0.00540,-0.02650,-0.00115,0.00000,0.00000,-0.116,-0.009,0
760.8380,-0.00540,-0.02649,-0.00115,0.00000,0.00000,-0.116,-0.009,0
760.8900,-0.00540,-0.02648,-0.00115,0.00000,0.00000,-0.116,-0.009,0
760.9420,-0.00540,-0.02648,-0.00115,0.00000,0.00000,-0.116,-0.009,0
760.9940,-0.00540,-0.02647,-0.00115,0.00000,0.00000,-0.116,-0.009,0
761.0460,-0.00539,-0.02646,-0.00115,0.00000,0.00000,-0.116,-0.009,0
761.0980,-0.00539,-0.02646,-0.00115,0.00000,0.00000,-0.116,-0.009,0
761.1500,-0.00540,-0.02647,-0.00115,0.00000,0.00000,-0.116,-0.009,0
761.2020,-0.00540,-0.02648,-0.00115,0.00000,0.00000,-0.116,-0.009,0
761.2540,-0.00541,-0.02650,-0.00115,0.00000,0.00000,-0.116,-0.009,0
761.3060,-0.00541,-0.02652,-0.00115,0.00000,0.00000,-0.116,-0.009,0
761.3580,-0.00542,-0.02654,-0.00115,0.00000,0.00000,-0.116,-0.009,0
761.4100,-0.00542,-0.02657,-0.00115,0.00000,0.00000,-0.116,-0.009,0
761.4620,-0.00543,-0.02658,-0.00115,0.00000,0.00000,-0.117,-0.009,0
761.5140,-0.00543,-0.02661,-0.00115,0.00000,0.00000,-0.117,-0.009,0
761.5660,-0.00544,-0.02664,-0.00115,0.00000,0.00000,-0.117,-0.009,0
761.6180,-0.00544,-0.02665,-0.00115,0.00000,0.00000,-0.117,-0.009,0
761.6700,-0.00545,-0.02667,-0.00115,0.00000,0.00000,-0.117,-0.009,0
761.7220,-0.00546,-0.02671,-0.00115,0.00000,0.00000,-0.117,-0.009,0
761.7740,-0.00546,-0.02675,-0.00115,0.00000,0.00000,-0.117,-0.009,0
761.8260,-0.00547,-0.02678,-0.00115,0.00000,0.00000,-0.117,-0.009,0
761.8780,-0.00547,-0.02680,-0.00115,0.00000,0.00000,-0.117,-0.009,0
761.9300,-0.00548,-0.02682,-0.00115,0.00000,0.00000,-0.118,-0.009,0
761.9820,-0.00548,-0.02683,-0.00115,0.00000,0.00000,-0.118,-0.009,0
762.0340,-0.00548,-0.02684,-0.00115,0.00000,0.00000,-0.118,-0.009,0
762.0860,-0.00548,-0.02684,-0.00115,0.00000,0.00000,-0.118,-0.009,0
762.1380,-0.00548,-0.02683,-0.00115,0.00000,0.00000,-0.118,-0.009,0
762.1900,-0.00547,-0.02681,-0.00115,0.00000,0.00000,-0.118,-0.009,0
762.2420,-0.00546,-0.02679,-0.00115,0.00000,0.00000,-0.117,-0.009,0
762.2940,-0.00546,-0.02678,-0.00115,0.00000,0.00000,-0.117,-0.009,0
762.3460,-0.00546,-0.02678,-0.00115,0.00000,0.00000,-0.117,-0.009,0
762.3980,-0.00546,-0.02678,-0.00115,0.00000,0.00000,-0.117,-0.009,0
762.4500,-0.00546,-0.02677,-0.00115,0.00000,0.00000,-0.117,-0.009,0
762.5020,-0.00545,-0.02676,-0.00115,0.00000,0.00000,-0.117,-0.009,0
762.5540,-0.00545,-0.02675,-0.00115,0.00000,0.00000,-0.117,-0.009,0
762.6060,-0.00545,-0.02673,-0.00115,0.00000,0.00000,-0.117,-0.009,0
762.6580,-0.00544,-0.02671,-0.00115,0.00000,0.00000,-0.117,-0.009,0
762.7100,-0.00544,-0.02669,-0.00115,0.00000,0.00000,-0.117,-0.009,0
762.7620,-0.00543,-0.02666,-0.00115,0.00000,0.00000,-0.117,-0.009,0
762.8140,-0.00542,-0.02662,-0.00115,0.00000,0.00000,-0.117,-0.009,0
762.8660,-0.00542,-0.02660,-0.00115,0.00000,0.00000,-0.117,-0.009,0
762.9180,-0.00541,-0.02659,-0.00115,0.00000,0.00000,-0.117,-0.009,0
762.9700,-0.00541,-0.02659,-0.00115,0.00000,0.00000,-0.117,-0.009,0
763.0220,-0.00541,-0.02659,-0.00115,0.00000,0.00000,-0.116,-0.009,0
763.0740,-0.00542,-0.02659,-0.00115,0.00000,0.00000,-0.117,-0.009,0
763.1260,-0.00542,-0.02661,-0.00115,0.00000,0.00000,-0.117,-0.009,0
763.1780,-0.00542,-0.02662,-0.00115,0.00000,0.00000,-0.117,-0.009,0
763.2300,-0.00543,-0.02664,-0.00115,0.00000,0.00000,-0.117,-0.009,0
763.2820,-0.00543,-0.02665,-0.00115,0.00000,0.00000,-0.117,-0.009,0
763.3340,-0.00543,-0.02666,-0.00115,0.00000,0.00000,-0.117,-0.009,0
763.3860,-0.00544,-0.02667,-0.00115,0.00000,0.00000,-0.117,-0.009,0
763.4380,-0.00544,-0.02668,-0.00115,0.00000,0.00000,-0.117,-0.009,0
763.4900,-0.00544,-0.02668,-0.00115,0.00000,0.00000,-0.117,-0.009,0
763.5420,-0.00544,-0.02668,-0.00115,0.00000,0.00000,-0.117,-0.009,0
763.5940,-0.00544,-0.02669,-0.00115,0.00000,0.00000,-0.117,-0.009,0
763.6460,-0.00544,-0.02670,-0.00115,0.00000,0.00000,-0.117,-0.009,0
763.6980,-0.00545,-0.02670,-0.00115,0.00000,0.00000,-0.117,-0.009,0
763.7500,-0.00545,-0.02671,-0.00115,0.00000,0.00000,-0.117,-0.009,0
763.8020,-0.00545,-0.02671,-0.00115,0.00000,0.00000,-0.117,-0.009,0
763.8540,-0.00545,-0.02672,-0.00115,0.00000,0.00000,-0.117,-0.009,0
763.9060,-0.00545,-0.02673,-0.00115,0.00000,0.00000,-0.117,-0.009,0
763.9580,-0.00545,-0.02673,-0.00115,0.00000,0.00000,-0.117,-0.009,0
764.0100,-0.00545,-0.02674,-0.00115,0.00000,0.00000,-0.117,-0.009,0
764.0620,-0.00546,-0.02675,-0.00115,0.00000,0.00000,-0.117,-0.009,0
764.1140,-0.00546,-0.02677,-0.00115,0.00000,0.00000,-0.117,-0.009,0
764.1660,-0.00546,-0.02678,-0.00115,0.00000,0.00000,-0.117,-0.009,0
764.2180,-0.00546,-0.02677,-0.00115,0.00000,0.00000,-0.117,-0.009,0
764.2700,-0.00545,-0.02674,-0.00115,0.00000,0.00000,-0.117,-0.009,0
764.3220,-0.00545,-0.02672,-0.00115,0.00000,0.00000,-0.117,-0.009,0
764.3740,-0.00544,-0.02669,-0.00115,0.00000,0.00000,-0.117,-0.009,0
764.4260,-0.00543,-0.02667,-0.00115,0.00000,0.00000,-0.117,-0.009,0
764.4780,-0.00543,-0.02666,-0.00115,0.00000,0.00000,-0.117,-0.009,0
764.5300,-0.00543,-0.02666,-0.00115,0.00000,0.00000,-0.117,-0.009,0
764.5820,-0.00543,-0.02665,-0.00115,0.00000,0.00000,-0.117,-0.009,0
764.6340,-0.00542,-0.02663,-0.00115,0.00000,0.00000,-0.117,-0.009,0
764.6860,-0.00542,-0.02661,-0.00115,0.00000,0.00000,-0.117,-0.009,0
764.7380,-0.00542,-0.02660,-0.00115,0.00000,0.00000,-0.117,-0.009,0
764.7900,-0.00542,-0.02660,-0.00115,0.00000,0.00000,-0.117,-0.009,0
764.8420,-0.00542,-0.02660,-0.00115,0.00000,0.00000,-0.117,-0.009,0
764.8940,-0.00542,-0.02660,-0.00115,0.00000,0.00000,-0.117,-0.009,0
764.9460,-0.00542,-0.02661,-0.00115,0.00000,0.00000,-0.117,-0.009,0
764.9980,-0.00542,-0.02662,-0.00115,0.00000,0.00000,-0.117,-0.009,0
765.0500,-0.00543,-0.02664,-0.00115,0.00000,0.00000,-0.117,-0.009,0
765.1020,-0.00543,-0.02666,-0.00115,0.00000,0.00000,-0.117,-0.009,0
765.1540,-0.00544,-0.02670,-0.00115,0.00000,0.00000,-0.117,-0.009,0
765.2060,-0.00545,-0.02674,-0.00115,0.00000,0.00000,-0.117,-0.009,0
765.2580,-0.00546,-0.02677,-0.00115,0.00000,0.00000,-0.117,-0.009,0
765.3100,-0.00547,-0.02680,-0.00115,0.00000,0.00000,-0.117,-0.009,0
765.3620,-0.00547,-0.02682,-0.00115,0.00000,0.00000,-0.118,-0.009,0
765.4140,-0.00547,-0.02683,-0.00115,0.00000,0.00000,-0.118,-0.009,0
765.4660,-0.00547,-0.02683,-0.00115,0.00000,0.00000,-0.118,-0.009,0
765.5180,-0.00547,-0.02682,-0.00115,0.00000,0.00000,-0.118,-0.009,0
765.5700,-0.00547,-0.02681,-0.00115,0.00000,0.00000,-0.118,-0.009,0
765.6220,-0.00546,-0.02680,-0.00115,0.00000,0.00000,-0.117,-0.009,0
765.6740,-0.00546,-0.02678,-0.00115,0.00000,0.00000,-0.117,-0.009,0
765.7260,-0.00546,-0.02677,-0.00115,0.00000,0.00000,-0.117,-0.009,0
765.7780,-0.00545,-0.02676,-0.00115,0.00000,0.00000,-0.117,-0.009,0
765.8300,-0.00545,-0.02673,-0.00115,0.00000,0.00000,-0.117,-0.009,0
765.8820,-0.00544,-0.02670,-0.00115,0.00000,0.00000,-0.117,-0.009,0
765.9340,-0.00544,-0.02669,-0.00115,0.00000,0.00000,-0.117,-0.009,0
765.9860,-0.00544,-0.02669,-0.00115,0.00000,0.00000,-0.117,-0.009,0
766.0380,-0.00544,-0.02668,-0.00115,0.00000,0.00000,-0.117,-0.009,0
766.0900,-0.00543,-0.02668,-0.00115,0.00000,0.00000,-0.117,-0.009,0
766.1420,-0.00543,-0.02667,-0.00115,0.00000,0.00000,-0.117,-0.009,0
766.1940,-0.00543,-0.02667,-0.00115,0.00000,0.00000,-0.117,-0.009,0
766.2460,-0.00543,-0.02667,-0.00115,0.00000,0.00000,-0.117,-0.009,0
766.2980,-0.00543,-0.02667,-0.00115,0.00000,0.00000,-0.117,-0.009,0
766.3500,-0.00543,-0.02667,-0.00115,0.00000,0.00000,-0.117,-0.009,0
766.4020,-0.00544,-0.02669,-0.00115,0.00000,0.00000,-0.117,-0.009,0
766.4540,-0.00544,-0.02670,-0.00115,0.00000,0.00000,-0.117,-0.009,0
766.5060,-0.00544,-0.02672,-0.00115,0.00000,0.00000,-0.117,-0.009,0
766.5580,-0.00545,-0.02675,-0.00115,0.00000,0.00000,-0.117,-0.009,0
766.6100,-0.00546,-0.02676,-0.00115,0.00000,0.00000,-0.117,-0.009,0
766.6620,-0.00546,-0.02678,-0.00115,0.00000,0.00000,-0.117,-0.009,0
766.7140,-0.00546,-0.02680,-0.00115,0.00000,0.00000,-0.118,-0.009,0
766.7660,-0.00547,-0.02683,-0.00115,0.00000,0.00000,-0.118,-0.009,0
766.8180,-0.00548,-0.02685,-0.00115,0.00000,0.00000,-0.118,-0.009,0
766.8700,-0.00548,-0.02687,-0.00115,0.00000,0.00000,-0.118,-0.009,0
766.9220,-0.00548,-0.02687,-0.00115,0.00000,0.00000,-0.118,-0.009,0
766.9740,-0.00548,-0.02687,-0.00115,0.00000,0.00000,-0.118,-0.009,0
767.0260,-0.00548,-0.02686,-0.00115,0.00000,0.00000,-0.118,-0.009,0
767.0780,-0.00547,-0.02685,-0.00115,0.00000,0.00000,-0.118,-0.009,0
767.1300,-0.00547,-0.02685,-0.00115,0.00000,0.00000,-0.118,-0.009,0
767.1820,-0.00547,-0.02685,-0.00115,0.00000,0.00000,-0.118,-0.009,0
767.2340,-0.00547,-0.02684,-0.00115,0.00000,0.00000,-0.118,-0.009,0
767.2860,-0.00547,-0.02684,-0.00115,0.00000,0.00000,-0.118,-0.009,0
767.3380,-0.00547,-0.02684,-0.00115,0.00000,0.00000,-0.118,-0.009,0
767.3900,-0.00547,-0.02684,-0.00115,0.00000,0.00000,-0.118,-0.009,0
767.4420,-0.00547,-0.02683,-0.00115,0.00000,0.00000,-0.118,-0.009,0
767.4940,-0.00546,-0.02682,-0.00115,0.00000,0.00000,-0.118,-0.009,0
767.5460,-0.00546,-0.02680,-0.00115,0.00000,0.00000,-0.118,-0.009,0
767.5980,-0.00546,-0.02678,-0.00115,0.00000,0.00000,-0.118,-0.009,0
767.6500,-0.00545,-0.02675,-0.00115,0.00000,0.00000,-0.117,-0.009,0
767.7020,-0.00544,-0.02672,-0.00115,0.00000,0.00000,-0.117,-0.009,0
767.7540,-0.00544,-0.02671,-0.00115,0.00000,0.00000,-0.117,-0.009,0
767.8060,-0.00544,-0.02672,-0.00115,0.00000,0.00000,-0.117,-0.009,0
767.8580,-0.00544,-0.02672,-0.00115,0.00000,0.00000,-0.117,-0.009,0
767.9100,-0.00544,-0.02672,-0.00115,0.00000,0.00000,-0.117,-0.009,0
767.9620,-0.00544,-0.02671,-0.00115,0.00000,0.00000,-0.117,-0.009,0
768.0140,-0.00544,-0.02669,-0.00115,0.00000,0.00000,-0.117,-0.009,0
768.0660,-0.00543,-0.02669,-0.00115,0.00000,0.00000,-0.117,-0.009,0
768.1180,-0.00543,-0.02668,-0.00115,0.00000,0.00000,-0.117,-0.009,0
768.1700,-0.00543,-0.02667,-0.00115,0.00000,0.00000,-0.117,-0.009,0
768.2220,-0.00543,-0.02666,-0.00115,0.00000,0.00000,-0.117,-0.009,0
768.2740,-0.00543,-0.02665,-0.00115,0.00000,0.00000,-0.117,-0.009,0
768.3260,-0.00543,-0.02665,-0.00115,0.00000,0.00000,-0.117,-0.009,0
768.3780,-0.00543,-0.02664,-0.00115,0.00000,0.00000,-0.117,-0.009,0
768.4300,-0.00543,-0.02664,-0.00115,0.00000,0.00000,-0.117,-0.009,0
768.4820,-0.00543,-0.02663,-0.00115,0.00000,0.00000,-0.117,-0.009,0
768.5340,-0.00542,-0.02663,-0.00115,0.00000,0.00000,-0.117,-0.009,0
768.5860,-0.00542,-0.02661,-0.00115,0.00000,0.00000,-0.117,-0.009,0
768.6380,-0.00541,-0.02658,-0.00115,0.00000,0.00000,-0.117,-0.009,0
768.6900,-0.00541,-0.02655,-0.00115,0.00000,0.00000,-0.116,-0.009,0
768.7420,-0.00540,-0.02652,-0.00115,0.00000,0.00000,-0.116,-0.009,0
768.7940,-0.00540,-0.02649,-0.00115,0.00000,0.00000,-0.116,-0.009,0
768.8460,-0.00539,-0.02647,-0.00115,0.00000,0.00000,-0.116,-0.009,0
768.8980,-0.00539,-0.02646,-0.00115,0.00000,0.00000,-0.116,-0.009,0
768.9500,-0.00539,-0.02646,-0.00115,0.00000,0.00000,-0.116,-0.009,0
769.0020,-0.00539,-0.02646,-0.00115,0.00000,0.00000,-0.116,-0.009,0
769.0540,-0.00539,-0.02645,-0.00115,0.00000,0.00000,-0.116,-0.009,0
769.1060,-0.00539,-0.02644,-0.00115,0.00000,0.00000,-0.116,-0.009,0
769.1580,-0.00539,-0.02644,-0.00115,0.00000,0.00000,-0.116,-0.009,0
769.2100,-0.00539,-0.02643,-0.00115,0.00000,0.00000,-0.116,-0.009,0
769.2620,-0.00538,-0.02641,-0.00115,0.00000,0.00000,-0.116,-0.009,0
769.3140,-0.00538,-0.02639,-0.00115,0.00000,0.00000,-0.116,-0.009,0
769.3660,-0.00538,-0.02639,-0.00115,0.00000,0.00000,-0.116,-0.009,0
769.4180,-0.00538,-0.02639,-0.00115,0.00000,0.00000,-0.116,-0.009,0
769.4700,-0.00538,-0.02640,-0.00115,0.00000,0.00000,-0.116,-0.009,0
769.5220,-0.00539,-0.02642,-0.00115,0.00000,0.00000,-0.116,-0.009,0
769.5740,-0.00539,-0.02643,-0.00115,0.00000,0.00000,-0.116,-0.009,0
769.6260,-0.00540,-0.02645,-0.00115,0.00000,0.00000,-0.116,-0.009,0
769.6780,-0.00540,-0.02646,-0.00115,0.00000,0.00000,-0.116,-0.009,0
769.7300,-0.00540,-0.02648,-0.00115,0.00000,0.00000,-0.116,-0.009,0
769.7820,-0.00541,-0.02650,-0.00115,0.00000,0.00000,-0.116,-0.009,0
769.8340,-0.00541,-0.02652,-0.00115,0.00000,0.00000,-0.116,-0.009,0
769.8860,-0.00542,-0.02654,-0.00115,0.00000,0.00000,-0.116,-0.009,0
769.9380,-0.00542,-0.02656,-0.00115,0.00000,0.00000,-0.116,-0.009,0
769.9900,-0.00543,-0.02659,-0.00115,0.00000,0.00000,-0.116,-0.009,0
770.0420,-0.00544,-0.02662,-0.00115,0.00000,0.00000,-0.116,-0.009,0
770.0940,-0.00544,-0.02663,-0.00115,0.00000,0.00000,-0.116,-0.009,0
770.1460,-0.00544,-0.02663,-0.00115,0.00000,0.00000,-0.117,-0.009,0
770.1980,-0.00544,-0.02664,-0.00115,0.00000,0.00000,-0.117,-0.009,0
770.2500,-0.00544,-0.02665,-0.00115,0.00000,0.00000,-0.117,-0.009,0
770.3020,-0.00544,-0.02666,-0.00115,0.00000,0.00000,-0.117,-0.009,0
770.3540,-0.00544,-0.02666,-0.00115,0.00000,0.00000,-0.117,-0.009,0
770.4060,-0.00544,-0.02665,-0.00115,0.00000,0.00000,-0.117,-0.009,0
770.4580,-0.00544,-0.02663,-0.00115,0.00000,0.00000,-0.117,-0.009,0
770.5100,-0.00543,-0.02662,-0.00115,0.00000,0.00000,-0.116,-0.009,0
770.5620,-0.00543,-0.02662,-0.00115,0.00000,0.00000,-0.116,-0.009,0
770.6140,-0.00543,-0.02661,-0.00115,0.00000,0.00000,-0.116,-0.009,0
770.6660,-0.00543,-0.02660,-0.00115,0.00000,0.00000,-0.116,-0.009,0
770.7180,-0.00542,-0.02659,-0.00115,0.00000,0.00000,-0.116,-0.009,0
770.7700,-0.00542,-0.02656,-0.00115,0.00000,0.00000,-0.116,-0.009,0
770.8220,-0.00541,-0.02654,-0.00115,0.00000,0.00000,-0.116,-0.009,0
770.8740,-0.00540,-0.02652,-0.00115,0.00000,0.00000,-0.116,-0.009,0
770.9260,-0.00540,-0.02649,-0.00115,0.00000,0.00000,-0.116,-0.009,0
770.9780,-0.00539,-0.02647,-0.00115,0.00000,0.00000,-0.116,-0.009,0
771.0300,-0.00539,-0.02646,-0.00115,0.00000,0.00000,-0.116,-0.009,0
771.0820,-0.00539,-0.02646,-0.00115,0.00000,0.00000,-0.116,-0.009,0
771.1340,-0.00539,-0.02647,-0.00115,0.00000,0.00000,-0.116,-0.009,0
771.1860,-0.00540,-0.02649,-0.00115,0.00000,0.00000,-0.116,-0.009,0
771.2380,-0.00540,-0.02651,-0.00115,0.00000,0.00000,-0.116,-0.009,0
771.2900,-0.00541,-0.02654,-0.00115,0.00000,0.00000,-0.116,-0.009,0
771.3420,-0.00542,-0.02658,-0.00115,0.00000,0.00000,-0.116,-0.009,0
771.3940,-0.00542,-0.02659,-0.00115,0.00000,0.00000,-0.116,-0.009,0
771.4460,-0.00543,-0.02660,-0.00115,0.00000,0.00000,-0.116,-0.009,0
771.4980,-0.00543,-0.02661,-0.00115,0.00000,0.00000,-0.116,-0.009,0
771.5500,-0.00543,-0.02662,-0.00115,0.00000,0.00000,-0.116,-0.009,0
771.6020,-0.00543,-0.02663,-0.00115,0.00000,0.00000,-0.116,-0.009,0
771.6540,-0.00544,-0.02664,-0.00115,0.00000,0.00000,-0.116,-0.009,0
771.7060,-0.00544,-0.02664,-0.00115,0.00000,0.00000,-0.117,-0.009,0
771.7580,-0.00543,-0.02664,-0.00115,0.00000,0.00000,-0.117,-0.009,0
771.8100,-0.00543,-0.02663,-0.00115,0.00000,0.00000,-0.116,-0.009,0
771.8620,-0.00543,-0.02663,-0.00115,0.00000,0.00000,-0.116,-0.009,0
771.9140,-0.00543,-0.02664,-0.00115,0.00000,0.00000,-0.117,-0.009,0
771.9660,-0.00543,-0.02663,-0.00115,0.00000,0.00000,-0.116,-0.009,0
772.0180,-0.00543,-0.02663,-0.00115,0.00000,0.00000,-0.116,-0.009,0
772.0700,-0.00543,-0.02662,-0.00115,0.00000,0.00000,-0.116,-0.009,0
772.1220,-0.00543,-0.02662,-0.00115,0.00000,0.00000,-0.116,-0.009,0
772.1740,-0.00543,-0.02663,-0.00115,0.00000,0.00000,-0.116,-0.009,0
772.2260,-0.00544,-0.02666,-0.00115,0.00000,0.00000,-0.117,-0.009,0
772.2780,-0.00544,-0.02667,-0.00115,0.00000,0.00000,-0.117,-0.009,0
772.3300,-0.00545,-0.02670,-0.00115,0.00000,0.00000,-0.117,-0.009,0
772.3820,-0.00545,-0.02672,-0.00115,0.00000,0.00000,-0.117,-0.009,0
772.4340,-0.00545,-0.02673,-0.00115,0.00000,0.00000,-0.117,-0.009,0
772.4860,-0.00546,-0.02674,-0.00115,0.00000,0.00000,-0.117,-0.009,0
772.5380,-0.00546,-0.02674,-0.00115,0.00000,0.00000,-0.117,-0.009,0
772.5900,-0.00545,-0.02674,-0.00115,0.00000,0.00000,-0.117,-0.009,0
772.6420,-0.00545,-0.02673,-0.00115,0.00000,0.00000,-0.117,-0.009,0
772.6940,-0.00545,-0.02671,-0.00115,0.00000,0.00000,-0.117,-0.009,0
772.7460,-0.00544,-0.02668,-0.00115,0.00000,0.00000,-0.117,-0.009,0
772.7980,-0.00543,-0.02665,-0.00115,0.00000,0.00000,-0.117,-0.009,0
772.8500,-0.00542,-0.02662,-0.00115,0.00000,0.00000,-0.117,-0.009,0
772.9020,-0.00542,-0.02660,-0.00115,0.00000,0.00000,-0.117,-0.009,0
772.9540,-0.00541,-0.02657,-0.00115,0.00000,0.00000,-0.116,-0.009,0
773.0060,-0.00541,-0.02656,-0.00115,0.00000,0.00000,-0.116,-0.009,0
773.0580,-0.00541,-0.02657,-0.00115,0.00000,0.00000,-0.116,-0.009,0
773.1100,-0.00541,-0.02657,-0.00115,0.00000,0.00000,-0.116,-0.009,0
773.1620,-0.00541,-0.02658,-0.00115,0.00000,0.00000,-0.116,-0.009,0
773.2140,-0.00542,-0.02658,-0.00115,0.00000,0.00000,-0.116,-0.009,0
773.2660,-0.00541,-0.02657,-0.00115,0.00000,0.00000,-0.116,-0.009,0
773.3180,-0.00541,-0.02657,-0.00115,0.00000,0.00000,-0.116,-0.009,0
773.3700,-0.00541,-0.02656,-0.00115,0.00000,0.00000,-0.116,-0.009,0
773.4220,-0.00541,-0.02655,-0.00115,0.00000,0.00000,-0.116,-0.009,0
773.4740,-0.00541,-0.02654,-0.00115,0.00000,0.00000,-0.116,-0.009,0
773.5260,-0.00541,-0.02653,-0.00115,0.00000,0.00000,-0.116,-0.009,0
773.5780,-0.00541,-0.02653,-0.00115,0.00000,0.00000,-0.116,-0.009,0
773.6300,-0.00541,-0.02653,-0.00115,0.00000,0.00000,-0.116,-0.009,0
773.6820,-0.00541,-0.02655,-0.00115,0.00000,0.00000,-0.116,-0.009,0
773.7340,-0.00542,-0.02660,-0.00115,0.00000,0.00000,-0.116,-0.009,0
773.7860,-0.00543,-0.02664,-0.00115,0.00000,0.00000,-0.117,-0.009,0
773.8380,-0.00544,-0.02667,-0.00115,0.00000,0.00000,-0.117,-0.009,0
773.8900,-0.00545,-0.02670,-0.00115,0.00000,0.00000,-0.117,-0.009,0
773.9420,-0.00545,-0.02672,-0.00115,0.00000,0.00000,-0.117,-0.009,0
773.9940,-0.00546,-0.02674,-0.00115,0.00000,0.00000,-0.117,-0.009,0
774.0460,-0.00546,-0.02675,-0.00115,0.00000,0.00000,-0.117,-0.009,0
774.0980,-0.00546,-0.02676,-0.00115,0.00000,0.00000,-0.117,-0.009,0
774.1500,-0.00547,-0.02678,-0.00115,0.00000,0.00000,-0.117,-0.009,0
774.2020,-0.00547,-0.02679,-0.00115,0.00000,0.00000,-0.117,-0.009,0
774.2540,-0.00547,-0.02681,-0.00115,0.00000,0.00000,-0.117,-0.009,0
774.3060,-0.00548,-0.02683,-0.00115,0.00000,0.00000,-0.117,-0.009,0
774.3580,-0.00548,-0.02685,-0.00115,0.00000,0.00000,-0.118,-0.009,0
774.4100,-0.00548,-0.02687,-0.00115,0.00000,0.00000,-0.118,-0.009,0
774.4620,-0.00549,-0.02688,-0.00115,0.00000,0.00000,-0.118,-0.009,0
774.5140,-0.00549,-0.02690,-0.00115,0.00000,0.00000,-0.118,-0.009,0
774.5660,-0.00549,-0.02692,-0.00115,0.00000,0.00000,-0.118,-0.009,0
774.6180,-0.00550,-0.02695,-0.00115,0.00000,0.00000,-0.118,-0.009,0
774.6700,-0.00551,-0.02699,-0.00115,0.00000,0.00000,-0.118,-0.009,0
774.7220,-0.00552,-0.02703,-0.00115,0.00000,0.00000,-0.118,-0.009,0
774.7740,-0.00552,-0.02706,-0.00115,0.00000,0.00000,-0.119,-0.009,0
774.8260,-0.00553,-0.02710,-0.00115,0.00000,0.00000,-0.119,-0.009,0
774.8780,-0.00554,-0.02714,-0.00115,0.00000,0.00000,-0.119,-0.009,0
774.9300,-0.00555,-0.02717,-0.00115,0.00000,0.00000,-0.119,-0.009,0
774.9820,-0.00555,-0.02719,-0.00115,0.00000,0.00000,-0.119,-0.009,0
775.0340,-0.00555,-0.02721,-0.00115,0.00000,0.00000,-0.119,-0.009,0
775.0860,-0.00555,-0.02722,-0.00115,0.00000,0.00000,-0.119,-0.009,0
775.1380,-0.00556,-0.02725,-0.00115,0.00000,0.00000,-0.120,-0.009,0
775.1900,-0.00556,-0.02727,-0.00115,0.00000,0.00000,-0.120,-0.009,0
775.2420,-0.00556,-0.02729,-0.00115,0.00000,0.00000,-0.120,-0.009,0
775.2940,-0.00557,-0.02731,-0.00115,0.00000,0.00000,-0.120,-0.009,0
775.3460,-0.00557,-0.02731,-0.00115,0.00000,0.00000,-0.120,-0.009,0
775.3980,-0.00556,-0.02729,-0.00115,0.00000,0.00000,-0.120,-0.009,0
775.4500,-0.00555,-0.02727,-0.00115,0.00000,0.00000,-0.120,-0.009,0
775.5020,-0.00555,-0.02725,-0.00115,0.00000,0.00000,-0.120,-0.009,0
775.5540,-0.00554,-0.02720,-0.00115,0.00000,0.00000,-0.120,-0.009,0
775.6060,-0.00552,-0.02716,-0.00115,0.00000,0.00000,-0.120,-0.009,0
775.6580,-0.00551,-0.02712,-0.00115,0.00000,0.00000,-0.119,-0.009,0
775.7100,-0.00550,-0.02708,-0.00115,0.00000,0.00000,-0.119,-0.009,0
775.7620,-0.00550,-0.02705,-0.00115,0.00000,0.00000,-0.119,-0.009,0
775.8140,-0.00549,-0.02703,-0.00115,0.00000,0.00000,-0.119,-0.009,0
775.8660,-0.00549,-0.02701,-0.00115,0.00000,0.00000,-0.119,-0.009,0
775.9180,-0.00549,-0.02701,-0.00115,0.00000,0.00000,-0.119,-0.009,0
775.9700,-0.00549,-0.02700,-0.00115,0.00000,0.00000,-0.119,-0.009,0
776.0220,-0.00549,-0.02700,-0.00115,0.00000,0.00000,-0.119,-0.009,0
776.0740,-0.00549,-0.02701,-0.00115,0.00000,0.00000,-0.119,-0.009,0
776.1260,-0.00549,-0.02702,-0.00115,0.00000,0.00000,-0.119,-0.009,0
776.1780,-0.00550,-0.02704,-0.00115,0.00000,0.00000,-0.119,-0.009,0
776.2300,-0.00550,-0.02705,-0.00115,0.00000,0.00000,-0.119,-0.009,0
776.2820,-0.00550,-0.02706,-0.00115,0.00000,0.00000,-0.119,-0.009,0
776.3340,-0.00550,-0.02706,-0.00115,0.00000,0.00000,-0.119,-0.009,0
776.3860,-0.00550,-0.02705,-0.00115,0.00000,0.00000,-0.119,-0.009,0
776.4380,-0.00550,-0.02705,-0.00115,0.00000,0.00000,-0.119,-0.009,0
776.4900,-0.00550,-0.02705,-0.00115,0.00000,0.00000,-0.119,-0.009,0
776.5420,-0.00551,-0.02707,-0.00115,0.00000,0.00000,-0.119,-0.009,0
776.5940,-0.00551,-0.02708,-0.00115,0.00000,0.00000,-0.119,-0.009,0
776.6460,-0.00551,-0.02708,-0.00115,0.00000,0.00000,-0.119,-0.009,0
776.6980,-0.00551,-0.02707,-0.00115,0.00000,0.00000,-0.119,-0.009,0
776.7500,-0.00550,-0.02704,-0.00115,0.00000,0.00000,-0.119,-0.009,0
776.8020,-0.00550,-0.02701,-0.00115,0.00000,0.00000,-0.119,-0.009,0
776.8540,-0.00549,-0.02699,-0.00115,0.00000,0.00000,-0.119,-0.009,0
776.9060,-0.00549,-0.02699,-0.00115,0.00000,0.00000,-0.119,-0.009,0
776.9580,-0.00550,-0.02701,-0.00115,0.00000,0.00000,-0.119,-0.009,0
777.0100,-0.00550,-0.02703,-0.00115,0.00000,0.00000,-0.119,-0.009,0
777.0620,-0.00551,-0.02705,-0.00115,0.00000,0.00000,-0.119,-0.009,0
777.1140,-0.00551,-0.02708,-0.00115,0.00000,0.00000,-0.119,-0.009,0
777.1660,-0.00552,-0.02709,-0.00115,0.00000,0.00000,-0.119,-0.009,0
777.2180,-0.00552,-0.02710,-0.00115,0.00000,0.00000,-0.119,-0.009,0
777.2700,-0.00552,-0.02711,-0.00115,0.00000,0.00000,-0.119,-0.009,0
777.3220,-0.00552,-0.02711,-0.00115,0.00000,0.00000,-0.119,-0.009,0
777.3740,-0.00552,-0.02711,-0.00115,0.00000,0.00000,-0.119,-0.009,0
777.4260,-0.00552,-0.02709,-0.00115,0.00000,0.00000,-0.119,-0.009,0
777.4780,-0.00551,-0.02707,-0.00115,0.00000,0.00000,-0.119,-0.009,0
777.5300,-0.00550,-0.02704,-0.00115,0.00000,0.00000,-0.119,-0.009,0
777.5820,-0.00550,-0.02702,-0.00115,0.00000,0.00000,-0.119,-0.009,0
777.6340,-0.00549,-0.02699,-0.00115,0.00000,0.00000,-0.119,-0.009,0
777.6860,-0.00549,-0.02696,-0.00115,0.00000,0.00000,-0.119,-0.009,0
777.7380,-0.00548,-0.02694,-0.00115,0.00000,0.00000,-0.119,-0.009,0
777.7900,-0.00548,-0.02693,-0.00115,0.00000,0.00000,-0.119,-0.009,0
777.8420,-0.00548,-0.02692,-0.00115,0.00000,0.00000,-0.119,-0.009,0
777.8940,-0.00548,-0.02691,-0.00115,0.00000,0.00000,-0.119,-0.009,0
777.9460,-0.00547,-0.02690,-0.00115,0.00000,0.00000,-0.119,-0.009,0
777.9980,-0.00547,-0.02689,-0.00115,0.00000,0.00000,-0.118,-0.009,0
778.0500,-0.00547,-0.02690,-0.00115,0.00000,0.00000,-0.118,-0.009,0
778.1020,-0.00548,-0.02691,-0.00115,0.00000,0.00000,-0.118,-0.009,0
778.1540,-0.00548,-0.02692,-0.00115,0.00000,0.00000,-0.119,-0.009,0
778.2060,-0.00548,-0.02694,-0.00115,0.00000,0.00000,-0.119,-0.009,0
778.2580,-0.00549,-0.02696,-0.00115,0.00000,0.00000,-0.119,-0.009,0
778.3100,-0.00549,-0.02698,-0.00115,0.00000,0.00000,-0.119,-0.009,0
778.3620,-0.00550,-0.02698,-0.00115,0.00000,0.00000,-0.119,-0.009,0
778.4140,-0.00550,-0.02698,-0.00115,0.00000,0.00000,-0.119,-0.009,0
778.4660,-0.00549,-0.02698,-0.00115,0.00000,0.00000,-0.119,-0.009,0
778.5180,-0.00549,-0.02697,-0.00115,0.00000,0.00000,-0.119,-0.009,0
778.5700,-0.00549,-0.02696,-0.00115,0.00000,0.00000,-0.119,-0.009,0
778.6220,-0.00549,-0.02695,-0.00115,0.00000,0.00000,-0.119,-0.009,0
778.6740,-0.00548,-0.02693,-0.00115,0.00000,0.00000,-0.119,-0.009,0
778.7260,-0.00548,-0.02691,-0.00115,0.00000,0.00000,-0.118,-0.009,0
778.7780,-0.00547,-0.02688,-0.00115,0.00000,0.00000,-0.118,-0.009,0
778.8300,-0.00546,-0.02685,-0.00115,0.00000,0.00000,-0.118,-0.009,0
778.8820,-0.00546,-0.02682,-0.00115,0.00000,0.00000,-0.118,-0.009,0
778.9340,-0.00545,-0.02679,-0.00115,0.00000,0.00000,-0.118,-0.009,0
778.9860,-0.00544,-0.02676,-0.00115,0.00000,0.00000,-0.118,-0.009,0
779.0380,-0.00544,-0.02673,-0.00115,0.00000,0.00000,-0.118,-0.009,0
779.0900,-0.00543,-0.02672,-0.00115,0.00000,0.00000,-0.118,-0.009,0
779.1420,-0.00543,-0.02670,-0.00115,0.00000,0.00000,-0.117,-0.009,0
779.1940,-0.00543,-0.02668,-0.00115,0.00000,0.00000,-0.117,-0.009,0
779.2460,-0.00543,-0.02667,-0.00115,0.00000,0.00000,-0.117,-0.009,0
779.2980,-0.00543,-0.02667,-0.00115,0.00000,0.00000,-0.117,-0.009,0
779.3500,-0.00543,-0.02666,-0.00115,0.00000,0.00000,-0.117,-0.009,0
779.4020,-0.00543,-0.02665,-0.00115,0.00000,0.00000,-0.117,-0.009,0
779.4540,-0.00543,-0.02666,-0.00115,0.00000,0.00000,-0.117,-0.009,0
779.5060,-0.00543,-0.02667,-0.00115,0.00000,0.00000,-0.117,-0.009,0
779.5580,-0.00544,-0.02669,-0.00115,0.00000,0.00000,-0.117,-0.009,0
779.6100,-0.00544,-0.02671,-0.00115,0.00000,0.00000,-0.117,-0.009,0
779.6620,-0.00545,-0.02672,-0.00115,0.00000,0.00000,-0.117,-0.009,0
779.7140,-0.00545,-0.02675,-0.00115,0.00000,0.00000,-0.117,-0.009,0
779.7660,-0.00546,-0.02679,-0.00115,0.00000,0.00000,-0.118,-0.009,0
779.8180,-0.00547,-0.02683,-0.00115,0.00000,0.00000,-0.118,-0.009,0
779.8700,-0.00548,-0.02686,-0.00115,0.00000,0.00000,-0.118,-0.009,0
779.9220,-0.00549,-0.02689,-0.00115,0.00000,0.00000,-0.118,-0.009,0
779.9740,-0.00549,-0.02692,-0.00115,0.00000,0.00000,-0.118,-0.009,0
780.0260,-0.00549,-0.02693,-0.00115,0.00000,0.00000,-0.118,-0.009,0
780.0780,-0.00550,-0.02694,-0.00115,0.00000,0.00000,-0.118,-0.009,0
780.1300,-0.00550,-0.02694,-0.00115,0.00000,0.00000,-0.118,-0.009,0
780.1820,-0.00550,-0.02694,-0.00115,0.00000,0.00000,-0.118,-0.009,0
780.2340,-0.00550,-0.02694,-0.00115,0.00000,0.00000,-0.118,-0.009,0
780.2860,-0.00549,-0.02694,-0.00115,0.00000,0.00000,-0.118,-0.009,0
780.3380,-0.00549,-0.02693,-0.00115,0.00000,0.00000,-0.118,-0.009,0
780.3900,-0.00548,-0.02691,-0.00115,0.00000,0.00000,-0.118,-0.009,0
780.4420,-0.00548,-0.02689,-0.00115,0.00000,0.00000,-0.118,-0.009,0
780.4940,-0.00548,-0.02688,-0.00115,0.00000,0.00000,-0.118,-0.009,0
780.5460,-0.00547,-0.02687,-0.00115,0.00000,0.00000,-0.118,-0.009,0
780.5980,-0.00547,-0.02686,-0.00115,0.00000,0.00000,-0.118,-0.009,0
780.6500,-0.00547,-0.02684,-0.00115,0.00000,0.00000,-0.118,-0.009,0
780.7020,-0.00546,-0.02681,-0.00115,0.00000,0.00000,-0.118,-0.009,0
780.7540,-0.00545,-0.02677,-0.00115,0.00000,0.00000,-0.118,-0.009,0
780.8060,-0.00544,-0.02674,-0.00115,0.00000,0.00000,-0.117,-0.009,0
780.8580,-0.00544,-0.02672,-0.00115,0.00000,0.00000,-0.117,-0.009,0
780.9100,-0.00544,-0.02672,-0.00115,0.00000,0.00000,-0.117,-0.009,0
780.9620,-0.00544,-0.02671,-0.00115,0.00000,0.00000,-0.117,-0.009,0
781.0140,-0.00543,-0.02669,-0.00115,0.00000,0.00000,-0.117,-0.009,0
781.0660,-0.00543,-0.02668,-0.00115,0.00000,0.00000,-0.117,-0.009,0
781.1180,-0.00543,-0.02666,-0.00115,0.00000,0.00000,-0.117,-0.009,0
781.1700,-0.00542,-0.02664,-0.00115,0.00000,0.00000,-0.117,-0.009,0
781.2220,-0.00542,-0.02661,-0.00115,0.00000,0.00000,-0.117,-0.009,0
781.2740,-0.00541,-0.02659,-0.00115,0.00000,0.00000,-0.117,-0.009,0
781.3260,-0.00540,-0.02656,-0.00115,0.00000,0.00000,-0.117,-0.009,0
781.3780,-0.00540,-0.02653,-0.00115,0.00000,0.00000,-0.117,-0.009,0
781.4300,-0.00539,-0.02650,-0.00115,0.00000,0.00000,-0.116,-0.009,0
781.4820,-0.00539,-0.02648,-0.00115,0.00000,0.00000,-0.116,-0.009,0
781.5340,-0.00539,-0.02646,-0.00115,0.00000,0.00000,-0.116,-0.009,0
781.5860,-0.00539,-0.02646,-0.00115,0.00000,0.00000,-0.116,-0.009,0
781.6380,-0.00539,-0.02646,-0.00115,0.00000,0.00000,-0.116,-0.009,0
781.6900,-0.00539,-0.02647,-0.00115,0.00000,0.00000,-0.116,-0.009,0
781.7420,-0.00539,-0.02648,-0.00115,0.00000,0.00000,-0.116,-0.009,0
781.7940,-0.00540,-0.02648,-0.00115,0.00000,0.00000,-0.116,-0.009,0
781.8460,-0.00540,-0.02649,-0.00115,0.00000,0.00000,-0.116,-0.009,0
781.8980,-0.00540,-0.02649,-0.00115,0.00000,0.00000,-0.116,-0.009,0
781.9500,-0.00540,-0.02649,-0.00115,0.00000,0.00000,-0.116,-0.009,0
782.0020,-0.00540,-0.02650,-0.00115,0.00000,0.00000,-0.116,-0.009,0
782.0540,-0.00541,-0.02652,-0.00115,0.00000,0.00000,-0.116,-0.009,0
782.1060,-0.00541,-0.02654,-0.00115,0.00000,0.00000,-0.116,-0.009,0
782.1580,-0.00542,-0.02656,-0.00115,0.00000,0.00000,-0.116,-0.009,0
782.2100,-0.00542,-0.02659,-0.00115,0.00000,0.00000,-0.116,-0.009,0
782.2620,-0.00543,-0.02661,-0.00115,0.00000,0.00000,-0.117,-0.009,0
782.3140,-0.00544,-0.02664,-0.00115,0.00000,0.00000,-0.117,-0.009,0
782.3660,-0.00544,-0.02665,-0.00115,0.00000,0.00000,-0.117,-0.009,0
782.4180,-0.00544,-0.02667,-0.00115,0.00000,0.00000,-0.117,-0.009,0
782.4700,-0.00545,-0.02669,-0.00115,0.00000,0.00000,-0.117,-0.009,0
782.5220,-0.00545,-0.02671,-0.00115,0.00000,0.00000,-0.117,-0.009,0
782.5740,-0.00546,-0.02674,-0.00115,0.00000,0.00000,-0.117,-0.009,0
782.6260,-0.00546,-0.02675,-0.00115,0.00000,0.00000,-0.117,-0.009,0
782.6780,-0.00546,-0.02675,-0.00115,0.00000,0.00000,-0.117,-0.009,0
782.7300,-0.00546,-0.02675,-0.00115,0.00000,0.00000,-0.117,-0.009,0
782.7820,-0.00546,-0.02676,-0.00115,0.00000,0.00000,-0.117,-0.009,0
782.8340,-0.00546,-0.02676,-0.00115,0.00000,0.00000,-0.117,-0.009,0
782.8860,-0.00546,-0.02677,-0.00115,0.00000,0.00000,-0.117,-0.009,0
782.9380,-0.00546,-0.02676,-0.00115,0.00000,0.00000,-0.117,-0.009,0
782.9900,-0.00546,-0.02676,-0.00115,0.00000,0.00000,-0.117,-0.009,0
783.0420,-0.00546,-0.02676,-0.00115,0.00000,0.00000,-0.117,-0.009,0
783.0940,-0.00546,-0.02675,-0.00115,0.00000,0.00000,-0.117,-0.009,0
783.1460,-0.00545,-0.02674,-0.00115,0.00000,0.00000,-0.117,-0.009,0
783.1980,-0.00545,-0.02674,-0.00115,0.00000,0.00000,-0.117,-0.009,0
783.2500,-0.00545,-0.02673,-0.00115,0.00000,0.00000,-0.117,-0.009,0
783.3020,-0.00545,-0.02673,-0.00115,0.00000,0.00000,-0.117,-0.009,0
783.3540,-0.00544,-0.02671,-0.00115,0.00000,0.00000,-0.117,-0.009,0
783.4060,-0.00544,-0.02668,-0.00115,0.00000,0.00000,-0.117,-0.009,0
783.4580,-0.00543,-0.02664,-0.00115,0.00000,0.00000,-0.117,-0.009,0
783.5100,-0.00542,-0.02659,-0.00115,0.00000,0.00000,-0.117,-0.009,0
783.5620,-0.00541,-0.02655,-0.00115,0.00000,0.00000,-0.116,-0.009,0
783.6140,-0.00540,-0.02652,-0.00115,0.00000,0.00000,-0.116,-0.009,0
783.6660,-0.00539,-0.02649,-0.00115,0.00000,0.00000,-0.116,-0.009,0
783.7180,-0.00539,-0.02646,-0.00115,0.00000,0.00000,-0.116,-0.009,0
783.7700,-0.00538,-0.02644,-0.00115,0.00000,0.00000,-0.116,-0.009,0
783.8220,-0.00538,-0.02643,-0.00115,0.00000,0.00000,-0.116,-0.009,0
783.8740,-0.00538,-0.02642,-0.00115,0.00000,0.00000,-0.116,-0.009,0
783.9260,-0.00537,-0.02639,-0.00115,0.00000,0.00000,-0.116,-0.009,0
783.9780,-0.00537,-0.02636,-0.00115,0.00000,0.00000,-0.115,-0.009,0
784.0300,-0.00536,-0.02634,-0.00115,0.00000,0.00000,-0.115,-0.009,0
784.0820,-0.00536,-0.02634,-0.00115,0.00000,0.00000,-0.115,-0.009,0
784.1340,-0.00536,-0.02634,-0.00115,0.00000,0.00000,-0.115,-0.009,0
784.1860,-0.00537,-0.02634,-0.00115,0.00000,0.00000,-0.115,-0.009,0
784.2380,-0.00536,-0.02633,-0.00115,0.00000,0.00000,-0.115,-0.009,0
784.2900,-0.00536,-0.02632,-0.00115,0.00000,0.00000,-0.115,-0.009,0
784.3420,-0.00536,-0.02631,-0.00115,0.00000,0.00000,-0.115,-0.009,0
784.3940,-0.00536,-0.02630,-0.00115,0.00000,0.00000,-0.115,-0.009,0
784.4460,-0.00536,-0.02629,-0.00115,0.00000,0.00000,-0.115,-0.009,0
784.4980,-0.00536,-0.02629,-0.00115,0.00000,0.00000,-0.115,-0.009,0
784.5500,-0.00536,-0.02629,-0.00115,0.00000,0.00000,-0.115,-0.009,0
784.6020,-0.00536,-0.02629,-0.00115,0.00000,0.00000,-0.115,-0.009,0
784.6540,-0.00536,-0.02629,-0.00115,0.00000,0.00000,-0.115,-0.009,0
784.7060,-0.00536,-0.02629,-0.00115,0.00000,0.00000,-0.115,-0.009,0
784.7580,-0.00536,-0.02629,-0.00115,0.00000,0.00000,-0.115,-0.009,0
784.8100,-0.00536,-0.02628,-0.00115,0.00000,0.00000,-0.115,-0.009,0
784.8620,-0.00536,-0.02626,-0.00115,0.00000,0.00000,-0.115,-0.009,0
784.9140,-0.00535,-0.02624,-0.00115,0.00000,0.00000,-0.115,-0.009,0
784.9660,-0.00535,-0.02621,-0.00115,0.00000,0.00000,-0.115,-0.009,0
785.0180,-0.00534,-0.02618,-0.00115,0.00000,0.00000,-0.114,-0.009,0
785.0700,-0.00533,-0.02615,-0.00115,0.00000,0.00000,-0.114,-0.009,0
785.1220,-0.00533,-0.02614,-0.00115,0.00000,0.00000,-0.114,-0.009,0
785.1740,-0.00533,-0.02615,-0.00115,0.00000,0.00000,-0.114,-0.009,0
785.2260,-0.00534,-0.02617,-0.00115,0.00000,0.00000,-0.114,-0.009,0
785.2780,-0.00535,-0.02619,-0.00115,0.00000,0.00000,-0.114,-0.009,0
785.3300,-0.00535,-0.02622,-0.00115,0.00000,0.00000,-0.114,-0.009,0
785.3820,-0.00536,-0.02625,-0.00115,0.00000,0.00000,-0.114,-0.009,0
785.4340,-0.00537,-0.02629,-0.00115,0.00000,0.00000,-0.115,-0.009,0
785.4860,-0.00538,-0.02633,-0.00115,0.00000,0.00000,-0.115,-0.009,0
785.5380,-0.00539,-0.02636,-0.00115,0.00000,0.00000,-0.115,-0.009,0
785.5900,-0.00539,-0.02638,-0.00115,0.00000,0.00000,-0.115,-0.009,0
785.6420,-0.00540,-0.02639,-0.00115,0.00000,0.00000,-0.115,-0.009,0
785.6940,-0.00540,-0.02641,-0.00115,0.00000,0.00000,-0.115,-0.009,0
785.7460,-0.00540,-0.02641,-0.00115,0.00000,0.00000,-0.115,-0.009,0
785.7980,-0.00540,-0.02642,-0.00115,0.00000,0.00000,-0.115,-0.009,0
785.8500,-0.00540,-0.02642,-0.00115,0.00000,0.00000,-0.115,-0.009,0
785.9020,-0.00540,-0.02641,-0.00115,0.00000,0.00000,-0.115,-0.009,0
785.9540,-0.00540,-0.02641,-0.00115,0.00000,0.00000,-0.115,-0.009,0
786.0060,-0.00540,-0.02642,-0.00115,0.00000,0.00000,-0.115,-0.009,0
786.0580,-0.00540,-0.02645,-0.00115,0.00000,0.00000,-0.115,-0.009,0
786.1100,-0.00541,-0.02646,-0.00115,0.00000,0.00000,-0.115,-0.009,0
786.1620,-0.00541,-0.02647,-0.00115,0.00000,0.00000,-0.115,-0.009,0
786.2140,-0.00541,-0.02648,-0.00115,0.00000,0.00000,-0.115,-0.009,0
786.2660,-0.00541,-0.02649,-0.00115,0.00000,0.00000,-0.116,-0.009,0
786.3180,-0.00541,-0.02650,-0.00115,0.00000,0.00000,-0.116,-0.009,0
786.3700,-0.00541,-0.02650,-0.00115,0.00000,0.00000,-0.116,-0.009,0
786.4220,-0.00541,-0.02651,-0.00115,0.00000,0.00000,-0.116,-0.009,0
786.4740,-0.00542,-0.02653,-0.00115,0.00000,0.00000,-0.116,-0.009,0
786.5260,-0.00542,-0.02653,-0.00115,0.00000,0.00000,-0.116,-0.009,0
786.5780,-0.00542,-0.02654,-0.00115,0.00000,0.00000,-0.116,-0.009,0
786.6300,-0.00542,-0.02654,-0.00115,0.00000,0.00000,-0.116,-0.009,0
786.6820,-0.00542,-0.02654,-0.00115,0.00000,0.00000,-0.116,-0.009,0
786.7340,-0.00542,-0.02653,-0.00115,0.00000,0.00000,-0.116,-0.009,0
786.7860,-0.00541,-0.02651,-0.00115,0.00000,0.00000,-0.116,-0.009,0
786.8380,-0.00540,-0.02649,-0.00115,0.00000,0.00000,-0.116,-0.009,0
786.8900,-0.00540,-0.02646,-0.00115,0.00000,0.00000,-0.116,-0.009,0
786.9420,-0.00539,-0.02643,-0.00115,0.00000,0.00000,-0.115,-0.009,0
786.9940,-0.00538,-0.02640,-0.00115,0.00000,0.00000,-0.115,-0.009,0
787.0460,-0.00537,-0.02637,-0.00115,0.00000,0.00000,-0.115,-0.009,0
787.0980,-0.00537,-0.02633,-0.00115,0.00000,0.00000,-0.115,-0.009,0
787.1500,-0.00536,-0.02630,-0.00115,0.00000,0.00000,-0.115,-0.009,0
787.2020,-0.00535,-0.02627,-0.00115,0.00000,0.00000,-0.115,-0.009,0
787.2540,-0.00535,-0.02624,-0.00115,0.00000,0.00000,-0.115,-0.009,0
787.3060,-0.00534,-0.02623,-0.00115,0.00000,0.00000,-0.114,-0.009,0
787.3580,-0.00534,-0.02622,-0.00115,0.00000,0.00000,-0.114,-0.009,0
787.4100,-0.00534,-0.02622,-0.00115,0.00000,0.00000,-0.114,-0.009,0
787.4620,-0.00535,-0.02623,-0.00115,0.00000,0.00000,-0.114,-0.009,0
787.5140,-0.00534,-0.02622,-0.00115,0.00000,0.00000,-0.114,-0.009,0
787.5660,-0.00534,-0.02620,-0.00115,0.00000,0.00000,-0.114,-0.009,0
787.6180,-0.00533,-0.02617,-0.00115,0.00000,0.00000,-0.114,-0.009,0
787.6700,-0.00533,-0.02614,-0.00115,0.00000,0.00000,-0.114,-0.009,0
787.7220,-0.00532,-0.02611,-0.00115,0.00000,0.00000,-0.114,-0.009,0
787.7740,-0.00532,-0.02608,-0.00115,0.00000,0.00000,-0.114,-0.009,0
787.8260,-0.00531,-0.02605,-0.00115,0.00000,0.00000,-0.114,-0.009,0
787.8780,-0.00530,-0.02601,-0.00115,0.00000,0.00000,-0.113,-0.009,0
787.9300,-0.00529,-0.02597,-0.00115,0.00000,0.00000,-0.113,-0.009,0
787.9820,-0.00529,-0.02594,-0.00115,0.00000,0.00000,-0.113,-0.009,0
788.0340,-0.00528,-0.02590,-0.00115,0.00000,0.00000,-0.113,-0.009,0
788.0860,-0.00527,-0.02587,-0.00115,0.00000,0.00000,-0.113,-0.009,0
788.1380,-0.00527,-0.02583,-0.00115,0.00000,0.00000,-0.113,-0.009,0
788.1900,-0.00526,-0.02580,-0.00115,0.00000,0.00000,-0.112,-0.009,0
788.2420,-0.00525,-0.02577,-0.00115,0.00000,0.00000,-0.112,-0.009,0
788.2940,-0.00525,-0.02573,-0.00115,0.00000,0.00000,-0.112,-0.009,0
788.3460,-0.00524,-0.02569,-0.00115,0.00000,0.00000,-0.112,-0.009,0
788.3980,-0.00523,-0.02566,-0.00115,0.00000,0.00000,-0.112,-0.009,0
788.4500,-0.00523,-0.02563,-0.00115,0.00000,0.00000,-0.112,-0.009,0
788.5020,-0.00523,-0.02561,-0.00115,0.00000,0.00000,-0.111,-0.009,0
788.5540,-0.00522,-0.02560,-0.00115,0.00000,0.00000,-0.111,-0.009,0
788.6060,-0.00522,-0.02558,-0.00115,0.00000,0.00000,-0.111,-0.009,0
788.6580,-0.00522,-0.02555,-0.00115,0.00000,0.00000,-0.111,-0.009,0
788.7100,-0.00521,-0.02553,-0.00115,0.00000,0.00000,-0.111,-0.009,0
788.7620,-0.00521,-0.02552,-0.00115,0.00000,0.00000,-0.111,-0.009,0
788.8140,-0.00521,-0.02551,-0.00115,0.00000,0.00000,-0.111,-0.009,0
788.8660,-0.00522,-0.02552,-0.00115,0.00000,0.00000,-0.111,-0.009,0
788.9180,-0.00522,-0.02553,-0.00115,0.00000,0.00000,-0.111,-0.009,0
788.9700,-0.00522,-0.02553,-0.00115,0.00000,0.00000,-0.111,-0.009,0
789.0220,-0.00522,-0.02553,-0.00115,0.00000,0.00000,-0.111,-0.009,0
789.0740,-0.00522,-0.02553,-0.00115,0.00000,0.00000,-0.111,-0.009,0
789.1260,-0.00522,-0.02553,-0.00115,0.00000,0.00000,-0.111,-0.009,0
789.1780,-0.00523,-0.02554,-0.00115,0.00000,0.00000,-0.111,-0.009,0
789.2300,-0.00523,-0.02557,-0.00115,0.00000,0.00000,-0.111,-0.009,0
789.2820,-0.00524,-0.02560,-0.00115,0.00000,0.00000,-0.111,-0.009,0
789.3340,-0.00525,-0.02564,-0.00115,0.00000,0.00000,-0.111,-0.009,0
789.3860,-0.00526,-0.02568,-0.00115,0.00000,0.00000,-0.111,-0.009,0
789.4380,-0.00527,-0.02572,-0.00115,0.00000,0.00000,-0.111,-0.009,0
789.4900,-0.00528,-0.02576,-0.00115,0.00000,0.00000,-0.111,-0.009,0
789.5420,-0.00529,-0.02580,-0.00115,0.00000,0.00000,-0.112,-0.009,0
789.5940,-0.00530,-0.02585,-0.00115,0.00000,0.00000,-0.112,-0.009,0
789.6460,-0.00531,-0.02589,-0.00115,0.00000,0.00000,-0.112,-0.009,0
789.6980,-0.00532,-0.02592,-0.00115,0.00000,0.00000,-0.112,-0.009,0
789.7500,-0.00532,-0.02595,-0.00115,0.00000,0.00000,-0.112,-0.009,0
789.8020,-0.00533,-0.02598,-0.00115,0.00000,0.00000,-0.112,-0.009,0
789.8540,-0.00533,-0.02599,-0.00115,0.00000,0.00000,-0.112,-0.009,0
789.9060,-0.00533,-0.02601,-0.00115,0.00000,0.00000,-0.112,-0.009,0
789.9580,-0.00534,-0.02603,-0.00115,0.00000,0.00000,-0.112,-0.009,0
790.0100,-0.00534,-0.02606,-0.00115,0.00000,0.00000,-0.113,-0.009,0
790.0620,-0.00535,-0.02608,-0.00115,0.00000,0.00000,-0.113,-0.009,0
790.1140,-0.00535,-0.02610,-0.00115,0.00000,0.00000,-0.113,-0.009,0
790.1660,-0.00535,-0.02610,-0.00115,0.00000,0.00000,-0.113,-0.009,0
790.2180,-0.00535,-0.02610,-0.00115,0.00000,0.00000,-0.113,-0.009,0
790.2700,-0.00534,-0.02610,-0.00115,0.00000,0.00000,-0.113,-0.009,0
790.3220,-0.00534,-0.02609,-0.00115,0.00000,0.00000,-0.113,-0.009,0
790.3740,-0.00534,-0.02609,-0.00115,0.00000,0.00000,-0.113,-0.009,0
790.4260,-0.00534,-0.02609,-0.00115,0.00000,0.00000,-0.113,-0.009,0
790.4780,-0.00533,-0.02607,-0.00115,0.00000,0.00000,-0.113,-0.009,0
790.5300,-0.00533,-0.02605,-0.00115,0.00000,0.00000,-0.113,-0.009,0
790.5820,-0.00532,-0.02602,-0.00115,0.00000,0.00000,-0.113,-0.009,0
790.6340,-0.00531,-0.02599,-0.00115,0.00000,0.00000,-0.113,-0.009,0
790.6860,-0.00530,-0.02595,-0.00115,0.00000,0.00000,-0.112,-0.009,0
790.7380,-0.00529,-0.02592,-0.00115,0.00000,0.00000,-0.112,-0.009,0
790.7900,-0.00529,-0.02590,-0.00115,0.00000,0.00000,-0.112,-0.009,0
790.8420,-0.00528,-0.02587,-0.00115,0.00000,0.00000,-0.112,-0.009,0
790.8940,-0.00528,-0.02585,-0.00115,0.00000,0.00000,-0.112,-0.009,0
790.9460,-0.00528,-0.02584,-0.00115,0.00000,0.00000,-0.112,-0.009,0
790.9980,-0.00527,-0.02583,-0.00115,0.00000,0.00000,-0.112,-0.009,0
791.0500,-0.00527,-0.02581,-0.00115,0.00000,0.00000,-0.112,-0.009,0
791.1020,-0.00527,-0.02580,-0.00115,0.00000,0.00000,-0.112,-0.009,0
791.1540,-0.00527,-0.02579,-0.00115,0.00000,0.00000,-0.112,-0.009,0
791.2060,-0.00527,-0.02579,-0.00115,0.00000,0.00000,-0.112,-0.009,0
791.2580,-0.00526,-0.02578,-0.00115,0.00000,0.00000,-0.112,-0.009,0
791.3100,-0.00526,-0.02577,-0.00115,0.00000,0.00000,-0.112,-0.009,0
791.3620,-0.00526,-0.02576,-0.00115,0.00000,0.00000,-0.112,-0.009,0
791.4140,-0.00526,-0.02575,-0.00115,0.00000,0.00000,-0.111,-0.009,0
791.4660,-0.00526,-0.02576,-0.00115,0.00000,0.00000,-0.111,-0.009,0
791.5180,-0.00527,-0.02577,-0.00115,0.00000,0.00000,-0.112,-0.009,0
791.5700,-0.00527,-0.02579,-0.00115,0.00000,0.00000,-0.112,-0.009,0
791.6220,-0.00528,-0.02580,-0.00115,0.00000,0.00000,-0.112,-0.009,0
791.6740,-0.00528,-0.02581,-0.00115,0.00000,0.00000,-0.112,-0.009,0
791.7260,-0.00528,-0.02582,-0.00115,0.00000,0.00000,-0.112,-0.009,0
791.7780,-0.00528,-0.02583,-0.00115,0.00000,0.00000,-0.112,-0.009,0
791.8300,-0.00529,-0.02585,-0.00115,0.00000,0.00000,-0.112,-0.009,0
791.8820,-0.00529,-0.02587,-0.00115,0.00000,0.00000,-0.112,-0.009,0
791.9340,-0.00530,-0.02591,-0.00115,0.00000,0.00000,-0.112,-0.009,0
791.9860,-0.00531,-0.02594,-0.00115,0.00000,0.00000,-0.112,-0.009,0
792.0380,-0.00532,-0.02597,-0.00115,0.00000,0.00000,-0.112,-0.009,0
792.0900,-0.00532,-0.02599,-0.00115,0.00000,0.00000,-0.112,-0.009,0
792.1420,-0.00532,-0.02601,-0.00115,0.00000,0.00000,-0.112,-0.009,0
792.1940,-0.00533,-0.02603,-0.00115,0.00000,0.00000,-0.113,-0.009,0
792.2460,-0.00533,-0.02605,-0.00115,0.00000,0.00000,-0.113,-0.009,0
792.2980,-0.00534,-0.02607,-0.00115,0.00000,0.00000,-0.113,-0.009,0
792.3500,-0.00534,-0.02609,-0.00115,0.00000,0.00000,-0.113,-0.009,0
792.4020,-0.00534,-0.02611,-0.00115,0.00000,0.00000,-0.113,-0.009,0
792.4540,-0.00535,-0.02612,-0.00115,0.00000,0.00000,-0.113,-0.009,0
792.5060,-0.00535,-0.02614,-0.00115,0.00000,0.00000,-0.113,-0.009,0
792.5580,-0.00535,-0.02614,-0.00115,0.00000,0.00000,-0.113,-0.009,0
792.6100,-0.00535,-0.02614,-0.00115,0.00000,0.00000,-0.113,-0.009,0
792.6620,-0.00535,-0.02615,-0.00115,0.00000,0.00000,-0.113,-0.009,0
792.7140,-0.00535,-0.02614,-0.00115,0.00000,0.00000,-0.113,-0.009,0
792.7660,-0.00534,-0.02612,-0.00115,0.00000,0.00000,-0.113,-0.009,0
792.8180,-0.00534,-0.02611,-0.00115,0.00000,0.00000,-0.113,-0.009,0
792.8700,-0.00534,-0.02610,-0.00115,0.00000,0.00000,-0.113,-0.009,0
792.9220,-0.00533,-0.02610,-0.00115,0.00000,0.00000,-0.113,-0.009,0
792.9740,-0.00533,-0.02610,-0.00115,0.00000,0.00000,-0.113,-0.009,0
793.0260,-0.00533,-0.02610,-0.00115,0.00000,0.00000,-0.113,-0.009,0
793.0780,-0.00533,-0.02609,-0.00115,0.00000,0.00000,-0.113,-0.009,0
793.1300,-0.00533,-0.02608,-0.00115,0.00000,0.00000,-0.113,-0.009,0
793.1820,-0.00533,-0.02607,-0.00115,0.00000,0.00000,-0.113,-0.009,0
793.2340,-0.00533,-0.02607,-0.00115,0.00000,0.00000,-0.113,-0.009,0
793.2860,-0.00532,-0.02607,-0.00115,0.00000,0.00000,-0.113,-0.009,0
793.3380,-0.00533,-0.02608,-0.00115,0.00000,0.00000,-0.113,-0.009,0
793.3900,-0.00533,-0.02609,-0.00115,0.00000,0.00000,-0.113,-0.009,0
793.4420,-0.00533,-0.02610,-0.00115,0.00000,0.00000,-0.113,-0.009,0
793.4940,-0.00533,-0.02611,-0.00115,0.00000,0.00000,-0.113,-0.009,0
793.5460,-0.00533,-0.02611,-0.00115,0.00000,0.00000,-0.113,-0.009,0
793.5980,-0.00534,-0.02612,-0.00115,0.00000,0.00000,-0.113,-0.009,0
793.6500,-0.00534,-0.02614,-0.00115,0.00000,0.00000,-0.113,-0.009,0
793.7020,-0.00534,-0.02616,-0.00115,0.00000,0.00000,-0.113,-0.009,0
793.7540,-0.00535,-0.02616,-0.00115,0.00000,0.00000,-0.114,-0.009,0
793.8060,-0.00535,-0.02616,-0.00115,0.00000,0.00000,-0.114,-0.009,0
793.8580,-0.00535,-0.02616,-0.00115,0.00000,0.00000,-0.114,-0.009,0
793.9100,-0.00535,-0.02617,-0.00115,0.00000,0.00000,-0.114,-0.009,0
793.9620,-0.00535,-0.02617,-0.00115,0.00000,0.00000,-0.114,-0.009,0
794.0140,-0.00535,-0.02617,-0.00115,0.00000,0.00000,-0.114,-0.009,0
794.0660,-0.00535,-0.02617,-0.00115,0.00000,0.00000,-0.114,-0.009,0
794.1180,-0.00535,-0.02617,-0.00115,0.00000,0.00000,-0.114,-0.009,0
794.1700,-0.00535,-0.02618,-0.00115,0.00000,0.00000,-0.114,-0.009,0
794.2220,-0.00535,-0.02619,-0.00115,0.00000,0.00000,-0.114,-0.009,0
794.2740,-0.00535,-0.02620,-0.00115,0.00000,0.00000,-0.114,-0.009,0
794.3260,-0.00536,-0.02622,-0.00115,0.00000,0.00000,-0.114,-0.009,0
794.3780,-0.00536,-0.02623,-0.00115,0.00000,0.00000,-0.114,-0.009,0
794.4300,-0.00536,-0.02623,-0.00115,0.00000,0.00000,-0.114,-0.009,0
794.4820,-0.00536,-0.02622,-0.00115,0.00000,0.00000,-0.114,-0.009,0
794.5340,-0.00536,-0.02621,-0.00115,0.00000,0.00000,-0.114,-0.009,0
794.5860,-0.00536,-0.02622,-0.00115,0.00000,0.00000,-0.114,-0.009,0
794.6380,-0.00536,-0.02623,-0.00115,0.00000,0.00000,-0.114,-0.009,0
794.6900,-0.00536,-0.02622,-0.00115,0.00000,0.00000,-0.114,-0.009,0
794.7420,-0.00536,-0.02622,-0.00115,0.00000,0.00000,-0.114,-0.009,0
794.7940,-0.00535,-0.02620,-0.00115,0.00000,0.00000,-0.114,-0.009,0
794.8460,-0.00535,-0.02619,-0.00115,0.00000,0.00000,-0.114,-0.009,0
794.8980,-0.00535,-0.02620,-0.00115,0.00000,0.00000,-0.114,-0.009,0
794.9500,-0.00535,-0.02620,-0.00115,0.00000,0.00000,-0.114,-0.009,0
795.0020,-0.00535,-0.02620,-0.00115,0.00000,0.00000,-0.114,-0.009,0
795.0540,-0.00535,-0.02621,-0.00115,0.00000,0.00000,-0.114,-0.009,0
795.1060,-0.00535,-0.02622,-0.00115,0.00000,0.00000,-0.114,-0.009,0
795.1580,-0.00536,-0.02623,-0.00115,0.00000,0.00000,-0.114,-0.009,0
795.2100,-0.00536,-0.02625,-0.00115,0.00000,0.00000,-0.114,-0.009,0
795.2620,-0.00537,-0.02627,-0.00115,0.00000,0.00000,-0.114,-0.009,0
795.3140,-0.00537,-0.02628,-0.00115,0.00000,0.00000,-0.114,-0.009,0
795.3660,-0.00537,-0.02628,-0.00115,0.00000,0.00000,-0.114,-0.009,0
795.4180,-0.00537,-0.02629,-0.00115,0.00000,0.00000,-0.114,-0.009,0
795.4700,-0.00537,-0.02630,-0.00115,0.00000,0.00000,-0.114,-0.009,0
795.5220,-0.00537,-0.02630,-0.00115,0.00000,0.00000,-0.114,-0.009,0
795.5740,-0.00537,-0.02629,-0.00115,0.00000,0.00000,-0.114,-0.009,0
795.6260,-0.00537,-0.02627,-0.00115,0.00000,0.00000,-0.114,-0.009,0
795.6780,-0.00536,-0.02626,-0.00115,0.00000,0.00000,-0.114,-0.009,0
795.7300,-0.00536,-0.02625,-0.00115,0.00000,0.00000,-0.114,-0.009,0
795.7820,-0.00535,-0.02623,-0.00115,0.00000,0.00000,-0.114,-0.009,0
795.8340,-0.00535,-0.02621,-0.00115,0.00000,0.00000,-0.114,-0.009,0
795.8860,-0.00535,-0.02620,-0.00115,0.00000,0.00000,-0.114,-0.009,0
795.9380,-0.00535,-0.02620,-0.00115,0.00000,0.00000,-0.114,-0.009,0
795.9900,-0.00534,-0.02618,-0.00115,0.00000,0.00000,-0.114,-0.009,0
796.0420,-0.00534,-0.02617,-0.00115,0.00000,0.00000,-0.114,-0.009,0
796.0940,-0.00534,-0.02616,-0.00115,0.00000,0.00000,-0.114,-0.009,0
796.1460,-0.00534,-0.02616,-0.00115,0.00000,0.00000,-0.114,-0.009,0
796.1980,-0.00534,-0.02617,-0.00115,0.00000,0.00000,-0.114,-0.009,0
796.2500,-0.00534,-0.02618,-0.00115,0.00000,0.00000,-0.114,-0.009,0
796.3020,-0.00535,-0.02618,-0.00115,0.00000,0.00000,-0.114,-0.009,0
796.3540,-0.00535,-0.02619,-0.00115,0.00000,0.00000,-0.114,-0.009,0
796.4060,-0.00535,-0.02620,-0.00115,0.00000,0.00000,-0.114,-0.009,0
796.4580,-0.00534,-0.02618,-0.00115,0.00000,0.00000,-0.114,-0.009,0
796.5100,-0.00534,-0.02617,-0.00115,0.00000,0.00000,-0.114,-0.009,0
796.5620,-0.00534,-0.02616,-0.00115,0.00000,0.00000,-0.114,-0.009,0
796.6140,-0.00534,-0.02616,-0.00115,0.00000,0.00000,-0.114,-0.009,0
796.6660,-0.00534,-0.02615,-0.00115,0.00000,0.00000,-0.114,-0.009,0
796.7180,-0.00534,-0.02614,-0.00115,0.00000,0.00000,-0.114,-0.009,0
796.7700,-0.00534,-0.02615,-0.00115,0.00000,0.00000,-0.114,-0.009,0
796.8220,-0.00534,-0.02615,-0.00115,0.00000,0.00000,-0.114,-0.009,0
796.8740,-0.00534,-0.02614,-0.00115,0.00000,0.00000,-0.114,-0.009,0
796.9260,-0.00533,-0.02613,-0.00115,0.00000,0.00000,-0.114,-0.009,0
796.9780,-0.00533,-0.02613,-0.00115,0.00000,0.00000,-0.114,-0.009,0
797.0300,-0.00534,-0.02614,-0.00115,0.00000,0.00000,-0.114,-0.009,0
797.0820,-0.00534,-0.02615,-0.00115,0.00000,0.00000,-0.114,-0.009,0
797.1340,-0.00534,-0.02615,-0.00115,0.00000,0.00000,-0.114,-0.009,0
797.1860,-0.00534,-0.02616,-0.00115,0.00000,0.00000,-0.114,-0.009,0
797.2380,-0.00534,-0.02616,-0.00115,0.00000,0.00000,-0.114,-0.009,0
797.2900,-0.00535,-0.02616,-0.00115,0.00000,0.00000,-0.114,-0.009,0
797.3420,-0.00535,-0.02617,-0.00115,0.00000,0.00000,-0.114,-0.009,0
797.3940,-0.00535,-0.02617,-0.00115,0.00000,0.00000,-0.114,-0.009,0
797.4460,-0.00535,-0.02618,-0.00115,0.00000,0.00000,-0.114,-0.009,0
797.4980,-0.00535,-0.02620,-0.00115,0.00000,0.00000,-0.114,-0.009,0
797.5500,-0.00536,-0.02621,-0.00115,0.00000,0.00000,-0.114,-0.009,0
797.6020,-0.00536,-0.02624,-0.00115,0.00000,0.00000,-0.114,-0.009,0
797.6540,-0.00537,-0.02626,-0.00115,0.00000,0.00000,-0.114,-0.009,0
797.7060,-0.00537,-0.02628,-0.00115,0.00000,0.00000,-0.114,-0.009,0
797.7580,-0.00537,-0.02629,-0.00115,0.00000,0.00000,-0.114,-0.009,0
797.8100,-0.00537,-0.02629,-0.00115,0.00000,0.00000,-0.114,-0.009,0
797.8620,-0.00537,-0.02630,-0.00115,0.00000,0.00000,-0.114,-0.009,0
797.9140,-0.00537,-0.02629,-0.00115,0.00000,0.00000,-0.114,-0.009,0
797.9660,-0.00537,-0.02628,-0.00115,0.00000,0.00000,-0.114,-0.009,0
798.0180,-0.00537,-0.02627,-0.00115,0.00000,0.00000,-0.114,-0.009,0
798.0700,-0.00536,-0.02625,-0.00115,0.00000,0.00000,-0.114,-0.009,0
798.1220,-0.00536,-0.02622,-0.00115,0.00000,0.00000,-0.114,-0.009,0
798.1740,-0.00535,-0.02620,-0.00115,0.00000,0.00000,-0.114,-0.009,0
798.2260,-0.00534,-0.02617,-0.00115,0.00000,0.00000,-0.114,-0.009,0
798.2780,-0.00533,-0.02612,-0.00115,0.00000,0.00000,-0.114,-0.009,0
798.3300,-0.00532,-0.02609,-0.00115,0.00000,0.00000,-0.114,-0.009,0
798.3820,-0.00531,-0.02605,-0.00115,0.00000,0.00000,-0.113,-0.009,0
798.4340,-0.00531,-0.02602,-0.00115,0.00000,0.00000,-0.113,-0.009,0
798.4860,-0.00530,-0.02600,-0.00115,0.00000,0.00000,-0.113,-0.009,0
798.5380,-0.00530,-0.02598,-0.00115,0.00000,0.00000,-0.113,-0.009,0
798.5900,-0.00530,-0.02597,-0.00115,0.00000,0.00000,-0.113,-0.009,0
798.6420,-0.00529,-0.02595,-0.00115,0.00000,0.00000,-0.113,-0.009,0
798.6940,-0.00530,-0.02596,-0.00115,0.00000,0.00000,-0.113,-0.009,0
798.7460,-0.00530,-0.02597,-0.00115,0.00000,0.00000,-0.113,-0.009,0
798.7980,-0.00530,-0.02597,-0.00115,0.00000,0.00000,-0.113,-0.009,0
798.8500,-0.00530,-0.02596,-0.00115,0.00000,0.00000,-0.113,-0.009,0
798.9020,-0.00529,-0.02594,-0.00115,0.00000,0.00000,-0.113,-0.009,0
798.9540,-0.00529,-0.02591,-0.00115,0.00000,0.00000,-0.113,-0.009,0
799.0060,-0.00528,-0.02588,-0.00115,0.00000,0.00000,-0.113,-0.009,0
799.0580,-0.00528,-0.02585,-0.00115,0.00000,0.00000,-0.112,-0.009,0
799.1100,-0.00527,-0.02582,-0.00115,0.00000,0.00000,-0.112,-0.009,0
799.1620,-0.00526,-0.02579,-0.00115,0.00000,0.00000,-0.112,-0.009,0
799.2140,-0.00525,-0.02575,-0.00115,0.00000,0.00000,-0.112,-0.009,0
799.2660,-0.00525,-0.02570,-0.00115,0.00000,0.00000,-0.112,-0.009,0
799.3180,-0.00524,-0.02567,-0.00115,0.00000,0.00000,-0.111,-0.009,0
799.3700,-0.00523,-0.02565,-0.00115,0.00000,0.00000,-0.111,-0.009,0
799.4220,-0.00523,-0.02564,-0.00115,0.00000,0.00000,-0.111,-0.009,0
799.4740,-0.00523,-0.02562,-0.00115,0.00000,0.00000,-0.111,-0.009,0
799.5260,-0.00523,-0.02559,-0.00115,0.00000,0.00000,-0.111,-0.009,0
799.5780,-0.00522,-0.02556,-0.00115,0.00000,0.00000,-0.111,-0.009,0
799.6300,-0.00521,-0.02554,-0.00115,0.00000,0.00000,-0.111,-0.009,0
799.6820,-0.00521,-0.02552,-0.00115,0.00000,0.00000,-0.111,-0.009,0
799.7340,-0.00521,-0.02551,-0.00115,0.00000,0.00000,-0.111,-0.009,0
799.7860,-0.00521,-0.02552,-0.00115,0.00000,0.00000,-0.111,-0.009,0
799.8380,-0.00522,-0.02552,-0.00115,0.00000,0.00000,-0.111,-0.009,0
799.8900,-0.00522,-0.02552,-0.00115,0.00000,0.00000,-0.111,-0.009,0
799.9420,-0.00521,-0.02549,-0.00115,0.00000,0.00000,-0.110,-0.009,0
799.9940,-0.00520,-0.02544,-0.00115,0.00000,0.00000,-0.110,-0.009,0
800.0460,-0.00519,-0.02540,-0.00115,0.00000,0.00000,-0.110,-0.009,0
800.0980,-0.00518,-0.02535,-0.00115,0.00000,0.00000,-0.110,-0.009,0
800.1500,-0.00517,-0.02530,-0.00115,0.00000,0.00000,-0.109,-0.009,0
800.2020,-0.00516,-0.02526,-0.00115,0.00000,0.00000,-0.109,-0.009,0
800.2540,-0.00515,-0.02522,-0.00115,0.00000,0.00000,-0.109,-0.009,0
800.3060,-0.00515,-0.02519,-0.00115,0.00000,0.00000,-0.109,-0.009,0
800.3580,-0.00515,-0.02517,-0.00115,0.00000,0.00000,-0.109,-0.009,0
800.4100,-0.00514,-0.02515,-0.00115,0.00000,0.00000,-0.109,-0.009,0
800.4620,-0.00514,-0.02515,-0.00115,0.00000,0.00000,-0.109,-0.009,0
800.5140,-0.00515,-0.02515,-0.00115,0.00000,0.00000,-0.109,-0.009,0
800.5660,-0.00515,-0.02517,-0.00115,0.00000,0.00000,-0.109,-0.009,0
800.6180,-0.00516,-0.02520,-0.00115,0.00000,0.00000,-0.109,-0.009,0
800.6700,-0.00517,-0.02524,-0.00115,0.00000,0.00000,-0.109,-0.009,0
800.7220,-0.00518,-0.02528,-0.00115,0.00000,0.00000,-0.109,-0.009,0
800.7740,-0.00519,-0.02531,-0.00115,0.00000,0.00000,-0.109,-0.009,0
800.8260,-0.00519,-0.02532,-0.00115,0.00000,0.00000,-0.109,-0.009,0
800.8780,-0.00520,-0.02534,-0.00115,0.00000,0.00000,-0.109,-0.009,0
800.9300,-0.00520,-0.02536,-0.00115,0.00000,0.00000,-0.109,-0.009,0
800.9820,-0.00521,-0.02538,-0.00115,0.00000,0.00000,-0.109,-0.009,0
801.0340,-0.00521,-0.02539,-0.00115,0.00000,0.00000,-0.109,-0.009,0
801.0860,-0.00521,-0.02538,-0.00115,0.00000,0.00000,-0.109,-0.009,0
801.1380,-0.00520,-0.02537,-0.00115,0.00000,0.00000,-0.109,-0.009,0
801.1900,-0.00520,-0.02535,-0.00115,0.00000,0.00000,-0.109,-0.009,0
801.2420,-0.00520,-0.02534,-0.00115,0.00000,0.00000,-0.109,-0.009,0
801.2940,-0.00520,-0.02534,-0.00115,0.00000,0.00000,-0.109,-0.009,0
801.3460,-0.00519,-0.02532,-0.00115,0.00000,0.00000,-0.109,-0.009,0
801.3980,-0.00519,-0.02531,-0.00115,0.00000,0.00000,-0.109,-0.009,0
801.4500,-0.00519,-0.02531,-0.00115,0.00000,0.00000,-0.109,-0.009,0
801.5020,-0.00519,-0.02529,-0.00115,0.00000,0.00000,-0.109,-0.009,0
801.5540,-0.00518,-0.02528,-0.00115,0.00000,0.00000,-0.109,-0.009,0
801.6060,-0.00517,-0.02525,-0.00115,0.00000,0.00000,-0.108,-0.009,0
801.6580,-0.00517,-0.02524,-0.00115,0.00000,0.00000,-0.108,-0.009,0
801.7100,-0.00517,-0.02523,-0.00115,0.00000,0.00000,-0.108,-0.009,0
801.7620,-0.00517,-0.02521,-0.00115,0.00000,0.00000,-0.108,-0.009,0
801.8140,-0.00516,-0.02521,-0.00115,0.00000,0.00000,-0.108,-0.009,0
801.8660,-0.00517,-0.02521,-0.00115,0.00000,0.00000,-0.108,-0.009,0
801.9180,-0.00517,-0.02522,-0.00115,0.00000,0.00000,-0.108,-0.009,0
801.9700,-0.00517,-0.02522,-0.00115,0.00000,0.00000,-0.108,-0.009,0
802.0220,-0.00517,-0.02521,-0.00115,0.00000,0.00000,-0.108,-0.009,0
802.0740,-0.00517,-0.02521,-0.00115,0.00000,0.00000,-0.108,-0.009,0
802.1260,-0.00517,-0.02522,-0.00115,0.00000,0.00000,-0.108,-0.009,0
802.1780,-0.00517,-0.02522,-0.00115,0.00000,0.00000,-0.108,-0.009,0
802.2300,-0.00517,-0.02523,-0.00115,0.00000,0.00000,-0.108,-0.009,0
802.2820,-0.00518,-0.02525,-0.00115,0.00000,0.00000,-0.108,-0.009,0
802.3340,-0.00518,-0.02528,-0.00115,0.00000,0.00000,-0.108,-0.009,0
802.3860,-0.00519,-0.02530,-0.00115,0.00000,0.00000,-0.108,-0.009,0
802.4380,-0.00519,-0.02532,-0.00115,0.00000,0.00000,-0.109,-0.009,0
802.4900,-0.00520,-0.02533,-0.00115,0.00000,0.00000,-0.109,-0.009,0
802.5420,-0.00520,-0.02536,-0.00115,0.00000,0.00000,-0.109,-0.009,0
802.5940,-0.00520,-0.02536,-0.00115,0.00000,0.00000,-0.109,-0.009,0
802.6460,-0.00520,-0.02536,-0.00115,0.00000,0.00000,-0.109,-0.009,0
802.6980,-0.00520,-0.02535,-0.00115,0.00000,0.00000,-0.109,-0.009,0
802.7500,-0.00520,-0.02534,-0.00115,0.00000,0.00000,-0.109,-0.009,0
802.8020,-0.00519,-0.02533,-0.00115,0.00000,0.00000,-0.109,-0.009,0
802.8540,-0.00519,-0.02534,-0.00115,0.00000,0.00000,-0.109,-0.009,0
802.9060,-0.00519,-0.02533,-0.00115,0.00000,0.00000,-0.109,-0.009,0
802.9580,-0.00520,-0.02534,-0.00115,0.00000,0.00000,-0.109,-0.009,0
803.0100,-0.00520,-0.02534,-0.00115,0.00000,0.00000,-0.109,-0.009,0
803.0620,-0.00519,-0.02534,-0.00115,0.00000,0.00000,-0.109,-0.009,0
803.1140,-0.00519,-0.02533,-0.00115,0.00000,0.00000,-0.109,-0.009,0
803.1660,-0.00519,-0.02532,-0.00115,0.00000,0.00000,-0.109,-0.009,0
803.2180,-0.00519,-0.02532,-0.00115,0.00000,0.00000,-0.109,-0.009,0
803.2700,-0.00519,-0.02533,-0.00115,0.00000,0.00000,-0.109,-0.009,0
803.3220,-0.00519,-0.02533,-0.00115,0.00000,0.00000,-0.109,-0.009,0
803.3740,-0.00519,-0.02533,-0.00115,0.00000,0.00000,-0.109,-0.009,0
803.4260,-0.00519,-0.02532,-0.00115,0.00000,0.00000,-0.109,-0.009,0
803.4780,-0.00519,-0.02532,-0.00115,0.00000,0.00000,-0.109,-0.009,0
803.5300,-0.00519,-0.02532,-0.00115,0.00000,0.00000,-0.109,-0.009,0
803.5820,-0.00519,-0.02532,-0.00115,0.00000,0.00000,-0.109,-0.009,0
803.6340,-0.00519,-0.02532,-0.00115,0.00000,0.00000,-0.109,-0.009,0
803.6860,-0.00519,-0.02533,-0.00115,0.00000,0.00000,-0.109,-0.009,0
803.7380,-0.00519,-0.02534,-0.00115,0.00000,0.00000,-0.109,-0.009,0
803.7900,-0.00520,-0.02536,-0.00115,0.00000,0.00000,-0.109,-0.009,0
803.8420,-0.00520,-0.02537,-0.00115,0.00000,0.00000,-0.109,-0.009,0
803.8940,-0.00520,-0.02538,-0.00115,0.00000,0.00000,-0.109,-0.009,0
803.9460,-0.00521,-0.02540,-0.00115,0.00000,0.00000,-0.109,-0.009,0
803.9980,-0.00521,-0.02541,-0.00115,0.00000,0.00000,-0.109,-0.009,0
804.0500,-0.00522,-0.02543,-0.00115,0.00000,0.00000,-0.109,-0.009,0
804.1020,-0.00522,-0.02546,-0.00115,0.00000,0.00000,-0.109,-0.009,0
804.1540,-0.00522,-0.02547,-0.00115,0.00000,0.00000,-0.109,-0.009,0
804.2060,-0.00523,-0.02549,-0.00115,0.00000,0.00000,-0.109,-0.009,0
804.2580,-0.00523,-0.02549,-0.00115,0.00000,0.00000,-0.109,-0.009,0
804.3100,-0.00523,-0.02551,-0.00115,0.00000,0.00000,-0.109,-0.009,0
804.3620,-0.00523,-0.02552,-0.00115,0.00000,0.00000,-0.109,-0.009,0
804.4140,-0.00524,-0.02554,-0.00115,0.00000,0.00000,-0.110,-0.009,0
804.4660,-0.00524,-0.02556,-0.00115,0.00000,0.00000,-0.110,-0.009,0
804.5180,-0.00525,-0.02559,-0.00115,0.00000,0.00000,-0.110,-0.009,0
804.5700,-0.00525,-0.02562,-0.00115,0.00000,0.00000,-0.110,-0.009,0
804.6220,-0.00526,-0.02566,-0.00115,0.00000,0.00000,-0.110,-0.009,0
804.6740,-0.00527,-0.02569,-0.00115,0.00000,0.00000,-0.110,-0.009,0
804.7260,-0.00527,-0.02572,-0.00115,0.00000,0.00000,-0.110,-0.009,0
804.7780,-0.00528,-0.02574,-0.00115,0.00000,0.00000,-0.111,-0.009,0
804.8300,-0.00528,-0.02577,-0.00115,0.00000,0.00000,-0.111,-0.009,0
804.8820,-0.00529,-0.02579,-0.00115,0.00000,0.00000,-0.111,-0.009,0
804.9340,-0.00529,-0.02580,-0.00115,0.00000,0.00000,-0.111,-0.009,0
804.9860,-0.00529,-0.02581,-0.00115,0.00000,0.00000,-0.111,-0.009,0
805.0380,-0.00529,-0.02581,-0.00115,0.00000,0.00000,-0.111,-0.009,0
805.0900,-0.00529,-0.02581,-0.00115,0.00000,0.00000,-0.111,-0.009,0
805.1420,-0.00529,-0.02581,-0.00115,0.00000,0.00000,-0.111,-0.009,0
805.1940,-0.00529,-0.02582,-0.00115,0.00000,0.00000,-0.111,-0.009,0
805.2460,-0.00529,-0.02584,-0.00115,0.00000,0.00000,-0.111,-0.009,0
805.2980,-0.00529,-0.02585,-0.00115,0.00000,0.00000,-0.111,-0.009,0
805.3500,-0.00530,-0.02586,-0.00115,0.00000,0.00000,-0.111,-0.009,0
805.4020,-0.00530,-0.02587,-0.00115,0.00000,0.00000,-0.111,-0.009,0
805.4540,-0.00530,-0.02587,-0.00115,0.00000,0.00000,-0.111,-0.009,0
805.5060,-0.00530,-0.02588,-0.00115,0.00000,0.00000,-0.111,-0.009,0
805.5580,-0.00529,-0.02587,-0.00115,0.00000,0.00000,-0.111,-0.009,0
805.6100,-0.00529,-0.02585,-0.00115,0.00000,0.00000,-0.111,-0.009,0
805.6620,-0.00528,-0.02582,-0.00115,0.00000,0.00000,-0.111,-0.009,0
805.7140,-0.00528,-0.02580,-0.00115,0.00000,0.00000,-0.111,-0.009,0
805.7660,-0.00527,-0.02578,-0.00115,0.00000,0.00000,-0.111,-0.009,0
805.8180,-0.00526,-0.02575,-0.00115,0.00000,0.00000,-0.111,-0.009,0
805.8700,-0.00526,-0.02572,-0.00115,0.00000,0.00000,-0.111,-0.009,0
805.9220,-0.00525,-0.02571,-0.00115,0.00000,0.00000,-0.111,-0.009,0
805.9740,-0.00525,-0.02570,-0.00115,0.00000,0.00000,-0.111,-0.009,0
806.0260,-0.00525,-0.02570,-0.00115,0.00000,0.00000,-0.111,-0.009,0
806.0780,-0.00525,-0.02570,-0.00115,0.00000,0.00000,-0.111,-0.009,0
806.1300,-0.00526,-0.02572,-0.00115,0.00000,0.00000,-0.111,-0.009,0
806.1820,-0.00526,-0.02572,-0.00115,0.00000,0.00000,-0.111,-0.009,0
806.2340,-0.00526,-0.02572,-0.00115,0.00000,0.00000,-0.111,-0.009,0
806.2860,-0.00526,-0.02572,-0.00115,0.00000,0.00000,-0.111,-0.009,0
806.3380,-0.00526,-0.02574,-0.00115,0.00000,0.00000,-0.111,-0.009,0
806.3900,-0.00527,-0.02576,-0.00115,0.00000,0.00000,-0.111,-0.009,0
806.4420,-0.00527,-0.02577,-0.00115,0.00000,0.00000,-0.111,-0.009,0
806.4940,-0.00527,-0.02578,-0.00115,0.00000,0.00000,-0.111,-0.009,0
806.5460,-0.00528,-0.02579,-0.00115,0.00000,0.00000,-0.111,-0.009,0
806.5980,-0.00528,-0.02581,-0.00115,0.00000,0.00000,-0.111,-0.009,0
806.6500,-0.00528,-0.02581,-0.00115,0.00000,0.00000,-0.111,-0.009,0
806.7020,-0.00528,-0.02582,-0.00115,0.00000,0.00000,-0.111,-0.009,0
806.7540,-0.00529,-0.02584,-0.00115,0.00000,0.00000,-0.111,-0.009,0
806.8060,-0.00529,-0.02585,-0.00115,0.00000,0.00000,-0.112,-0.009,0
806.8580,-0.00530,-0.02588,-0.00115,0.00000,0.00000,-0.112,-0.009,0
806.9100,-0.00530,-0.02591,-0.00115,0.00000,0.00000,-0.112,-0.009,0
806.9620,-0.00531,-0.02592,-0.00115,0.00000,0.00000,-0.112,-0.009,0
807.0140,-0.00531,-0.02592,-0.00115,0.00000,0.00000,-0.112,-0.009,0
807.0660,-0.00531,-0.02593,-0.00115,0.00000,0.00000,-0.112,-0.009,0
807.1180,-0.00531,-0.02595,-0.00115,0.00000,0.00000,-0.112,-0.009,0
807.1700,-0.00532,-0.02598,-0.00115,0.00000,0.00000,-0.112,-0.009,0
807.2220,-0.00532,-0.02601,-0.00115,0.00000,0.00000,-0.112,-0.009,0
807.2740,-0.00533,-0.02604,-0.00115,0.00000,0.00000,-0.112,-0.009,0
807.3260,-0.00534,-0.02608,-0.00115,0.00000,0.00000,-0.113,-0.009,0
807.3780,-0.00535,-0.02612,-0.00115,0.00000,0.00000,-0.113,-0.009,0
807.4300,-0.00536,-0.02615,-0.00115,0.00000,0.00000,-0.113,-0.009,0
807.4820,-0.00536,-0.02619,-0.00115,0.00000,0.00000,-0.113,-0.009,0
807.5340,-0.00537,-0.02623,-0.00115,0.00000,0.00000,-0.113,-0.009,0
807.5860,-0.00538,-0.02625,-0.00115,0.00000,0.00000,-0.114,-0.009,0
807.6380,-0.00538,-0.02628,-0.00115,0.00000,0.00000,-0.114,-0.009,0
807.6900,-0.00538,-0.02630,-0.00115,0.00000,0.00000,-0.114,-0.009,0
807.7420,-0.00539,-0.02632,-0.00115,0.00000,0.00000,-0.114,-0.009,0
807.7940,-0.00539,-0.02635,-0.00115,0.00000,0.00000,-0.114,-0.009,0
807.8460,-0.00540,-0.02638,-0.00115,0.00000,0.00000,-0.114,-0.009,0
807.8980,-0.00541,-0.02641,-0.00115,0.00000,0.00000,-0.114,-0.009,0
807.9500,-0.00541,-0.02644,-0.00115,0.00000,0.00000,-0.115,-0.009,0
808.0020,-0.00541,-0.02646,-0.00115,0.00000,0.00000,-0.115,-0.009,0
808.0540,-0.00542,-0.02648,-0.00115,0.00000,0.00000,-0.115,-0.009,0
808.1060,-0.00542,-0.02650,-0.00115,0.00000,0.00000,-0.115,-0.009,0
808.1580,-0.00542,-0.02650,-0.00115,0.00000,0.00000,-0.115,-0.009,0
808.2100,-0.00542,-0.02651,-0.00115,0.00000,0.00000,-0.115,-0.009,0
808.2620,-0.00542,-0.02652,-0.00115,0.00000,0.00000,-0.115,-0.009,0
808.3140,-0.00542,-0.02653,-0.00115,0.00000,0.00000,-0.115,-0.009,0
808.3660,-0.00542,-0.02653,-0.00115,0.00000,0.00000,-0.115,-0.009,0
808.4180,-0.00542,-0.02653,-0.00115,0.00000,0.00000,-0.115,-0.009,0
808.4700,-0.00541,-0.02651,-0.00115,0.00000,0.00000,-0.115,-0.009,0
808.5220,-0.00541,-0.02650,-0.00115,0.00000,0.00000,-0.115,-0.009,0
808.5740,-0.00541,-0.02650,-0.00115,0.00000,0.00000,-0.115,-0.009,0
808.6260,-0.00541,-0.02650,-0.00115,0.00000,0.00000,-0.115,-0.009,0
808.6780,-0.00541,-0.02650,-0.00115,0.00000,0.00000,-0.115,-0.009,0
808.7300,-0.00541,-0.02650,-0.00115,0.00000,0.00000,-0.115,-0.009,0
808.7820,-0.00541,-0.02651,-0.00115,0.00000,0.00000,-0.115,-0.009,0
808.8340,-0.00541,-0.02650,-0.00115,0.00000,0.00000,-0.115,-0.009,0
808.8860,-0.00541,-0.02651,-0.00115,0.00000,0.00000,-0.115,-0.009,0
808.9380,-0.00541,-0.02651,-0.00115,0.00000,0.00000,-0.115,-0.009,0
808.9900,-0.00541,-0.02652,-0.00115,0.00000,0.00000,-0.115,-0.009,0
809.0420,-0.00541,-0.02652,-0.00115,0.00000,0.00000,-0.116,-0.009,0
809.0940,-0.00541,-0.02651,-0.00115,0.00000,0.00000,-0.116,-0.009,0
809.1460,-0.00541,-0.02651,-0.00115,0.00000,0.00000,-0.116,-0.009,0
809.1980,-0.00540,-0.02650,-0.00115,0.00000,0.00000,-0.116,-0.009,0
809.2500,-0.00540,-0.02649,-0.00115,0.00000,0.00000,-0.116,-0.009,0
809.3020,-0.00540,-0.02648,-0.00115,0.00000,0.00000,-0.115,-0.009,0
809.3540,-0.00540,-0.02647,-0.00115,0.00000,0.00000,-0.115,-0.009,0
809.4060,-0.00540,-0.02646,-0.00115,0.00000,0.00000,-0.115,-0.009,0
809.4580,-0.00539,-0.02644,-0.00115,0.00000,0.00000,-0.115,-0.009,0
809.5100,-0.00538,-0.02642,-0.00115,0.00000,0.00000,-0.115,-0.009,0
809.5620,-0.00538,-0.02639,-0.00115,0.00000,0.00000,-0.115,-0.009,0
809.6140,-0.00537,-0.02636,-0.00115,0.00000,0.00000,-0.115,-0.009,0
809.6660,-0.00536,-0.02632,-0.00115,0.00000,0.00000,-0.115,-0.009,0
809.7180,-0.00536,-0.02630,-0.00115,0.00000,0.00000,-0.115,-0.009,0
809.7700,-0.00536,-0.02628,-0.00115,0.00000,0.00000,-0.115,-0.009,0
809.8220,-0.00535,-0.02627,-0.00115,0.00000,0.00000,-0.115,-0.009,0
809.8740,-0.00535,-0.02625,-0.00115,0.00000,0.00000,-0.115,-0.009,0
809.9260,-0.00535,-0.02624,-0.00115,0.00000,0.00000,-0.114,-0.009,0
809.9780,-0.00534,-0.02622,-0.00115,0.00000,0.00000,-0.114,-0.009,0
810.0300,-0.00534,-0.02621,-0.00115,0.00000,0.00000,-0.114,-0.009,0
810.0820,-0.00534,-0.02620,-0.00115,0.00000,0.00000,-0.114,-0.009,0
810.1340,-0.00534,-0.02619,-0.00115,0.00000,0.00000,-0.114,-0.009,0
810.1860,-0.00533,-0.02617,-0.00115,0.00000,0.00000,-0.114,-0.009,0
810.2380,-0.00533,-0.02614,-0.00115,0.00000,0.00000,-0.114,-0.009,0
810.2900,-0.00532,-0.02611,-0.00115,0.00000,0.00000,-0.114,-0.009,0
810.3420,-0.00532,-0.02608,-0.00115,0.00000,0.00000,-0.114,-0.009,0
810.3940,-0.00531,-0.02605,-0.00115,0.00000,0.00000,-0.114,-0.009,0
810.4460,-0.00531,-0.02603,-0.00115,0.00000,0.00000,-0.113,-0.009,0
810.4980,-0.00530,-0.02601,-0.00115,0.00000,0.00000,-0.113,-0.009,0
810.5500,-0.00530,-0.02597,-0.00115,0.00000,0.00000,-0.113,-0.009,0
810.6020,-0.00529,-0.02594,-0.00115,0.00000,0.00000,-0.113,-0.009,0
810.6540,-0.00528,-0.02591,-0.00115,0.00000,0.00000,-0.113,-0.009,0
810.7060,-0.00528,-0.02587,-0.00115,0.00000,0.00000,-0.113,-0.009,0
810.7580,-0.00527,-0.02583,-0.00115,0.00000,0.00000,-0.113,-0.009,0
810.8100,-0.00526,-0.02580,-0.00115,0.00000,0.00000,-0.112,-0.009,0
810.8620,-0.00526,-0.02577,-0.00115,0.00000,0.00000,-0.112,-0.009,0
810.9140,-0.00525,-0.02576,-0.00115,0.00000,0.00000,-0.112,-0.009,0
810.9660,-0.00525,-0.02574,-0.00115,0.00000,0.00000,-0.112,-0.009,0
811.0180,-0.00525,-0.02572,-0.00115,0.00000,0.00000,-0.112,-0.009,0
811.0700,-0.00524,-0.02570,-0.00115,0.00000,0.00000,-0.112,-0.009,0
811.1220,-0.00524,-0.02568,-0.00115,0.00000,0.00000,-0.112,-0.009,0
811.1740,-0.00524,-0.02566,-0.00115,0.00000,0.00000,-0.112,-0.009,0
811.2260,-0.00524,-0.02565,-0.00115,0.00000,0.00000,-0.111,-0.009,0
811.2780,-0.00523,-0.02563,-0.00115,0.00000,0.00000,-0.111,-0.009,0
811.3300,-0.00523,-0.02561,-0.00115,0.00000,0.00000,-0.111,-0.009,0
811.3820,-0.00523,-0.02559,-0.00115,0.00000,0.00000,-0.111,-0.009,0
811.4340,-0.00523,-0.02558,-0.00115,0.00000,0.00000,-0.111,-0.009,0
811.4860,-0.00523,-0.02557,-0.00115,0.00000,0.00000,-0.111,-0.009,0
811.5380,-0.00523,-0.02558,-0.00115,0.00000,0.00000,-0.111,-0.009,0
811.5900,-0.00523,-0.02559,-0.00115,0.00000,0.00000,-0.111,-0.009,0
811.6420,-0.00524,-0.02560,-0.00115,0.00000,0.00000,-0.111,-0.009,0
811.6940,-0.00524,-0.02562,-0.00115,0.00000,0.00000,-0.111,-0.009,0
811.7460,-0.00524,-0.02563,-0.00115,0.00000,0.00000,-0.111,-0.009,0
811.7980,-0.00524,-0.02562,-0.00115,0.00000,0.00000,-0.111,-0.009,0
811.8500,-0.00524,-0.02562,-0.00115,0.00000,0.00000,-0.111,-0.009,0
811.9020,-0.00525,-0.02563,-0.00115,0.00000,0.00000,-0.111,-0.009,0
811.9540,-0.00525,-0.02564,-0.00115,0.00000,0.00000,-0.111,-0.009,0
812.0060,-0.00525,-0.02564,-0.00115,0.00000,0.00000,-0.111,-0.009,0
812.0580,-0.00525,-0.02564,-0.00115,0.00000,0.00000,-0.111,-0.009,0
812.1100,-0.00525,-0.02564,-0.00115,0.00000,0.00000,-0.111,-0.009,0
812.1620,-0.00525,-0.02564,-0.00115,0.00000,0.00000,-0.111,-0.009,0
812.2140,-0.00525,-0.02566,-0.00115,0.00000,0.00000,-0.111,-0.009,0
812.2660,-0.00526,-0.02568,-0.00115,0.00000,0.00000,-0.111,-0.009,0
812.3180,-0.00526,-0.02569,-0.00115,0.00000,0.00000,-0.111,-0.009,0
812.3700,-0.00527,-0.02570,-0.00115,0.00000,0.00000,-0.111,-0.009,0
812.4220,-0.00527,-0.02572,-0.00115,0.00000,0.00000,-0.111,-0.009,0
812.4740,-0.00527,-0.02574,-0.00115,0.00000,0.00000,-0.111,-0.009,0
812.5260,-0.00528,-0.02575,-0.00115,0.00000,0.00000,-0.111,-0.009,0
812.5780,-0.00528,-0.02576,-0.00115,0.00000,0.00000,-0.111,-0.009,0
812.6300,-0.00528,-0.02576,-0.00115,0.00000,0.00000,-0.111,-0.009,0
812.6820,-0.00528,-0.02576,-0.00115,0.00000,0.00000,-0.111,-0.009,0
812.7340,-0.00528,-0.02576,-0.00115,0.00000,0.00000,-0.111,-0.009,0
812.7860,-0.00527,-0.02576,-0.00115,0.00000,0.00000,-0.111,-0.009,0
812.8380,-0.00527,-0.02576,-0.00115,0.00000,0.00000,-0.111,-0.009,0
812.8900,-0.00528,-0.02576,-0.00115,0.00000,0.00000,-0.111,-0.009,0
812.9420,-0.00528,-0.02578,-0.00115,0.00000,0.00000,-0.111,-0.009,0
812.9940,-0.00528,-0.02580,-0.00115,0.00000,0.00000,-0.111,-0.009,0
813.0460,-0.00529,-0.02582,-0.00115,0.00000,0.00000,-0.112,-0.009,0
813.0980,-0.00529,-0.02584,-0.00115,0.00000,0.00000,-0.112,-0.009,0
813.1500,-0.00529,-0.02585,-0.00115,0.00000,0.00000,-0.112,-0.009,0
813.2020,-0.00530,-0.02586,-0.00115,0.00000,0.00000,-0.112,-0.009,0
813.2540,-0.00530,-0.02587,-0.00115,0.00000,0.00000,-0.112,-0.009,0
813.3060,-0.00530,-0.02588,-0.00115,0.00000,0.00000,-0.112,-0.009,0
813.3580,-0.00530,-0.02588,-0.00115,0.00000,0.00000,-0.112,-0.009,0
813.4100,-0.00530,-0.02588,-0.00115,0.00000,0.00000,-0.112,-0.009,0
813.4620,-0.00530,-0.02588,-0.00115,0.00000,0.00000,-0.112,-0.009,0
813.5140,-0.00530,-0.02588,-0.00115,0.00000,0.00000,-0.112,-0.009,0
813.5660,-0.00529,-0.02586,-0.00115,0.00000,0.00000,-0.112,-0.009,0
813.6180,-0.00529,-0.02584,-0.00115,0.00000,0.00000,-0.112,-0.009,0
813.6700,-0.00528,-0.02582,-0.00115,0.00000,0.00000,-0.112,-0.009,0
813.7220,-0.00528,-0.02581,-0.00115,0.00000,0.00000,-0.112,-0.009,0
813.7740,-0.00528,-0.02582,-0.00115,0.00000,0.00000,-0.112,-0.009,0
813.8260,-0.00528,-0.02583,-0.00115,0.00000,0.00000,-0.112,-0.009,0
813.8780,-0.00529,-0.02584,-0.00115,0.00000,0.00000,-0.112,-0.009,0
813.9300,-0.00529,-0.02587,-0.00115,0.00000,0.00000,-0.112,-0.009,0
813.9820,-0.00529,-0.02587,-0.00115,0.00000,0.00000,-0.112,-0.009,0
814.0340,-0.00529,-0.02587,-0.00115,0.00000,0.00000,-0.112,-0.009,0
814.0860,-0.00529,-0.02586,-0.00115,0.00000,0.00000,-0.112,-0.009,0
814.1380,-0.00529,-0.02586,-0.00115,0.00000,0.00000,-0.112,-0.009,0
814.1900,-0.00528,-0.02584,-0.00115,0.00000,0.00000,-0.112,-0.009,0
814.2420,-0.00528,-0.02583,-0.00115,0.00000,0.00000,-0.112,-0.009,0
814.2940,-0.00528,-0.02581,-0.00115,0.00000,0.00000,-0.112,-0.009,0
814.3460,-0.00527,-0.02580,-0.00115,0.00000,0.00000,-0.112,-0.009,0
814.3980,-0.00527,-0.02579,-0.00115,0.00000,0.00000,-0.112,-0.009,0
814.4500,-0.00527,-0.02577,-0.00115,0.00000,0.00000,-0.111,-0.009,0
814.5020,-0.00527,-0.02577,-0.00115,0.00000,0.00000,-0.111,-0.009,0
814.5540,-0.00527,-0.02577,-0.00115,0.00000,0.00000,-0.111,-0.009,0
814.6060,-0.00527,-0.02579,-0.00115,0.00000,0.00000,-0.111,-0.009,0
814.6580,-0.00528,-0.02581,-0.00115,0.00000,0.00000,-0.112,-0.009,0
814.7100,-0.00528,-0.02582,-0.00115,0.00000,0.00000,-0.112,-0.009,0
814.7620,-0.00528,-0.02582,-0.00115,0.00000,0.00000,-0.112,-0.009,0
814.8140,-0.00528,-0.02581,-0.00115,0.00000,0.00000,-0.112,-0.009,0
814.8660,-0.00528,-0.02580,-0.00115,0.00000,0.00000,-0.112,-0.009,0
814.9180,-0.00527,-0.02579,-0.00115,0.00000,0.00000,-0.112,-0.009,0
814.9700,-0.00527,-0.02577,-0.00115,0.00000,0.00000,-0.111,-0.009,0
815.0220,-0.00527,-0.02577,-0.00115,0.00000,0.00000,-0.111,-0.009,0
815.0740,-0.00527,-0.02576,-0.00115,0.00000,0.00000,-0.111,-0.009,0
815.1260,-0.00526,-0.02573,-0.00115,0.00000,0.00000,-0.111,-0.009,0
815.1780,-0.00525,-0.02570,-0.00115,0.00000,0.00000,-0.111,-0.009,0
815.2300,-0.00524,-0.02566,-0.00115,0.00000,0.00000,-0.111,-0.009,0
815.2820,-0.00524,-0.02562,-0.00115,0.00000,0.00000,-0.111,-0.009,0
815.3340,-0.00523,-0.02560,-0.00115,0.00000,0.00000,-0.111,-0.009,0
815.3860,-0.00523,-0.02558,-0.00115,0.00000,0.00000,-0.111,-0.009,0
815.4380,-0.00522,-0.02556,-0.00115,0.00000,0.00000,-0.111,-0.009,0
815.4900,-0.00522,-0.02554,-0.00115,0.00000,0.00000,-0.110,-0.009,0
815.5420,-0.00521,-0.02551,-0.00115,0.00000,0.00000,-0.110,-0.009,0
815.5940,-0.00521,-0.02549,-0.00115,0.00000,0.00000,-0.110,-0.009,0
815.6460,-0.00521,-0.02548,-0.00115,0.00000,0.00000,-0.110,-0.009,0
815.6980,-0.00521,-0.02549,-0.00115,0.00000,0.00000,-0.110,-0.009,0
815.7500,-0.00521,-0.02549,-0.00115,0.00000,0.00000,-0.110,-0.009,0
815.8020,-0.00521,-0.02548,-0.00115,0.00000,0.00000,-0.110,-0.009,0
815.8540,-0.00521,-0.02548,-0.00115,0.00000,0.00000,-0.110,-0.009,0
815.9060,-0.00521,-0.02548,-0.00115,0.00000,0.00000,-0.110,-0.009,0
815.9580,-0.00522,-0.02549,-0.00115,0.00000,0.00000,-0.110,-0.009,0
816.0100,-0.00522,-0.02550,-0.00115,0.00000,0.00000,-0.110,-0.009,0
816.0620,-0.00522,-0.02552,-0.00115,0.00000,0.00000,-0.110,-0.009,0
816.1140,-0.00523,-0.02554,-0.00115,0.00000,0.00000,-0.110,-0.009,0
816.1660,-0.00523,-0.02554,-0.00115,0.00000,0.00000,-0.110,-0.009,0
816.2180,-0.00523,-0.02555,-0.00115,0.00000,0.00000,-0.110,-0.009,0
816.2700,-0.00523,-0.02556,-0.00115,0.00000,0.00000,-0.110,-0.009,0
816.3220,-0.00523,-0.02555,-0.00115,0.00000,0.00000,-0.110,-0.009,0
816.3740,-0.00523,-0.02555,-0.00115,0.00000,0.00000,-0.110,-0.009,0
816.4260,-0.00523,-0.02554,-0.00115,0.00000,0.00000,-0.110,-0.009,0
816.4780,-0.00523,-0.02552,-0.00115,0.00000,0.00000,-0.110,-0.009,0
816.5300,-0.00522,-0.02551,-0.00115,0.00000,0.00000,-0.110,-0.009,0
816.5820,-0.00522,-0.02549,-0.00115,0.00000,0.00000,-0.110,-0.009,0
816.6340,-0.00522,-0.02549,-0.00115,0.00000,0.00000,-0.110,-0.009,0
816.6860,-0.00522,-0.02549,-0.00115,0.00000,0.00000,-0.110,-0.009,0
816.7380,-0.00522,-0.02550,-0.00115,0.00000,0.00000,-0.110,-0.009,0
816.7900,-0.00522,-0.02550,-0.00115,0.00000,0.00000,-0.110,-0.009,0
816.8420,-0.00522,-0.02550,-0.00115,0.00000,0.00000,-0.110,-0.009,0
816.8940,-0.00522,-0.02551,-0.00115,0.00000,0.00000,-0.110,-0.009,0
816.9460,-0.00523,-0.02554,-0.00115,0.00000,0.00000,-0.110,-0.009,0
816.9980,-0.00523,-0.02555,-0.00115,0.00000,0.00000,-0.110,-0.009,0
817.0500,-0.00524,-0.02556,-0.00115,0.00000,0.00000,-0.110,-0.009,0
817.1020,-0.00524,-0.02557,-0.00115,0.00000,0.00000,-0.110,-0.009,0
817.1540,-0.00524,-0.02558,-0.00115,0.00000,0.00000,-0.110,-0.009,0
817.2060,-0.00524,-0.02559,-0.00115,0.00000,0.00000,-0.110,-0.009,0
817.2580,-0.00524,-0.02559,-0.00115,0.00000,0.00000,-0.110,-0.009,0
817.3100,-0.00524,-0.02558,-0.00115,0.00000,0.00000,-0.110,-0.009,0
817.3620,-0.00523,-0.02556,-0.00115,0.00000,0.00000,-0.110,-0.009,0
817.4140,-0.00523,-0.02554,-0.00115,0.00000,0.00000,-0.110,-0.009,0
817.4660,-0.00522,-0.02552,-0.00115,0.00000,0.00000,-0.110,-0.009,0
817.5180,-0.00522,-0.02549,-0.00115,0.00000,0.00000,-0.110,-0.009,0
817.5700,-0.00521,-0.02547,-0.00115,0.00000,0.00000,-0.110,-0.009,0
817.6220,-0.00521,-0.02544,-0.00115,0.00000,0.00000,-0.110,-0.009,0
817.6740,-0.00520,-0.02541,-0.00115,0.00000,0.00000,-0.109,-0.009,0
817.7260,-0.00519,-0.02538,-0.00115,0.00000,0.00000,-0.109,-0.009,0
817.7780,-0.00519,-0.02535,-0.00115,0.00000,0.00000,-0.109,-0.009,0
817.8300,-0.00518,-0.02531,-0.00115,0.00000,0.00000,-0.109,-0.009,0
817.8820,-0.00517,-0.02528,-0.00115,0.00000,0.00000,-0.109,-0.009,0
817.9340,-0.00516,-0.02525,-0.00115,0.00000,0.00000,-0.109,-0.009,0
817.9860,-0.00516,-0.02524,-0.00115,0.00000,0.00000,-0.109,-0.009,0
818.0380,-0.00516,-0.02522,-0.00115,0.00000,0.00000,-0.109,-0.009,0
818.0900,-0.00516,-0.02522,-0.00115,0.00000,0.00000,-0.108,-0.009,0
818.1420,-0.00516,-0.02521,-0.00115,0.00000,0.00000,-0.108,-0.009,0
818.1940,-0.00516,-0.02520,-0.00115,0.00000,0.00000,-0.108,-0.009,0
818.2460,-0.00515,-0.02518,-0.00115,0.00000,0.00000,-0.108,-0.009,0
818.2980,-0.00515,-0.02516,-0.00115,0.00000,0.00000,-0.108,-0.009,0
818.3500,-0.00514,-0.02514,-0.00115,0.00000,0.00000,-0.108,-0.009,0
818.4020,-0.00514,-0.02512,-0.00115,0.00000,0.00000,-0.108,-0.009,0
818.4540,-0.00514,-0.02511,-0.00115,0.00000,0.00000,-0.108,-0.009,0
818.5060,-0.00514,-0.02510,-0.00115,0.00000,0.00000,-0.108,-0.009,0
818.5580,-0.00513,-0.02507,-0.00115,0.00000,0.00000,-0.108,-0.009,0
818.6100,-0.00513,-0.02505,-0.00115,0.00000,0.00000,-0.108,-0.009,0
818.6620,-0.00512,-0.02502,-0.00115,0.00000,0.00000,-0.107,-0.009,0
818.7140,-0.00512,-0.02500,-0.00115,0.00000,0.00000,-0.107,-0.009,0
818.7660,-0.00511,-0.02497,-0.00115,0.00000,0.00000,-0.107,-0.009,0
818.8180,-0.00511,-0.02495,-0.00115,0.00000,0.00000,-0.107,-0.009,0
818.8700,-0.00511,-0.02494,-0.00115,0.00000,0.00000,-0.107,-0.009,0
818.9220,-0.00511,-0.02494,-0.00115,0.00000,0.00000,-0.107,-0.009,0
818.9740,-0.00511,-0.02494,-0.00115,0.00000,0.00000,-0.107,-0.009,0
819.0260,-0.00511,-0.02492,-0.00115,0.00000,0.00000,-0.107,-0.009,0
819.0780,-0.00510,-0.02489,-0.00115,0.00000,0.00000,-0.107,-0.009,0
819.1300,-0.00510,-0.02487,-0.00115,0.00000,0.00000,-0.107,-0.009,0
819.1820,-0.00509,-0.02486,-0.00115,0.00000,0.00000,-0.107,-0.009,0
819.2340,-0.00509,-0.02485,-0.00115,0.00000,0.00000,-0.106,-0.009,0
819.2860,-0.00509,-0.02484,-0.00115,0.00000,0.00000,-0.106,-0.009,0
819.3380,-0.00509,-0.02484,-0.00115,0.00000,0.00000,-0.106,-0.009,0
819.3900,-0.00510,-0.02485,-0.00115,0.00000,0.00000,-0.106,-0.009,0
819.4420,-0.00510,-0.02486,-0.00115,0.00000,0.00000,-0.106,-0.009,0
819.4940,-0.00510,-0.02487,-0.00115,0.00000,0.00000,-0.106,-0.009,0
819.5460,-0.00511,-0.02490,-0.00115,0.00000,0.00000,-0.106,-0.009,0
819.5980,-0.00512,-0.02494,-0.00115,0.00000,0.00000,-0.107,-0.009,0
819.6500,-0.00513,-0.02498,-0.00115,0.00000,0.00000,-0.107,-0.009,0
819.7020,-0.00514,-0.02504,-0.00115,0.00000,0.00000,-0.107,-0.009,0
819.7540,-0.00516,-0.02508,-0.00115,0.00000,0.00000,-0.107,-0.009,0
819.8060,-0.00516,-0.02512,-0.00115,0.00000,0.00000,-0.107,-0.009,0
819.8580,-0.00517,-0.02514,-0.00115,0.00000,0.00000,-0.107,-0.009,0
819.9100,-0.00517,-0.02517,-0.00115,0.00000,0.00000,-0.108,-0.009,0
819.9620,-0.00518,-0.02519,-0.00115,0.00000,0.00000,-0.108,-0.009,0
820.0140,-0.00518,-0.02522,-0.00115,0.00000,0.00000,-0.108,-0.009,0
820.0660,-0.00519,-0.02524,-0.00115,0.00000,0.00000,-0.108,-0.009,0
820.1180,-0.00519,-0.02526,-0.00115,0.00000,0.00000,-0.108,-0.009,0
820.1700,-0.00519,-0.02526,-0.00115,0.00000,0.00000,-0.108,-0.009,0
820.2220,-0.00519,-0.02526,-0.00115,0.00000,0.00000,-0.108,-0.009,0
820.2740,-0.00519,-0.02526,-0.00115,0.00000,0.00000,-0.108,-0.009,0
820.3260,-0.00519,-0.02525,-0.00115,0.00000,0.00000,-0.108,-0.009,0
820.3780,-0.00518,-0.02524,-0.00115,0.00000,0.00000,-0.108,-0.009,0
820.4300,-0.00518,-0.02523,-0.00115,0.00000,0.00000,-0.108,-0.009,0
820.4820,-0.00517,-0.02521,-0.00115,0.00000,0.00000,-0.108,-0.009,0
820.5340,-0.00517,-0.02520,-0.00115,0.00000,0.00000,-0.108,-0.009,0
820.5860,-0.00517,-0.02518,-0.00115,0.00000,0.00000,-0.108,-0.009,0
820.6380,-0.00516,-0.02516,-0.00115,0.00000,0.00000,-0.108,-0.009,0
820.6900,-0.00516,-0.02515,-0.00115,0.00000,0.00000,-0.107,-0.009,0
820.7420,-0.00515,-0.02514,-0.00115,0.00000,0.00000,-0.107,-0.009,0
820.7940,-0.00515,-0.02513,-0.00115,0.00000,0.00000,-0.107,-0.009,0
820.8460,-0.00515,-0.02512,-0.00115,0.00000,0.00000,-0.107,-0.009,0
820.8980,-0.00515,-0.02511,-0.00115,0.00000,0.00000,-0.107,-0.009,0
820.9500,-0.00514,-0.02509,-0.00115,0.00000,0.00000,-0.107,-0.009,0
821.0020,-0.00514,-0.02507,-0.00115,0.00000,0.00000,-0.107,-0.009,0
821.0540,-0.00513,-0.02505,-0.00115,0.00000,0.00000,-0.107,-0.009,0
821.1060,-0.00513,-0.02504,-0.00115,0.00000,0.00000,-0.107,-0.009,0
821.1580,-0.00513,-0.02502,-0.00115,0.00000,0.00000,-0.107,-0.009,0
821.2100,-0.00512,-0.02498,-0.00115,0.00000,0.00000,-0.107,-0.009,0
821.2620,-0.00511,-0.02494,-0.00115,0.00000,0.00000,-0.107,-0.009,0
821.3140,-0.00510,-0.02492,-0.00115,0.00000,0.00000,-0.106,-0.009,0
821.3660,-0.00510,-0.02489,-0.00115,0.00000,0.00000,-0.106,-0.009,0
821.4180,-0.00509,-0.02487,-0.00115,0.00000,0.00000,-0.106,-0.009,0
821.4700,-0.00509,-0.02484,-0.00115,0.00000,0.00000,-0.106,-0.009,0
821.5220,-0.00509,-0.02484,-0.00115,0.00000,0.00000,-0.106,-0.009,0
821.5740,-0.00509,-0.02484,-0.00115,0.00000,0.00000,-0.106,-0.009,0
821.6260,-0.00509,-0.02484,-0.00115,0.00000,0.00000,-0.106,-0.009,0
821.6780,-0.00509,-0.02483,-0.00115,0.00000,0.00000,-0.106,-0.009,0
821.7300,-0.00509,-0.02483,-0.00115,0.00000,0.00000,-0.106,-0.009,0
821.7820,-0.00509,-0.02482,-0.00115,0.00000,0.00000,-0.106,-0.009,0
821.8340,-0.00509,-0.02483,-0.00115,0.00000,0.00000,-0.106,-0.009,0
821.8860,-0.00509,-0.02483,-0.00115,0.00000,0.00000,-0.106,-0.009,0
821.9380,-0.00509,-0.02483,-0.00115,0.00000,0.00000,-0.106,-0.009,0
821.9900,-0.00509,-0.02483,-0.00115,0.00000,0.00000,-0.106,-0.009,0
822.0420,-0.00509,-0.02483,-0.00115,0.00000,0.00000,-0.106,-0.009,0
822.0940,-0.00509,-0.02483,-0.00115,0.00000,0.00000,-0.106,-0.009,0
822.1460,-0.00510,-0.02483,-0.00115,0.00000,0.00000,-0.106,-0.009,0
822.1980,-0.00510,-0.02483,-0.00115,0.00000,0.00000,-0.106,-0.009,0
822.2500,-0.00510,-0.02484,-0.00115,0.00000,0.00000,-0.106,-0.009,0
822.3020,-0.00510,-0.02485,-0.00115,0.00000,0.00000,-0.106,-0.009,0
822.3540,-0.00511,-0.02487,-0.00115,0.00000,0.00000,-0.106,-0.009,0
822.4060,-0.00511,-0.02489,-0.00115,0.00000,0.00000,-0.106,-0.009,0
822.4580,-0.00511,-0.02490,-0.00115,0.00000,0.00000,-0.106,-0.009,0
822.5100,-0.00512,-0.02491,-0.00115,0.00000,0.00000,-0.106,-0.009,0
822.5620,-0.00512,-0.02493,-0.00115,0.00000,0.00000,-0.106,-0.009,0
822.6140,-0.00513,-0.02495,-0.00115,0.00000,0.00000,-0.106,-0.009,0
822.6660,-0.00513,-0.02498,-0.00115,0.00000,0.00000,-0.106,-0.009,0
822.7180,-0.00514,-0.02502,-0.00115,0.00000,0.00000,-0.106,-0.009,0
822.7700,-0.00515,-0.02506,-0.00115,0.00000,0.00000,-0.107,-0.009,0
822.8220,-0.00516,-0.02511,-0.00115,0.00000,0.00000,-0.107,-0.009,0
822.8740,-0.00517,-0.02514,-0.00115,0.00000,0.00000,-0.107,-0.009,0
822.9260,-0.00518,-0.02517,-0.00115,0.00000,0.00000,-0.107,-0.009,0
822.9780,-0.00518,-0.02520,-0.00115,0.00000,0.00000,-0.107,-0.009,0
823.0300,-0.00519,-0.02522,-0.00115,0.00000,0.00000,-0.107,-0.009,0
823.0820,-0.00519,-0.02525,-0.00115,0.00000,0.00000,-0.107,-0.009,0
823.1340,-0.00520,-0.02529,-0.00115,0.00000,0.00000,-0.108,-0.009,0
823.1860,-0.00521,-0.02534,-0.00115,0.00000,0.00000,-0.108,-0.009,0
823.2380,-0.00522,-0.02540,-0.00115,0.00000,0.00000,-0.108,-0.009,0
823.2900,-0.00523,-0.02545,-0.00115,0.00000,0.00000,-0.108,-0.009,0
823.3420,-0.00524,-0.02550,-0.00115,0.00000,0.00000,-0.109,-0.009,0
823.3940,-0.00525,-0.02555,-0.00115,0.00000,0.00000,-0.109,-0.009,0
823.4460,-0.00526,-0.02559,-0.00115,0.00000,0.00000,-0.109,-0.009,0
823.4980,-0.00527,-0.02563,-0.00115,0.00000,0.00000,-0.109,-0.009,0
823.5500,-0.00528,-0.02567,-0.00115,0.00000,0.00000,-0.109,-0.009,0
823.6020,-0.00529,-0.02572,-0.00115,0.00000,0.00000,-0.110,-0.009,0
823.6540,-0.00530,-0.02578,-0.00115,0.00000,0.00000,-0.110,-0.009,0
823.7060,-0.00531,-0.02585,-0.00115,0.00000,0.00000,-0.110,-0.009,0
823.7580,-0.00533,-0.02591,-0.00115,0.00000,0.00000,-0.111,-0.009,0
823.8100,-0.00534,-0.02597,-0.00115,0.00000,0.00000,-0.111,-0.009,0
823.8620,-0.00535,-0.02603,-0.00115,0.00000,0.00000,-0.111,-0.009,0
823.9140,-0.00536,-0.02610,-0.00115,0.00000,0.00000,-0.112,-0.009,0
823.9660,-0.00537,-0.02615,-0.00115,0.00000,0.00000,-0.112,-0.009,0
824.0180,-0.00537,-0.02617,-0.00115,0.00000,0.00000,-0.112,-0.009,0
824.0700,-0.00538,-0.02620,-0.00115,0.00000,0.00000,-0.112,-0.009,0
824.1220,-0.00538,-0.02621,-0.00115,0.00000,0.00000,-0.112,-0.009,0
824.1740,-0.00537,-0.02620,-0.00115,0.00000,0.00000,-0.112,-0.009,0
824.2260,-0.00537,-0.02619,-0.00115,0.00000,0.00000,-0.112,-0.009,0
824.2780,-0.00536,-0.02617,-0.00115,0.00000,0.00000,-0.112,-0.009,0
824.3300,-0.00535,-0.02615,-0.00115,0.00000,0.00000,-0.112,-0.009,0
824.3820,-0.00535,-0.02613,-0.00115,0.00000,0.00000,-0.112,-0.009,0
824.4340,-0.00534,-0.02612,-0.00115,0.00000,0.00000,-0.112,-0.009,0
824.4860,-0.00534,-0.02612,-0.00115,0.00000,0.00000,-0.112,-0.009,0
824.5380,-0.00534,-0.02612,-0.00115,0.00000,0.00000,-0.112,-0.009,0
824.5900,-0.00534,-0.02613,-0.00115,0.00000,0.00000,-0.112,-0.009,0
824.6420,-0.00534,-0.02615,-0.00115,0.00000,0.00000,-0.113,-0.009,0
824.6940,-0.00535,-0.02617,-0.00115,0.00000,0.00000,-0.113,-0.009,0
824.7460,-0.00535,-0.02616,-0.00115,0.00000,0.00000,-0.113,-0.009,0
824.7980,-0.00534,-0.02616,-0.00115,0.00000,0.00000,-0.113,-0.009,0
824.8500,-0.00534,-0.02615,-0.00115,0.00000,0.00000,-0.113,-0.009,0
824.9020,-0.00534,-0.02614,-0.00115,0.00000,0.00000,-0.113,-0.009,0
824.9540,-0.00534,-0.02614,-0.00115,0.00000,0.00000,-0.113,-0.009,0
825.0060,-0.00534,-0.02614,-0.00115,0.00000,0.00000,-0.113,-0.009,0
825.0580,-0.00534,-0.02614,-0.00115,0.00000,0.00000,-0.113,-0.009,0
825.1100,-0.00534,-0.02614,-0.00115,0.00000,0.00000,-0.113,-0.009,0
825.1620,-0.00534,-0.02615,-0.00115,0.00000,0.00000,-0.113,-0.009,0
825.2140,-0.00534,-0.02616,-0.00115,0.00000,0.00000,-0.113,-0.009,0
825.2660,-0.00534,-0.02617,-0.00115,0.00000,0.00000,-0.113,-0.009,0
825.3180,-0.00534,-0.02617,-0.00115,0.00000,0.00000,-0.113,-0.009,0
825.3700,-0.00534,-0.02617,-0.00115,0.00000,0.00000,-0.113,-0.009,0
825.4220,-0.00534,-0.02617,-0.00115,0.00000,0.00000,-0.113,-0.009,0
825.4740,-0.00535,-0.02618,-0.00115,0.00000,0.00000,-0.113,-0.009,0
825.5260,-0.00535,-0.02619,-0.00115,0.00000,0.00000,-0.113,-0.009,0
825.5780,-0.00535,-0.02619,-0.00115,0.00000,0.00000,-0.113,-0.009,0
825.6300,-0.00534,-0.02617,-0.00115,0.00000,0.00000,-0.113,-0.009,0
825.6820,-0.00534,-0.02618,-0.00115,0.00000,0.00000,-0.113,-0.009,0
825.7340,-0.00534,-0.02618,-0.00115,0.00000,0.00000,-0.113,-0.009,0
825.7860,-0.00535,-0.02619,-0.00115,0.00000,0.00000,-0.113,-0.009,0
825.8380,-0.00535,-0.02621,-0.00115,0.00000,0.00000,-0.114,-0.009,0
825.8900,-0.00535,-0.02621,-0.00115,0.00000,0.00000,-0.114,-0.009,0
825.9420,-0.00536,-0.02623,-0.00115,0.00000,0.00000,-0.114,-0.009,0
825.9940,-0.00536,-0.02625,-0.00115,0.00000,0.00000,-0.114,-0.009,0
826.0460,-0.00537,-0.02628,-0.00115,0.00000,0.00000,-0.114,-0.009,0
826.0980,-0.00538,-0.02631,-0.00115,0.00000,0.00000,-0.114,-0.009,0
826.1500,-0.00538,-0.02634,-0.00115,0.00000,0.00000,-0.114,-0.009,0
826.2020,-0.00539,-0.02636,-0.00115,0.00000,0.00000,-0.114,-0.009,0
826.2540,-0.00540,-0.02640,-0.00115,0.00000,0.00000,-0.115,-0.009,0
826.3060,-0.00540,-0.02644,-0.00115,0.00000,0.00000,-0.115,-0.009,0
826.3580,-0.00542,-0.02649,-0.00115,0.00000,0.00000,-0.115,-0.009,0
826.4100,-0.00542,-0.02652,-0.00115,0.00000,0.00000,-0.115,-0.009,0
826.4620,-0.00543,-0.02656,-0.00115,0.00000,0.00000,-0.115,-0.009,0
826.5140,-0.00544,-0.02660,-0.00115,0.00000,0.00000,-0.116,-0.009,0
826.5660,-0.00544,-0.02662,-0.00115,0.00000,0.00000,-0.116,-0.009,0
826.6180,-0.00544,-0.02662,-0.00115,0.00000,0.00000,-0.116,-0.009,0
826.6700,-0.00544,-0.02662,-0.00115,0.00000,0.00000,-0.116,-0.009,0
826.7220,-0.00544,-0.02662,-0.00115,0.00000,0.00000,-0.116,-0.009,0
826.7740,-0.00544,-0.02664,-0.00115,0.00000,0.00000,-0.116,-0.009,0
826.8260,-0.00544,-0.02664,-0.00115,0.00000,0.00000,-0.116,-0.009,0
826.8780,-0.00544,-0.02663,-0.00115,0.00000,0.00000,-0.116,-0.009,0
826.9300,-0.00544,-0.02663,-0.00115,0.00000,0.00000,-0.116,-0.009,0
826.9820,-0.00544,-0.02663,-0.00115,0.00000,0.00000,-0.116,-0.009,0
827.0340,-0.00543,-0.02661,-0.00115,0.00000,0.00000,-0.116,-0.009,0
827.0860,-0.00543,-0.02659,-0.00115,0.00000,0.00000,-0.116,-0.009,0
827.1380,-0.00542,-0.02657,-0.00115,0.00000,0.00000,-0.116,-0.009,0
827.1900,-0.00542,-0.02655,-0.00115,0.00000,0.00000,-0.116,-0.009,0
827.2420,-0.00541,-0.02654,-0.00115,0.00000,0.00000,-0.116,-0.009,0
827.2940,-0.00541,-0.02652,-0.00115,0.00000,0.00000,-0.116,-0.009,0
827.3460,-0.00540,-0.02648,-0.00115,0.00000,0.00000,-0.116,-0.009,0
827.3980,-0.00539,-0.02645,-0.00115,0.00000,0.00000,-0.115,-0.009,0
827.4500,-0.00538,-0.02641,-0.00115,0.00000,0.00000,-0.115,-0.009,0
827.5020,-0.00537,-0.02638,-0.00115,0.00000,0.00000,-0.115,-0.009,0
827.5540,-0.00537,-0.02635,-0.00115,0.00000,0.00000,-0.115,-0.009,0
827.6060,-0.00536,-0.02631,-0.00115,0.00000,0.00000,-0.115,-0.009,0
827.6580,-0.00534,-0.02625,-0.00115,0.00000,0.00000,-0.115,-0.009,0
827.7100,-0.00533,-0.02620,-0.00115,0.00000,0.00000,-0.114,-0.009,0
827.7620,-0.00532,-0.02615,-0.00115,0.00000,0.00000,-0.114,-0.009,0
827.8140,-0.00531,-0.02610,-0.00115,0.00000,0.00000,-0.114,-0.009,0
827.8660,-0.00530,-0.02605,-0.00115,0.00000,0.00000,-0.114,-0.009,0
827.9180,-0.00530,-0.02602,-0.00115,0.00000,0.00000,-0.114,-0.009,0
827.9700,-0.00529,-0.02598,-0.00115,0.00000,0.00000,-0.113,-0.009,0
828.0220,-0.00528,-0.02596,-0.00115,0.00000,0.00000,-0.113,-0.009,0
828.0740,-0.00528,-0.02593,-0.00115,0.00000,0.00000,-0.113,-0.009,0
828.1260,-0.00527,-0.02589,-0.00115,0.00000,0.00000,-0.113,-0.009,0
828.1780,-0.00527,-0.02586,-0.00115,0.00000,0.00000,-0.113,-0.009,0
828.2300,-0.00526,-0.02584,-0.00115,0.00000,0.00000,-0.113,-0.009,0
828.2820,-0.00526,-0.02582,-0.00115,0.00000,0.00000,-0.113,-0.009,0
828.3340,-0.00526,-0.02582,-0.00115,0.00000,0.00000,-0.113,-0.009,0
828.3860,-0.00527,-0.02584,-0.00115,0.00000,0.00000,-0.113,-0.009,0
828.4380,-0.00527,-0.02586,-0.00115,0.00000,0.00000,-0.113,-0.009,0
828.4900,-0.00528,-0.02589,-0.00115,0.00000,0.00000,-0.113,-0.009,0
828.5420,-0.00529,-0.02591,-0.00115,0.00000,0.00000,-0.113,-0.009,0
828.5940,-0.00530,-0.02595,-0.00115,0.00000,0.00000,-0.113,-0.009,0
828.6460,-0.00531,-0.02599,-0.00115,0.00000,0.00000,-0.113,-0.009,0
828.6980,-0.00532,-0.02603,-0.00115,0.00000,0.00000,-0.113,-0.009,0
828.7500,-0.00533,-0.02605,-0.00115,0.00000,0.00000,-0.113,-0.009,0
828.8020,-0.00533,-0.02608,-0.00115,0.00000,0.00000,-0.113,-0.009,0
828.8540,-0.00534,-0.02610,-0.00115,0.00000,0.00000,-0.113,-0.009,0
828.9060,-0.00535,-0.02613,-0.00115,0.00000,0.00000,-0.114,-0.009,0
828.9580,-0.00535,-0.02615,-0.00115,0.00000,0.00000,-0.114,-0.009,0
829.0100,-0.00536,-0.02618,-0.00115,0.00000,0.00000,-0.114,-0.009,0
829.0620,-0.00536,-0.02620,-0.00115,0.00000,0.00000,-0.114,-0.009,0
829.1140,-0.00537,-0.02622,-0.00115,0.00000,0.00000,-0.114,-0.009,0
829.1660,-0.00537,-0.02623,-0.00115,0.00000,0.00000,-0.114,-0.009,0
829.2180,-0.00537,-0.02623,-0.00115,0.00000,0.00000,-0.114,-0.009,0
829.2700,-0.00537,-0.02624,-0.00115,0.00000,0.00000,-0.114,-0.009,0
829.3220,-0.00537,-0.02624,-0.00115,0.00000,0.00000,-0.114,-0.009,0
829.3740,-0.00537,-0.02623,-0.00115,0.00000,0.00000,-0.114,-0.009,0
829.4260,-0.00536,-0.02623,-0.00115,0.00000,0.00000,-0.114,-0.009,0
829.4780,-0.00536,-0.02622,-0.00115,0.00000,0.00000,-0.114,-0.009,0
829.5300,-0.00536,-0.02622,-0.00115,0.00000,0.00000,-0.114,-0.009,0
829.5820,-0.00536,-0.02622,-0.00115,0.00000,0.00000,-0.114,-0.009,0
829.6340,-0.00536,-0.02622,-0.00115,0.00000,0.00000,-0.114,-0.009,0
829.6860,-0.00536,-0.02622,-0.00115,0.00000,0.00000,-0.114,-0.009,0
829.7380,-0.00536,-0.02622,-0.00115,0.00000,0.00000,-0.114,-0.009,0
829.7900,-0.00536,-0.02622,-0.00115,0.00000,0.00000,-0.114,-0.009,0
829.8420,-0.00536,-0.02623,-0.00115,0.00000,0.00000,-0.114,-0.009,0
829.8940,-0.00536,-0.02624,-0.00115,0.00000,0.00000,-0.114,-0.009,0
829.9460,-0.00536,-0.02625,-0.00115,0.00000,0.00000,-0.114,-0.009,0
829.9980,-0.00536,-0.02625,-0.00115,0.00000,0.00000,-0.114,-0.009,0
830.0500,-0.00537,-0.02626,-0.00115,0.00000,0.00000,-0.114,-0.009,0
830.1020,-0.00537,-0.02626,-0.00115,0.00000,0.00000,-0.114,-0.009,0
830.1540,-0.00537,-0.02628,-0.00115,0.00000,0.00000,-0.114,-0.009,0
830.2060,-0.00537,-0.02630,-0.00115,0.00000,0.00000,-0.114,-0.009,0
830.2580,-0.00537,-0.02631,-0.00115,0.00000,0.00000,-0.114,-0.009,0
830.3100,-0.00537,-0.02631,-0.00115,0.00000,0.00000,-0.114,-0.009,0
830.3620,-0.00537,-0.02631,-0.00115,0.00000,0.00000,-0.114,-0.009,0
830.4140,-0.00537,-0.02631,-0.00115,0.00000,0.00000,-0.114,-0.009,0
830.4660,-0.00537,-0.02630,-0.00115,0.00000,0.00000,-0.114,-0.009,0
830.5180,-0.00537,-0.02629,-0.00115,0.00000,0.00000,-0.114,-0.009,0
830.5700,-0.00536,-0.02627,-0.00115,0.00000,0.00000,-0.114,-0.009,0
830.6220,-0.00536,-0.02625,-0.00115,0.00000,0.00000,-0.114,-0.009,0
830.6740,-0.00535,-0.02622,-0.00115,0.00000,0.00000,-0.114,-0.009,0
830.7260,-0.00534,-0.02619,-0.00115,0.00000,0.00000,-0.114,-0.009,0
830.7780,-0.00534,-0.02616,-0.00115,0.00000,0.00000,-0.114,-0.009,0
830.8300,-0.00533,-0.02614,-0.00115,0.00000,0.00000,-0.114,-0.009,0
830.8820,-0.00533,-0.02611,-0.00115,0.00000,0.00000,-0.114,-0.009,0
830.9340,-0.00532,-0.02608,-0.00115,0.00000,0.00000,-0.114,-0.009,0
830.9860,-0.00531,-0.02604,-0.00115,0.00000,0.00000,-0.113,-0.009,0
831.0380,-0.00530,-0.02600,-0.00115,0.00000,0.00000,-0.113,-0.009,0
831.0900,-0.00529,-0.02597,-0.00115,0.00000,0.00000,-0.113,-0.009,0
831.1420,-0.00529,-0.02593,-0.00115,0.00000,0.00000,-0.113,-0.009,0
831.1940,-0.00528,-0.02589,-0.00115,0.00000,0.00000,-0.113,-0.009,0
831.2460,-0.00527,-0.02585,-0.00115,0.00000,0.00000,-0.113,-0.009,0
831.2980,-0.00526,-0.02581,-0.00115,0.00000,0.00000,-0.112,-0.009,0
831.3500,-0.00525,-0.02578,-0.00115,0.00000,0.00000,-0.112,-0.009,0
831.4020,-0.00525,-0.02575,-0.00115,0.00000,0.00000,-0.112,-0.009,0
831.4540,-0.00525,-0.02574,-0.00115,0.00000,0.00000,-0.112,-0.009,0
831.5060,-0.00525,-0.02573,-0.00115,0.00000,0.00000,-0.112,-0.009,0
831.5580,-0.00525,-0.02572,-0.00115,0.00000,0.00000,-0.112,-0.009,0
831.6100,-0.00525,-0.02571,-0.00115,0.00000,0.00000,-0.112,-0.009,0
831.6620,-0.00524,-0.02569,-0.00115,0.00000,0.00000,-0.112,-0.009,0
831.7140,-0.00524,-0.02568,-0.00115,0.00000,0.00000,-0.112,-0.009,0
831.7660,-0.00524,-0.02567,-0.00115,0.00000,0.00000,-0.111,-0.009,0
831.8180,-0.00524,-0.02566,-0.00115,0.00000,0.00000,-0.111,-0.009,0
831.8700,-0.00524,-0.02565,-0.00115,0.00000,0.00000,-0.111,-0.009,0
831.9220,-0.00523,-0.02562,-0.00115,0.00000,0.00000,-0.111,-0.009,0
831.9740,-0.00523,-0.02560,-0.00115,0.00000,0.00000,-0.111,-0.009,0
832.0260,-0.00523,-0.02558,-0.00115,0.00000,0.00000,-0.111,-0.009,0
832.0780,-0.00522,-0.02556,-0.00115,0.00000,0.00000,-0.111,-0.009,0
832.1300,-0.00522,-0.02554,-0.00115,0.00000,0.00000,-0.111,-0.009,0
832.1820,-0.00522,-0.02554,-0.00115,0.00000,0.00000,-0.111,-0.009,0
832.2340,-0.00522,-0.02554,-0.00115,0.00000,0.00000,-0.111,-0.009,0
832.2860,-0.00522,-0.02554,-0.00115,0.00000,0.00000,-0.111,-0.009,0
832.3380,-0.00522,-0.02554,-0.00115,0.00000,0.00000,-0.111,-0.009,0
832.3900,-0.00523,-0.02555,-0.00115,0.00000,0.00000,-0.111,-0.009,0
832.4420,-0.00523,-0.02555,-0.00115,0.00000,0.00000,-0.111,-0.009,0
832.4940,-0.00523,-0.02554,-0.00115,0.00000,0.00000,-0.110,-0.009,0
832.5460,-0.00522,-0.02553,-0.00115,0.00000,0.00000,-0.110,-0.009,0
832.5980,-0.00522,-0.02552,-0.00115,0.00000,0.00000,-0.110,-0.009,0
832.6500,-0.00522,-0.02552,-0.00115,0.00000,0.00000,-0.110,-0.009,0
832.7020,-0.00523,-0.02553,-0.00115,0.00000,0.00000,-0.110,-0.009,0
832.7540,-0.00523,-0.02554,-0.00115,0.00000,0.00000,-0.110,-0.009,0
832.8060,-0.00523,-0.02555,-0.00115,0.00000,0.00000,-0.110,-0.009,0
832.8580,-0.00524,-0.02556,-0.00115,0.00000,0.00000,-0.110,-0.009,0
832.9100,-0.00524,-0.02558,-0.00115,0.00000,0.00000,-0.110,-0.009,0
832.9620,-0.00524,-0.02558,-0.00115,0.00000,0.00000,-0.110,-0.009,0
833.0140,-0.00524,-0.02558,-0.00115,0.00000,0.00000,-0.110,-0.009,0
833.0660,-0.00524,-0.02558,-0.00115,0.00000,0.00000,-0.110,-0.009,0
833.1180,-0.00524,-0.02558,-0.00115,0.00000,0.00000,-0.110,-0.009,0
833.1700,-0.00524,-0.02557,-0.00115,0.00000,0.00000,-0.110,-0.009,0
833.2220,-0.00524,-0.02556,-0.00115,0.00000,0.00000,-0.110,-0.009,0
833.2740,-0.00524,-0.02556,-0.00115,0.00000,0.00000,-0.110,-0.009,0
833.3260,-0.00523,-0.02556,-0.00115,0.00000,0.00000,-0.110,-0.009,0
833.3780,-0.00523,-0.02556,-0.00115,0.00000,0.00000,-0.110,-0.009,0
833.4300,-0.00523,-0.02556,-0.00115,0.00000,0.00000,-0.110,-0.009,0
833.4820,-0.00524,-0.02557,-0.00115,0.00000,0.00000,-0.110,-0.009,0
833.5340,-0.00524,-0.02557,-0.00115,0.00000,0.00000,-0.110,-0.009,0
833.5860,-0.00524,-0.02559,-0.00115,0.00000,0.00000,-0.110,-0.009,0
833.6380,-0.00524,-0.02560,-0.00115,0.00000,0.00000,-0.110,-0.009,0
833.6900,-0.00525,-0.02562,-0.00115,0.00000,0.00000,-0.110,-0.009,0
833.7420,-0.00525,-0.02562,-0.00115,0.00000,0.00000,-0.110,-0.009,0
833.7940,-0.00525,-0.02562,-0.00115,0.00000,0.00000,-0.110,-0.009,0
833.8460,-0.00525,-0.02561,-0.00115,0.00000,0.00000,-0.110,-0.009,0
833.8980,-0.00524,-0.02560,-0.00115,0.00000,0.00000,-0.110,-0.009,0
833.9500,-0.00524,-0.02558,-0.00115,0.00000,0.00000,-0.110,-0.009,0
834.0020,-0.00523,-0.02556,-0.00115,0.00000,0.00000,-0.110,-0.009,0
834.0540,-0.00523,-0.02554,-0.00115,0.00000,0.00000,-0.110,-0.009,0
834.1060,-0.00522,-0.02550,-0.00115,0.00000,0.00000,-0.110,-0.009,0
834.1580,-0.00521,-0.02546,-0.00115,0.00000,0.00000,-0.110,-0.009,0
834.2100,-0.00520,-0.02543,-0.00115,0.00000,0.00000,-0.110,-0.009,0
834.2620,-0.00519,-0.02538,-0.00115,0.00000,0.00000,-0.109,-0.009,0
834.3140,-0.00518,-0.02533,-0.00115,0.00000,0.00000,-0.109,-0.009,0
834.3660,-0.00517,-0.02530,-0.00115,0.00000,0.00000,-0.109,-0.009,0
834.4180,-0.00517,-0.02528,-0.00115,0.00000,0.00000,-0.109,-0.009,0
834.4700,-0.00516,-0.02526,-0.00115,0.00000,0.00000,-0.109,-0.009,0
834.5220,-0.00516,-0.02524,-0.00115,0.00000,0.00000,-0.109,-0.009,0
834.5740,-0.00516,-0.02523,-0.00115,0.00000,0.00000,-0.109,-0.009,0
834.6260,-0.00516,-0.02522,-0.00115,0.00000,0.00000,-0.109,-0.009,0
834.6780,-0.00516,-0.02520,-0.00115,0.00000,0.00000,-0.108,-0.009,0
834.7300,-0.00515,-0.02520,-0.00115,0.00000,0.00000,-0.108,-0.009,0
834.7820,-0.00516,-0.02519,-0.00115,0.00000,0.00000,-0.108,-0.009,0
834.8340,-0.00516,-0.02519,-0.00115,0.00000,0.00000,-0.108,-0.009,0
834.8860,-0.00516,-0.02519,-0.00115,0.00000,0.00000,-0.108,-0.009,0
834.9380,-0.00516,-0.02520,-0.00115,0.00000,0.00000,-0.108,-0.009,0
834.9900,-0.00516,-0.02522,-0.00115,0.00000,0.00000,-0.108,-0.009,0
835.0420,-0.00517,-0.02524,-0.00115,0.00000,0.00000,-0.108,-0.009,0
835.0940,-0.00518,-0.02527,-0.00115,0.00000,0.00000,-0.109,-0.009,0
835.1460,-0.00519,-0.02531,-0.00115,0.00000,0.00000,-0.109,-0.009,0
835.1980,-0.00520,-0.02534,-0.00115,0.00000,0.00000,-0.109,-0.009,0
835.2500,-0.00521,-0.02538,-0.00115,0.00000,0.00000,-0.109,-0.009,0
835.3020,-0.00522,-0.02543,-0.00115,0.00000,0.00000,-0.109,-0.009,0
835.3540,-0.00523,-0.02549,-0.00115,0.00000,0.00000,-0.109,-0.009,0
835.4060,-0.00524,-0.02553,-0.00115,0.00000,0.00000,-0.110,-0.009,0
835.4580,-0.00525,-0.02557,-0.00115,0.00000,0.00000,-0.110,-0.009,0
835.5100,-0.00526,-0.02561,-0.00115,0.00000,0.00000,-0.110,-0.009,0
835.5620,-0.00527,-0.02564,-0.00115,0.00000,0.00000,-0.110,-0.009,0
835.6140,-0.00527,-0.02566,-0.00115,0.00000,0.00000,-0.110,-0.009,0
835.6660,-0.00528,-0.02569,-0.00115,0.00000,0.00000,-0.110,-0.009,0
835.7180,-0.00528,-0.02572,-0.00115,0.00000,0.00000,-0.110,-0.009,0
835.7700,-0.00529,-0.02575,-0.00115,0.00000,0.00000,-0.111,-0.009,0
835.8220,-0.00529,-0.02578,-0.00115,0.00000,0.00000,-0.111,-0.009,0
835.8740,-0.00530,-0.02581,-0.00115,0.00000,0.00000,-0.111,-0.009,0
835.9260,-0.00530,-0.02583,-0.00115,0.00000,0.00000,-0.111,-0.009,0
835.9780,-0.00530,-0.02584,-0.00115,0.00000,0.00000,-0.111,-0.009,0
836.0300,-0.00530,-0.02586,-0.00115,0.00000,0.00000,-0.111,-0.009,0
836.0820,-0.00531,-0.02588,-0.00115,0.00000,0.00000,-0.111,-0.009,0
836.1340,-0.00531,-0.02591,-0.00115,0.00000,0.00000,-0.111,-0.009,0
836.1860,-0.00532,-0.02595,-0.00115,0.00000,0.00000,-0.112,-0.009,0
836.2380,-0.00534,-0.02601,-0.00115,0.00000,0.00000,-0.112,-0.009,0
836.2900,-0.00535,-0.02608,-0.00115,0.00000,0.00000,-0.112,-0.009,0
836.3420,-0.00536,-0.02614,-0.00115,0.00000,0.00000,-0.112,-0.009,0
836.3940,-0.00537,-0.02619,-0.00115,0.00000,0.00000,-0.113,-0.009,0
836.4460,-0.00538,-0.02625,-0.00115,0.00000,0.00000,-0.113,-0.009,0
836.4980,-0.00539,-0.02629,-0.00115,0.00000,0.00000,-0.113,-0.009,0
836.5500,-0.00540,-0.02633,-0.00115,0.00000,0.00000,-0.113,-0.009,0
836.6020,-0.00541,-0.02637,-0.00115,0.00000,0.00000,-0.114,-0.009,0
836.6540,-0.00542,-0.02642,-0.00115,0.00000,0.00000,-0.114,-0.009,0
836.7060,-0.00542,-0.02646,-0.00115,0.00000,0.00000,-0.114,-0.009,0
836.7580,-0.00543,-0.02649,-0.00115,0.00000,0.00000,-0.114,-0.009,0
836.8100,-0.00543,-0.02652,-0.00115,0.00000,0.00000,-0.114,-0.009,0
836.8620,-0.00544,-0.02657,-0.00115,0.00000,0.00000,-0.115,-0.009,0
836.9140,-0.00545,-0.02661,-0.00115,0.00000,0.00000,-0.115,-0.009,0
836.9660,-0.00546,-0.02665,-0.00115,0.00000,0.00000,-0.115,-0.009,0
837.0180,-0.00546,-0.02669,-0.00115,0.00000,0.00000,-0.115,-0.009,0
837.0700,-0.00547,-0.02672,-0.00115,0.00000,0.00000,-0.116,-0.009,0
837.1220,-0.00548,-0.02676,-0.00115,0.00000,0.00000,-0.116,-0.009,0
837.1740,-0.00548,-0.02679,-0.00115,0.00000,0.00000,-0.116,-0.009,0
837.2260,-0.00548,-0.02680,-0.00115,0.00000,0.00000,-0.116,-0.009,0
837.2780,-0.00548,-0.02681,-0.00115,0.00000,0.00000,-0.116,-0.009,0
837.3300,-0.00548,-0.02683,-0.00115,0.00000,0.00000,-0.116,-0.009,0
837.3820,-0.00548,-0.02683,-0.00115,0.00000,0.00000,-0.116,-0.009,0
837.4340,-0.00548,-0.02682,-0.00115,0.00000,0.00000,-0.117,-0.009,0
837.4860,-0.00548,-0.02682,-0.00115,0.00000,0.00000,-0.117,-0.009,0
837.5380,-0.00547,-0.02682,-0.00115,0.00000,0.00000,-0.117,-0.009,0
837.5900,-0.00548,-0.02684,-0.00115,0.00000,0.00000,-0.117,-0.009,0
837.6420,-0.00548,-0.02686,-0.00115,0.00000,0.00000,-0.117,-0.009,0
837.6940,-0.00548,-0.02689,-0.00115,0.00000,0.00000,-0.117,-0.009,0
837.7460,-0.00549,-0.02691,-0.00115,0.00000,0.00000,-0.117,-0.009,0
837.7980,-0.00549,-0.02693,-0.00115,0.00000,0.00000,-0.117,-0.009,0
837.8500,-0.00549,-0.02693,-0.00115,0.00000,0.00000,-0.117,-0.009,0
837.9020,-0.00549,-0.02692,-0.00115,0.00000,0.00000,-0.117,-0.009,0
837.9540,-0.00549,-0.02692,-0.00115,0.00000,0.00000,-0.117,-0.009,0
838.0060,-0.00548,-0.02691,-0.00115,0.00000,0.00000,-0.117,-0.009,0
838.0580,-0.00548,-0.02690,-0.00115,0.00000,0.00000,-0.117,-0.009,0
838.1100,-0.00548,-0.02688,-0.00115,0.00000,0.00000,-0.117,-0.009,0
838.1620,-0.00547,-0.02687,-0.00115,0.00000,0.00000,-0.117,-0.009,0
838.2140,-0.00547,-0.02686,-0.00115,0.00000,0.00000,-0.117,-0.009,0
838.2660,-0.00547,-0.02686,-0.00115,0.00000,0.00000,-0.117,-0.009,0
838.3180,-0.00546,-0.02684,-0.00115,0.00000,0.00000,-0.117,-0.009,0
838.3700,-0.00546,-0.02681,-0.00115,0.00000,0.00000,-0.117,-0.009,0
838.4220,-0.00545,-0.02677,-0.00115,0.00000,0.00000,-0.117,-0.009,0
838.4740,-0.00544,-0.02676,-0.00115,0.00000,0.00000,-0.117,-0.009,0
838.5260,-0.00544,-0.02674,-0.00115,0.00000,0.00000,-0.117,-0.009,0
838.5780,-0.00543,-0.02670,-0.00115,0.00000,0.00000,-0.117,-0.009,0
838.6300,-0.00542,-0.02666,-0.00115,0.00000,0.00000,-0.117,-0.009,0
838.6820,-0.00541,-0.02662,-0.00115,0.00000,0.00000,-0.117,-0.009,0
838.7340,-0.00540,-0.02656,-0.00115,0.00000,0.00000,-0.116,-0.009,0
838.7860,-0.00539,-0.02650,-0.00115,0.00000,0.00000,-0.116,-0.009,0
838.8380,-0.00537,-0.02645,-0.00115,0.00000,0.00000,-0.116,-0.009,0
838.8900,-0.00536,-0.02639,-0.00115,0.00000,0.00000,-0.116,-0.009,0
838.9420,-0.00535,-0.02634,-0.00115,0.00000,0.00000,-0.115,-0.009,0
838.9940,-0.00535,-0.02631,-0.00115,0.00000,0.00000,-0.115,-0.009,0
839.0460,-0.00535,-0.02630,-0.00115,0.00000,0.00000,-0.115,-0.009,0
839.0980,-0.00534,-0.02629,-0.00115,0.00000,0.00000,-0.115,-0.009,0
839.1500,-0.00534,-0.02627,-0.00115,0.00000,0.00000,-0.115,-0.009,0
839.2020,-0.00534,-0.02625,-0.00115,0.00000,0.00000,-0.115,-0.009,0
839.2540,-0.00534,-0.02623,-0.00115,0.00000,0.00000,-0.115,-0.009,0
839.3060,-0.00533,-0.02620,-0.00115,0.00000,0.00000,-0.115,-0.009,0
839.3580,-0.00532,-0.02616,-0.00115,0.00000,0.00000,-0.115,-0.009,0
839.4100,-0.00532,-0.02613,-0.00115,0.00000,0.00000,-0.114,-0.009,0
839.4620,-0.00531,-0.02610,-0.00115,0.00000,0.00000,-0.114,-0.009,0
839.5140,-0.00531,-0.02608,-0.00115,0.00000,0.00000,-0.114,-0.009,0
839.5660,-0.00531,-0.02606,-0.00115,0.00000,0.00000,-0.114,-0.009,0
839.6180,-0.00531,-0.02606,-0.00115,0.00000,0.00000,-0.114,-0.009,0
839.6700,-0.00531,-0.02606,-0.00115,0.00000,0.00000,-0.114,-0.009,0
839.7220,-0.00532,-0.02607,-0.00115,0.00000,0.00000,-0.114,-0.009,0
839.7740,-0.00532,-0.02608,-0.00115,0.00000,0.00000,-0.114,-0.009,0
839.8260,-0.00532,-0.02610,-0.00115,0.00000,0.00000,-0.114,-0.009,0
839.8780,-0.00533,-0.02612,-0.00115,0.00000,0.00000,-0.114,-0.009,0
839.9300,-0.00533,-0.02612,-0.00115,0.00000,0.00000,-0.114,-0.009,0
839.9820,-0.00534,-0.02614,-0.00115,0.00000,0.00000,-0.114,-0.009,0
840.0340,-0.00534,-0.02614,-0.00115,0.00000,0.00000,-0.114,-0.009,0
840.0860,-0.00534,-0.02614,-0.00115,0.00000,0.00000,-0.114,-0.009,0
840.1380,-0.00534,-0.02614,-0.00115,0.00000,0.00000,-0.114,-0.009,0
840.1900,-0.00534,-0.02615,-0.00115,0.00000,0.00000,-0.114,-0.009,0
840.2420,-0.00535,-0.02616,-0.00115,0.00000,0.00000,-0.114,-0.009,0
840.2940,-0.00535,-0.02617,-0.00115,0.00000,0.00000,-0.114,-0.009,0
840.3460,-0.00535,-0.02619,-0.00115,0.00000,0.00000,-0.114,-0.009,0
840.3980,-0.00536,-0.02620,-0.00115,0.00000,0.00000,-0.114,-0.009,0
840.4500,-0.00536,-0.02622,-0.00115,0.00000,0.00000,-0.114,-0.009,0
840.5020,-0.00536,-0.02624,-0.00115,0.00000,0.00000,-0.114,-0.009,0
840.5540,-0.00537,-0.02628,-0.00115,0.00000,0.00000,-0.114,-0.009,0
840.6060,-0.00538,-0.02631,-0.00115,0.00000,0.00000,-0.115,-0.009,0
840.6580,-0.00539,-0.02634,-0.00115,0.00000,0.00000,-0.115,-0.009,0
840.7100,-0.00539,-0.02637,-0.00115,0.00000,0.00000,-0.115,-0.009,0
840.7620,-0.00540,-0.02641,-0.00115,0.00000,0.00000,-0.115,-0.009,0
840.8140,-0.00541,-0.02646,-0.00115,0.00000,0.00000,-0.115,-0.009,0
840.8660,-0.00542,-0.02650,-0.00115,0.00000,0.00000,-0.115,-0.009,0
840.9180,-0.00543,-0.02655,-0.00115,0.00000,0.00000,-0.116,-0.009,0
840.9700,-0.00544,-0.02657,-0.00115,0.00000,0.00000,-0.116,-0.009,0
841.0220,-0.00544,-0.02659,-0.00115,0.00000,0.00000,-0.116,-0.009,0
841.0740,-0.00544,-0.02660,-0.00115,0.00000,0.00000,-0.116,-0.009,0
841.1260,-0.00544,-0.02661,-0.00115,0.00000,0.00000,-0.116,-0.009,0
841.1780,-0.00544,-0.02661,-0.00115,0.00000,0.00000,-0.116,-0.009,0
841.2300,-0.00544,-0.02662,-0.00115,0.00000,0.00000,-0.116,-0.009,0
841.2820,-0.00545,-0.02664,-0.00115,0.00000,0.00000,-0.116,-0.009,0
841.3340,-0.00545,-0.02666,-0.00115,0.00000,0.00000,-0.116,-0.009,0
841.3860,-0.00545,-0.02668,-0.00115,0.00000,0.00000,-0.116,-0.009,0
841.4380,-0.00545,-0.02669,-0.00115,0.00000,0.00000,-0.116,-0.009,0
841.4900,-0.00545,-0.02670,-0.00115,0.00000,0.00000,-0.116,-0.009,0
841.5420,-0.00545,-0.02671,-0.00115,0.00000,0.00000,-0.117,-0.009,0
841.5940,-0.00545,-0.02671,-0.00115,0.00000,0.00000,-0.117,-0.009,0
841.6460,-0.00545,-0.02670,-0.00115,0.00000,0.00000,-0.117,-0.009,0
841.6980,-0.00545,-0.02670,-0.00115,0.00000,0.00000,-0.117,-0.009,0
841.7500,-0.00545,-0.02670,-0.00115,0.00000,0.00000,-0.117,-0.009,0
841.8020,-0.00545,-0.02671,-0.00115,0.00000,0.00000,-0.117,-0.009,0
841.8540,-0.00545,-0.02670,-0.00115,0.00000,0.00000,-0.117,-0.009,0
841.9060,-0.00544,-0.02668,-0.00115,0.00000,0.00000,-0.117,-0.009,0
841.9580,-0.00544,-0.02667,-0.00115,0.00000,0.00000,-0.117,-0.009,0
842.0100,-0.00543,-0.02665,-0.00115,0.00000,0.00000,-0.117,-0.009,0
842.0620,-0.00543,-0.02664,-0.00115,0.00000,0.00000,-0.116,-0.009,0
842.1140,-0.00543,-0.02663,-0.00115,0.00000,0.00000,-0.116,-0.009,0
842.1660,-0.00542,-0.02658,-0.00115,0.00000,0.00000,-0.116,-0.009,0
842.2180,-0.00541,-0.02654,-0.00115,0.00000,0.00000,-0.116,-0.009,0
842.2700,-0.00540,-0.02651,-0.00115,0.00000,0.00000,-0.116,-0.009,0
842.3220,-0.00539,-0.02649,-0.00115,0.00000,0.00000,-0.116,-0.009,0
842.3740,-0.00539,-0.02646,-0.00115,0.00000,0.00000,-0.116,-0.009,0
842.4260,-0.00538,-0.02644,-0.00115,0.00000,0.00000,-0.116,-0.009,0
842.4780,-0.00538,-0.02644,-0.00115,0.00000,0.00000,-0.116,-0.009,0
842.5300,-0.00538,-0.02643,-0.00115,0.00000,0.00000,-0.116,-0.009,0
842.5820,-0.00538,-0.02643,-0.00115,0.00000,0.00000,-0.116,-0.009,0
842.6340,-0.00538,-0.02643,-0.00115,0.00000,0.00000,-0.116,-0.009,0
842.6860,-0.00538,-0.02643,-0.00115,0.00000,0.00000,-0.116,-0.009,0
842.7380,-0.00539,-0.02644,-0.00115,0.00000,0.00000,-0.116,-0.009,0
842.7900,-0.00539,-0.02644,-0.00115,0.00000,0.00000,-0.116,-0.009,0
842.8420,-0.00539,-0.02644,-0.00115,0.00000,0.00000,-0.116,-0.009,0
842.8940,-0.00539,-0.02644,-0.00115,0.00000,0.00000,-0.116,-0.009,0
842.9460,-0.00539,-0.02645,-0.00115,0.00000,0.00000,-0.116,-0.009,0
842.9980,-0.00539,-0.02645,-0.00115,0.00000,0.00000,-0.116,-0.009,0
843.0500,-0.00539,-0.02645,-0.00115,0.00000,0.00000,-0.116,-0.009,0
843.1020,-0.00539,-0.02645,-0.00115,0.00000,0.00000,-0.116,-0.009,0
843.1540,-0.00540,-0.02646,-0.00115,0.00000,0.00000,-0.116,-0.009,0
843.2060,-0.00540,-0.02647,-0.00115,0.00000,0.00000,-0.116,-0.009,0
843.2580,-0.00540,-0.02648,-0.00115,0.00000,0.00000,-0.116,-0.009,0
843.3100,-0.00540,-0.02648,-0.00115,0.00000,0.00000,-0.116,-0.009,0
843.3620,-0.00540,-0.02648,-0.00115,0.00000,0.00000,-0.116,-0.009,0
843.4140,-0.00541,-0.02649,-0.00115,0.00000,0.00000,-0.116,-0.009,0
843.4660,-0.00541,-0.02651,-0.00115,0.00000,0.00000,-0.116,-0.009,0
843.5180,-0.00541,-0.02653,-0.00115,0.00000,0.00000,-0.116,-0.009,0
843.5700,-0.00542,-0.02656,-0.00115,0.00000,0.00000,-0.116,-0.009,0
843.6220,-0.00543,-0.02660,-0.00115,0.00000,0.00000,-0.116,-0.009,0
843.6740,-0.00544,-0.02664,-0.00115,0.00000,0.00000,-0.116,-0.009,0
843.7260,-0.00545,-0.02667,-0.00115,0.00000,0.00000,-0.117,-0.009,0
843.7780,-0.00545,-0.02670,-0.00115,0.00000,0.00000,-0.117,-0.009,0
843.8300,-0.00546,-0.02675,-0.00115,0.00000,0.00000,-0.117,-0.009,0
843.8820,-0.00547,-0.02679,-0.00115,0.00000,0.00000,-0.117,-0.009,0
843.9340,-0.00548,-0.02682,-0.00115,0.00000,0.00000,-0.117,-0.009,0
843.9860,-0.00549,-0.02685,-0.00115,0.00000,0.00000,-0.117,-0.009,0
844.0380,-0.00549,-0.02687,-0.00115,0.00000,0.00000,-0.117,-0.009,0
844.0900,-0.00549,-0.02687,-0.00115,0.00000,0.00000,-0.118,-0.009,0
844.1420,-0.00549,-0.02688,-0.00115,0.00000,0.00000,-0.118,-0.009,0
844.1940,-0.00549,-0.02688,-0.00115,0.00000,0.00000,-0.118,-0.009,0
844.2460,-0.00549,-0.02689,-0.00115,0.00000,0.00000,-0.118,-0.009,0
844.2980,-0.00549,-0.02690,-0.00115,0.00000,0.00000,-0.118,-0.009,0
844.3500,-0.00549,-0.02690,-0.00115,0.00000,0.00000,-0.118,-0.009,0
844.4020,-0.00549,-0.02690,-0.00115,0.00000,0.00000,-0.118,-0.009,0
844.4540,-0.00549,-0.02689,-0.00115,0.00000,0.00000,-0.118,-0.009,0
844.5060,-0.00549,-0.02690,-0.00115,0.00000,0.00000,-0.118,-0.009,0
844.5580,-0.00548,-0.02690,-0.00115,0.00000,0.00000,-0.118,-0.009,0
844.6100,-0.00549,-0.02691,-0.00115,0.00000,0.00000,-0.118,-0.009,0
844.6620,-0.00549,-0.02692,-0.00115,0.00000,0.00000,-0.118,-0.009,0
844.7140,-0.00549,-0.02694,-0.00115,0.00000,0.00000,-0.118,-0.009,0
844.7660,-0.00550,-0.02696,-0.00115,0.00000,0.00000,-0.118,-0.009,0
844.8180,-0.00550,-0.02697,-0.00115,0.00000,0.00000,-0.118,-0.009,0
844.8700,-0.00550,-0.02698,-0.00115,0.00000,0.00000,-0.118,-0.009,0
844.9220,-0.00550,-0.02700,-0.00115,0.00000,0.00000,-0.118,-0.009,0
844.9740,-0.00551,-0.02701,-0.00115,0.00000,0.00000,-0.118,-0.009,0
845.0260,-0.00551,-0.02703,-0.00115,0.00000,0.00000,-0.119,-0.009,0
845.0780,-0.00551,-0.02705,-0.00115,0.00000,0.00000,-0.119,-0.009,0
845.1300,-0.00551,-0.02705,-0.00115,0.00000,0.00000,-0.119,-0.009,0
845.1820,-0.00551,-0.02705,-0.00115,0.00000,0.00000,-0.119,-0.009,0
845.2340,-0.00551,-0.02705,-0.00115,0.00000,0.00000,-0.119,-0.009,0
845.2860,-0.00551,-0.02705,-0.00115,0.00000,0.00000,-0.119,-0.009,0
845.3380,-0.00551,-0.02704,-0.00115,0.00000,0.00000,-0.119,-0.009,0
845.3900,-0.00551,-0.02704,-0.00115,0.00000,0.00000,-0.119,-0.009,0
845.4420,-0.00551,-0.02705,-0.00115,0.00000,0.00000,-0.119,-0.009,0
845.4940,-0.00551,-0.02707,-0.00115,0.00000,0.00000,-0.119,-0.009,0
845.5460,-0.00552,-0.02708,-0.00115,0.00000,0.00000,-0.119,-0.009,0
845.5980,-0.00552,-0.02709,-0.00115,0.00000,0.00000,-0.119,-0.009,0
845.6500,-0.00552,-0.02709,-0.00115,0.00000,0.00000,-0.119,-0.009,0
845.7020,-0.00552,-0.02709,-0.00115,0.00000,0.00000,-0.119,-0.009,0
845.7540,-0.00551,-0.02708,-0.00115,0.00000,0.00000,-0.119,-0.009,0
845.8060,-0.00551,-0.02706,-0.00115,0.00000,0.00000,-0.119,-0.009,0
845.8580,-0.00550,-0.02704,-0.00115,0.00000,0.00000,-0.119,-0.009,0
845.9100,-0.00550,-0.02701,-0.00115,0.00000,0.00000,-0.119,-0.009,0
845.9620,-0.00549,-0.02699,-0.00115,0.00000,0.00000,-0.119,-0.009,0
846.0140,-0.00549,-0.02698,-0.00115,0.00000,0.00000,-0.119,-0.009,0
846.0660,-0.00549,-0.02699,-0.00115,0.00000,0.00000,-0.119,-0.009,0
846.1180,-0.00549,-0.02700,-0.00115,0.00000,0.00000,-0.119,-0.009,0
846.1700,-0.00550,-0.02702,-0.00115,0.00000,0.00000,-0.119,-0.009,0
846.2220,-0.00551,-0.02705,-0.00115,0.00000,0.00000,-0.119,-0.009,0
846.2740,-0.00551,-0.02708,-0.00115,0.00000,0.00000,-0.119,-0.009,0
846.3260,-0.00552,-0.02710,-0.00115,0.00000,0.00000,-0.119,-0.009,0
846.3780,-0.00552,-0.02711,-0.00115,0.00000,0.00000,-0.119,-0.009,0
846.4300,-0.00552,-0.02710,-0.00115,0.00000,0.00000,-0.119,-0.009,0
846.4820,-0.00552,-0.02710,-0.00115,0.00000,0.00000,-0.119,-0.009,0
846.5340,-0.00552,-0.02710,-0.00115,0.00000,0.00000,-0.119,-0.009,0
846.5860,-0.00552,-0.02710,-0.00115,0.00000,0.00000,-0.119,-0.009,0
846.6380,-0.00552,-0.02710,-0.00115,0.00000,0.00000,-0.119,-0.009,0
846.6900,-0.00551,-0.02709,-0.00115,0.00000,0.00000,-0.119,-0.009,0
846.7420,-0.00552,-0.02709,-0.00115,0.00000,0.00000,-0.119,-0.009,0
846.7940,-0.00552,-0.02710,-0.00115,0.00000,0.00000,-0.119,-0.009,0
846.8460,-0.00552,-0.02711,-0.00115,0.00000,0.00000,-0.119,-0.009,0
846.8980,-0.00552,-0.02712,-0.00115,0.00000,0.00000,-0.119,-0.009,0
846.9500,-0.00552,-0.02713,-0.00115,0.00000,0.00000,-0.120,-0.009,0
847.0020,-0.00552,-0.02713,-0.00115,0.00000,0.00000,-0.120,-0.009,0
847.0540,-0.00552,-0.02714,-0.00115,0.00000,0.00000,-0.120,-0.009,0
847.1060,-0.00552,-0.02713,-0.00115,0.00000,0.00000,-0.120,-0.009,0
847.1580,-0.00552,-0.02713,-0.00115,0.00000,0.00000,-0.120,-0.009,0
847.2100,-0.00552,-0.02713,-0.00115,0.00000,0.00000,-0.120,-0.009,0
847.2620,-0.00552,-0.02713,-0.00115,0.00000,0.00000,-0.120,-0.009,0
847.3140,-0.00552,-0.02714,-0.00115,0.00000,0.00000,-0.120,-0.009,0
847.3660,-0.00553,-0.02716,-0.00115,0.00000,0.00000,-0.120,-0.009,0
847.4180,-0.00553,-0.02717,-0.00115,0.00000,0.00000,-0.120,-0.009,0
847.4700,-0.00554,-0.02720,-0.00115,0.00000,0.00000,-0.120,-0.009,0
847.5220,-0.00554,-0.02721,-0.00115,0.00000,0.00000,-0.120,-0.009,0
847.5740,-0.00554,-0.02722,-0.00115,0.00000,0.00000,-0.120,-0.009,0
847.6260,-0.00555,-0.02724,-0.00115,0.00000,0.00000,-0.120,-0.009,0
847.6780,-0.00555,-0.02727,-0.00115,0.00000,0.00000,-0.120,-0.009,0
847.7300,-0.00556,-0.02731,-0.00115,0.00000,0.00000,-0.120,-0.009,0
847.7820,-0.00558,-0.02737,-0.00115,0.00000,0.00000,-0.121,-0.009,0
847.8340,-0.00559,-0.02741,-0.00115,0.00000,0.00000,-0.121,-0.009,0
847.8860,-0.00559,-0.02745,-0.00115,0.00000,0.00000,-0.121,-0.009,0
847.9380,-0.00560,-0.02748,-0.00115,0.00000,0.00000,-0.121,-0.009,0
847.9900,-0.00560,-0.02750,-0.00115,0.00000,0.00000,-0.121,-0.009,0
848.0420,-0.00561,-0.02752,-0.00115,0.00000,0.00000,-0.121,-0.009,0
848.0940,-0.00561,-0.02754,-0.00115,0.00000,0.00000,-0.122,-0.009,0
848.1460,-0.00562,-0.02757,-0.00115,0.00000,0.00000,-0.122,-0.009,0
848.1980,-0.00562,-0.02759,-0.00115,0.00000,0.00000,-0.122,-0.009,0
848.2500,-0.00563,-0.02762,-0.00115,0.00000,0.00000,-0.122,-0.009,0
848.3020,-0.00563,-0.02765,-0.00115,0.00000,0.00000,-0.122,-0.009,0
848.3540,-0.00564,-0.02768,-0.00115,0.00000,0.00000,-0.122,-0.009,0
848.4060,-0.00564,-0.02770,-0.00115,0.00000,0.00000,-0.122,-0.009,0
848.4580,-0.00564,-0.02770,-0.00115,0.00000,0.00000,-0.123,-0.009,0
848.5100,-0.00564,-0.02770,-0.00115,0.00000,0.00000,-0.123,-0.009,0
848.5620,-0.00564,-0.02770,-0.00115,0.00000,0.00000,-0.123,-0.009,0
848.6140,-0.00564,-0.02772,-0.00115,0.00000,0.00000,-0.123,-0.009,0
848.6660,-0.00564,-0.02772,-0.00115,0.00000,0.00000,-0.123,-0.009,0
848.7180,-0.00564,-0.02773,-0.00115,0.00000,0.00000,-0.123,-0.009,0
848.7700,-0.00564,-0.02773,-0.00115,0.00000,0.00000,-0.123,-0.009,0
848.8220,-0.00564,-0.02773,-0.00115,0.00000,0.00000,-0.123,-0.009,0
848.8740,-0.00564,-0.02773,-0.00115,0.00000,0.00000,-0.123,-0.009,0
848.9260,-0.00564,-0.02774,-0.00115,0.00000,0.00000,-0.123,-0.009,0
848.9780,-0.00564,-0.02774,-0.00115,0.00000,0.00000,-0.123,-0.009,0
849.0300,-0.00563,-0.02773,-0.00115,0.00000,0.00000,-0.123,-0.009,0
849.0820,-0.00563,-0.02772,-0.00115,0.00000,0.00000,-0.123,-0.009,0
849.1340,-0.00563,-0.02772,-0.00115,0.00000,0.00000,-0.123,-0.009,0
849.1860,-0.00563,-0.02771,-0.00115,0.00000,0.00000,-0.123,-0.009,0
849.2380,-0.00563,-0.02771,-0.00115,0.00000,0.00000,-0.123,-0.009,0
849.2900,-0.00563,-0.02772,-0.00115,0.00000,0.00000,-0.123,-0.009,0
849.3420,-0.00563,-0.02773,-0.00115,0.00000,0.00000,-0.123,-0.009,0
849.3940,-0.00563,-0.02774,-0.00115,0.00000,0.00000,-0.123,-0.009,0
849.4460,-0.00564,-0.02776,-0.00115,0.00000,0.00000,-0.123,-0.009,0
849.4980,-0.00564,-0.02777,-0.00115,0.00000,0.00000,-0.123,-0.009,0
849.5500,-0.00564,-0.02777,-0.00115,0.00000,0.00000,-0.123,-0.009,0
849.6020,-0.00564,-0.02778,-0.00115,0.00000,0.00000,-0.123,-0.009,0
849.6540,-0.00565,-0.02780,-0.00115,0.00000,0.00000,-0.123,-0.009,0
849.7060,-0.00565,-0.02782,-0.00115,0.00000,0.00000,-0.124,-0.009,0
849.7580,-0.00565,-0.02783,-0.00115,0.00000,0.00000,-0.124,-0.009,0
849.8100,-0.00566,-0.02787,-0.00115,0.00000,0.00000,-0.124,-0.009,0
849.8620,-0.00567,-0.02791,-0.00115,0.00000,0.00000,-0.124,-0.009,0
849.9140,-0.00568,-0.02795,-0.00115,0.00000,0.00000,-0.124,-0.009,0
849.9660,-0.00569,-0.02798,-0.00115,0.00000,0.00000,-0.124,-0.009,0
850.0180,-0.00569,-0.02801,-0.00115,0.00000,0.00000,-0.125,-0.009,0
850.0700,-0.00569,-0.02802,-0.00115,0.00000,0.00000,-0.125,-0.009,0
850.1220,-0.00570,-0.02805,-0.00115,0.00000,0.00000,-0.125,-0.009,0
850.1740,-0.00570,-0.02807,-0.00115,0.00000,0.00000,-0.125,-0.009,0
850.2260,-0.00571,-0.02810,-0.00115,0.00000,0.00000,-0.125,-0.009,0
850.2780,-0.00571,-0.02812,-0.00115,0.00000,0.00000,-0.125,-0.009,0
850.3300,-0.00572,-0.02813,-0.00115,0.00000,0.00000,-0.125,-0.009,0
850.3820,-0.00571,-0.02813,-0.00115,0.00000,0.00000,-0.125,-0.009,0
850.4340,-0.00571,-0.02812,-0.00115,0.00000,0.00000,-0.125,-0.009,0
850.4860,-0.00571,-0.02812,-0.00115,0.00000,0.00000,-0.125,-0.009,0
850.5380,-0.00570,-0.02810,-0.00115,0.00000,0.00000,-0.125,-0.009,0
850.5900,-0.00570,-0.02808,-0.00115,0.00000,0.00000,-0.125,-0.009,0
850.6420,-0.00569,-0.02807,-0.00115,0.00000,0.00000,-0.125,-0.009,0
850.6940,-0.00569,-0.02804,-0.00115,0.00000,0.00000,-0.125,-0.009,0
850.7460,-0.00568,-0.02801,-0.00115,0.00000,0.00000,-0.125,-0.009,0
850.7980,-0.00567,-0.02796,-0.00115,0.00000,0.00000,-0.125,-0.009,0
850.8500,-0.00566,-0.02793,-0.00115,0.00000,0.00000,-0.125,-0.009,0
850.9020,-0.00565,-0.02790,-0.00115,0.00000,0.00000,-0.125,-0.009,0
850.9540,-0.00565,-0.02788,-0.00115,0.00000,0.00000,-0.124,-0.009,0
851.0060,-0.00564,-0.02785,-0.00115,0.00000,0.00000,-0.124,-0.009,0
851.0580,-0.00564,-0.02783,-0.00115,0.00000,0.00000,-0.124,-0.009,0
851.1100,-0.00563,-0.02782,-0.00115,0.00000,0.00000,-0.124,-0.009,0
851.1620,-0.00563,-0.02780,-0.00115,0.00000,0.00000,-0.124,-0.009,0
851.2140,-0.00563,-0.02778,-0.00115,0.00000,0.00000,-0.124,-0.009,0
851.2660,-0.00563,-0.02777,-0.00115,0.00000,0.00000,-0.124,-0.009,0
851.3180,-0.00563,-0.02777,-0.00115,0.00000,0.00000,-0.124,-0.009,0
851.3700,-0.00562,-0.02776,-0.00115,0.00000,0.00000,-0.124,-0.009,0
851.4220,-0.00562,-0.02774,-0.00115,0.00000,0.00000,-0.124,-0.009,0
851.4740,-0.00562,-0.02773,-0.00115,0.00000,0.00000,-0.124,-0.009,0
851.5260,-0.00562,-0.02771,-0.00115,0.00000,0.00000,-0.124,-0.009,0
851.5780,-0.00561,-0.02768,-0.00115,0.00000,0.00000,-0.124,-0.009,0
851.6300,-0.00561,-0.02766,-0.00115,0.00000,0.00000,-0.123,-0.009,0
851.6820,-0.00560,-0.02764,-0.00115,0.00000,0.00000,-0.123,-0.009,0
851.7340,-0.00560,-0.02762,-0.00115,0.00000,0.00000,-0.123,-0.009,0
851.7860,-0.00560,-0.02761,-0.00115,0.00000,0.00000,-0.123,-0.009,0
851.8380,-0.00560,-0.02760,-0.00115,0.00000,0.00000,-0.123,-0.009,0
851.8900,-0.00560,-0.02760,-0.00115,0.00000,0.00000,-0.123,-0.009,0
851.9420,-0.00560,-0.02761,-0.00115,0.00000,0.00000,-0.123,-0.009,0
851.9940,-0.00560,-0.02761,-0.00115,0.00000,0.00000,-0.123,-0.009,0
852.0460,-0.00560,-0.02762,-0.00115,0.00000,0.00000,-0.123,-0.009,0
852.0980,-0.00560,-0.02762,-0.00115,0.00000,0.00000,-0.123,-0.009,0
852.1500,-0.00561,-0.02762,-0.00115,0.00000,0.00000,-0.123,-0.009,0
852.2020,-0.00560,-0.02760,-0.00115,0.00000,0.00000,-0.123,-0.009,0
852.2540,-0.00560,-0.02760,-0.00115,0.00000,0.00000,-0.123,-0.009,0
852.3060,-0.00560,-0.02759,-0.00115,0.00000,0.00000,-0.123,-0.009,0
852.3580,-0.00560,-0.02757,-0.00115,0.00000,0.00000,-0.123,-0.009,0
852.4100,-0.00560,-0.02757,-0.00115,0.00000,0.00000,-0.123,-0.009,0
852.4620,-0.00559,-0.02755,-0.00115,0.00000,0.00000,-0.123,-0.009,0
852.5140,-0.00559,-0.02753,-0.00115,0.00000,0.00000,-0.123,-0.009,0
852.5660,-0.00558,-0.02751,-0.00115,0.00000,0.00000,-0.122,-0.009,0
852.6180,-0.00558,-0.02749,-0.00115,0.00000,0.00000,-0.122,-0.009,0
852.6700,-0.00558,-0.02747,-0.00115,0.00000,0.00000,-0.122,-0.009,0
852.7220,-0.00557,-0.02745,-0.00115,0.00000,0.00000,-0.122,-0.009,0
852.7740,-0.00556,-0.02741,-0.00115,0.00000,0.00000,-0.122,-0.009,0
852.8260,-0.00556,-0.02739,-0.00115,0.00000,0.00000,-0.122,-0.009,0
852.8780,-0.00555,-0.02737,-0.00115,0.00000,0.00000,-0.122,-0.009,0
852.9300,-0.00555,-0.02734,-0.00115,0.00000,0.00000,-0.122,-0.009,0
852.9820,-0.00554,-0.02730,-0.00115,0.00000,0.00000,-0.121,-0.009,0
853.0340,-0.00553,-0.02725,-0.00115,0.00000,0.00000,-0.121,-0.009,0
853.0860,-0.00552,-0.02720,-0.00115,0.00000,0.00000,-0.121,-0.009,0
853.1380,-0.00551,-0.02715,-0.00115,0.00000,0.00000,-0.121,-0.009,0
853.1900,-0.00550,-0.02711,-0.00115,0.00000,0.00000,-0.121,-0.009,0
853.2420,-0.00549,-0.02707,-0.00115,0.00000,0.00000,-0.120,-0.009,0
853.2940,-0.00548,-0.02703,-0.00115,0.00000,0.00000,-0.120,-0.009,0
853.3460,-0.00547,-0.02699,-0.00115,0.00000,0.00000,-0.120,-0.009,0
853.3980,-0.00547,-0.02696,-0.00115,0.00000,0.00000,-0.120,-0.009,0
853.4500,-0.00546,-0.02693,-0.00115,0.00000,0.00000,-0.120,-0.009,0
853.5020,-0.00546,-0.02689,-0.00115,0.00000,0.00000,-0.119,-0.009,0
853.5540,-0.00545,-0.02685,-0.00115,0.00000,0.00000,-0.119,-0.009,0
853.6060,-0.00544,-0.02681,-0.00115,0.00000,0.00000,-0.119,-0.009,0
853.6580,-0.00543,-0.02677,-0.00115,0.00000,0.00000,-0.119,-0.009,0
853.7100,-0.00542,-0.02672,-0.00115,0.00000,0.00000,-0.118,-0.009,0
853.7620,-0.00542,-0.02667,-0.00115,0.00000,0.00000,-0.118,-0.009,0
853.8140,-0.00541,-0.02664,-0.00115,0.00000,0.00000,-0.118,-0.009,0
853.8660,-0.00540,-0.02660,-0.00115,0.00000,0.00000,-0.118,-0.009,0
853.9180,-0.00540,-0.02657,-0.00115,0.00000,0.00000,-0.118,-0.009,0
853.9700,-0.00539,-0.02655,-0.00115,0.00000,0.00000,-0.117,-0.009,0
854.0220,-0.00539,-0.02653,-0.00115,0.00000,0.00000,-0.117,-0.009,0
854.0740,-0.00539,-0.02652,-0.00115,0.00000,0.00000,-0.117,-0.009,0
854.1260,-0.00539,-0.02652,-0.00115,0.00000,0.00000,-0.117,-0.009,0
854.1780,-0.00539,-0.02652,-0.00115,0.00000,0.00000,-0.117,-0.009,0
854.2300,-0.00540,-0.02654,-0.00115,0.00000,0.00000,-0.117,-0.009,0
854.2820,-0.00541,-0.02655,-0.00115,0.00000,0.00000,-0.117,-0.009,0
854.3340,-0.00541,-0.02657,-0.00115,0.00000,0.00000,-0.117,-0.009,0
854.3860,-0.00541,-0.02658,-0.00115,0.00000,0.00000,-0.117,-0.009,0
854.4380,-0.00542,-0.02659,-0.00115,0.00000,0.00000,-0.117,-0.009,0
854.4900,-0.00543,-0.02662,-0.00115,0.00000,0.00000,-0.117,-0.009,0
854.5420,-0.00543,-0.02664,-0.00115,0.00000,0.00000,-0.117,-0.009,0
854.5940,-0.00544,-0.02667,-0.00115,0.00000,0.00000,-0.117,-0.009,0
854.6460,-0.00545,-0.02670,-0.00115,0.00000,0.00000,-0.117,-0.009,0
854.6980,-0.00546,-0.02673,-0.00115,0.00000,0.00000,-0.118,-0.009,0
854.7500,-0.00546,-0.02675,-0.00115,0.00000,0.00000,-0.118,-0.009,0
854.8020,-0.00546,-0.02677,-0.00115,0.00000,0.00000,-0.118,-0.009,0
854.8540,-0.00547,-0.02678,-0.00115,0.00000,0.00000,-0.118,-0.009,0
854.9060,-0.00547,-0.02680,-0.00115,0.00000,0.00000,-0.118,-0.009,0
854.9580,-0.00547,-0.02680,-0.00115,0.00000,0.00000,-0.118,-0.009,0
855.0100,-0.00547,-0.02682,-0.00115,0.00000,0.00000,-0.118,-0.009,0
855.0620,-0.00548,-0.02683,-0.00115,0.00000,0.00000,-0.118,-0.009,0
855.1140,-0.00548,-0.02683,-0.00115,0.00000,0.00000,-0.118,-0.009,0
855.1660,-0.00548,-0.02683,-0.00115,0.00000,0.00000,-0.118,-0.009,0
855.2180,-0.00548,-0.02684,-0.00115,0.00000,0.00000,-0.118,-0.009,0
855.2700,-0.00548,-0.02685,-0.00115,0.00000,0.00000,-0.118,-0.009,0
855.3220,-0.00548,-0.02687,-0.00115,0.00000,0.00000,-0.118,-0.009,0
855.3740,-0.00549,-0.02689,-0.00115,0.00000,0.00000,-0.118,-0.009,0
855.4260,-0.00549,-0.02689,-0.00115,0.00000,0.00000,-0.118,-0.009,0
855.4780,-0.00549,-0.02690,-0.00115,0.00000,0.00000,-0.118,-0.009,0
855.5300,-0.00549,-0.02691,-0.00115,0.00000,0.00000,-0.118,-0.009,0
855.5820,-0.00549,-0.02691,-0.00115,0.00000,0.00000,-0.118,-0.009,0
855.6340,-0.00549,-0.02690,-0.00115,0.00000,0.00000,-0.118,-0.009,0
855.6860,-0.00548,-0.02689,-0.00115,0.00000,0.00000,-0.118,-0.009,0
855.7380,-0.00548,-0.02688,-0.00115,0.00000,0.00000,-0.118,-0.009,0
855.7900,-0.00548,-0.02687,-0.00115,0.00000,0.00000,-0.118,-0.009,0
855.8420,-0.00548,-0.02687,-0.00115,0.00000,0.00000,-0.118,-0.009,0
855.8940,-0.00547,-0.02686,-0.00115,0.00000,0.00000,-0.118,-0.009,0
855.9460,-0.00547,-0.02687,-0.00115,0.00000,0.00000,-0.118,-0.009,0
855.9980,-0.00547,-0.02687,-0.00115,0.00000,0.00000,-0.118,-0.009,0
856.0500,-0.00547,-0.02687,-0.00115,0.00000,0.00000,-0.118,-0.009,0
856.1020,-0.00547,-0.02686,-0.00115,0.00000,0.00000,-0.118,-0.009,0
856.1540,-0.00547,-0.02684,-0.00115,0.00000,0.00000,-0.118,-0.009,0
856.2060,-0.00546,-0.02682,-0.00115,0.00000,0.00000,-0.118,-0.009,0
856.2580,-0.00546,-0.02681,-0.00115,0.00000,0.00000,-0.118,-0.009,0
856.3100,-0.00545,-0.02678,-0.00115,0.00000,0.00000,-0.118,-0.009,0
856.3620,-0.00545,-0.02676,-0.00115,0.00000,0.00000,-0.118,-0.009,0
856.4140,-0.00544,-0.02674,-0.00115,0.00000,0.00000,-0.118,-0.009,0
856.4660,-0.00544,-0.02673,-0.00115,0.00000,0.00000,-0.117,-0.009,0
856.5180,-0.00544,-0.02673,-0.00115,0.00000,0.00000,-0.117,-0.009,0
856.5700,-0.00544,-0.02672,-0.00115,0.00000,0.00000,-0.117,-0.009,0
856.6220,-0.00544,-0.02672,-0.00115,0.00000,0.00000,-0.117,-0.009,0
856.6740,-0.00544,-0.02672,-0.00115,0.00000,0.00000,-0.117,-0.009,0
856.7260,-0.00544,-0.02673,-0.00115,0.00000,0.00000,-0.117,-0.009,0
856.7780,-0.00544,-0.02673,-0.00115,0.00000,0.00000,-0.117,-0.009,0
856.8300,-0.00544,-0.02671,-0.00115,0.00000,0.00000,-0.117,-0.009,0
856.8820,-0.00543,-0.02669,-0.00115,0.00000,0.00000,-0.117,-0.009,0
856.9340,-0.00543,-0.02666,-0.00115,0.00000,0.00000,-0.117,-0.009,0
856.9860,-0.00542,-0.02664,-0.00115,0.00000,0.00000,-0.117,-0.009,0
857.0380,-0.00542,-0.02664,-0.00115,0.00000,0.00000,-0.117,-0.009,0
857.0900,-0.00543,-0.02665,-0.00115,0.00000,0.00000,-0.117,-0.009,0
857.1420,-0.00543,-0.02666,-0.00115,0.00000,0.00000,-0.117,-0.009,0
857.1940,-0.00543,-0.02667,-0.00115,0.00000,0.00000,-0.117,-0.009,0
857.2460,-0.00544,-0.02669,-0.00115,0.00000,0.00000,-0.117,-0.009,0
857.2980,-0.00544,-0.02670,-0.00115,0.00000,0.00000,-0.117,-0.009,0
857.3500,-0.00544,-0.02670,-0.00115,0.00000,0.00000,-0.117,-0.009,0
857.4020,-0.00544,-0.02671,-0.00115,0.00000,0.00000,-0.117,-0.009,0
857.4540,-0.00545,-0.02672,-0.00115,0.00000,0.00000,-0.117,-0.009,0
857.5060,-0.00545,-0.02674,-0.00115,0.00000,0.00000,-0.117,-0.009,0
857.5580,-0.00545,-0.02674,-0.00115,0.00000,0.00000,-0.117,-0.009,0
857.6100,-0.00545,-0.02675,-0.00115,0.00000,0.00000,-0.117,-0.009,0
857.6620,-0.00545,-0.02675,-0.00115,0.00000,0.00000,-0.117,-0.009,0
857.7140,-0.00545,-0.02675,-0.00115,0.00000,0.00000,-0.117,-0.009,0
857.7660,-0.00545,-0.02675,-0.00115,0.00000,0.00000,-0.117,-0.009,0
857.8180,-0.00545,-0.02675,-0.00115,0.00000,0.00000,-0.117,-0.009,0
857.8700,-0.00545,-0.02675,-0.00115,0.00000,0.00000,-0.117,-0.009,0
857.9220,-0.00545,-0.02674,-0.00115,0.00000,0.00000,-0.117,-0.009,0
857.9740,-0.00545,-0.02672,-0.00115,0.00000,0.00000,-0.117,-0.009,0
858.0260,-0.00544,-0.02671,-0.00115,0.00000,0.00000,-0.117,-0.009,0
858.0780,-0.00544,-0.02671,-0.00115,0.00000,0.00000,-0.117,-0.009,0
858.1300,-0.00544,-0.02669,-0.00115,0.00000,0.00000,-0.117,-0.009,0
858.1820,-0.00544,-0.02668,-0.00115,0.00000,0.00000,-0.117,-0.009,0
858.2340,-0.00543,-0.02666,-0.00115,0.00000,0.00000,-0.117,-0.009,0
858.2860,-0.00542,-0.02662,-0.00115,0.00000,0.00000,-0.117,-0.009,0
858.3380,-0.00542,-0.02660,-0.00115,0.00000,0.00000,-0.117,-0.009,0
858.3900,-0.00542,-0.02659,-0.00115,0.00000,0.00000,-0.117,-0.009,0
858.4420,-0.00541,-0.02658,-0.00115,0.00000,0.00000,-0.117,-0.009,0
858.4940,-0.00541,-0.02657,-0.00115,0.00000,0.00000,-0.117,-0.009,0
858.5460,-0.00541,-0.02657,-0.00115,0.00000,0.00000,-0.117,-0.009,0
858.5980,-0.00541,-0.02656,-0.00115,0.00000,0.00000,-0.116,-0.009,0
858.6500,-0.00541,-0.02655,-0.00115,0.00000,0.00000,-0.116,-0.009,0
858.7020,-0.00541,-0.02654,-0.00115,0.00000,0.00000,-0.116,-0.009,0
858.7540,-0.00541,-0.02654,-0.00115,0.00000,0.00000,-0.116,-0.009,0
858.8060,-0.00541,-0.02654,-0.00115,0.00000,0.00000,-0.116,-0.009,0
858.8580,-0.00541,-0.02655,-0.00115,0.00000,0.00000,-0.116,-0.009,0
858.9100,-0.00541,-0.02655,-0.00115,0.00000,0.00000,-0.116,-0.009,0
858.9620,-0.00541,-0.02655,-0.00115,0.00000,0.00000,-0.116,-0.009,0
859.0140,-0.00541,-0.02654,-0.00115,0.00000,0.00000,-0.116,-0.009,0
859.0660,-0.00541,-0.02653,-0.00115,0.00000,0.00000,-0.116,-0.009,0
859.1180,-0.00541,-0.02653,-0.00115,0.00000,0.00000,-0.116,-0.009,0
859.1700,-0.00540,-0.02651,-0.00115,0.00000,0.00000,-0.116,-0.009,0
859.2220,-0.00540,-0.02649,-0.00115,0.00000,0.00000,-0.116,-0.009,0
859.2740,-0.00540,-0.02647,-0.00115,0.00000,0.00000,-0.116,-0.009,0
859.3260,-0.00539,-0.02646,-0.00115,0.00000,0.00000,-0.116,-0.009,0
859.3780,-0.00539,-0.02644,-0.00115,0.00000,0.00000,-0.116,-0.009,0
859.4300,-0.00539,-0.02642,-0.00115,0.00000,0.00000,-0.116,-0.009,0
859.4820,-0.00538,-0.02640,-0.00115,0.00000,0.00000,-0.116,-0.009,0
859.5340,-0.00538,-0.02640,-0.00115,0.00000,0.00000,-0.116,-0.009,0
859.5860,-0.00538,-0.02641,-0.00115,0.00000,0.00000,-0.116,-0.009,0
859.6380,-0.00538,-0.02641,-0.00115,0.00000,0.00000,-0.116,-0.009,0
859.6900,-0.00538,-0.02639,-0.00115,0.00000,0.00000,-0.116,-0.009,0
859.7420,-0.00538,-0.02637,-0.00115,0.00000,0.00000,-0.115,-0.009,0
859.7940,-0.00538,-0.02637,-0.00115,0.00000,0.00000,-0.115,-0.009,0
859.8460,-0.00537,-0.02636,-0.00115,0.00000,0.00000,-0.115,-0.009,0
859.8980,-0.00537,-0.02634,-0.00115,0.00000,0.00000,-0.115,-0.009,0
859.9500,-0.00537,-0.02632,-0.00115,0.00000,0.00000,-0.115,-0.009,0
860.0020,-0.00536,-0.02629,-0.00115,0.00000,0.00000,-0.115,-0.009,0
860.0540,-0.00535,-0.02626,-0.00115,0.00000,0.00000,-0.115,-0.009,0
860.1060,-0.00535,-0.02623,-0.00115,0.00000,0.00000,-0.115,-0.009,0
860.1580,-0.00534,-0.02621,-0.00115,0.00000,0.00000,-0.115,-0.009,0
860.2100,-0.00534,-0.02619,-0.00115,0.00000,0.00000,-0.115,-0.009,0
860.2620,-0.00534,-0.02617,-0.00115,0.00000,0.00000,-0.114,-0.009,0
860.3140,-0.00533,-0.02615,-0.00115,0.00000,0.00000,-0.114,-0.009,0
860.3660,-0.00533,-0.02613,-0.00115,0.00000,0.00000,-0.114,-0.009,0
860.4180,-0.00532,-0.02611,-0.00115,0.00000,0.00000,-0.114,-0.009,0
860.4700,-0.00532,-0.02609,-0.00115,0.00000,0.00000,-0.114,-0.009,0
860.5220,-0.00531,-0.02606,-0.00115,0.00000,0.00000,-0.114,-0.009,0
860.5740,-0.00531,-0.02604,-0.00115,0.00000,0.00000,-0.114,-0.009,0
860.6260,-0.00531,-0.02604,-0.00115,0.00000,0.00000,-0.114,-0.009,0
860.6780,-0.00532,-0.02606,-0.00115,0.00000,0.00000,-0.114,-0.009,0
860.7300,-0.00532,-0.02608,-0.00115,0.00000,0.00000,-0.114,-0.009,0
860.7820,-0.00533,-0.02610,-0.00115,0.00000,0.00000,-0.114,-0.009,0
860.8340,-0.00533,-0.02611,-0.00115,0.00000,0.00000,-0.114,-0.009,0
860.8860,-0.00534,-0.02614,-0.00115,0.00000,0.00000,-0.114,-0.009,0
860.9380,-0.00535,-0.02617,-0.00115,0.00000,0.00000,-0.114,-0.009,0
860.9900,-0.00535,-0.02619,-0.00115,0.00000,0.00000,-0.114,-0.009,0
861.0420,-0.00536,-0.02622,-0.00115,0.00000,0.00000,-0.114,-0.009,0
861.0940,-0.00537,-0.02626,-0.00115,0.00000,0.00000,-0.114,-0.009,0
861.1460,-0.00538,-0.02629,-0.00115,0.00000,0.00000,-0.115,-0.009,0
861.1980,-0.00538,-0.02631,-0.00115,0.00000,0.00000,-0.115,-0.009,0
861.2500,-0.00538,-0.02631,-0.00115,0.00000,0.00000,-0.115,-0.009,0
861.3020,-0.00538,-0.02631,-0.00115,0.00000,0.00000,-0.115,-0.009,0
861.3540,-0.00538,-0.02631,-0.00115,0.00000,0.00000,-0.115,-0.009,0
861.4060,-0.00538,-0.02631,-0.00115,0.00000,0.00000,-0.115,-0.009,0
861.4580,-0.00538,-0.02631,-0.00115,0.00000,0.00000,-0.115,-0.009,0
861.5100,-0.00537,-0.02630,-0.00115,0.00000,0.00000,-0.115,-0.009,0
861.5620,-0.00537,-0.02628,-0.00115,0.00000,0.00000,-0.114,-0.009,0
861.6140,-0.00537,-0.02626,-0.00115,0.00000,0.00000,-0.114,-0.009,0
861.6660,-0.00536,-0.02625,-0.00115,0.00000,0.00000,-0.114,-0.009,0
861.7180,-0.00536,-0.02623,-0.00115,0.00000,0.00000,-0.114,-0.009,0
861.7700,-0.00535,-0.02621,-0.00115,0.00000,0.00000,-0.114,-0.009,0
861.8220,-0.00535,-0.02621,-0.00115,0.00000,0.00000,-0.114,-0.009,0
861.8740,-0.00535,-0.02620,-0.00115,0.00000,0.00000,-0.114,-0.009,0
861.9260,-0.00535,-0.02619,-0.00115,0.00000,0.00000,-0.114,-0.009,0
861.9780,-0.00534,-0.02617,-0.00115,0.00000,0.00000,-0.114,-0.009,0
862.0300,-0.00534,-0.02614,-0.00115,0.00000,0.00000,-0.114,-0.009,0
862.0820,-0.00533,-0.02611,-0.00115,0.00000,0.00000,-0.114,-0.009,0
862.1340,-0.00532,-0.02609,-0.00115,0.00000,0.00000,-0.114,-0.009,0
862.1860,-0.00532,-0.02606,-0.00115,0.00000,0.00000,-0.113,-0.009,0
862.2380,-0.00531,-0.02604,-0.00115,0.00000,0.00000,-0.113,-0.009,0
862.2900,-0.00531,-0.02602,-0.00115,0.00000,0.00000,-0.113,-0.009,0
862.3420,-0.00530,-0.02599,-0.00115,0.00000,0.00000,-0.113,-0.009,0
862.3940,-0.00530,-0.02597,-0.00115,0.00000,0.00000,-0.113,-0.009,0
862.4460,-0.00530,-0.02596,-0.00115,0.00000,0.00000,-0.113,-0.009,0
862.4980,-0.00529,-0.02595,-0.00115,0.00000,0.00000,-0.113,-0.009,0
862.5500,-0.00529,-0.02593,-0.00115,0.00000,0.00000,-0.113,-0.009,0
862.6020,-0.00529,-0.02592,-0.00115,0.00000,0.00000,-0.113,-0.009,0
862.6540,-0.00529,-0.02591,-0.00115,0.00000,0.00000,-0.113,-0.009,0
862.7060,-0.00529,-0.02589,-0.00115,0.00000,0.00000,-0.113,-0.009,0
862.7580,-0.00528,-0.02589,-0.00115,0.00000,0.00000,-0.113,-0.009,0
862.8100,-0.00528,-0.02588,-0.00115,0.00000,0.00000,-0.113,-0.009,0
862.8620,-0.00528,-0.02587,-0.00115,0.00000,0.00000,-0.112,-0.009,0
862.9140,-0.00528,-0.02586,-0.00115,0.00000,0.00000,-0.112,-0.009,0
862.9660,-0.00528,-0.02585,-0.00115,0.00000,0.00000,-0.112,-0.009,0
863.0180,-0.00527,-0.02583,-0.00115,0.00000,0.00000,-0.112,-0.009,0
863.0700,-0.00527,-0.02581,-0.00115,0.00000,0.00000,-0.112,-0.009,0
863.1220,-0.00527,-0.02580,-0.00115,0.00000,0.00000,-0.112,-0.009,0
863.1740,-0.00527,-0.02580,-0.00115,0.00000,0.00000,-0.112,-0.009,0
863.2260,-0.00527,-0.02578,-0.00115,0.00000,0.00000,-0.112,-0.009,0
863.2780,-0.00527,-0.02578,-0.00115,0.00000,0.00000,-0.112,-0.009,0
863.3300,-0.00527,-0.02577,-0.00115,0.00000,0.00000,-0.112,-0.009,0
863.3820,-0.00527,-0.02578,-0.00115,0.00000,0.00000,-0.112,-0.009,0
863.4340,-0.00527,-0.02579,-0.00115,0.00000,0.00000,-0.112,-0.009,0
863.4860,-0.00527,-0.02580,-0.00115,0.00000,0.00000,-0.112,-0.009,0
863.5380,-0.00528,-0.02581,-0.00115,0.00000,0.00000,-0.112,-0.009,0
863.5900,-0.00528,-0.02582,-0.00115,0.00000,0.00000,-0.112,-0.009,0
863.6420,-0.00528,-0.02583,-0.00115,0.00000,0.00000,-0.112,-0.009,0
863.6940,-0.00528,-0.02582,-0.00115,0.00000,0.00000,-0.112,-0.009,0
863.7460,-0.00528,-0.02581,-0.00115,0.00000,0.00000,-0.112,-0.009,0
863.7980,-0.00528,-0.02581,-0.00115,0.00000,0.00000,-0.112,-0.009,0
863.8500,-0.00528,-0.02581,-0.00115,0.00000,0.00000,-0.112,-0.009,0
863.9020,-0.00528,-0.02581,-0.00115,0.00000,0.00000,-0.112,-0.009,0
863.9540,-0.00528,-0.02581,-0.00115,0.00000,0.00000,-0.112,-0.009,0
864.0060,-0.00528,-0.02582,-0.00115,0.00000,0.00000,-0.112,-0.009,0
864.0580,-0.00528,-0.02581,-0.00115,0.00000,0.00000,-0.112,-0.009,0
864.1100,-0.00528,-0.02582,-0.00115,0.00000,0.00000,-0.112,-0.009,0
864.1620,-0.00529,-0.02584,-0.00115,0.00000,0.00000,-0.112,-0.009,0
864.2140,-0.00529,-0.02586,-0.00115,0.00000,0.00000,-0.112,-0.009,0
864.2660,-0.00529,-0.02587,-0.00115,0.00000,0.00000,-0.112,-0.009,0
864.3180,-0.00530,-0.02589,-0.00115,0.00000,0.00000,-0.112,-0.009,0
864.3700,-0.00530,-0.02588,-0.00115,0.00000,0.00000,-0.112,-0.009,0
864.4220,-0.00530,-0.02588,-0.00115,0.00000,0.00000,-0.112,-0.009,0
864.4740,-0.00529,-0.02587,-0.00115,0.00000,0.00000,-0.112,-0.009,0
864.5260,-0.00529,-0.02587,-0.00115,0.00000,0.00000,-0.112,-0.009,0
864.5780,-0.00529,-0.02587,-0.00115,0.00000,0.00000,-0.112,-0.009,0
864.6300,-0.00529,-0.02587,-0.00115,0.00000,0.00000,-0.112,-0.009,0
864.6820,-0.00529,-0.02587,-0.00115,0.00000,0.00000,-0.112,-0.009,0
864.7340,-0.00529,-0.02586,-0.00115,0.00000,0.00000,-0.112,-0.009,0
864.7860,-0.00529,-0.02586,-0.00115,0.00000,0.00000,-0.112,-0.009,0
864.8380,-0.00529,-0.02584,-0.00115,0.00000,0.00000,-0.112,-0.009,0
864.8900,-0.00528,-0.02583,-0.00115,0.00000,0.00000,-0.112,-0.009,0
864.9420,-0.00528,-0.02583,-0.00115,0.00000,0.00000,-0.112,-0.009,0
864.9940,-0.00528,-0.02582,-0.00115,0.00000,0.00000,-0.112,-0.009,0
865.0460,-0.00528,-0.02580,-0.00115,0.00000,0.00000,-0.112,-0.009,0
865.0980,-0.00527,-0.02578,-0.00115,0.00000,0.00000,-0.112,-0.009,0
865.1500,-0.00527,-0.02576,-0.00115,0.00000,0.00000,-0.111,-0.009,0
865.2020,-0.00526,-0.02575,-0.00115,0.00000,0.00000,-0.111,-0.009,0
865.2540,-0.00526,-0.02574,-0.00115,0.00000,0.00000,-0.111,-0.009,0
865.3060,-0.00526,-0.02573,-0.00115,0.00000,0.00000,-0.111,-0.009,0
865.3580,-0.00526,-0.02574,-0.00115,0.00000,0.00000,-0.111,-0.009,0
865.4100,-0.00526,-0.02575,-0.00115,0.00000,0.00000,-0.111,-0.009,0
865.4620,-0.00527,-0.02576,-0.00115,0.00000,0.00000,-0.111,-0.009,0
865.5140,-0.00527,-0.02577,-0.00115,0.00000,0.00000,-0.111,-0.009,0
865.5660,-0.00528,-0.02579,-0.00115,0.00000,0.00000,-0.111,-0.009,0
865.6180,-0.00528,-0.02582,-0.00115,0.00000,0.00000,-0.112,-0.009,0
865.6700,-0.00529,-0.02586,-0.00115,0.00000,0.00000,-0.112,-0.009,0
865.7220,-0.00530,-0.02590,-0.00115,0.00000,0.00000,-0.112,-0.009,0
865.7740,-0.00531,-0.02592,-0.00115,0.00000,0.00000,-0.112,-0.009,0
865.8260,-0.00531,-0.02593,-0.00115,0.00000,0.00000,-0.112,-0.009,0
865.8780,-0.00531,-0.02595,-0.00115,0.00000,0.00000,-0.112,-0.009,0
865.9300,-0.00532,-0.02596,-0.00115,0.00000,0.00000,-0.112,-0.009,0
865.9820,-0.00531,-0.02596,-0.00115,0.00000,0.00000,-0.112,-0.009,0
866.0340,-0.00531,-0.02595,-0.00115,0.00000,0.00000,-0.112,-0.009,0
866.0860,-0.00531,-0.02595,-0.00115,0.00000,0.00000,-0.112,-0.009,0
866.1380,-0.00531,-0.02593,-0.00115,0.00000,0.00000,-0.112,-0.009,0
866.1900,-0.00530,-0.02591,-0.00115,0.00000,0.00000,-0.112,-0.009,0
866.2420,-0.00530,-0.02591,-0.00115,0.00000,0.00000,-0.112,-0.009,0
866.2940,-0.00530,-0.02590,-0.00115,0.00000,0.00000,-0.112,-0.009,0
866.3460,-0.00529,-0.02588,-0.00115,0.00000,0.00000,-0.112,-0.009,0
866.3980,-0.00529,-0.02585,-0.00115,0.00000,0.00000,-0.112,-0.009,0
866.4500,-0.00528,-0.02583,-0.00115,0.00000,0.00000,-0.112,-0.009,0
866.5020,-0.00528,-0.02581,-0.00115,0.00000,0.00000,-0.112,-0.009,0
866.5540,-0.00527,-0.02579,-0.00115,0.00000,0.00000,-0.112,-0.009,0
866.6060,-0.00527,-0.02578,-0.00115,0.00000,0.00000,-0.111,-0.009,0
866.6580,-0.00527,-0.02578,-0.00115,0.00000,0.00000,-0.111,-0.009,0
866.7100,-0.00527,-0.02578,-0.00115,0.00000,0.00000,-0.111,-0.009,0
866.7620,-0.00527,-0.02579,-0.00115,0.00000,0.00000,-0.111,-0.009,0
866.8140,-0.00528,-0.02580,-0.00115,0.00000,0.00000,-0.112,-0.009,0
866.8660,-0.00528,-0.02582,-0.00115,0.00000,0.00000,-0.112,-0.009,0
866.9180,-0.00529,-0.02585,-0.00115,0.00000,0.00000,-0.112,-0.009,0
866.9700,-0.00530,-0.02589,-0.00115,0.00000,0.00000,-0.112,-0.009,0
867.0220,-0.00531,-0.02593,-0.00115,0.00000,0.00000,-0.112,-0.009,0
867.0740,-0.00532,-0.02599,-0.00115,0.00000,0.00000,-0.112,-0.009,0
867.1260,-0.00533,-0.02604,-0.00115,0.00000,0.00000,-0.113,-0.009,0
867.1780,-0.00534,-0.02609,-0.00115,0.00000,0.00000,-0.113,-0.009,0
867.2300,-0.00535,-0.02613,-0.00115,0.00000,0.00000,-0.113,-0.009,0
867.2820,-0.00536,-0.02616,-0.00115,0.00000,0.00000,-0.113,-0.009,0
867.3340,-0.00537,-0.02619,-0.00115,0.00000,0.00000,-0.113,-0.009,0
867.3860,-0.00537,-0.02622,-0.00115,0.00000,0.00000,-0.113,-0.009,0
867.4380,-0.00538,-0.02625,-0.00115,0.00000,0.00000,-0.114,-0.009,0
867.4900,-0.00538,-0.02627,-0.00115,0.00000,0.00000,-0.114,-0.009,0
867.5420,-0.00538,-0.02628,-0.00115,0.00000,0.00000,-0.114,-0.009,0
867.5940,-0.00538,-0.02628,-0.00115,0.00000,0.00000,-0.114,-0.009,0
867.6460,-0.00538,-0.02628,-0.00115,0.00000,0.00000,-0.114,-0.009,0
867.6980,-0.00538,-0.02627,-0.00115,0.00000,0.00000,-0.114,-0.009,0
867.7500,-0.00537,-0.02626,-0.00115,0.00000,0.00000,-0.114,-0.009,0
867.8020,-0.00537,-0.02625,-0.00115,0.00000,0.00000,-0.114,-0.009,0
867.8540,-0.00536,-0.02623,-0.00115,0.00000,0.00000,-0.114,-0.009,0
867.9060,-0.00536,-0.02621,-0.00115,0.00000,0.00000,-0.114,-0.009,0
867.9580,-0.00535,-0.02618,-0.00115,0.00000,0.00000,-0.114,-0.009,0
868.0100,-0.00534,-0.02616,-0.00115,0.00000,0.00000,-0.113,-0.009,0
868.0620,-0.00534,-0.02613,-0.00115,0.00000,0.00000,-0.113,-0.009,0
868.1140,-0.00533,-0.02611,-0.00115,0.00000,0.00000,-0.113,-0.009,0
868.1660,-0.00532,-0.02609,-0.00115,0.00000,0.00000,-0.113,-0.009,0
868.2180,-0.00532,-0.02606,-0.00115,0.00000,0.00000,-0.113,-0.009,0
868.2700,-0.00531,-0.02604,-0.00115,0.00000,0.00000,-0.113,-0.009,0
868.3220,-0.00531,-0.02603,-0.00115,0.00000,0.00000,-0.113,-0.009,0
868.3740,-0.00531,-0.02601,-0.00115,0.00000,0.00000,-0.113,-0.009,0
868.4260,-0.00531,-0.02600,-0.00115,0.00000,0.00000,-0.113,-0.009,0
868.4780,-0.00530,-0.02600,-0.00115,0.00000,0.00000,-0.113,-0.009,0
868.5300,-0.00531,-0.02600,-0.00115,0.00000,0.00000,-0.113,-0.009,0
868.5820,-0.00531,-0.02600,-0.00115,0.00000,0.00000,-0.113,-0.009,0
868.6340,-0.00531,-0.02602,-0.00115,0.00000,0.00000,-0.113,-0.009,0
868.6860,-0.00532,-0.02603,-0.00115,0.00000,0.00000,-0.113,-0.009,0
868.7380,-0.00532,-0.02606,-0.00115,0.00000,0.00000,-0.113,-0.009,0
868.7900,-0.00533,-0.02609,-0.00115,0.00000,0.00000,-0.113,-0.009,0
868.8420,-0.00534,-0.02613,-0.00115,0.00000,0.00000,-0.113,-0.009,0
868.8940,-0.00535,-0.02617,-0.00115,0.00000,0.00000,-0.114,-0.009,0
868.9460,-0.00535,-0.02619,-0.00115,0.00000,0.00000,-0.114,-0.009,0
868.9980,-0.00536,-0.02621,-0.00115,0.00000,0.00000,-0.114,-0.009,0
869.0500,-0.00536,-0.02623,-0.00115,0.00000,0.00000,-0.114,-0.009,0
869.1020,-0.00537,-0.02625,-0.00115,0.00000,0.00000,-0.114,-0.009,0
869.1540,-0.00537,-0.02626,-0.00115,0.00000,0.00000,-0.114,-0.009,0
869.2060,-0.00537,-0.02627,-0.00115,0.00000,0.00000,-0.114,-0.009,0
869.2580,-0.00537,-0.02628,-0.00115,0.00000,0.00000,-0.114,-0.009,0
869.3100,-0.00537,-0.02629,-0.00115,0.00000,0.00000,-0.114,-0.009,0
869.3620,-0.00538,-0.02630,-0.00115,0.00000,0.00000,-0.114,-0.009,0
869.4140,-0.00538,-0.02633,-0.00115,0.00000,0.00000,-0.114,-0.009,0
869.4660,-0.00539,-0.02634,-0.00115,0.00000,0.00000,-0.114,-0.009,0
869.5180,-0.00539,-0.02636,-0.00115,0.00000,0.00000,-0.114,-0.009,0
869.5700,-0.00539,-0.02636,-0.00115,0.00000,0.00000,-0.115,-0.009,0
869.6220,-0.00539,-0.02637,-0.00115,0.00000,0.00000,-0.115,-0.009,0
869.6740,-0.00539,-0.02637,-0.00115,0.00000,0.00000,-0.115,-0.009,0
869.7260,-0.00539,-0.02637,-0.00115,0.00000,0.00000,-0.115,-0.009,0
869.7780,-0.00539,-0.02637,-0.00115,0.00000,0.00000,-0.115,-0.009,0
869.8300,-0.00539,-0.02637,-0.00115,0.00000,0.00000,-0.115,-0.009,0
869.8820,-0.00539,-0.02636,-0.00115,0.00000,0.00000,-0.115,-0.009,0
869.9340,-0.00538,-0.02636,-0.00115,0.00000,0.00000,-0.115,-0.009,0
869.9860,-0.00538,-0.02636,-0.00115,0.00000,0.00000,-0.115,-0.009,0
870.0380,-0.00539,-0.02638,-0.00115,0.00000,0.00000,-0.115,-0.009,0
870.0900,-0.00539,-0.02640,-0.00115,0.00000,0.00000,-0.115,-0.009,0
870.1420,-0.00540,-0.02643,-0.00115,0.00000,0.00000,-0.115,-0.009,0
870.1940,-0.00540,-0.02645,-0.00115,0.00000,0.00000,-0.115,-0.009,0
870.2460,-0.00541,-0.02647,-0.00115,0.00000,0.00000,-0.115,-0.009,0
870.2980,-0.00541,-0.02648,-0.00115,0.00000,0.00000,-0.115,-0.009,0
870.3500,-0.00541,-0.02649,-0.00115,0.00000,0.00000,-0.115,-0.009,0
870.4020,-0.00541,-0.02650,-0.00115,0.00000,0.00000,-0.115,-0.009,0
870.4540,-0.00541,-0.02650,-0.00115,0.00000,0.00000,-0.115,-0.009,0
870.5060,-0.00541,-0.02649,-0.00115,0.00000,0.00000,-0.115,-0.009,0
870.5580,-0.00540,-0.02647,-0.00115,0.00000,0.00000,-0.115,-0.009,0
870.6100,-0.00539,-0.02643,-0.00115,0.00000,0.00000,-0.115,-0.009,0
870.6620,-0.00538,-0.02639,-0.00115,0.00000,0.00000,-0.115,-0.009,0
870.7140,-0.00537,-0.02635,-0.00115,0.00000,0.00000,-0.115,-0.009,0
870.7660,-0.00537,-0.02632,-0.00115,0.00000,0.00000,-0.115,-0.009,0
870.8180,-0.00536,-0.02629,-0.00115,0.00000,0.00000,-0.115,-0.009,0
870.8700,-0.00535,-0.02626,-0.00115,0.00000,0.00000,-0.114,-0.009,0
870.9220,-0.00535,-0.02623,-0.00115,0.00000,0.00000,-0.114,-0.009,0
870.9740,-0.00534,-0.02622,-0.00115,0.00000,0.00000,-0.114,-0.009,0
871.0260,-0.00534,-0.02621,-0.00115,0.00000,0.00000,-0.114,-0.009,0
871.0780,-0.00534,-0.02618,-0.00115,0.00000,0.00000,-0.114,-0.009,0
871.1300,-0.00533,-0.02614,-0.00115,0.00000,0.00000,-0.114,-0.009,0
871.1820,-0.00532,-0.02610,-0.00115,0.00000,0.00000,-0.114,-0.009,0
871.2340,-0.00531,-0.02608,-0.00115,0.00000,0.00000,-0.114,-0.009,0
871.2860,-0.00532,-0.02608,-0.00115,0.00000,0.00000,-0.114,-0.009,0
871.3380,-0.00532,-0.02609,-0.00115,0.00000,0.00000,-0.114,-0.009,0
871.3900,-0.00532,-0.02610,-0.00115,0.00000,0.00000,-0.114,-0.009,0
871.4420,-0.00533,-0.02612,-0.00115,0.00000,0.00000,-0.114,-0.009,0
871.4940,-0.00533,-0.02614,-0.00115,0.00000,0.00000,-0.114,-0.009,0
871.5460,-0.00534,-0.02617,-0.00115,0.00000,0.00000,-0.114,-0.009,0
871.5980,-0.00535,-0.02620,-0.00115,0.00000,0.00000,-0.114,-0.009,0
871.6500,-0.00536,-0.02624,-0.00115,0.00000,0.00000,-0.114,-0.009,0
871.7020,-0.00537,-0.02627,-0.00115,0.00000,0.00000,-0.114,-0.009,0
871.7540,-0.00537,-0.02630,-0.00115,0.00000,0.00000,-0.114,-0.009,0
871.8060,-0.00538,-0.02634,-0.00115,0.00000,0.00000,-0.115,-0.009,0
871.8580,-0.00539,-0.02636,-0.00115,0.00000,0.00000,-0.115,-0.009,0
871.9100,-0.00539,-0.02637,-0.00115,0.00000,0.00000,-0.115,-0.009,0
871.9620,-0.00539,-0.02639,-0.00115,0.00000,0.00000,-0.115,-0.009,0
872.0140,-0.00540,-0.02643,-0.00115,0.00000,0.00000,-0.115,-0.009,0
872.0660,-0.00542,-0.02649,-0.00115,0.00000,0.00000,-0.115,-0.009,0
872.1180,-0.00543,-0.02655,-0.00115,0.00000,0.00000,-0.116,-0.009,0
872.1700,-0.00544,-0.02658,-0.00115,0.00000,0.00000,-0.116,-0.009,0
872.2220,-0.00544,-0.02661,-0.00115,0.00000,0.00000,-0.116,-0.009,0
872.2740,-0.00544,-0.02662,-0.00115,0.00000,0.00000,-0.116,-0.009,0
872.3260,-0.00545,-0.02664,-0.00115,0.00000,0.00000,-0.116,-0.009,0
872.3780,-0.00546,-0.02668,-0.00115,0.00000,0.00000,-0.116,-0.009,0
872.4300,-0.00546,-0.02672,-0.00115,0.00000,0.00000,-0.116,-0.009,0
872.4820,-0.00547,-0.02675,-0.00115,0.00000,0.00000,-0.117,-0.009,0
872.5340,-0.00548,-0.02679,-0.00115,0.00000,0.00000,-0.117,-0.009,0
872.5860,-0.00548,-0.02682,-0.00115,0.00000,0.00000,-0.117,-0.009,0
872.6380,-0.00549,-0.02684,-0.00115,0.00000,0.00000,-0.117,-0.009,0
872.6900,-0.00549,-0.02686,-0.00115,0.00000,0.00000,-0.117,-0.009,0
872.7420,-0.00549,-0.02687,-0.00115,0.00000,0.00000,-0.117,-0.009,0
872.7940,-0.00549,-0.02689,-0.00115,0.00000,0.00000,-0.117,-0.009,0
872.8460,-0.00549,-0.02690,-0.00115,0.00000,0.00000,-0.117,-0.009,0
872.8980,-0.00550,-0.02692,-0.00115,0.00000,0.00000,-0.117,-0.009,0
872.9500,-0.00550,-0.02692,-0.00115,0.00000,0.00000,-0.118,-0.009,0
873.0020,-0.00549,-0.02692,-0.00115,0.00000,0.00000,-0.118,-0.009,0
873.0540,-0.00549,-0.02692,-0.00115,0.00000,0.00000,-0.118,-0.009,0
873.1060,-0.00549,-0.02692,-0.00115,0.00000,0.00000,-0.118,-0.009,0
873.1580,-0.00549,-0.02690,-0.00115,0.00000,0.00000,-0.118,-0.009,0
873.2100,-0.00548,-0.02690,-0.00115,0.00000,0.00000,-0.118,-0.009,0
873.2620,-0.00548,-0.02691,-0.00115,0.00000,0.00000,-0.118,-0.009,0
873.3140,-0.00548,-0.02691,-0.00115,0.00000,0.00000,-0.118,-0.009,0
873.3660,-0.00548,-0.02691,-0.00115,0.00000,0.00000,-0.118,-0.009,0
873.4180,-0.00548,-0.02692,-0.00115,0.00000,0.00000,-0.118,-0.009,0
873.4700,-0.00549,-0.02692,-0.00115,0.00000,0.00000,-0.118,-0.009,0
873.5220,-0.00549,-0.02693,-0.00115,0.00000,0.00000,-0.118,-0.009,0
873.5740,-0.00549,-0.02694,-0.00115,0.00000,0.00000,-0.118,-0.009,0
873.6260,-0.00549,-0.02696,-0.00115,0.00000,0.00000,-0.118,-0.009,0
873.6780,-0.00550,-0.02697,-0.00115,0.00000,0.00000,-0.118,-0.009,0
873.7300,-0.00550,-0.02698,-0.00115,0.00000,0.00000,-0.118,-0.009,0
873.7820,-0.00550,-0.02700,-0.00115,0.00000,0.00000,-0.118,-0.009,0
873.8340,-0.00550,-0.02700,-0.00115,0.00000,0.00000,-0.118,-0.009,0
873.8860,-0.00550,-0.02700,-0.00115,0.00000,0.00000,-0.118,-0.009,0
873.9380,-0.00550,-0.02699,-0.00115,0.00000,0.00000,-0.118,-0.009,0
873.9900,-0.00550,-0.02698,-0.00115,0.00000,0.00000,-0.118,-0.009,0
874.0420,-0.00549,-0.02698,-0.00115,0.00000,0.00000,-0.118,-0.009,0
874.0940,-0.00549,-0.02698,-0.00115,0.00000,0.00000,-0.118,-0.009,0
874.1460,-0.00549,-0.02698,-0.00115,0.00000,0.00000,-0.118,-0.009,0
874.1980,-0.00550,-0.02700,-0.00115,0.00000,0.00000,-0.118,-0.009,0
874.2500,-0.00550,-0.02701,-0.00115,0.00000,0.00000,-0.119,-0.009,0
874.3020,-0.00550,-0.02703,-0.00115,0.00000,0.00000,-0.119,-0.009,0
874.3540,-0.00551,-0.02704,-0.00115,0.00000,0.00000,-0.119,-0.009,0
874.4060,-0.00551,-0.02705,-0.00115,0.00000,0.00000,-0.119,-0.009,0
874.4580,-0.00551,-0.02705,-0.00115,0.00000,0.00000,-0.119,-0.009,0
874.5100,-0.00551,-0.02706,-0.00115,0.00000,0.00000,-0.119,-0.009,0
874.5620,-0.00551,-0.02706,-0.00115,0.00000,0.00000,-0.119,-0.009,0
874.6140,-0.00551,-0.02708,-0.00115,0.00000,0.00000,-0.119,-0.009,0
874.6660,-0.00552,-0.02709,-0.00115,0.00000,0.00000,-0.119,-0.009,0
874.7180,-0.00552,-0.02712,-0.00115,0.00000,0.00000,-0.119,-0.009,0
874.7700,-0.00553,-0.02715,-0.00115,0.00000,0.00000,-0.119,-0.009,0
874.8220,-0.00554,-0.02718,-0.00115,0.00000,0.00000,-0.119,-0.009,0
874.8740,-0.00554,-0.02721,-0.00115,0.00000,0.00000,-0.120,-0.009,0
874.9260,-0.00555,-0.02722,-0.00115,0.00000,0.00000,-0.120,-0.009,0
874.9780,-0.00555,-0.02724,-0.00115,0.00000,0.00000,-0.120,-0.009,0
875.0300,-0.00555,-0.02725,-0.00115,0.00000,0.00000,-0.120,-0.009,0
875.0820,-0.00556,-0.02727,-0.00115,0.00000,0.00000,-0.120,-0.009,0
875.1340,-0.00556,-0.02729,-0.00115,0.00000,0.00000,-0.120,-0.009,0
875.1860,-0.00556,-0.02730,-0.00115,0.00000,0.00000,-0.120,-0.009,0
875.2380,-0.00556,-0.02731,-0.00115,0.00000,0.00000,-0.120,-0.009,0
875.2900,-0.00556,-0.02730,-0.00115,0.00000,0.00000,-0.120,-0.009,0
875.3420,-0.00555,-0.02728,-0.00115,0.00000,0.00000,-0.120,-0.009,0
875.3940,-0.00555,-0.02726,-0.00115,0.00000,0.00000,-0.120,-0.009,0
875.4460,-0.00555,-0.02725,-0.00115,0.00000,0.00000,-0.120,-0.009,0
875.4980,-0.00554,-0.02723,-0.00115,0.00000,0.00000,-0.120,-0.009,0
875.5500,-0.00553,-0.02720,-0.00115,0.00000,0.00000,-0.120,-0.009,0
875.6020,-0.00552,-0.02716,-0.00115,0.00000,0.00000,-0.120,-0.009,0
875.6540,-0.00552,-0.02713,-0.00115,0.00000,0.00000,-0.120,-0.009,0
875.7060,-0.00551,-0.02709,-0.00115,0.00000,0.00000,-0.119,-0.009,0
875.7580,-0.00550,-0.02705,-0.00115,0.00000,0.00000,-0.119,-0.009,0
875.8100,-0.00549,-0.02702,-0.00115,0.00000,0.00000,-0.119,-0.009,0
875.8620,-0.00548,-0.02699,-0.00115,0.00000,0.00000,-0.119,-0.009,0
875.9140,-0.00548,-0.02697,-0.00115,0.00000,0.00000,-0.119,-0.009,0
875.9660,-0.00547,-0.02695,-0.00115,0.00000,0.00000,-0.119,-0.009,0
876.0180,-0.00547,-0.02692,-0.00115,0.00000,0.00000,-0.119,-0.009,0
876.0700,-0.00547,-0.02691,-0.00115,0.00000,0.00000,-0.119,-0.009,0
876.1220,-0.00547,-0.02691,-0.00115,0.00000,0.00000,-0.119,-0.009,0
876.1740,-0.00547,-0.02691,-0.00115,0.00000,0.00000,-0.119,-0.009,0
876.2260,-0.00547,-0.02692,-0.00115,0.00000,0.00000,-0.119,-0.009,0
876.2780,-0.00547,-0.02691,-0.00115,0.00000,0.00000,-0.119,-0.009,0
876.3300,-0.00547,-0.02691,-0.00115,0.00000,0.00000,-0.119,-0.009,0
876.3820,-0.00547,-0.02691,-0.00115,0.00000,0.00000,-0.119,-0.009,0
876.4340,-0.00547,-0.02692,-0.00115,0.00000,0.00000,-0.119,-0.009,0
876.4860,-0.00548,-0.02692,-0.00115,0.00000,0.00000,-0.119,-0.009,0
876.5380,-0.00548,-0.02691,-0.00115,0.00000,0.00000,-0.119,-0.009,0
876.5900,-0.00548,-0.02691,-0.00115,0.00000,0.00000,-0.119,-0.009,0
876.6420,-0.00548,-0.02691,-0.00115,0.00000,0.00000,-0.119,-0.009,0
876.6940,-0.00548,-0.02692,-0.00115,0.00000,0.00000,-0.119,-0.009,0
876.7460,-0.00548,-0.02693,-0.00115,0.00000,0.00000,-0.119,-0.009,0
876.7980,-0.00548,-0.02694,-0.00115,0.00000,0.00000,-0.119,-0.009,0
876.8500,-0.00549,-0.02696,-0.00115,0.00000,0.00000,-0.119,-0.009,0
876.9020,-0.00550,-0.02699,-0.00115,0.00000,0.00000,-0.119,-0.009,0
876.9540,-0.00551,-0.02703,-0.00115,0.00000,0.00000,-0.119,-0.009,0
877.0060,-0.00552,-0.02707,-0.00115,0.00000,0.00000,-0.119,-0.009,0
877.0580,-0.00553,-0.02711,-0.00115,0.00000,0.00000,-0.119,-0.009,0
877.1100,-0.00553,-0.02713,-0.00115,0.00000,0.00000,-0.120,-0.009,0
877.1620,-0.00554,-0.02715,-0.00115,0.00000,0.00000,-0.120,-0.009,0
877.2140,-0.00554,-0.02717,-0.00115,0.00000,0.00000,-0.120,-0.009,0
877.2660,-0.00554,-0.02719,-0.00115,0.00000,0.00000,-0.120,-0.009,0
877.3180,-0.00555,-0.02721,-0.00115,0.00000,0.00000,-0.120,-0.009,0
877.3700,-0.00555,-0.02724,-0.00115,0.00000,0.00000,-0.120,-0.009,0
877.4220,-0.00556,-0.02728,-0.00115,0.00000,0.00000,-0.120,-0.009,0
877.4740,-0.00557,-0.02731,-0.00115,0.00000,0.00000,-0.120,-0.009,0
877.5260,-0.00557,-0.02733,-0.00115,0.00000,0.00000,-0.120,-0.009,0
877.5780,-0.00557,-0.02734,-0.00115,0.00000,0.00000,-0.121,-0.009,0
877.6300,-0.00557,-0.02734,-0.00115,0.00000,0.00000,-0.121,-0.009,0
877.6820,-0.00557,-0.02735,-0.00115,0.00000,0.00000,-0.121,-0.009,0
877.7340,-0.00558,-0.02737,-0.00115,0.00000,0.00000,-0.121,-0.009,0
877.7860,-0.00558,-0.02738,-0.00115,0.00000,0.00000,-0.121,-0.009,0
877.8380,-0.00558,-0.02739,-0.00115,0.00000,0.00000,-0.121,-0.009,0
877.8900,-0.00558,-0.02740,-0.00115,0.00000,0.00000,-0.121,-0.009,0
877.9420,-0.00558,-0.02740,-0.00115,0.00000,0.00000,-0.121,-0.009,0
877.9940,-0.00558,-0.02739,-0.00115,0.00000,0.00000,-0.121,-0.009,0
878.0460,-0.00557,-0.02738,-0.00115,0.00000,0.00000,-0.121,-0.009,0
878.0980,-0.00557,-0.02738,-0.00115,0.00000,0.00000,-0.121,-0.009,0
878.1500,-0.00557,-0.02736,-0.00115,0.00000,0.00000,-0.121,-0.009,0
878.2020,-0.00556,-0.02734,-0.00115,0.00000,0.00000,-0.121,-0.009,0
878.2540,-0.00556,-0.02732,-0.00115,0.00000,0.00000,-0.121,-0.009,0
878.3060,-0.00555,-0.02731,-0.00115,0.00000,0.00000,-0.121,-0.009,0
878.3580,-0.00555,-0.02729,-0.00115,0.00000,0.00000,-0.121,-0.009,0
878.4100,-0.00554,-0.02726,-0.00115,0.00000,0.00000,-0.120,-0.009,0
878.4620,-0.00554,-0.02724,-0.00115,0.00000,0.00000,-0.120,-0.009,0
878.5140,-0.00553,-0.02722,-0.00115,0.00000,0.00000,-0.120,-0.009,0
878.5660,-0.00553,-0.02720,-0.00115,0.00000,0.00000,-0.120,-0.009,0
878.6180,-0.00552,-0.02717,-0.00115,0.00000,0.00000,-0.120,-0.009,0
878.6700,-0.00552,-0.02715,-0.00115,0.00000,0.00000,-0.120,-0.009,0
878.7220,-0.00551,-0.02715,-0.00115,0.00000,0.00000,-0.120,-0.009,0
878.7740,-0.00552,-0.02715,-0.00115,0.00000,0.00000,-0.120,-0.009,0
878.8260,-0.00552,-0.02717,-0.00115,0.00000,0.00000,-0.120,-0.009,0
878.8780,-0.00552,-0.02718,-0.00115,0.00000,0.00000,-0.120,-0.009,0
878.9300,-0.00553,-0.02719,-0.00115,0.00000,0.00000,-0.120,-0.009,0
878.9820,-0.00553,-0.02721,-0.00115,0.00000,0.00000,-0.120,-0.009,0
879.0340,-0.00554,-0.02724,-0.00115,0.00000,0.00000,-0.120,-0.009,0
879.0860,-0.00555,-0.02727,-0.00115,0.00000,0.00000,-0.120,-0.009,0
879.1380,-0.00555,-0.02730,-0.00115,0.00000,0.00000,-0.121,-0.009,0
879.1900,-0.00556,-0.02732,-0.00115,0.00000,0.00000,-0.121,-0.009,0
879.2420,-0.00556,-0.02733,-0.00115,0.00000,0.00000,-0.121,-0.009,0
879.2940,-0.00556,-0.02732,-0.00115,0.00000,0.00000,-0.121,-0.009,0
879.3460,-0.00556,-0.02733,-0.00115,0.00000,0.00000,-0.121,-0.009,0
879.3980,-0.00556,-0.02733,-0.00115,0.00000,0.00000,-0.121,-0.009,0
879.4500,-0.00556,-0.02735,-0.00115,0.00000,0.00000,-0.121,-0.009,0
879.5020,-0.00557,-0.02736,-0.00115,0.00000,0.00000,-0.121,-0.009,0
879.5540,-0.00557,-0.02738,-0.00115,0.00000,0.00000,-0.121,-0.009,0
879.6060,-0.00558,-0.02740,-0.00115,0.00000,0.00000,-0.121,-0.009,0
879.6580,-0.00558,-0.02743,-0.00115,0.00000,0.00000,-0.121,-0.009,0
879.7100,-0.00559,-0.02745,-0.00115,0.00000,0.00000,-0.121,-0.009,0
879.7620,-0.00559,-0.02747,-0.00115,0.00000,0.00000,-0.122,-0.009,0
879.8140,-0.00560,-0.02749,-0.00115,0.00000,0.00000,-0.122,-0.009,0
879.8660,-0.00560,-0.02750,-0.00115,0.00000,0.00000,-0.122,-0.009,0
879.9180,-0.00560,-0.02751,-0.00115,0.00000,0.00000,-0.122,-0.009,0
879.9700,-0.00560,-0.02752,-0.00115,0.00000,0.00000,-0.122,-0.009,0
880.0220,-0.00560,-0.02754,-0.00115,0.00000,0.00000,-0.122,-0.009,0
880.0740,-0.00561,-0.02755,-0.00115,0.00000,0.00000,-0.122,-0.009,0
880.1260,-0.00561,-0.02756,-0.00115,0.00000,0.00000,-0.122,-0.009,0
880.1780,-0.00561,-0.02758,-0.00115,0.00000,0.00000,-0.122,-0.009,0
880.2300,-0.00561,-0.02760,-0.00115,0.00000,0.00000,-0.122,-0.009,0
880.2820,-0.00562,-0.02761,-0.00115,0.00000,0.00000,-0.122,-0.009,0
880.3340,-0.00562,-0.02763,-0.00115,0.00000,0.00000,-0.122,-0.009,0
880.3860,-0.00563,-0.02766,-0.00115,0.00000,0.00000,-0.122,-0.009,0
880.4380,-0.00563,-0.02768,-0.00115,0.00000,0.00000,-0.123,-0.009,0
880.4900,-0.00563,-0.02770,-0.00115,0.00000,0.00000,-0.123,-0.009,0
880.5420,-0.00564,-0.02771,-0.00115,0.00000,0.00000,-0.123,-0.009,0
880.5940,-0.00564,-0.02771,-0.00115,0.00000,0.00000,-0.123,-0.009,0
880.6460,-0.00564,-0.02772,-0.00115,0.00000,0.00000,-0.123,-0.009,0
880.6980,-0.00564,-0.02772,-0.00115,0.00000,0.00000,-0.123,-0.009,0
880.7500,-0.00564,-0.02773,-0.00115,0.00000,0.00000,-0.123,-0.009,0
880.8020,-0.00564,-0.02774,-0.00115,0.00000,0.00000,-0.123,-0.009,0
880.8540,-0.00564,-0.02774,-0.00115,0.00000,0.00000,-0.123,-0.009,0
880.9060,-0.00564,-0.02773,-0.00115,0.00000,0.00000,-0.123,-0.009,0
880.9580,-0.00563,-0.02772,-0.00115,0.00000,0.00000,-0.123,-0.009,0
881.0100,-0.00563,-0.02771,-0.00115,0.00000,0.00000,-0.123,-0.009,0
881.0620,-0.00563,-0.02770,-0.00115,0.00000,0.00000,-0.123,-0.009,0
881.1140,-0.00562,-0.02769,-0.00115,0.00000,0.00000,-0.123,-0.009,0
881.1660,-0.00562,-0.02768,-0.00115,0.00000,0.00000,-0.123,-0.009,0
881.2180,-0.00562,-0.02766,-0.00115,0.00000,0.00000,-0.123,-0.009,0
881.2700,-0.00561,-0.02763,-0.00115,0.00000,0.00000,-0.123,-0.009,0
881.3220,-0.00560,-0.02761,-0.00115,0.00000,0.00000,-0.123,-0.009,0
881.3740,-0.00560,-0.02759,-0.00115,0.00000,0.00000,-0.123,-0.009,0
881.4260,-0.00559,-0.02757,-0.00115,0.00000,0.00000,-0.122,-0.009,0
881.4780,-0.00559,-0.02755,-0.00115,0.00000,0.00000,-0.122,-0.009,0
881.5300,-0.00559,-0.02753,-0.00115,0.00000,0.00000,-0.122,-0.009,0
881.5820,-0.00558,-0.02750,-0.00115,0.00000,0.00000,-0.122,-0.009,0
881.6340,-0.00557,-0.02748,-0.00115,0.00000,0.00000,-0.122,-0.009,0
881.6860,-0.00557,-0.02746,-0.00115,0.00000,0.00000,-0.122,-0.009,0
881.7380,-0.00557,-0.02744,-0.00115,0.00000,0.00000,-0.122,-0.009,0
881.7900,-0.00556,-0.02742,-0.00115,0.00000,0.00000,-0.122,-0.009,0
881.8420,-0.00556,-0.02742,-0.00115,0.00000,0.00000,-0.122,-0.009,0
881.8940,-0.00556,-0.02741,-0.00115,0.00000,0.00000,-0.122,-0.009,0
881.9460,-0.00556,-0.02740,-0.00115,0.00000,0.00000,-0.122,-0.009,0
881.9980,-0.00556,-0.02739,-0.00115,0.00000,0.00000,-0.122,-0.009,0
882.0500,-0.00556,-0.02739,-0.00115,0.00000,0.00000,-0.122,-0.009,0
882.1020,-0.00556,-0.02738,-0.00115,0.00000,0.00000,-0.122,-0.009,0
882.1540,-0.00555,-0.02735,-0.00115,0.00000,0.00000,-0.121,-0.009,0
882.2060,-0.00555,-0.02733,-0.00115,0.00000,0.00000,-0.121,-0.009,0
882.2580,-0.00555,-0.02733,-0.00115,0.00000,0.00000,-0.121,-0.009,0
882.3100,-0.00555,-0.02733,-0.00115,0.00000,0.00000,-0.121,-0.009,0
882.3620,-0.00555,-0.02732,-0.00115,0.00000,0.00000,-0.121,-0.009,0
882.4140,-0.00555,-0.02731,-0.00115,0.00000,0.00000,-0.121,-0.009,0
882.4660,-0.00555,-0.02732,-0.00115,0.00000,0.00000,-0.121,-0.009,0
882.5180,-0.00555,-0.02733,-0.00115,0.00000,0.00000,-0.121,-0.009,0
882.5700,-0.00555,-0.02733,-0.00115,0.00000,0.00000,-0.121,-0.009,0
882.6220,-0.00556,-0.02734,-0.00115,0.00000,0.00000,-0.121,-0.009,0
882.6740,-0.00556,-0.02735,-0.00115,0.00000,0.00000,-0.121,-0.009,0
882.7260,-0.00556,-0.02737,-0.00115,0.00000,0.00000,-0.121,-0.009,0
882.7780,-0.00557,-0.02740,-0.00115,0.00000,0.00000,-0.121,-0.009,0
882.8300,-0.00558,-0.02742,-0.00115,0.00000,0.00000,-0.122,-0.009,0
882.8820,-0.00558,-0.02744,-0.00115,0.00000,0.00000,-0.122,-0.009,0
882.9340,-0.00559,-0.02747,-0.00115,0.00000,0.00000,-0.122,-0.009,0
882.9860,-0.00560,-0.02750,-0.00115,0.00000,0.00000,-0.122,-0.009,0
883.0380,-0.00561,-0.02755,-0.00115,0.00000,0.00000,-0.122,-0.009,0
883.0900,-0.00562,-0.02761,-0.00115,0.00000,0.00000,-0.122,-0.009,0
883.1420,-0.00564,-0.02767,-0.00115,0.00000,0.00000,-0.123,-0.009,0
883.1940,-0.00565,-0.02772,-0.00115,0.00000,0.00000,-0.123,-0.009,0
883.2460,-0.00566,-0.02777,-0.00115,0.00000,0.00000,-0.123,-0.009,0
883.2980,-0.00567,-0.02781,-0.00115,0.00000,0.00000,-0.123,-0.009,0
883.3500,-0.00567,-0.02785,-0.00115,0.00000,0.00000,-0.124,-0.009,0
883.4020,-0.00568,-0.02789,-0.00115,0.00000,0.00000,-0.124,-0.009,0
883.4540,-0.00569,-0.02792,-0.00115,0.00000,0.00000,-0.124,-0.009,0
883.5060,-0.00570,-0.02796,-0.00115,0.00000,0.00000,-0.124,-0.009,0
883.5580,-0.00570,-0.02799,-0.00115,0.00000,0.00000,-0.124,-0.009,0
883.6100,-0.00571,-0.02802,-0.00115,0.00000,0.00000,-0.124,-0.009,0
883.6620,-0.00571,-0.02805,-0.00115,0.00000,0.00000,-0.125,-0.009,0
883.7140,-0.00571,-0.02807,-0.00115,0.00000,0.00000,-0.125,-0.009,0
883.7660,-0.00572,-0.02808,-0.00115,0.00000,0.00000,-0.125,-0.009,0
883.8180,-0.00571,-0.02809,-0.00115,0.00000,0.00000,-0.125,-0.009,0
883.8700,-0.00571,-0.02808,-0.00115,0.00000,0.00000,-0.125,-0.009,0
883.9220,-0.00570,-0.02806,-0.00115,0.00000,0.00000,-0.125,-0.009,0
883.9740,-0.00570,-0.02805,-0.00115,0.00000,0.00000,-0.125,-0.009,0
884.0260,-0.00570,-0.02804,-0.00115,0.00000,0.00000,-0.125,-0.009,0
884.0780,-0.00570,-0.02805,-0.00115,0.00000,0.00000,-0.125,-0.009,0
884.1300,-0.00570,-0.02806,-0.00115,0.00000,0.00000,-0.125,-0.009,0
884.1820,-0.00570,-0.02807,-0.00115,0.00000,0.00000,-0.125,-0.009,0
884.2340,-0.00570,-0.02809,-0.00115,0.00000,0.00000,-0.125,-0.009,0
884.2860,-0.00570,-0.02810,-0.00115,0.00000,0.00000,-0.125,-0.009,0
884.3380,-0.00571,-0.02812,-0.00115,0.00000,0.00000,-0.125,-0.009,0
884.3900,-0.00571,-0.02815,-0.00115,0.00000,0.00000,-0.125,-0.009,0
884.4420,-0.00572,-0.02818,-0.00115,0.00000,0.00000,-0.126,-0.009,0
884.4940,-0.00572,-0.02820,-0.00115,0.00000,0.00000,-0.126,-0.009,0
884.5460,-0.00573,-0.02823,-0.00115,0.00000,0.00000,-0.126,-0.009,0
884.5980,-0.00573,-0.02824,-0.00115,0.00000,0.00000,-0.126,-0.009,0
884.6500,-0.00573,-0.02825,-0.00115,0.00000,0.00000,-0.126,-0.009,0
884.7020,-0.00573,-0.02826,-0.00115,0.00000,0.00000,-0.126,-0.009,0
884.7540,-0.00573,-0.02825,-0.00115,0.00000,0.00000,-0.126,-0.009,0
884.8060,-0.00573,-0.02825,-0.00115,0.00000,0.00000,-0.126,-0.009,0
884.8580,-0.00573,-0.02824,-0.00115,0.00000,0.00000,-0.126,-0.009,0
884.9100,-0.00573,-0.02825,-0.00115,0.00000,0.00000,-0.126,-0.009,0
884.9620,-0.00573,-0.02825,-0.00115,0.00000,0.00000,-0.126,-0.009,0
885.0140,-0.00572,-0.02823,-0.00115,0.00000,0.00000,-0.126,-0.009,0
885.0660,-0.00572,-0.02822,-0.00115,0.00000,0.00000,-0.126,-0.009,0
885.1180,-0.00571,-0.02820,-0.00115,0.00000,0.00000,-0.126,-0.009,0
885.1700,-0.00571,-0.02817,-0.00115,0.00000,0.00000,-0.126,-0.009,0
885.2220,-0.00571,-0.02816,-0.00115,0.00000,0.00000,-0.126,-0.009,0
885.2740,-0.00570,-0.02814,-0.00115,0.00000,0.00000,-0.126,-0.009,0
885.3260,-0.00570,-0.02813,-0.00115,0.00000,0.00000,-0.126,-0.009,0
885.3780,-0.00569,-0.02811,-0.00115,0.00000,0.00000,-0.126,-0.009,0
885.4300,-0.00569,-0.02808,-0.00115,0.00000,0.00000,-0.126,-0.009,0
885.4820,-0.00568,-0.02806,-0.00115,0.00000,0.00000,-0.125,-0.009,0
885.5340,-0.00568,-0.02803,-0.00115,0.00000,0.00000,-0.125,-0.009,0
885.5860,-0.00567,-0.02801,-0.00115,0.00000,0.00000,-0.125,-0.009,0
885.6380,-0.00567,-0.02799,-0.00115,0.00000,0.00000,-0.125,-0.009,0
885.6900,-0.00566,-0.02797,-0.00115,0.00000,0.00000,-0.125,-0.009,0
885.7420,-0.00566,-0.02795,-0.00115,0.00000,0.00000,-0.125,-0.009,0
885.7940,-0.00566,-0.02794,-0.00115,0.00000,0.00000,-0.125,-0.009,0
885.8460,-0.00566,-0.02794,-0.00115,0.00000,0.00000,-0.125,-0.009,0
885.8980,-0.00566,-0.02794,-0.00115,0.00000,0.00000,-0.125,-0.009,0
885.9500,-0.00566,-0.02796,-0.00115,0.00000,0.00000,-0.125,-0.009,0
886.0020,-0.00567,-0.02798,-0.00115,0.00000,0.00000,-0.125,-0.009,0
886.0540,-0.00567,-0.02798,-0.00115,0.00000,0.00000,-0.125,-0.009,0
886.1060,-0.00567,-0.02798,-0.00115,0.00000,0.00000,-0.125,-0.009,0
886.1580,-0.00567,-0.02799,-0.00115,0.00000,0.00000,-0.125,-0.009,0
886.2100,-0.00568,-0.02800,-0.00115,0.00000,0.00000,-0.125,-0.009,0
886.2620,-0.00568,-0.02802,-0.00115,0.00000,0.00000,-0.125,-0.009,0
886.3140,-0.00569,-0.02803,-0.00115,0.00000,0.00000,-0.125,-0.009,0
886.3660,-0.00569,-0.02805,-0.00115,0.00000,0.00000,-0.125,-0.009,0
886.4180,-0.00570,-0.02808,-0.00115,0.00000,0.00000,-0.126,-0.009,0
886.4700,-0.00570,-0.02809,-0.00115,0.00000,0.00000,-0.126,-0.009,0
886.5220,-0.00570,-0.02811,-0.00115,0.00000,0.00000,-0.126,-0.009,0
886.5740,-0.00570,-0.02811,-0.00115,0.00000,0.00000,-0.126,-0.009,0
886.6260,-0.00571,-0.02811,-0.00115,0.00000,0.00000,-0.126,-0.009,0
886.6780,-0.00571,-0.02812,-0.00115,0.00000,0.00000,-0.126,-0.009,0
886.7300,-0.00571,-0.02813,-0.00115,0.00000,0.00000,-0.126,-0.009,0
886.7820,-0.00571,-0.02814,-0.00115,0.00000,0.00000,-0.126,-0.009,0
886.8340,-0.00571,-0.02814,-0.00115,0.00000,0.00000,-0.126,-0.009,0
886.8860,-0.00571,-0.02814,-0.00115,0.00000,0.00000,-0.126,-0.009,0
886.9380,-0.00571,-0.02813,-0.00115,0.00000,0.00000,-0.126,-0.009,0
886.9900,-0.00571,-0.02813,-0.00115,0.00000,0.00000,-0.126,-0.009,0
887.0420,-0.00570,-0.02811,-0.00115,0.00000,0.00000,-0.126,-0.009,0
887.0940,-0.00569,-0.02808,-0.00115,0.00000,0.00000,-0.126,-0.009,0
887.1460,-0.00569,-0.02805,-0.00115,0.00000,0.00000,-0.126,-0.009,0
887.1980,-0.00568,-0.02804,-0.00115,0.00000,0.00000,-0.125,-0.009,0
887.2500,-0.00568,-0.02803,-0.00115,0.00000,0.00000,-0.125,-0.009,0
887.3020,-0.00568,-0.02802,-0.00115,0.00000,0.00000,-0.125,-0.009,0
887.3540,-0.00568,-0.02803,-0.00115,0.00000,0.00000,-0.125,-0.009,0
887.4060,-0.00568,-0.02803,-0.00115,0.00000,0.00000,-0.125,-0.009,0
887.4580,-0.00568,-0.02803,-0.00115,0.00000,0.00000,-0.125,-0.009,0
887.5100,-0.00569,-0.02804,-0.00115,0.00000,0.00000,-0.125,-0.009,0
887.5620,-0.00569,-0.02804,-0.00115,0.00000,0.00000,-0.125,-0.009,0
887.6140,-0.00569,-0.02804,-0.00115,0.00000,0.00000,-0.125,-0.009,0
887.6660,-0.00569,-0.02804,-0.00115,0.00000,0.00000,-0.125,-0.009,0
887.7180,-0.00569,-0.02805,-0.00115,0.00000,0.00000,-0.125,-0.009,0
887.7700,-0.00569,-0.02805,-0.00115,0.00000,0.00000,-0.125,-0.009,0
887.8220,-0.00569,-0.02806,-0.00115,0.00000,0.00000,-0.125,-0.009,0
887.8740,-0.00570,-0.02809,-0.00115,0.00000,0.00000,-0.126,-0.009,0
887.9260,-0.00570,-0.02812,-0.00115,0.00000,0.00000,-0.126,-0.009,0
887.9780,-0.00571,-0.02814,-0.00115,0.00000,0.00000,-0.126,-0.009,0
888.0300,-0.00571,-0.02816,-0.00115,0.00000,0.00000,-0.126,-0.009,0
888.0820,-0.00572,-0.02817,-0.00115,0.00000,0.00000,-0.126,-0.009,0
888.1340,-0.00572,-0.02818,-0.00115,0.00000,0.00000,-0.126,-0.009,0
888.1860,-0.00572,-0.02819,-0.00115,0.00000,0.00000,-0.126,-0.009,0
888.2380,-0.00572,-0.02819,-0.00115,0.00000,0.00000,-0.126,-0.009,0
888.2900,-0.00572,-0.02819,-0.00115,0.00000,0.00000,-0.126,-0.009,0
888.3420,-0.00572,-0.02819,-0.00115,0.00000,0.00000,-0.126,-0.009,0
888.3940,-0.00572,-0.02821,-0.00115,0.00000,0.00000,-0.126,-0.009,0
888.4460,-0.00573,-0.02822,-0.00115,0.00000,0.00000,-0.126,-0.009,0
888.4980,-0.00573,-0.02824,-0.00115,0.00000,0.00000,-0.126,-0.009,0
888.5500,-0.00573,-0.02825,-0.00115,0.00000,0.00000,-0.126,-0.009,0
888.6020,-0.00573,-0.02825,-0.00115,0.00000,0.00000,-0.126,-0.009,0
888.6540,-0.00574,-0.02828,-0.00115,0.00000,0.00000,-0.127,-0.009,0
888.7060,-0.00574,-0.02829,-0.00115,0.00000,0.00000,-0.127,-0.009,0
888.7580,-0.00574,-0.02829,-0.00115,0.00000,0.00000,-0.127,-0.009,0
888.8100,-0.00574,-0.02829,-0.00115,0.00000,0.00000,-0.127,-0.009,0
888.8620,-0.00574,-0.02829,-0.00115,0.00000,0.00000,-0.127,-0.009,0
888.9140,-0.00574,-0.02829,-0.00115,0.00000,0.00000,-0.127,-0.009,0
888.9660,-0.00573,-0.02828,-0.00115,0.00000,0.00000,-0.127,-0.009,0
889.0180,-0.00573,-0.02826,-0.00115,0.00000,0.00000,-0.127,-0.009,0
889.0700,-0.00573,-0.02824,-0.00115,0.00000,0.00000,-0.127,-0.009,0
889.1220,-0.00572,-0.02823,-0.00115,0.00000,0.00000,-0.126,-0.009,0
889.1740,-0.00572,-0.02824,-0.00115,0.00000,0.00000,-0.126,-0.009,0
889.2260,-0.00572,-0.02824,-0.00115,0.00000,0.00000,-0.126,-0.009,0
889.2780,-0.00572,-0.02823,-0.00115,0.00000,0.00000,-0.126,-0.009,0
889.3300,-0.00572,-0.02822,-0.00115,0.00000,0.00000,-0.126,-0.009,0
889.3820,-0.00572,-0.02822,-0.00115,0.00000,0.00000,-0.126,-0.009,0
889.4340,-0.00572,-0.02822,-0.00115,0.00000,0.00000,-0.126,-0.009,0
889.4860,-0.00572,-0.02822,-0.00115,0.00000,0.00000,-0.126,-0.009,0
889.5380,-0.00571,-0.02820,-0.00115,0.00000,0.00000,-0.126,-0.009,0
889.5900,-0.00571,-0.02818,-0.00115,0.00000,0.00000,-0.126,-0.009,0
889.6420,-0.00570,-0.02815,-0.00115,0.00000,0.00000,-0.126,-0.009,0
889.6940,-0.00570,-0.02813,-0.00115,0.00000,0.00000,-0.126,-0.009,0
889.7460,-0.00569,-0.02812,-0.00115,0.00000,0.00000,-0.126,-0.009,0
889.7980,-0.00569,-0.02810,-0.00115,0.00000,0.00000,-0.126,-0.009,0
889.8500,-0.00569,-0.02808,-0.00115,0.00000,0.00000,-0.126,-0.009,0
889.9020,-0.00568,-0.02805,-0.00115,0.00000,0.00000,-0.126,-0.009,0
889.9540,-0.00567,-0.02802,-0.00115,0.00000,0.00000,-0.126,-0.009,0
890.0060,-0.00567,-0.02800,-0.00115,0.00000,0.00000,-0.125,-0.009,0
890.0580,-0.00567,-0.02799,-0.00115,0.00000,0.00000,-0.125,-0.009,0
890.1100,-0.00567,-0.02799,-0.00115,0.00000,0.00000,-0.125,-0.009,0
890.1620,-0.00567,-0.02800,-0.00115,0.00000,0.00000,-0.125,-0.009,0
890.2140,-0.00568,-0.02802,-0.00115,0.00000,0.00000,-0.126,-0.009,0
890.2660,-0.00568,-0.02804,-0.00115,0.00000,0.00000,-0.126,-0.009,0
890.3180,-0.00569,-0.02807,-0.00115,0.00000,0.00000,-0.126,-0.009,0
890.3700,-0.00570,-0.02810,-0.00115,0.00000,0.00000,-0.126,-0.009,0
890.4220,-0.00570,-0.02812,-0.00115,0.00000,0.00000,-0.126,-0.009,0
890.4740,-0.00571,-0.02813,-0.00115,0.00000,0.00000,-0.126,-0.009,0
890.5260,-0.00571,-0.02815,-0.00115,0.00000,0.00000,-0.126,-0.009,0
890.5780,-0.00571,-0.02816,-0.00115,0.00000,0.00000,-0.126,-0.009,0
890.6300,-0.00571,-0.02816,-0.00115,0.00000,0.00000,-0.126,-0.009,0
890.6820,-0.00571,-0.02817,-0.00115,0.00000,0.00000,-0.126,-0.009,0
890.7340,-0.00571,-0.02817,-0.00115,0.00000,0.00000,-0.126,-0.009,0
890.7860,-0.00571,-0.02817,-0.00115,0.00000,0.00000,-0.126,-0.009,0
890.8380,-0.00572,-0.02818,-0.00115,0.00000,0.00000,-0.126,-0.009,0
890.8900,-0.00572,-0.02819,-0.00115,0.00000,0.00000,-0.126,-0.009,0
890.9420,-0.00572,-0.02821,-0.00115,0.00000,0.00000,-0.126,-0.009,0
890.9940,-0.00573,-0.02822,-0.00115,0.00000,0.00000,-0.126,-0.009,0
891.0460,-0.00573,-0.02823,-0.00115,0.00000,0.00000,-0.126,-0.009,0
891.0980,-0.00573,-0.02823,-0.00115,0.00000,0.00000,-0.126,-0.009,0
891.1500,-0.00573,-0.02826,-0.00115,0.00000,0.00000,-0.127,-0.009,0
891.2020,-0.00574,-0.02829,-0.00115,0.00000,0.00000,-0.127,-0.009,0
891.2540,-0.00575,-0.02831,-0.00115,0.00000,0.00000,-0.127,-0.009,0
891.3060,-0.00575,-0.02833,-0.00115,0.00000,0.00000,-0.127,-0.009,0
891.3580,-0.00575,-0.02836,-0.00115,0.00000,0.00000,-0.127,-0.009,0
891.4100,-0.00576,-0.02838,-0.00115,0.00000,0.00000,-0.127,-0.009,0
891.4620,-0.00577,-0.02842,-0.00115,0.00000,0.00000,-0.127,-0.009,0
891.5140,-0.00577,-0.02845,-0.00115,0.00000,0.00000,-0.127,-0.009,0
891.5660,-0.00578,-0.02847,-0.00115,0.00000,0.00000,-0.128,-0.009,0
891.6180,-0.00578,-0.02849,-0.00115,0.00000,0.00000,-0.128,-0.009,0
891.6700,-0.00578,-0.02850,-0.00115,0.00000,0.00000,-0.128,-0.009,0
891.7220,-0.00578,-0.02850,-0.00115,0.00000,0.00000,-0.128,-0.009,0
891.7740,-0.00578,-0.02849,-0.00115,0.00000,0.00000,-0.128,-0.009,0
891.8260,-0.00578,-0.02849,-0.00115,0.00000,0.00000,-0.128,-0.009,0
891.8780,-0.00578,-0.02849,-0.00115,0.00000,0.00000,-0.128,-0.009,0
891.9300,-0.00577,-0.02848,-0.00115,0.00000,0.00000,-0.128,-0.009,0
891.9820,-0.00577,-0.02848,-0.00115,0.00000,0.00000,-0.128,-0.009,0
892.0340,-0.00577,-0.02848,-0.00115,0.00000,0.00000,-0.128,-0.009,0
892.0860,-0.00577,-0.02847,-0.00115,0.00000,0.00000,-0.128,-0.009,0
892.1380,-0.00577,-0.02848,-0.00115,0.00000,0.00000,-0.128,-0.009,0
892.1900,-0.00577,-0.02848,-0.00115,0.00000,0.00000,-0.128,-0.009,0
892.2420,-0.00577,-0.02848,-0.00115,0.00000,0.00000,-0.128,-0.009,0
892.2940,-0.00577,-0.02848,-0.00115,0.00000,0.00000,-0.128,-0.009,0
892.3460,-0.00577,-0.02848,-0.00115,0.00000,0.00000,-0.128,-0.009,0
892.3980,-0.00577,-0.02848,-0.00115,0.00000,0.00000,-0.128,-0.009,0
892.4500,-0.00577,-0.02848,-0.00115,0.00000,0.00000,-0.128,-0.009,0
892.5020,-0.00577,-0.02849,-0.00115,0.00000,0.00000,-0.128,-0.009,0
892.5540,-0.00577,-0.02850,-0.00115,0.00000,0.00000,-0.128,-0.009,0
892.6060,-0.00578,-0.02853,-0.00115,0.00000,0.00000,-0.128,-0.009,0
892.6580,-0.00578,-0.02855,-0.00115,0.00000,0.00000,-0.128,-0.009,0
892.7100,-0.00579,-0.02856,-0.00115,0.00000,0.00000,-0.128,-0.009,0
892.7620,-0.00579,-0.02858,-0.00115,0.00000,0.00000,-0.128,-0.009,0
892.8140,-0.00579,-0.02859,-0.00115,0.00000,0.00000,-0.128,-0.009,0
892.8660,-0.00580,-0.02861,-0.00115,0.00000,0.00000,-0.129,-0.009,0
892.9180,-0.00580,-0.02863,-0.00115,0.00000,0.00000,-0.129,-0.009,0
892.9700,-0.00581,-0.02866,-0.00115,0.00000,0.00000,-0.129,-0.009,0
893.0220,-0.00581,-0.02869,-0.00115,0.00000,0.00000,-0.129,-0.009,0
893.0740,-0.00582,-0.02870,-0.00115,0.00000,0.00000,-0.129,-0.009,0
893.1260,-0.00582,-0.02872,-0.00115,0.00000,0.00000,-0.129,-0.009,0
893.1780,-0.00582,-0.02873,-0.00115,0.00000,0.00000,-0.129,-0.009,0
893.2300,-0.00582,-0.02873,-0.00115,0.00000,0.00000,-0.129,-0.009,0
893.2820,-0.00582,-0.02873,-0.00115,0.00000,0.00000,-0.129,-0.009,0
893.3340,-0.00582,-0.02874,-0.00115,0.00000,0.00000,-0.129,-0.009,0
893.3860,-0.00582,-0.02874,-0.00115,0.00000,0.00000,-0.129,-0.009,0
893.4380,-0.00582,-0.02872,-0.00115,0.00000,0.00000,-0.129,-0.009,0
893.4900,-0.00581,-0.02870,-0.00115,0.00000,0.00000,-0.129,-0.009,0
893.5420,-0.00580,-0.02868,-0.00115,0.00000,0.00000,-0.129,-0.009,0
893.5940,-0.00580,-0.02867,-0.00115,0.00000,0.00000,-0.129,-0.009,0
893.6460,-0.00580,-0.02866,-0.00115,0.00000,0.00000,-0.129,-0.009,0
893.6980,-0.00579,-0.02864,-0.00115,0.00000,0.00000,-0.129,-0.009,0
893.7500,-0.00579,-0.02863,-0.00115,0.00000,0.00000,-0.129,-0.009,0
893.8020,-0.00578,-0.02860,-0.00115,0.00000,0.00000,-0.129,-0.009,0
893.8540,-0.00578,-0.02858,-0.00115,0.00000,0.00000,-0.129,-0.009,0
893.9060,-0.00578,-0.02857,-0.00115,0.00000,0.00000,-0.129,-0.009,0
893.9580,-0.00578,-0.02856,-0.00115,0.00000,0.00000,-0.129,-0.009,0
894.0100,-0.00577,-0.02856,-0.00115,0.00000,0.00000,-0.129,-0.009,0
894.0620,-0.00577,-0.02856,-0.00115,0.00000,0.00000,-0.129,-0.009,0
894.1140,-0.00577,-0.02854,-0.00115,0.00000,0.00000,-0.129,-0.009,0
894.1660,-0.00577,-0.02852,-0.00115,0.00000,0.00000,-0.129,-0.009,0
894.2180,-0.00576,-0.02850,-0.00115,0.00000,0.00000,-0.128,-0.009,0
894.2700,-0.00576,-0.02850,-0.00115,0.00000,0.00000,-0.128,-0.009,0
894.3220,-0.00576,-0.02849,-0.00115,0.00000,0.00000,-0.128,-0.009,0
894.3740,-0.00576,-0.02849,-0.00115,0.00000,0.00000,-0.128,-0.009,0
894.4260,-0.00576,-0.02849,-0.00115,0.00000,0.00000,-0.128,-0.009,0
894.4780,-0.00577,-0.02851,-0.00115,0.00000,0.00000,-0.128,-0.009,0
894.5300,-0.00577,-0.02852,-0.00115,0.00000,0.00000,-0.128,-0.009,0
894.5820,-0.00578,-0.02854,-0.00115,0.00000,0.00000,-0.129,-0.009,0
894.6340,-0.00578,-0.02855,-0.00115,0.00000,0.00000,-0.129,-0.009,0
894.6860,-0.00579,-0.02858,-0.00115,0.00000,0.00000,-0.129,-0.009,0
894.7380,-0.00579,-0.02860,-0.00115,0.00000,0.00000,-0.129,-0.009,0
894.7900,-0.00580,-0.02863,-0.00115,0.00000,0.00000,-0.129,-0.009,0
894.8420,-0.00580,-0.02865,-0.00115,0.00000,0.00000,-0.129,-0.009,0
894.8940,-0.00581,-0.02868,-0.00115,0.00000,0.00000,-0.129,-0.009,0
894.9460,-0.00582,-0.02871,-0.00115,0.00000,0.00000,-0.129,-0.009,0
894.9980,-0.00582,-0.02874,-0.00115,0.00000,0.00000,-0.129,-0.009,0
895.0500,-0.00583,-0.02877,-0.00115,0.00000,0.00000,-0.130,-0.009,0
895.1020,-0.00583,-0.02879,-0.00115,0.00000,0.00000,-0.130,-0.009,0
895.1540,-0.00584,-0.02881,-0.00115,0.00000,0.00000,-0.130,-0.009,0
895.2060,-0.00584,-0.02882,-0.00115,0.00000,0.00000,-0.130,-0.009,0
895.2580,-0.00584,-0.02881,-0.00115,0.00000,0.00000,-0.130,-0.009,0
895.3100,-0.00583,-0.02880,-0.00115,0.00000,0.00000,-0.130,-0.009,0
895.3620,-0.00583,-0.02880,-0.00115,0.00000,0.00000,-0.130,-0.009,0
895.4140,-0.00583,-0.02881,-0.00115,0.00000,0.00000,-0.130,-0.009,0
895.4660,-0.00584,-0.02883,-0.00115,0.00000,0.00000,-0.130,-0.009,0
895.5180,-0.00584,-0.02884,-0.00115,0.00000,0.00000,-0.130,-0.009,0
895.5700,-0.00584,-0.02884,-0.00115,0.00000,0.00000,-0.130,-0.009,0
895.6220,-0.00584,-0.02882,-0.00115,0.00000,0.00000,-0.130,-0.009,0
895.6740,-0.00583,-0.02879,-0.00115,0.00000,0.00000,-0.130,-0.009,0
895.7260,-0.00582,-0.02876,-0.00115,0.00000,0.00000,-0.130,-0.009,0
895.7780,-0.00581,-0.02872,-0.00115,0.00000,0.00000,-0.130,-0.009,0
895.8300,-0.00580,-0.02869,-0.00115,0.00000,0.00000,-0.129,-0.009,0
895.8820,-0.00579,-0.02866,-0.00115,0.00000,0.00000,-0.129,-0.009,0
895.9340,-0.00579,-0.02864,-0.00115,0.00000,0.00000,-0.129,-0.009,0
895.9860,-0.00578,-0.02861,-0.00115,0.00000,0.00000,-0.129,-0.009,0
896.0380,-0.00578,-0.02858,-0.00115,0.00000,0.00000,-0.129,-0.009,0
896.0900,-0.00577,-0.02857,-0.00115,0.00000,0.00000,-0.129,-0.009,0
896.1420,-0.00577,-0.02856,-0.00115,0.00000,0.00000,-0.129,-0.009,0
896.1940,-0.00577,-0.02854,-0.00115,0.00000,0.00000,-0.129,-0.009,0
896.2460,-0.00577,-0.02853,-0.00115,0.00000,0.00000,-0.129,-0.009,0
896.2980,-0.00577,-0.02853,-0.00115,0.00000,0.00000,-0.129,-0.009,0
896.3500,-0.00577,-0.02853,-0.00115,0.00000,0.00000,-0.129,-0.009,0
896.4020,-0.00577,-0.02853,-0.00115,0.00000,0.00000,-0.129,-0.009,0
896.4540,-0.00577,-0.02854,-0.00115,0.00000,0.00000,-0.129,-0.009,0
896.5060,-0.00577,-0.02854,-0.00115,0.00000,0.00000,-0.129,-0.009,0
896.5580,-0.00577,-0.02853,-0.00115,0.00000,0.00000,-0.129,-0.009,0
896.6100,-0.00577,-0.02853,-0.00115,0.00000,0.00000,-0.129,-0.009,0
896.6620,-0.00577,-0.02853,-0.00115,0.00000,0.00000,-0.129,-0.009,0
896.7140,-0.00577,-0.02854,-0.00115,0.00000,0.00000,-0.129,-0.009,0
896.7660,-0.00578,-0.02856,-0.00115,0.00000,0.00000,-0.129,-0.009,0
896.8180,-0.00578,-0.02857,-0.00115,0.00000,0.00000,-0.129,-0.009,0
896.8700,-0.00578,-0.02857,-0.00115,0.00000,0.00000,-0.129,-0.009,0
896.9220,-0.00579,-0.02858,-0.00115,0.00000,0.00000,-0.129,-0.009,0
896.9740,-0.00579,-0.02861,-0.00115,0.00000,0.00000,-0.129,-0.009,0
897.0260,-0.00580,-0.02863,-0.00115,0.00000,0.00000,-0.129,-0.009,0
897.0780,-0.00580,-0.02865,-0.00115,0.00000,0.00000,-0.129,-0.009,0
897.1300,-0.00580,-0.02866,-0.00115,0.00000,0.00000,-0.129,-0.009,0
897.1820,-0.00580,-0.02866,-0.00115,0.00000,0.00000,-0.129,-0.009,0
897.2340,-0.00581,-0.02868,-0.00115,0.00000,0.00000,-0.129,-0.009,0
897.2860,-0.00581,-0.02870,-0.00115,0.00000,0.00000,-0.129,-0.009,0
897.3380,-0.00582,-0.02873,-0.00115,0.00000,0.00000,-0.129,-0.009,0
897.3900,-0.00582,-0.02875,-0.00115,0.00000,0.00000,-0.130,-0.009,0
897.4420,-0.00583,-0.02876,-0.00115,0.00000,0.00000,-0.130,-0.009,0
897.4940,-0.00582,-0.02875,-0.00115,0.00000,0.00000,-0.130,-0.009,0
897.5460,-0.00582,-0.02874,-0.00115,0.00000,0.00000,-0.130,-0.009,0
897.5980,-0.00582,-0.02872,-0.00115,0.00000,0.00000,-0.130,-0.009,0
897.6500,-0.00581,-0.02870,-0.00115,0.00000,0.00000,-0.129,-0.009,0
897.7020,-0.00580,-0.02868,-0.00115,0.00000,0.00000,-0.129,-0.009,0
897.7540,-0.00580,-0.02865,-0.00115,0.00000,0.00000,-0.129,-0.009,0
897.8060,-0.00579,-0.02862,-0.00115,0.00000,0.00000,-0.129,-0.009,0
897.8580,-0.00578,-0.02858,-0.00115,0.00000,0.00000,-0.129,-0.009,0
897.9100,-0.00577,-0.02854,-0.00115,0.00000,0.00000,-0.129,-0.009,0
897.9620,-0.00576,-0.02850,-0.00115,0.00000,0.00000,-0.129,-0.009,0
898.0140,-0.00576,-0.02847,-0.00115,0.00000,0.00000,-0.128,-0.009,0
898.0660,-0.00575,-0.02845,-0.00115,0.00000,0.00000,-0.128,-0.009,0
898.1180,-0.00575,-0.02843,-0.00115,0.00000,0.00000,-0.128,-0.009,0
898.1700,-0.00575,-0.02843,-0.00115,0.00000,0.00000,-0.128,-0.009,0
898.2220,-0.00575,-0.02844,-0.00115,0.00000,0.00000,-0.128,-0.009,0
898.2740,-0.00575,-0.02845,-0.00115,0.00000,0.00000,-0.128,-0.009,0
898.3260,-0.00576,-0.02846,-0.00115,0.00000,0.00000,-0.128,-0.009,0
898.3780,-0.00576,-0.02848,-0.00115,0.00000,0.00000,-0.128,-0.009,0
898.4300,-0.00577,-0.02849,-0.00115,0.00000,0.00000,-0.128,-0.009,0
898.4820,-0.00577,-0.02852,-0.00115,0.00000,0.00000,-0.129,-0.009,0
898.5340,-0.00578,-0.02854,-0.00115,0.00000,0.00000,-0.129,-0.009,0
898.5860,-0.00579,-0.02858,-0.00115,0.00000,0.00000,-0.129,-0.009,0
898.6380,-0.00580,-0.02862,-0.00115,0.00000,0.00000,-0.129,-0.009,0
898.6900,-0.00581,-0.02867,-0.00115,0.00000,0.00000,-0.129,-0.009,0
898.7420,-0.00582,-0.02871,-0.00115,0.00000,0.00000,-0.129,-0.009,0
898.7940,-0.00583,-0.02875,-0.00115,0.00000,0.00000,-0.130,-0.009,0
898.8460,-0.00584,-0.02879,-0.00115,0.00000,0.00000,-0.130,-0.009,0
898.8980,-0.00584,-0.02882,-0.00115,0.00000,0.00000,-0.130,-0.009,0
898.9500,-0.00585,-0.02885,-0.00115,0.00000,0.00000,-0.130,-0.009,0
899.0020,-0.00586,-0.02888,-0.00115,0.00000,0.00000,-0.130,-0.009,0
899.0540,-0.00586,-0.02891,-0.00115,0.00000,0.00000,-0.130,-0.009,0
899.1060,-0.00587,-0.02894,-0.00115,0.00000,0.00000,-0.130,-0.009,0
899.1580,-0.00588,-0.02898,-0.00115,0.00000,0.00000,-0.131,-0.009,0
899.2100,-0.00588,-0.02901,-0.00115,0.00000,0.00000,-0.131,-0.009,0
899.2620,-0.00589,-0.02904,-0.00115,0.00000,0.00000,-0.131,-0.009,0
899.3140,-0.00590,-0.02909,-0.00115,0.00000,0.00000,-0.131,-0.009,0
899.3660,-0.00591,-0.02914,-0.00115,0.00000,0.00000,-0.131,-0.010,0
899.4180,-0.00591,-0.02917,-0.00115,0.00000,0.00000,-0.132,-0.010,0
899.4700,-0.00592,-0.02922,-0.00115,0.00000,0.00000,-0.132,-0.010,0
899.5220,-0.00594,-0.02928,-0.00115,0.00000,0.00000,-0.132,-0.010,0
899.5740,-0.00595,-0.02933,-0.00115,0.00000,0.00000,-0.132,-0.010,0
899.6260,-0.00596,-0.02938,-0.00115,0.00000,0.00000,-0.133,-0.010,0
899.6780,-0.00597,-0.02943,-0.00115,0.00000,0.00000,-0.133,-0.010,0
899.7300,-0.00597,-0.02947,-0.00115,0.00000,0.00000,-0.133,-0.010,0
899.7820,-0.00598,-0.02952,-0.00115,0.00000,0.00000,-0.133,-0.010,0
899.8340,-0.00599,-0.02955,-0.00115,0.00000,0.00000,-0.134,-0.010,0
899.8860,-0.00599,-0.02959,-0.00115,0.00000,0.00000,-0.134,-0.010,0
899.9380,-0.00600,-0.02962,-0.00115,0.00000,0.00000,-0.134,-0.010,0
899.9900,-0.00601,-0.02966,-0.00115,0.00000,0.00000,-0.134,-0.010,0
900.0420,-0.00601,-0.02970,-0.00115,0.00000,0.00000,-0.135,-0.010,0
900.0940,-0.00602,-0.02973,-0.00115,0.00000,0.00000,-0.135,-0.010,0
900.1460,-0.00602,-0.02977,-0.00115,0.00000,0.00000,-0.135,-0.010,0
900.1980,-0.00603,-0.02979,-0.00115,0.00000,0.00000,-0.135,-0.010,0
900.2500,-0.00603,-0.02980,-0.00115,0.00000,0.00000,-0.135,-0.010,0
900.3020,-0.00603,-0.02982,-0.00115,0.00000,0.00000,-0.135,-0.010,0
900.3540,-0.00603,-0.02983,-0.00115,0.00000,0.00000,-0.135,-0.010,0
900.4060,-0.00603,-0.02984,-0.00115,0.00000,0.00000,-0.136,-0.010,0
900.4580,-0.00603,-0.02983,-0.00115,0.00000,0.00000,-0.136,-0.010,0
900.5100,-0.00602,-0.02982,-0.00115,0.00000,0.00000,-0.136,-0.010,0
900.5620,-0.00602,-0.02980,-0.00115,0.00000,0.00000,-0.136,-0.010,0
900.6140,-0.00601,-0.02978,-0.00115,0.00000,0.00000,-0.136,-0.010,0
900.6660,-0.00600,-0.02974,-0.00115,0.00000,0.00000,-0.135,-0.010,0
900.7180,-0.00599,-0.02969,-0.00115,0.00000,0.00000,-0.135,-0.010,0
900.7700,-0.00598,-0.02965,-0.00115,0.00000,0.00000,-0.135,-0.010,0
900.8220,-0.00597,-0.02962,-0.00115,0.00000,0.00000,-0.135,-0.010,0
900.8740,-0.00596,-0.02960,-0.00115,0.00000,0.00000,-0.135,-0.010,0
900.9260,-0.00596,-0.02960,-0.00115,0.00000,0.00000,-0.135,-0.010,0
900.9780,-0.00596,-0.02959,-0.00115,0.00000,0.00000,-0.135,-0.010,0
901.0300,-0.00596,-0.02958,-0.00115,0.00000,0.00000,-0.135,-0.010,0
901.0820,-0.00596,-0.02957,-0.00115,0.00000,0.00000,-0.135,-0.010,0
901.1340,-0.00595,-0.02954,-0.00115,0.00000,0.00000,-0.135,-0.010,0
901.1860,-0.00594,-0.02951,-0.00115,0.00000,0.00000,-0.135,-0.010,0
901.2380,-0.00594,-0.02948,-0.00115,0.00000,0.00000,-0.134,-0.010,0
901.2900,-0.00593,-0.02945,-0.00115,0.00000,0.00000,-0.134,-0.010,0
901.3420,-0.00593,-0.02944,-0.00115,0.00000,0.00000,-0.134,-0.010,0
901.3940,-0.00592,-0.02942,-0.00115,0.00000,0.00000,-0.134,-0.010,0
901.4460,-0.00592,-0.02939,-0.00115,0.00000,0.00000,-0.134,-0.010,0
901.4980,-0.00591,-0.02935,-0.00115,0.00000,0.00000,-0.134,-0.010,0
901.5500,-0.00590,-0.02931,-0.00115,0.00000,0.00000,-0.134,-0.010,0
901.6020,-0.00589,-0.02927,-0.00115,0.00000,0.00000,-0.134,-0.010,0
901.6540,-0.00589,-0.02925,-0.00115,0.00000,0.00000,-0.133,-0.010,0
901.7060,-0.00588,-0.02922,-0.00115,0.00000,0.00000,-0.133,-0.010,0
901.7580,-0.00588,-0.02921,-0.00115,0.00000,0.00000,-0.133,-0.010,0
901.8100,-0.00588,-0.02919,-0.00115,0.00000,0.00000,-0.133,-0.010,0
901.8620,-0.00588,-0.02919,-0.00115,0.00000,0.00000,-0.133,-0.010,0
901.9140,-0.00588,-0.02920,-0.00115,0.00000,0.00000,-0.133,-0.010,0
901.9660,-0.00589,-0.02922,-0.00115,0.00000,0.00000,-0.133,-0.010,0
902.0180,-0.00590,-0.02924,-0.00115,0.00000,0.00000,-0.133,-0.010,0
902.0700,-0.00590,-0.02927,-0.00115,0.00000,0.00000,-0.133,-0.010,0
902.1220,-0.00591,-0.02929,-0.00115,0.00000,0.00000,-0.133,-0.010,0
902.1740,-0.00591,-0.02931,-0.00115,0.00000,0.00000,-0.134,-0.010,0
902.2260,-0.00592,-0.02933,-0.00115,0.00000,0.00000,-0.134,-0.010,0
902.2780,-0.00593,-0.02934,-0.00115,0.00000,0.00000,-0.134,-0.010,0
902.3300,-0.00593,-0.02935,-0.00115,0.00000,0.00000,-0.134,-0.010,0
902.3820,-0.00593,-0.02935,-0.00115,0.00000,0.00000,-0.134,-0.010,0
902.4340,-0.00593,-0.02936,-0.00115,0.00000,0.00000,-0.134,-0.010,0
902.4860,-0.00593,-0.02935,-0.00115,0.00000,0.00000,-0.134,-0.010,0
902.5380,-0.00592,-0.02933,-0.00115,0.00000,0.00000,-0.134,-0.010,0
902.5900,-0.00592,-0.02931,-0.00115,0.00000,0.00000,-0.134,-0.010,0
902.6420,-0.00591,-0.02928,-0.00115,0.00000,0.00000,-0.133,-0.010,0
902.6940,-0.00591,-0.02926,-0.00115,0.00000,0.00000,-0.133,-0.010,0
902.7460,-0.00590,-0.02924,-0.00115,0.00000,0.00000,-0.133,-0.010,0
902.7980,-0.00590,-0.02923,-0.00115,0.00000,0.00000,-0.133,-0.010,0
902.8500,-0.00590,-0.02922,-0.00115,0.00000,0.00000,-0.133,-0.010,0
902.9020,-0.00590,-0.02921,-0.00115,0.00000,0.00000,-0.133,-0.010,0
902.9540,-0.00589,-0.02921,-0.00115,0.00000,0.00000,-0.133,-0.010,0
903.0060,-0.00589,-0.02921,-0.00115,0.00000,0.00000,-0.133,-0.010,0
903.0580,-0.00589,-0.02920,-0.00115,0.00000,0.00000,-0.133,-0.010,0
903.1100,-0.00589,-0.02918,-0.00115,0.00000,0.00000,-0.133,-0.010,0
903.1620,-0.00588,-0.02915,-0.00115,0.00000,0.00000,-0.133,-0.010,0
903.2140,-0.00588,-0.02912,-0.00115,0.00000,0.00000,-0.133,-0.010,0
903.2660,-0.00587,-0.02908,-0.00115,0.00000,0.00000,-0.132,-0.010,0
903.3180,-0.00586,-0.02905,-0.00115,0.00000,0.00000,-0.132,-0.010,0
903.3700,-0.00585,-0.02901,-0.00115,0.00000,0.00000,-0.132,-0.010,0
903.4220,-0.00585,-0.02898,-0.00115,0.00000,0.00000,-0.132,-0.010,0
903.4740,-0.00584,-0.02895,-0.00115,0.00000,0.00000,-0.132,-0.010,0
903.5260,-0.00584,-0.02894,-0.00115,0.00000,0.00000,-0.132,-0.010,0
903.5780,-0.00583,-0.02892,-0.00115,0.00000,0.00000,-0.132,-0.010,0
903.6300,-0.00583,-0.02891,-0.00115,0.00000,0.00000,-0.131,-0.010,0
903.6820,-0.00583,-0.02889,-0.00115,0.00000,0.00000,-0.131,-0.009,0
903.7340,-0.00583,-0.02890,-0.00115,0.00000,0.00000,-0.131,-0.009,0
903.7860,-0.00583,-0.02890,-0.00115,0.00000,0.00000,-0.131,-0.010,0
903.8380,-0.00583,-0.02889,-0.00115,0.00000,0.00000,-0.131,-0.010,0
903.8900,-0.00583,-0.02887,-0.00115,0.00000,0.00000,-0.131,-0.009,0
903.9420,-0.00583,-0.02885,-0.00115,0.00000,0.00000,-0.131,-0.009,0
903.9940,-0.00582,-0.02884,-0.00115,0.00000,0.00000,-0.131,-0.009,0
904.0460,-0.00582,-0.02881,-0.00115,0.00000,0.00000,-0.131,-0.009,0
904.0980,-0.00581,-0.02880,-0.00115,0.00000,0.00000,-0.131,-0.009,0
904.1500,-0.00581,-0.02879,-0.00115,0.00000,0.00000,-0.131,-0.009,0
904.2020,-0.00581,-0.02878,-0.00115,0.00000,0.00000,-0.131,-0.009,0
904.2540,-0.00581,-0.02877,-0.00115,0.00000,0.00000,-0.131,-0.009,0
904.3060,-0.00581,-0.02876,-0.00115,0.00000,0.00000,-0.131,-0.009,0
904.3580,-0.00581,-0.02876,-0.00115,0.00000,0.00000,-0.130,-0.009,0
904.4100,-0.00581,-0.02876,-0.00115,0.00000,0.00000,-0.130,-0.009,0
904.4620,-0.00581,-0.02875,-0.00115,0.00000,0.00000,-0.130,-0.009,0
904.5140,-0.00580,-0.02872,-0.00115,0.00000,0.00000,-0.130,-0.009,0
904.5660,-0.00580,-0.02869,-0.00115,0.00000,0.00000,-0.130,-0.009,0
904.6180,-0.00579,-0.02867,-0.00115,0.00000,0.00000,-0.130,-0.009,0
904.6700,-0.00579,-0.02866,-0.00115,0.00000,0.00000,-0.130,-0.009,0
904.7220,-0.00579,-0.02866,-0.00115,0.00000,0.00000,-0.130,-0.009,0
904.7740,-0.00580,-0.02867,-0.00115,0.00000,0.00000,-0.130,-0.009,0
904.8260,-0.00580,-0.02867,-0.00115,0.00000,0.00000,-0.130,-0.009,0
904.8780,-0.00580,-0.02868,-0.00115,0.00000,0.00000,-0.130,-0.009,0
904.9300,-0.00580,-0.02870,-0.00115,0.00000,0.00000,-0.130,-0.009,0
904.9820,-0.00581,-0.02871,-0.00115,0.00000,0.00000,-0.130,-0.009,0
905.0340,-0.00581,-0.02871,-0.00115,0.00000,0.00000,-0.130,-0.009,0
905.0860,-0.00581,-0.02871,-0.00115,0.00000,0.00000,-0.130,-0.009,0
905.1380,-0.00581,-0.02870,-0.00115,0.00000,0.00000,-0.130,-0.009,0
905.1900,-0.00581,-0.02870,-0.00115,0.00000,0.00000,-0.130,-0.009,0
905.2420,-0.00581,-0.02869,-0.00115,0.00000,0.00000,-0.130,-0.009,0
905.2940,-0.00580,-0.02868,-0.00115,0.00000,0.00000,-0.130,-0.009,0
905.3460,-0.00580,-0.02868,-0.00115,0.00000,0.00000,-0.130,-0.009,0
905.3980,-0.00580,-0.02868,-0.00115,0.00000,0.00000,-0.130,-0.009,0
905.4500,-0.00581,-0.02870,-0.00115,0.00000,0.00000,-0.130,-0.009,0
905.5020,-0.00581,-0.02869,-0.00115,0.00000,0.00000,-0.130,-0.009,0
905.5540,-0.00580,-0.02866,-0.00115,0.00000,0.00000,-0.130,-0.009,0
905.6060,-0.00579,-0.02863,-0.00115,0.00000,0.00000,-0.129,-0.009,0
905.6580,-0.00578,-0.02859,-0.00115,0.00000,0.00000,-0.129,-0.009,0
905.7100,-0.00577,-0.02856,-0.00115,0.00000,0.00000,-0.129,-0.009,0
905.7620,-0.00577,-0.02852,-0.00115,0.00000,0.00000,-0.129,-0.009,0
905.8140,-0.00576,-0.02848,-0.00115,0.00000,0.00000,-0.129,-0.009,0
905.8660,-0.00575,-0.02845,-0.00115,0.00000,0.00000,-0.129,-0.009,0
905.9180,-0.00575,-0.02844,-0.00115,0.00000,0.00000,-0.128,-0.009,0
905.9700,-0.00575,-0.02843,-0.00115,0.00000,0.00000,-0.128,-0.009,0
906.0220,-0.00575,-0.02842,-0.00115,0.00000,0.00000,-0.128,-0.009,0
906.0740,-0.00575,-0.02842,-0.00115,0.00000,0.00000,-0.128,-0.009,0
906.1260,-0.00575,-0.02844,-0.00115,0.00000,0.00000,-0.128,-0.009,0
906.1780,-0.00576,-0.02845,-0.00115,0.00000,0.00000,-0.128,-0.009,0
906.2300,-0.00576,-0.02847,-0.00115,0.00000,0.00000,-0.128,-0.009,0
906.2820,-0.00576,-0.02848,-0.00115,0.00000,0.00000,-0.129,-0.009,0
906.3340,-0.00577,-0.02849,-0.00115,0.00000,0.00000,-0.129,-0.009,0
906.3860,-0.00577,-0.02849,-0.00115,0.00000,0.00000,-0.129,-0.009,0
906.4380,-0.00577,-0.02849,-0.00115,0.00000,0.00000,-0.129,-0.009,0
906.4900,-0.00577,-0.02850,-0.00115,0.00000,0.00000,-0.129,-0.009,0
906.5420,-0.00577,-0.02851,-0.00115,0.00000,0.00000,-0.129,-0.009,0
906.5940,-0.00577,-0.02851,-0.00115,0.00000,0.00000,-0.129,-0.009,0
906.6460,-0.00578,-0.02852,-0.00115,0.00000,0.00000,-0.129,-0.009,0
906.6980,-0.00578,-0.02854,-0.00115,0.00000,0.00000,-0.129,-0.009,0
906.7500,-0.00578,-0.02855,-0.00115,0.00000,0.00000,-0.129,-0.009,0
906.8020,-0.00579,-0.02857,-0.00115,0.00000,0.00000,-0.129,-0.009,0
906.8540,-0.00580,-0.02860,-0.00115,0.00000,0.00000,-0.129,-0.009,0
906.9060,-0.00580,-0.02863,-0.00115,0.00000,0.00000,-0.129,-0.009,0
906.9580,-0.00581,-0.02865,-0.00115,0.00000,0.00000,-0.129,-0.009,0
907.0100,-0.00581,-0.02865,-0.00115,0.00000,0.00000,-0.129,-0.009,0
907.0620,-0.00580,-0.02864,-0.00115,0.00000,0.00000,-0.129,-0.009,0
907.1140,-0.00580,-0.02864,-0.00115,0.00000,0.00000,-0.129,-0.009,0
907.1660,-0.00580,-0.02865,-0.00115,0.00000,0.00000,-0.129,-0.009,0
907.2180,-0.00580,-0.02865,-0.00115,0.00000,0.00000,-0.129,-0.009,0
907.2700,-0.00580,-0.02865,-0.00115,0.00000,0.00000,-0.129,-0.009,0
907.3220,-0.00580,-0.02863,-0.00115,0.00000,0.00000,-0.129,-0.009,0
907.3740,-0.00580,-0.02862,-0.00115,0.00000,0.00000,-0.129,-0.009,0
907.4260,-0.00579,-0.02862,-0.00115,0.00000,0.00000,-0.129,-0.009,0
907.4780,-0.00579,-0.02862,-0.00115,0.00000,0.00000,-0.129,-0.009,0
907.5300,-0.00579,-0.02862,-0.00115,0.00000,0.00000,-0.129,-0.009,0
907.5820,-0.00579,-0.02861,-0.00115,0.00000,0.00000,-0.129,-0.009,0
907.6340,-0.00579,-0.02861,-0.00115,0.00000,0.00000,-0.129,-0.009,0
907.6860,-0.00579,-0.02861,-0.00115,0.00000,0.00000,-0.129,-0.009,0
907.7380,-0.00579,-0.02861,-0.00115,0.00000,0.00000,-0.129,-0.009,0
907.7900,-0.00579,-0.02863,-0.00115,0.00000,0.00000,-0.129,-0.009,0
907.8420,-0.00580,-0.02865,-0.00115,0.00000,0.00000,-0.129,-0.009,0
907.8940,-0.00581,-0.02868,-0.00115,0.00000,0.00000,-0.129,-0.009,0
907.9460,-0.00581,-0.02871,-0.00115,0.00000,0.00000,-0.129,-0.009,0
907.9980,-0.00582,-0.02875,-0.00115,0.00000,0.00000,-0.130,-0.009,0
908.0500,-0.00583,-0.02878,-0.00115,0.00000,0.00000,-0.130,-0.009,0
908.1020,-0.00584,-0.02883,-0.00115,0.00000,0.00000,-0.130,-0.009,0
908.1540,-0.00585,-0.02886,-0.00115,0.00000,0.00000,-0.130,-0.009,0
908.2060,-0.00585,-0.02888,-0.00115,0.00000,0.00000,-0.130,-0.009,0
908.2580,-0.00585,-0.02889,-0.00115,0.00000,0.00000,-0.130,-0.009,0
908.3100,-0.00586,-0.02892,-0.00115,0.00000,0.00000,-0.130,-0.009,0
908.3620,-0.00586,-0.02894,-0.00115,0.00000,0.00000,-0.131,-0.009,0
908.4140,-0.00587,-0.02896,-0.00115,0.00000,0.00000,-0.131,-0.009,0
908.4660,-0.00587,-0.02898,-0.00115,0.00000,0.00000,-0.131,-0.009,0
908.5180,-0.00588,-0.02900,-0.00115,0.00000,0.00000,-0.131,-0.009,0
908.5700,-0.00588,-0.02902,-0.00115,0.00000,0.00000,-0.131,-0.009,0
908.6220,-0.00588,-0.02904,-0.00115,0.00000,0.00000,-0.131,-0.009,0
908.6740,-0.00588,-0.02905,-0.00115,0.00000,0.00000,-0.131,-0.009,0
908.7260,-0.00589,-0.02907,-0.00115,0.00000,0.00000,-0.131,-0.009,0
908.7780,-0.00589,-0.02910,-0.00115,0.00000,0.00000,-0.131,-0.009,0
908.8300,-0.00590,-0.02913,-0.00115,0.00000,0.00000,-0.132,-0.010,0
908.8820,-0.00590,-0.02916,-0.00115,0.00000,0.00000,-0.132,-0.010,0
908.9340,-0.00591,-0.02919,-0.00115,0.00000,0.00000,-0.132,-0.010,0
908.9860,-0.00591,-0.02920,-0.00115,0.00000,0.00000,-0.132,-0.010,0
909.0380,-0.00591,-0.02922,-0.00115,0.00000,0.00000,-0.132,-0.010,0
909.0900,-0.00592,-0.02923,-0.00115,0.00000,0.00000,-0.132,-0.010,0
909.1420,-0.00592,-0.02924,-0.00115,0.00000,0.00000,-0.132,-0.010,0
909.1940,-0.00592,-0.02925,-0.00115,0.00000,0.00000,-0.132,-0.010,0
909.2460,-0.00592,-0.02927,-0.00115,0.00000,0.00000,-0.133,-0.010,0
909.2980,-0.00593,-0.02930,-0.00115,0.00000,0.00000,-0.133,-0.010,0
909.3500,-0.00593,-0.02932,-0.00115,0.00000,0.00000,-0.133,-0.010,0
909.4020,-0.00594,-0.02935,-0.00115,0.00000,0.00000,-0.133,-0.010,0
909.4540,-0.00594,-0.02937,-0.00115,0.00000,0.00000,-0.133,-0.010,0
909.5060,-0.00595,-0.02940,-0.00115,0.00000,0.00000,-0.133,-0.010,0
909.5580,-0.00595,-0.02941,-0.00115,0.00000,0.00000,-0.133,-0.010,0
909.6100,-0.00595,-0.02944,-0.00115,0.00000,0.00000,-0.134,-0.010,0
909.6620,-0.00596,-0.02946,-0.00115,0.00000,0.00000,-0.134,-0.010,0
909.7140,-0.00596,-0.02948,-0.00115,0.00000,0.00000,-0.134,-0.010,0
909.7660,-0.00597,-0.02951,-0.00115,0.00000,0.00000,-0.134,-0.010,0
909.8180,-0.00597,-0.02953,-0.00115,0.00000,0.00000,-0.134,-0.010,0
909.8700,-0.00597,-0.02955,-0.00115,0.00000,0.00000,-0.134,-0.010,0
909.9220,-0.00598,-0.02956,-0.00115,0.00000,0.00000,-0.134,-0.010,0
909.9740,-0.00598,-0.02958,-0.00115,0.00000,0.00000,-0.134,-0.010,0
910.0260,-0.00598,-0.02961,-0.00115,0.00000,0.00000,-0.135,-0.010,0
910.0780,-0.00599,-0.02963,-0.00115,0.00000,0.00000,-0.135,-0.010,0
910.1300,-0.00600,-0.02967,-0.00115,0.00000,0.00000,-0.135,-0.010,0
910.1820,-0.00600,-0.02971,-0.00115,0.00000,0.00000,-0.135,-0.010,0
910.2340,-0.00601,-0.02973,-0.00115,0.00000,0.00000,-0.135,-0.010,0
910.2860,-0.00601,-0.02974,-0.00115,0.00000,0.00000,-0.135,-0.010,0
910.3380,-0.00601,-0.02974,-0.00115,0.00000,0.00000,-0.135,-0.010,0
910.3900,-0.00601,-0.02975,-0.00115,0.00000,0.00000,-0.135,-0.010,0
910.4420,-0.00601,-0.02975,-0.00115,0.00000,0.00000,-0.135,-0.010,0
910.4940,-0.00601,-0.02976,-0.00115,0.00000,0.00000,-0.136,-0.010,0
910.5460,-0.00601,-0.02975,-0.00115,0.00000,0.00000,-0.136,-0.010,0
910.5980,-0.00600,-0.02974,-0.00115,0.00000,0.00000,-0.135,-0.010,0
910.6500,-0.00600,-0.02973,-0.00115,0.00000,0.00000,-0.135,-0.010,0
910.7020,-0.00600,-0.02973,-0.00115,0.00000,0.00000,-0.135,-0.010,0
910.7540,-0.00600,-0.02972,-0.00115,0.00000,0.00000,-0.135,-0.010,0
910.8060,-0.00600,-0.02973,-0.00115,0.00000,0.00000,-0.135,-0.010,0
910.8580,-0.00600,-0.02974,-0.00115,0.00000,0.00000,-0.136,-0.010,0
910.9100,-0.00600,-0.02975,-0.00115,0.00000,0.00000,-0.136,-0.010,0
910.9620,-0.00600,-0.02976,-0.00115,0.00000,0.00000,-0.136,-0.010,0
911.0140,-0.00601,-0.02979,-0.00115,0.00000,0.00000,-0.136,-0.010,0
911.0660,-0.00601,-0.02980,-0.00115,0.00000,0.00000,-0.136,-0.010,0
911.1180,-0.00601,-0.02980,-0.00115,0.00000,0.00000,-0.136,-0.010,0
911.1700,-0.00601,-0.02981,-0.00115,0.00000,0.00000,-0.136,-0.010,0
911.2220,-0.00601,-0.02982,-0.00115,0.00000,0.00000,-0.136,-0.010,0
911.2740,-0.00601,-0.02982,-0.00115,0.00000,0.00000,-0.136,-0.010,0
911.3260,-0.00601,-0.02982,-0.00115,0.00000,0.00000,-0.136,-0.010,0
911.3780,-0.00601,-0.02981,-0.00115,0.00000,0.00000,-0.136,-0.010,0
911.4300,-0.00601,-0.02980,-0.00115,0.00000,0.00000,-0.136,-0.010,0
911.4820,-0.00600,-0.02978,-0.00115,0.00000,0.00000,-0.136,-0.010,0
911.5340,-0.00600,-0.02975,-0.00115,0.00000,0.00000,-0.136,-0.010,0
911.5860,-0.00599,-0.02975,-0.00115,0.00000,0.00000,-0.136,-0.010,0
911.6380,-0.00599,-0.02974,-0.00115,0.00000,0.00000,-0.136,-0.010,0
911.6900,-0.00599,-0.02974,-0.00115,0.00000,0.00000,-0.136,-0.010,0
911.7420,-0.00599,-0.02974,-0.00115,0.00000,0.00000,-0.136,-0.010,0
911.7940,-0.00600,-0.02975,-0.00115,0.00000,0.00000,-0.136,-0.010,0
911.8460,-0.00600,-0.02977,-0.00115,0.00000,0.00000,-0.136,-0.010,0
911.8980,-0.00600,-0.02978,-0.00115,0.00000,0.00000,-0.136,-0.010,0
911.9500,-0.00601,-0.02980,-0.00115,0.00000,0.00000,-0.136,-0.010,0
912.0020,-0.00601,-0.02980,-0.00115,0.00000,0.00000,-0.136,-0.010,0
912.0540,-0.00601,-0.02980,-0.00115,0.00000,0.00000,-0.136,-0.010,0
912.1060,-0.00601,-0.02980,-0.00115,0.00000,0.00000,-0.136,-0.010,0
912.1580,-0.00601,-0.02980,-0.00115,0.00000,0.00000,-0.136,-0.010,0
912.2100,-0.00601,-0.02980,-0.00115,0.00000,0.00000,-0.136,-0.010,0
912.2620,-0.00600,-0.02979,-0.00115,0.00000,0.00000,-0.136,-0.010,0
912.3140,-0.00600,-0.02978,-0.00115,0.00000,0.00000,-0.136,-0.010,0
912.3660,-0.00600,-0.02977,-0.00115,0.00000,0.00000,-0.136,-0.010,0
912.4180,-0.00600,-0.02976,-0.00115,0.00000,0.00000,-0.136,-0.010,0
912.4700,-0.00600,-0.02976,-0.00115,0.00000,0.00000,-0.136,-0.010,0
912.5220,-0.00599,-0.02973,-0.00115,0.00000,0.00000,-0.136,-0.010,0
912.5740,-0.00599,-0.02971,-0.00115,0.00000,0.00000,-0.136,-0.010,0
912.6260,-0.00598,-0.02969,-0.00115,0.00000,0.00000,-0.136,-0.010,0
912.6780,-0.00597,-0.02966,-0.00115,0.00000,0.00000,-0.136,-0.010,0
912.7300,-0.00597,-0.02963,-0.00115,0.00000,0.00000,-0.136,-0.010,0
912.7820,-0.00596,-0.02961,-0.00115,0.00000,0.00000,-0.136,-0.010,0
912.8340,-0.00595,-0.02957,-0.00115,0.00000,0.00000,-0.135,-0.010,0
912.8860,-0.00594,-0.02953,-0.00115,0.00000,0.00000,-0.135,-0.010,0
912.9380,-0.00594,-0.02949,-0.00115,0.00000,0.00000,-0.135,-0.010,0
912.9900,-0.00593,-0.02944,-0.00115,0.00000,0.00000,-0.135,-0.010,0
913.0420,-0.00591,-0.02939,-0.00115,0.00000,0.00000,-0.135,-0.010,0
913.0940,-0.00590,-0.02933,-0.00115,0.00000,0.00000,-0.134,-0.010,0
913.1460,-0.00589,-0.02928,-0.00115,0.00000,0.00000,-0.134,-0.010,0
913.1980,-0.00588,-0.02923,-0.00115,0.00000,0.00000,-0.134,-0.010,0
913.2500,-0.00587,-0.02917,-0.00115,0.00000,0.00000,-0.133,-0.010,0
913.3020,-0.00586,-0.02913,-0.00115,0.00000,0.00000,-0.133,-0.010,0
913.3540,-0.00585,-0.02910,-0.00115,0.00000,0.00000,-0.133,-0.010,0
913.4060,-0.00585,-0.02907,-0.00115,0.00000,0.00000,-0.133,-0.010,0
913.4580,-0.00584,-0.02904,-0.00115,0.00000,0.00000,-0.133,-0.010,0
913.5100,-0.00584,-0.02902,-0.00115,0.00000,0.00000,-0.133,-0.010,0
913.5620,-0.00584,-0.02902,-0.00115,0.00000,0.00000,-0.132,-0.010,0
913.6140,-0.00584,-0.02901,-0.00115,0.00000,0.00000,-0.132,-0.010,0
913.6660,-0.00584,-0.02899,-0.00115,0.00000,0.00000,-0.132,-0.010,0
913.7180,-0.00584,-0.02898,-0.00115,0.00000,0.00000,-0.132,-0.010,0
913.7700,-0.00584,-0.02897,-0.00115,0.00000,0.00000,-0.132,-0.010,0
913.8220,-0.00584,-0.02896,-0.00115,0.00000,0.00000,-0.132,-0.010,0
913.8740,-0.00584,-0.02896,-0.00115,0.00000,0.00000,-0.132,-0.010,0
913.9260,-0.00584,-0.02895,-0.00115,0.00000,0.00000,-0.132,-0.010,0
913.9780,-0.00584,-0.02894,-0.00115,0.00000,0.00000,-0.132,-0.010,0
914.0300,-0.00584,-0.02892,-0.00115,0.00000,0.00000,-0.132,-0.010,0
914.0820,-0.00583,-0.02890,-0.00115,0.00000,0.00000,-0.132,-0.010,0
914.1340,-0.00583,-0.02889,-0.00115,0.00000,0.00000,-0.131,-0.009,0
914.1860,-0.00583,-0.02886,-0.00115,0.00000,0.00000,-0.131,-0.009,0
914.2380,-0.00582,-0.02883,-0.00115,0.00000,0.00000,-0.131,-0.009,0
914.2900,-0.00582,-0.02881,-0.00115,0.00000,0.00000,-0.131,-0.009,0
914.3420,-0.00581,-0.02879,-0.00115,0.00000,0.00000,-0.131,-0.009,0
914.3940,-0.00581,-0.02877,-0.00115,0.00000,0.00000,-0.131,-0.009,0
914.4460,-0.00581,-0.02875,-0.00115,0.00000,0.00000,-0.131,-0.009,0
914.4980,-0.00580,-0.02874,-0.00115,0.00000,0.00000,-0.131,-0.009,0
914.5500,-0.00580,-0.02872,-0.00115,0.00000,0.00000,-0.130,-0.009,0
914.6020,-0.00580,-0.02870,-0.00115,0.00000,0.00000,-0.130,-0.009,0
914.6540,-0.00579,-0.02867,-0.00115,0.00000,0.00000,-0.130,-0.009,0
914.7060,-0.00578,-0.02864,-0.00115,0.00000,0.00000,-0.130,-0.009,0
914.7580,-0.00578,-0.02860,-0.00115,0.00000,0.00000,-0.130,-0.009,0
914.8100,-0.00577,-0.02858,-0.00115,0.00000,0.00000,-0.130,-0.009,0
914.8620,-0.00577,-0.02856,-0.00115,0.00000,0.00000,-0.130,-0.009,0
914.9140,-0.00576,-0.02854,-0.00115,0.00000,0.00000,-0.129,-0.009,0
914.9660,-0.00576,-0.02851,-0.00115,0.00000,0.00000,-0.129,-0.009,0
915.0180,-0.00576,-0.02850,-0.00115,0.00000,0.00000,-0.129,-0.009,0
915.0700,-0.00576,-0.02848,-0.00115,0.00000,0.00000,-0.129,-0.009,0
915.1220,-0.00575,-0.02845,-0.00115,0.00000,0.00000,-0.129,-0.009,0
915.1740,-0.00575,-0.02844,-0.00115,0.00000,0.00000,-0.129,-0.009,0
915.2260,-0.00574,-0.02842,-0.00115,0.00000,0.00000,-0.129,-0.009,0
915.2780,-0.00574,-0.02840,-0.00115,0.00000,0.00000,-0.129,-0.009,0
915.3300,-0.00574,-0.02838,-0.00115,0.00000,0.00000,-0.128,-0.009,0
915.3820,-0.00573,-0.02836,-0.00115,0.00000,0.00000,-0.128,-0.009,0
915.4340,-0.00573,-0.02834,-0.00115,0.00000,0.00000,-0.128,-0.009,0
915.4860,-0.00573,-0.02833,-0.00115,0.00000,0.00000,-0.128,-0.009,0
915.5380,-0.00573,-0.02832,-0.00115,0.00000,0.00000,-0.128,-0.009,0
915.5900,-0.00573,-0.02832,-0.00115,0.00000,0.00000,-0.128,-0.009,0
915.6420,-0.00573,-0.02832,-0.00115,0.00000,0.00000,-0.128,-0.009,0
915.6940,-0.00573,-0.02833,-0.00115,0.00000,0.00000,-0.128,-0.009,0
915.7460,-0.00574,-0.02834,-0.00115,0.00000,0.00000,-0.128,-0.009,0
915.7980,-0.00574,-0.02835,-0.00115,0.00000,0.00000,-0.128,-0.009,0
915.8500,-0.00574,-0.02836,-0.00115,0.00000,0.00000,-0.128,-0.009,0
915.9020,-0.00575,-0.02837,-0.00115,0.00000,0.00000,-0.128,-0.009,0
915.9540,-0.00575,-0.02837,-0.00115,0.00000,0.00000,-0.128,-0.009,0
916.0060,-0.00575,-0.02837,-0.00115,0.00000,0.00000,-0.128,-0.009,0
916.0580,-0.00575,-0.02837,-0.00115,0.00000,0.00000,-0.128,-0.009,0
916.1100,-0.00574,-0.02835,-0.00115,0.00000,0.00000,-0.128,-0.009,0
916.1620,-0.00574,-0.02834,-0.00115,0.00000,0.00000,-0.128,-0.009,0
916.2140,-0.00574,-0.02835,-0.00115,0.00000,0.00000,-0.128,-0.009,0
916.2660,-0.00574,-0.02835,-0.00115,0.00000,0.00000,-0.128,-0.009,0
916.3180,-0.00575,-0.02836,-0.00115,0.00000,0.00000,-0.128,-0.009,0
916.3700,-0.00575,-0.02837,-0.00115,0.00000,0.00000,-0.128,-0.009,0
916.4220,-0.00575,-0.02836,-0.00115,0.00000,0.00000,-0.128,-0.009,0
916.4740,-0.00574,-0.02835,-0.00115,0.00000,0.00000,-0.128,-0.009,0
916.5260,-0.00574,-0.02832,-0.00115,0.00000,0.00000,-0.128,-0.009,0
916.5780,-0.00573,-0.02829,-0.00115,0.00000,0.00000,-0.127,-0.009,0
916.6300,-0.00573,-0.02827,-0.00115,0.00000,0.00000,-0.127,-0.009,0
916.6820,-0.00572,-0.02826,-0.00115,0.00000,0.00000,-0.127,-0.009,0
916.7340,-0.00572,-0.02825,-0.00115,0.00000,0.00000,-0.127,-0.009,0
916.7860,-0.00572,-0.02825,-0.00115,0.00000,0.00000,-0.127,-0.009,0
916.8380,-0.00572,-0.02826,-0.00115,0.00000,0.00000,-0.127,-0.009,0
916.8900,-0.00573,-0.02827,-0.00115,0.00000,0.00000,-0.127,-0.009,0
916.9420,-0.00573,-0.02828,-0.00115,0.00000,0.00000,-0.127,-0.009,0
916.9940,-0.00573,-0.02827,-0.00115,0.00000,0.00000,-0.127,-0.009,0
917.0460,-0.00572,-0.02825,-0.00115,0.00000,0.00000,-0.127,-0.009,0
917.0980,-0.00572,-0.02823,-0.00115,0.00000,0.00000,-0.127,-0.009,0
917.1500,-0.00572,-0.02822,-0.00115,0.00000,0.00000,-0.127,-0.009,0
917.2020,-0.00571,-0.02821,-0.00115,0.00000,0.00000,-0.127,-0.009,0
917.2540,-0.00572,-0.02822,-0.00115,0.00000,0.00000,-0.127,-0.009,0
917.3060,-0.00572,-0.02822,-0.00115,0.00000,0.00000,-0.127,-0.009,0
917.3580,-0.00572,-0.02822,-0.00115,0.00000,0.00000,-0.127,-0.009,0
917.4100,-0.00571,-0.02820,-0.00115,0.00000,0.00000,-0.127,-0.009,0
917.4620,-0.00571,-0.02819,-0.00115,0.00000,0.00000,-0.127,-0.009,0
917.5140,-0.00571,-0.02818,-0.00115,0.00000,0.00000,-0.127,-0.009,0
917.5660,-0.00571,-0.02819,-0.00115,0.00000,0.00000,-0.127,-0.009,0
917.6180,-0.00572,-0.02821,-0.00115,0.00000,0.00000,-0.127,-0.009,0
917.6700,-0.00572,-0.02823,-0.00115,0.00000,0.00000,-0.127,-0.009,0
917.7220,-0.00572,-0.02824,-0.00115,0.00000,0.00000,-0.127,-0.009,0
917.7740,-0.00573,-0.02825,-0.00115,0.00000,0.00000,-0.127,-0.009,0
917.8260,-0.00573,-0.02825,-0.00115,0.00000,0.00000,-0.127,-0.009,0
917.8780,-0.00572,-0.02824,-0.00115,0.00000,0.00000,-0.127,-0.009,0
917.9300,-0.00572,-0.02823,-0.00115,0.00000,0.00000,-0.127,-0.009,0
917.9820,-0.00572,-0.02822,-0.00115,0.00000,0.00000,-0.127,-0.009,0
918.0340,-0.00572,-0.02822,-0.00115,0.00000,0.00000,-0.127,-0.009,0
918.0860,-0.00572,-0.02822,-0.00115,0.00000,0.00000,-0.127,-0.009,0
918.1380,-0.00572,-0.02821,-0.00115,0.00000,0.00000,-0.127,-0.009,0
918.1900,-0.00572,-0.02822,-0.00115,0.00000,0.00000,-0.127,-0.009,0
918.2420,-0.00572,-0.02823,-0.00115,0.00000,0.00000,-0.127,-0.009,0
918.2940,-0.00573,-0.02825,-0.00115,0.00000,0.00000,-0.127,-0.009,0
918.3460,-0.00573,-0.02826,-0.00115,0.00000,0.00000,-0.127,-0.009,0
918.3980,-0.00573,-0.02826,-0.00115,0.00000,0.00000,-0.127,-0.009,0
918.4500,-0.00572,-0.02824,-0.00115,0.00000,0.00000,-0.127,-0.009,0
918.5020,-0.00572,-0.02823,-0.00115,0.00000,0.00000,-0.127,-0.009,0
918.5540,-0.00572,-0.02824,-0.00115,0.00000,0.00000,-0.127,-0.009,0
918.6060,-0.00572,-0.02824,-0.00115,0.00000,0.00000,-0.127,-0.009,0
918.6580,-0.00572,-0.02824,-0.00115,0.00000,0.00000,-0.127,-0.009,0
918.7100,-0.00572,-0.02824,-0.00115,0.00000,0.00000,-0.127,-0.009,0
918.7620,-0.00572,-0.02824,-0.00115,0.00000,0.00000,-0.127,-0.009,0
918.8140,-0.00572,-0.02823,-0.00115,0.00000,0.00000,-0.127,-0.009,0
918.8660,-0.00572,-0.02823,-0.00115,0.00000,0.00000,-0.127,-0.009,0
918.9180,-0.00572,-0.02822,-0.00115,0.00000,0.00000,-0.127,-0.009,0
918.9700,-0.00572,-0.02822,-0.00115,0.00000,0.00000,-0.127,-0.009,0
919.0220,-0.00572,-0.02823,-0.00115,0.00000,0.00000,-0.127,-0.009,0
919.0740,-0.00573,-0.02825,-0.00115,0.00000,0.00000,-0.127,-0.009,0
919.1260,-0.00573,-0.02827,-0.00115,0.00000,0.00000,-0.127,-0.009,0
919.1780,-0.00574,-0.02830,-0.00115,0.00000,0.00000,-0.127,-0.009,0
919.2300,-0.00574,-0.02830,-0.00115,0.00000,0.00000,-0.127,-0.009,0
919.2820,-0.00574,-0.02830,-0.00115,0.00000,0.00000,-0.127,-0.009,0
919.3340,-0.00574,-0.02831,-0.00115,0.00000,0.00000,-0.127,-0.009,0
919.3860,-0.00574,-0.02832,-0.00115,0.00000,0.00000,-0.127,-0.009,0
919.4380,-0.00574,-0.02833,-0.00115,0.00000,0.00000,-0.127,-0.009,0
919.4900,-0.00574,-0.02833,-0.00115,0.00000,0.00000,-0.127,-0.009,0
919.5420,-0.00575,-0.02835,-0.00115,0.00000,0.00000,-0.127,-0.009,0
919.5940,-0.00575,-0.02837,-0.00115,0.00000,0.00000,-0.127,-0.009,0
919.6460,-0.00576,-0.02840,-0.00115,0.00000,0.00000,-0.127,-0.009,0
919.6980,-0.00577,-0.02843,-0.00115,0.00000,0.00000,-0.127,-0.009,0
919.7500,-0.00577,-0.02846,-0.00115,0.00000,0.00000,-0.128,-0.009,0
919.8020,-0.00578,-0.02847,-0.00115,0.00000,0.00000,-0.128,-0.009,0
919.8540,-0.00578,-0.02848,-0.00115,0.00000,0.00000,-0.128,-0.009,0
919.9060,-0.00578,-0.02849,-0.00115,0.00000,0.00000,-0.128,-0.009,0
919.9580,-0.00578,-0.02849,-0.00115,0.00000,0.00000,-0.128,-0.009,0
920.0100,-0.00578,-0.02849,-0.00115,0.00000,0.00000,-0.128,-0.009,0
920.0620,-0.00578,-0.02849,-0.00115,0.00000,0.00000,-0.128,-0.009,0
920.1140,-0.00577,-0.02849,-0.00115,0.00000,0.00000,-0.128,-0.009,0
920.1660,-0.00577,-0.02849,-0.00115,0.00000,0.00000,-0.128,-0.009,0
920.2180,-0.00577,-0.02849,-0.00115,0.00000,0.00000,-0.128,-0.009,0
920.2700,-0.00577,-0.02848,-0.00115,0.00000,0.00000,-0.128,-0.009,0
920.3220,-0.00577,-0.02848,-0.00115,0.00000,0.00000,-0.128,-0.009,0
920.3740,-0.00577,-0.02849,-0.00115,0.00000,0.00000,-0.128,-0.009,0
920.4260,-0.00577,-0.02849,-0.00115,0.00000,0.00000,-0.128,-0.009,0
920.4780,-0.00577,-0.02847,-0.00115,0.00000,0.00000,-0.128,-0.009,0
920.5300,-0.00576,-0.02845,-0.00115,0.00000,0.00000,-0.128,-0.009,0
920.5820,-0.00575,-0.02842,-0.00115,0.00000,0.00000,-0.128,-0.009,0
920.6340,-0.00575,-0.02838,-0.00115,0.00000,0.00000,-0.128,-0.009,0
920.6860,-0.00574,-0.02836,-0.00115,0.00000,0.00000,-0.127,-0.009,0
920.7380,-0.00574,-0.02835,-0.00115,0.00000,0.00000,-0.127,-0.009,0
920.7900,-0.00574,-0.02836,-0.00115,0.00000,0.00000,-0.127,-0.009,0
920.8420,-0.00574,-0.02837,-0.00115,0.00000,0.00000,-0.127,-0.009,0
920.8940,-0.00575,-0.02838,-0.00115,0.00000,0.00000,-0.128,-0.009,0
920.9460,-0.00575,-0.02839,-0.00115,0.00000,0.00000,-0.128,-0.009,0
920.9980,-0.00575,-0.02840,-0.00115,0.00000,0.00000,-0.128,-0.009,0
921.0500,-0.00575,-0.02839,-0.00115,0.00000,0.00000,-0.128,-0.009,0
921.1020,-0.00575,-0.02838,-0.00115,0.00000,0.00000,-0.128,-0.009,0
921.1540,-0.00574,-0.02836,-0.00115,0.00000,0.00000,-0.128,-0.009,0
921.2060,-0.00574,-0.02835,-0.00115,0.00000,0.00000,-0.127,-0.009,0
921.2580,-0.00574,-0.02834,-0.00115,0.00000,0.00000,-0.127,-0.009,0
921.3100,-0.00573,-0.02832,-0.00115,0.00000,0.00000,-0.127,-0.009,0
921.3620,-0.00573,-0.02829,-0.00115,0.00000,0.00000,-0.127,-0.009,0
921.4140,-0.00572,-0.02825,-0.00115,0.00000,0.00000,-0.127,-0.009,0
921.4660,-0.00571,-0.02821,-0.00115,0.00000,0.00000,-0.127,-0.009,0
921.5180,-0.00570,-0.02818,-0.00115,0.00000,0.00000,-0.127,-0.009,0
921.5700,-0.00570,-0.02816,-0.00115,0.00000,0.00000,-0.127,-0.009,0
921.6220,-0.00570,-0.02816,-0.00115,0.00000,0.00000,-0.127,-0.009,0
921.6740,-0.00570,-0.02816,-0.00115,0.00000,0.00000,-0.127,-0.009,0
921.7260,-0.00570,-0.02815,-0.00115,0.00000,0.00000,-0.127,-0.009,0
921.7780,-0.00570,-0.02816,-0.00115,0.00000,0.00000,-0.127,-0.009,0
921.8300,-0.00570,-0.02816,-0.00115,0.00000,0.00000,-0.127,-0.009,0
921.8820,-0.00570,-0.02817,-0.00115,0.00000,0.00000,-0.127,-0.009,0
921.9340,-0.00571,-0.02818,-0.00115,0.00000,0.00000,-0.127,-0.009,0
921.9860,-0.00571,-0.02820,-0.00115,0.00000,0.00000,-0.127,-0.009,0
922.0380,-0.00572,-0.02821,-0.00115,0.00000,0.00000,-0.127,-0.009,0
922.0900,-0.00572,-0.02823,-0.00115,0.00000,0.00000,-0.127,-0.009,0
922.1420,-0.00573,-0.02825,-0.00115,0.00000,0.00000,-0.127,-0.009,0
922.1940,-0.00573,-0.02825,-0.00115,0.00000,0.00000,-0.127,-0.009,0
922.2460,-0.00573,-0.02826,-0.00115,0.00000,0.00000,-0.127,-0.009,0
922.2980,-0.00573,-0.02828,-0.00115,0.00000,0.00000,-0.127,-0.009,0
922.3500,-0.00574,-0.02830,-0.00115,0.00000,0.00000,-0.127,-0.009,0
922.4020,-0.00574,-0.02832,-0.00115,0.00000,0.00000,-0.127,-0.009,0
922.4540,-0.00574,-0.02833,-0.00115,0.00000,0.00000,-0.127,-0.009,0
922.5060,-0.00575,-0.02833,-0.00115,0.00000,0.00000,-0.127,-0.009,0
922.5580,-0.00575,-0.02834,-0.00115,0.00000,0.00000,-0.127,-0.009,0
922.6100,-0.00575,-0.02833,-0.00115,0.00000,0.00000,-0.127,-0.009,0
922.6620,-0.00575,-0.02834,-0.00115,0.00000,0.00000,-0.127,-0.009,0
922.7140,-0.00575,-0.02834,-0.00115,0.00000,0.00000,-0.127,-0.009,0
922.7660,-0.00575,-0.02835,-0.00115,0.00000,0.00000,-0.127,-0.009,0
922.8180,-0.00575,-0.02836,-0.00115,0.00000,0.00000,-0.127,-0.009,0
922.8700,-0.00575,-0.02836,-0.00115,0.00000,0.00000,-0.127,-0.009,0
922.9220,-0.00575,-0.02837,-0.00115,0.00000,0.00000,-0.127,-0.009,0
922.9740,-0.00575,-0.02838,-0.00115,0.00000,0.00000,-0.127,-0.009,0
923.0260,-0.00575,-0.02838,-0.00115,0.00000,0.00000,-0.127,-0.009,0
923.0780,-0.00576,-0.02839,-0.00115,0.00000,0.00000,-0.127,-0.009,0
923.1300,-0.00576,-0.02840,-0.00115,0.00000,0.00000,-0.127,-0.009,0
923.1820,-0.00576,-0.02841,-0.00115,0.00000,0.00000,-0.128,-0.009,0
923.2340,-0.00576,-0.02843,-0.00115,0.00000,0.00000,-0.128,-0.009,0
923.2860,-0.00576,-0.02843,-0.00115,0.00000,0.00000,-0.128,-0.009,0
923.3380,-0.00577,-0.02844,-0.00115,0.00000,0.00000,-0.128,-0.009,0
923.3900,-0.00577,-0.02847,-0.00115,0.00000,0.00000,-0.128,-0.009,0
923.4420,-0.00578,-0.02851,-0.00115,0.00000,0.00000,-0.128,-0.009,0
923.4940,-0.00579,-0.02853,-0.00115,0.00000,0.00000,-0.128,-0.009,0
923.5460,-0.00579,-0.02856,-0.00115,0.00000,0.00000,-0.128,-0.009,0
923.5980,-0.00580,-0.02858,-0.00115,0.00000,0.00000,-0.128,-0.009,0
923.6500,-0.00580,-0.02860,-0.00115,0.00000,0.00000,-0.128,-0.009,0
923.7020,-0.00580,-0.02861,-0.00115,0.00000,0.00000,-0.129,-0.009,0
923.7540,-0.00580,-0.02861,-0.00115,0.00000,0.00000,-0.129,-0.009,0
923.8060,-0.00580,-0.02860,-0.00115,0.00000,0.00000,-0.129,-0.009,0
923.8580,-0.00579,-0.02858,-0.00115,0.00000,0.00000,-0.128,-0.009,0
923.9100,-0.00579,-0.02856,-0.00115,0.00000,0.00000,-0.128,-0.009,0
923.9620,-0.00578,-0.02856,-0.00115,0.00000,0.00000,-0.128,-0.009,0
924.0140,-0.00578,-0.02856,-0.00115,0.00000,0.00000,-0.128,-0.009,0
924.0660,-0.00578,-0.02856,-0.00115,0.00000,0.00000,-0.128,-0.009,0
924.1180,-0.00578,-0.02856,-0.00115,0.00000,0.00000,-0.128,-0.009,0
924.1700,-0.00579,-0.02858,-0.00115,0.00000,0.00000,-0.128,-0.009,0
924.2220,-0.00579,-0.02858,-0.00115,0.00000,0.00000,-0.129,-0.009,0
924.2740,-0.00579,-0.02859,-0.00115,0.00000,0.00000,-0.129,-0.009,0
924.3260,-0.00580,-0.02862,-0.00115,0.00000,0.00000,-0.129,-0.009,0
924.3780,-0.00580,-0.02863,-0.00115,0.00000,0.00000,-0.129,-0.009,0
924.4300,-0.00580,-0.02865,-0.00115,0.00000,0.00000,-0.129,-0.009,0
924.4820,-0.00581,-0.02867,-0.00115,0.00000,0.00000,-0.129,-0.009,0
924.5340,-0.00581,-0.02869,-0.00115,0.00000,0.00000,-0.129,-0.009,0
924.5860,-0.00581,-0.02869,-0.00115,0.00000,0.00000,-0.129,-0.009,0
924.6380,-0.00581,-0.02869,-0.00115,0.00000,0.00000,-0.129,-0.009,0
924.6900,-0.00581,-0.02870,-0.00115,0.00000,0.00000,-0.129,-0.009,0
924.7420,-0.00581,-0.02870,-0.00115,0.00000,0.00000,-0.129,-0.009,0
924.7940,-0.00581,-0.02870,-0.00115,0.00000,0.00000,-0.129,-0.009,0
924.8460,-0.00581,-0.02870,-0.00115,0.00000,0.00000,-0.129,-0.009,0
924.8980,-0.00581,-0.02868,-0.00115,0.00000,0.00000,-0.129,-0.009,0
924.9500,-0.00580,-0.02867,-0.00115,0.00000,0.00000,-0.129,-0.009,0
925.0020,-0.00580,-0.02868,-0.00115,0.00000,0.00000,-0.129,-0.009,0
925.0540,-0.00580,-0.02868,-0.00115,0.00000,0.00000,-0.129,-0.009,0
925.1060,-0.00580,-0.02867,-0.00115,0.00000,0.00000,-0.129,-0.009,0
925.1580,-0.00580,-0.02866,-0.00115,0.00000,0.00000,-0.129,-0.009,0
925.2100,-0.00580,-0.02866,-0.00115,0.00000,0.00000,-0.129,-0.009,0
925.2620,-0.00580,-0.02866,-0.00115,0.00000,0.00000,-0.129,-0.009,0
925.3140,-0.00580,-0.02866,-0.00115,0.00000,0.00000,-0.129,-0.009,0
925.3660,-0.00580,-0.02867,-0.00115,0.00000,0.00000,-0.129,-0.009,0
925.4180,-0.00580,-0.02868,-0.00115,0.00000,0.00000,-0.129,-0.009,0
925.4700,-0.00580,-0.02868,-0.00115,0.00000,0.00000,-0.129,-0.009,0
925.5220,-0.00581,-0.02869,-0.00115,0.00000,0.00000,-0.129,-0.009,0
925.5740,-0.00581,-0.02870,-0.00115,0.00000,0.00000,-0.129,-0.009,0
925.6260,-0.00581,-0.02871,-0.00115,0.00000,0.00000,-0.129,-0.009,0
925.6780,-0.00582,-0.02873,-0.00115,0.00000,0.00000,-0.129,-0.009,0
925.7300,-0.00582,-0.02875,-0.00115,0.00000,0.00000,-0.130,-0.009,0
925.7820,-0.00583,-0.02878,-0.00115,0.00000,0.00000,-0.130,-0.009,0
925.8340,-0.00583,-0.02881,-0.00115,0.00000,0.00000,-0.130,-0.009,0
925.8860,-0.00584,-0.02885,-0.00115,0.00000,0.00000,-0.130,-0.009,0
925.9380,-0.00585,-0.02889,-0.00115,0.00000,0.00000,-0.130,-0.009,0
925.9900,-0.00586,-0.02893,-0.00115,0.00000,0.00000,-0.130,-0.009,0
926.0420,-0.00587,-0.02896,-0.00115,0.00000,0.00000,-0.131,-0.009,0
926.0940,-0.00587,-0.02899,-0.00115,0.00000,0.00000,-0.131,-0.009,0
926.1460,-0.00588,-0.02902,-0.00115,0.00000,0.00000,-0.131,-0.009,0
926.1980,-0.00589,-0.02905,-0.00115,0.00000,0.00000,-0.131,-0.009,0
926.2500,-0.00589,-0.02908,-0.00115,0.00000,0.00000,-0.131,-0.009,0
926.3020,-0.00590,-0.02911,-0.00115,0.00000,0.00000,-0.131,-0.009,0
926.3540,-0.00590,-0.02913,-0.00115,0.00000,0.00000,-0.132,-0.010,0
926.4060,-0.00590,-0.02914,-0.00115,0.00000,0.00000,-0.132,-0.009,0
926.4580,-0.00590,-0.02913,-0.00115,0.00000,0.00000,-0.132,-0.009,0
926.5100,-0.00589,-0.02912,-0.00115,0.00000,0.00000,-0.132,-0.009,0
926.5620,-0.00589,-0.02911,-0.00115,0.00000,0.00000,-0.132,-0.009,0
926.6140,-0.00589,-0.02910,-0.00115,0.00000,0.00000,-0.132,-0.009,0
926.6660,-0.00588,-0.02909,-0.00115,0.00000,0.00000,-0.131,-0.009,0
926.7180,-0.00588,-0.02906,-0.00115,0.00000,0.00000,-0.131,-0.009,0
926.7700,-0.00587,-0.02905,-0.00115,0.00000,0.00000,-0.131,-0.009,0
926.8220,-0.00587,-0.02905,-0.00115,0.00000,0.00000,-0.131,-0.009,0
926.8740,-0.00587,-0.02904,-0.00115,0.00000,0.00000,-0.131,-0.009,0
926.9260,-0.00587,-0.02904,-0.00115,0.00000,0.00000,-0.131,-0.009,0
926.9780,-0.00587,-0.02903,-0.00115,0.00000,0.00000,-0.131,-0.009,0
927.0300,-0.00587,-0.02904,-0.00115,0.00000,0.00000,-0.131,-0.009,0
927.0820,-0.00587,-0.02905,-0.00115,0.00000,0.00000,-0.131,-0.009,0
927.1340,-0.00587,-0.02906,-0.00115,0.00000,0.00000,-0.131,-0.010,0
927.1860,-0.00587,-0.02906,-0.00115,0.00000,0.00000,-0.132,-0.010,0
927.2380,-0.00588,-0.02908,-0.00115,0.00000,0.00000,-0.132,-0.010,0
927.2900,-0.00588,-0.02909,-0.00115,0.00000,0.00000,-0.132,-0.010,0
927.3420,-0.00588,-0.02909,-0.00115,0.00000,0.00000,-0.132,-0.010,0
927.3940,-0.00588,-0.02910,-0.00115,0.00000,0.00000,-0.132,-0.010,0
927.4460,-0.00588,-0.02911,-0.00115,0.00000,0.00000,-0.132,-0.010,0
927.4980,-0.00588,-0.02910,-0.00115,0.00000,0.00000,-0.132,-0.010,0
927.5500,-0.00588,-0.02909,-0.00115,0.00000,0.00000,-0.132,-0.010,0
927.6020,-0.00587,-0.02908,-0.00115,0.00000,0.00000,-0.132,-0.009,0
927.6540,-0.00587,-0.02905,-0.00115,0.00000,0.00000,-0.132,-0.009,0
927.7060,-0.00586,-0.02902,-0.00115,0.00000,0.00000,-0.132,-0.009,0
927.7580,-0.00586,-0.02900,-0.00115,0.00000,0.00000,-0.131,-0.009,0
927.8100,-0.00585,-0.02899,-0.00115,0.00000,0.00000,-0.131,-0.009,0
927.8620,-0.00585,-0.02898,-0.00115,0.00000,0.00000,-0.131,-0.009,0
927.9140,-0.00585,-0.02897,-0.00115,0.00000,0.00000,-0.131,-0.009,0
927.9660,-0.00585,-0.02897,-0.00115,0.00000,0.00000,-0.131,-0.009,0
928.0180,-0.00585,-0.02898,-0.00115,0.00000,0.00000,-0.131,-0.009,0
928.0700,-0.00585,-0.02898,-0.00115,0.00000,0.00000,-0.131,-0.009,0
928.1220,-0.00586,-0.02899,-0.00115,0.00000,0.00000,-0.131,-0.009,0
928.1740,-0.00586,-0.02900,-0.00115,0.00000,0.00000,-0.131,-0.010,0
928.2260,-0.00586,-0.02900,-0.00115,0.00000,0.00000,-0.131,-0.010,0
928.2780,-0.00586,-0.02900,-0.00115,0.00000,0.00000,-0.131,-0.009,0
928.3300,-0.00586,-0.02899,-0.00115,0.00000,0.00000,-0.131,-0.009,0
928.3820,-0.00586,-0.02898,-0.00115,0.00000,0.00000,-0.131,-0.009,0
928.4340,-0.00586,-0.02898,-0.00115,0.00000,0.00000,-0.131,-0.009,0
928.4860,-0.00586,-0.02899,-0.00115,0.00000,0.00000,-0.131,-0.009,0
928.5380,-0.00586,-0.02898,-0.00115,0.00000,0.00000,-0.131,-0.009,0
928.5900,-0.00586,-0.02898,-0.00115,0.00000,0.00000,-0.131,-0.009,0
928.6420,-0.00586,-0.02898,-0.00115,0.00000,0.00000,-0.131,-0.009,0
928.6940,-0.00586,-0.02898,-0.00115,0.00000,0.00000,-0.131,-0.009,0
928.7460,-0.00586,-0.02900,-0.00115,0.00000,0.00000,-0.131,-0.009,0
928.7980,-0.00586,-0.02901,-0.00115,0.00000,0.00000,-0.131,-0.010,0
928.8500,-0.00587,-0.02903,-0.00115,0.00000,0.00000,-0.132,-0.010,0
928.9020,-0.00587,-0.02905,-0.00115,0.00000,0.00000,-0.132,-0.010,0
928.9540,-0.00588,-0.02907,-0.00115,0.00000,0.00000,-0.132,-0.010,0
929.0060,-0.00588,-0.02909,-0.00115,0.00000,0.00000,-0.132,-0.010,0
929.0580,-0.00589,-0.02912,-0.00115,0.00000,0.00000,-0.132,-0.010,0
929.1100,-0.00589,-0.02914,-0.00115,0.00000,0.00000,-0.132,-0.010,0
929.1620,-0.00590,-0.02917,-0.00115,0.00000,0.00000,-0.132,-0.010,0
929.2140,-0.00591,-0.02921,-0.00115,0.00000,0.00000,-0.132,-0.010,0
929.2660,-0.00592,-0.02925,-0.00115,0.00000,0.00000,-0.133,-0.010,0
929.3180,-0.00593,-0.02930,-0.00115,0.00000,0.00000,-0.133,-0.010,0
929.3700,-0.00593,-0.02932,-0.00115,0.00000,0.00000,-0.133,-0.010,0
929.4220,-0.00594,-0.02935,-0.00115,0.00000,0.00000,-0.133,-0.010,0
929.4740,-0.00594,-0.02937,-0.00115,0.00000,0.00000,-0.133,-0.010,0
929.5260,-0.00595,-0.02939,-0.00115,0.00000,0.00000,-0.133,-0.010,0
929.5780,-0.00595,-0.02942,-0.00115,0.00000,0.00000,-0.133,-0.010,0
929.6300,-0.00596,-0.02946,-0.00115,0.00000,0.00000,-0.134,-0.010,0
929.6820,-0.00597,-0.02949,-0.00115,0.00000,0.00000,-0.134,-0.010,0
929.7340,-0.00597,-0.02951,-0.00115,0.00000,0.00000,-0.134,-0.010,0
929.7860,-0.00597,-0.02953,-0.00115,0.00000,0.00000,-0.134,-0.010,0
929.8380,-0.00598,-0.02955,-0.00115,0.00000,0.00000,-0.134,-0.010,0
929.8900,-0.00598,-0.02957,-0.00115,0.00000,0.00000,-0.134,-0.010,0
929.9420,-0.00599,-0.02960,-0.00115,0.00000,0.00000,-0.134,-0.010,0
929.9940,-0.00599,-0.02962,-0.00115,0.00000,0.00000,-0.135,-0.010,0
930.0460,-0.00599,-0.02964,-0.00115,0.00000,0.00000,-0.135,-0.010,0
930.0980,-0.00599,-0.02965,-0.00115,0.00000,0.00000,-0.135,-0.010,0
930.1500,-0.00599,-0.02966,-0.00115,0.00000,0.00000,-0.135,-0.010,0
930.2020,-0.00600,-0.02968,-0.00115,0.00000,0.00000,-0.135,-0.010,0
930.2540,-0.00600,-0.02971,-0.00115,0.00000,0.00000,-0.135,-0.010,0
930.3060,-0.00601,-0.02974,-0.00115,0.00000,0.00000,-0.135,-0.010,0
930.3580,-0.00602,-0.02977,-0.00115,0.00000,0.00000,-0.135,-0.010,0
930.4100,-0.00602,-0.02980,-0.00115,0.00000,0.00000,-0.136,-0.010,0
930.4620,-0.00603,-0.02982,-0.00115,0.00000,0.00000,-0.136,-0.010,0
930.5140,-0.00603,-0.02984,-0.00115,0.00000,0.00000,-0.136,-0.010,0
930.5660,-0.00603,-0.02985,-0.00115,0.00000,0.00000,-0.136,-0.010,0
930.6180,-0.00603,-0.02985,-0.00115,0.00000,0.00000,-0.136,-0.010,0
930.6700,-0.00603,-0.02986,-0.00115,0.00000,0.00000,-0.136,-0.010,0
930.7220,-0.00603,-0.02985,-0.00115,0.00000,0.00000,-0.136,-0.010,0
930.7740,-0.00603,-0.02986,-0.00115,0.00000,0.00000,-0.136,-0.010,0
930.8260,-0.00603,-0.02987,-0.00115,0.00000,0.00000,-0.136,-0.010,0
930.8780,-0.00603,-0.02989,-0.00115,0.00000,0.00000,-0.136,-0.010,0
930.9300,-0.00604,-0.02993,-0.00115,0.00000,0.00000,-0.137,-0.010,0
930.9820,-0.00605,-0.02996,-0.00115,0.00000,0.00000,-0.137,-0.010,0
931.0340,-0.00605,-0.02997,-0.00115,0.00000,0.00000,-0.137,-0.010,0
931.0860,-0.00605,-0.02998,-0.00115,0.00000,0.00000,-0.137,-0.010,0
931.1380,-0.00605,-0.02998,-0.00115,0.00000,0.00000,-0.137,-0.010,0
931.1900,-0.00605,-0.02998,-0.00115,0.00000,0.00000,-0.137,-0.010,0
931.2420,-0.00605,-0.02999,-0.00115,0.00000,0.00000,-0.137,-0.010,0
931.2940,-0.00605,-0.02999,-0.00115,0.00000,0.00000,-0.137,-0.010,0
931.3460,-0.00604,-0.02998,-0.00115,0.00000,0.00000,-0.137,-0.010,0
931.3980,-0.00604,-0.02998,-0.00115,0.00000,0.00000,-0.137,-0.010,0
931.4500,-0.00604,-0.02999,-0.00115,0.00000,0.00000,-0.137,-0.010,0
931.5020,-0.00605,-0.03001,-0.00115,0.00000,0.00000,-0.137,-0.010,0
931.5540,-0.00605,-0.03002,-0.00115,0.00000,0.00000,-0.137,-0.010,0
931.6060,-0.00605,-0.03003,-0.00115,0.00000,0.00000,-0.137,-0.010,0
931.6580,-0.00605,-0.03002,-0.00115,0.00000,0.00000,-0.137,-0.010,0
931.7100,-0.00605,-0.03003,-0.00115,0.00000,0.00000,-0.137,-0.010,0
931.7620,-0.00605,-0.03004,-0.00115,0.00000,0.00000,-0.138,-0.010,0
931.8140,-0.00605,-0.03005,-0.00115,0.00000,0.00000,-0.138,-0.010,0
931.8660,-0.00606,-0.03006,-0.00115,0.00000,0.00000,-0.138,-0.010,0
931.9180,-0.00606,-0.03008,-0.00115,0.00000,0.00000,-0.138,-0.010,0
931.9700,-0.00607,-0.03011,-0.00115,0.00000,0.00000,-0.138,-0.010,0
932.0220,-0.00607,-0.03013,-0.00115,0.00000,0.00000,-0.138,-0.010,0
932.0740,-0.00608,-0.03016,-0.00115,0.00000,0.00000,-0.138,-0.010,0
932.1260,-0.00608,-0.03018,-0.00115,0.00000,0.00000,-0.138,-0.010,0
932.1780,-0.00609,-0.03021,-0.00115,0.00000,0.00000,-0.139,-0.010,0
932.2300,-0.00609,-0.03022,-0.00115,0.00000,0.00000,-0.139,-0.010,0
932.2820,-0.00609,-0.03023,-0.00115,0.00000,0.00000,-0.139,-0.010,0
932.3340,-0.00609,-0.03024,-0.00115,0.00000,0.00000,-0.139,-0.010,0
932.3860,-0.00610,-0.03025,-0.00115,0.00000,0.00000,-0.139,-0.010,0
932.4380,-0.00610,-0.03025,-0.00115,0.00000,0.00000,-0.139,-0.010,0
932.4900,-0.00610,-0.03027,-0.00115,0.00000,0.00000,-0.139,-0.010,0
932.5420,-0.00610,-0.03029,-0.00115,0.00000,0.00000,-0.139,-0.010,0
932.5940,-0.00611,-0.03031,-0.00115,0.00000,0.00000,-0.139,-0.010,0
932.6460,-0.00611,-0.03033,-0.00115,0.00000,0.00000,-0.139,-0.010,0
932.6980,-0.00612,-0.03036,-0.00115,0.00000,0.00000,-0.139,-0.010,0
932.7500,-0.00612,-0.03038,-0.00115,0.00000,0.00000,-0.140,-0.010,0
932.8020,-0.00612,-0.03039,-0.00115,0.00000,0.00000,-0.140,-0.010,0
932.8540,-0.00612,-0.03039,-0.00115,0.00000,0.00000,-0.140,-0.010,0
932.9060,-0.00612,-0.03039,-0.00115,0.00000,0.00000,-0.140,-0.010,0
932.9580,-0.00612,-0.03039,-0.00115,0.00000,0.00000,-0.140,-0.010,0
933.0100,-0.00612,-0.03037,-0.00115,0.00000,0.00000,-0.140,-0.010,0
933.0620,-0.00611,-0.03036,-0.00115,0.00000,0.00000,-0.140,-0.010,0
933.1140,-0.00611,-0.03034,-0.00115,0.00000,0.00000,-0.140,-0.010,0
933.1660,-0.00610,-0.03032,-0.00115,0.00000,0.00000,-0.140,-0.010,0
933.2180,-0.00610,-0.03031,-0.00115,0.00000,0.00000,-0.139,-0.010,0
933.2700,-0.00609,-0.03029,-0.00115,0.00000,0.00000,-0.139,-0.010,0
933.3220,-0.00609,-0.03027,-0.00115,0.00000,0.00000,-0.139,-0.010,0
933.3740,-0.00608,-0.03024,-0.00115,0.00000,0.00000,-0.139,-0.010,0
933.4260,-0.00607,-0.03021,-0.00115,0.00000,0.00000,-0.139,-0.010,0
933.4780,-0.00606,-0.03016,-0.00115,0.00000,0.00000,-0.139,-0.010,0
933.5300,-0.00605,-0.03013,-0.00115,0.00000,0.00000,-0.139,-0.010,0
933.5820,-0.00605,-0.03009,-0.00115,0.00000,0.00000,-0.139,-0.010,0
933.6340,-0.00604,-0.03006,-0.00115,0.00000,0.00000,-0.138,-0.010,0
933.6860,-0.00603,-0.03002,-0.00115,0.00000,0.00000,-0.138,-0.010,0
933.7380,-0.00602,-0.02997,-0.00115,0.00000,0.00000,-0.138,-0.010,0
933.7900,-0.00601,-0.02993,-0.00115,0.00000,0.00000,-0.138,-0.010,0
933.8420,-0.00600,-0.02988,-0.00115,0.00000,0.00000,-0.138,-0.010,0
933.8940,-0.00599,-0.02984,-0.00115,0.00000,0.00000,-0.137,-0.010,0
933.9460,-0.00599,-0.02981,-0.00115,0.00000,0.00000,-0.137,-0.010,0
933.9980,-0.00598,-0.02979,-0.00115,0.00000,0.00000,-0.137,-0.010,0
934.0500,-0.00598,-0.02978,-0.00115,0.00000,0.00000,-0.137,-0.010,0
934.1020,-0.00598,-0.02976,-0.00115,0.00000,0.00000,-0.137,-0.010,0
934.1540,-0.00598,-0.02974,-0.00115,0.00000,0.00000,-0.137,-0.010,0
934.2060,-0.00597,-0.02973,-0.00115,0.00000,0.00000,-0.137,-0.010,0
934.2580,-0.00597,-0.02970,-0.00115,0.00000,0.00000,-0.137,-0.010,0
934.3100,-0.00597,-0.02968,-0.00115,0.00000,0.00000,-0.137,-0.010,0
934.3620,-0.00596,-0.02966,-0.00115,0.00000,0.00000,-0.136,-0.010,0
934.4140,-0.00596,-0.02965,-0.00115,0.00000,0.00000,-0.136,-0.010,0
934.4660,-0.00596,-0.02962,-0.00115,0.00000,0.00000,-0.136,-0.010,0
934.5180,-0.00595,-0.02959,-0.00115,0.00000,0.00000,-0.136,-0.010,0
934.5700,-0.00595,-0.02956,-0.00115,0.00000,0.00000,-0.136,-0.010,0
934.6220,-0.00594,-0.02953,-0.00115,0.00000,0.00000,-0.136,-0.010,0
934.6740,-0.00594,-0.02951,-0.00115,0.00000,0.00000,-0.135,-0.010,0
934.7260,-0.00594,-0.02950,-0.00115,0.00000,0.00000,-0.135,-0.010,0
934.7780,-0.00594,-0.02951,-0.00115,0.00000,0.00000,-0.135,-0.010,0
934.8300,-0.00595,-0.02953,-0.00115,0.00000,0.00000,-0.135,-0.010,0
934.8820,-0.00595,-0.02956,-0.00115,0.00000,0.00000,-0.136,-0.010,0
934.9340,-0.00596,-0.02958,-0.00115,0.00000,0.00000,-0.136,-0.010,0
934.9860,-0.00596,-0.02959,-0.00115,0.00000,0.00000,-0.136,-0.010,0
935.0380,-0.00597,-0.02959,-0.00115,0.00000,0.00000,-0.136,-0.010,0
935.0900,-0.00597,-0.02960,-0.00115,0.00000,0.00000,-0.136,-0.010,0
935.1420,-0.00597,-0.02961,-0.00115,0.00000,0.00000,-0.136,-0.010,0
935.1940,-0.00598,-0.02962,-0.00115,0.00000,0.00000,-0.136,-0.010,0
935.2460,-0.00598,-0.02964,-0.00115,0.00000,0.00000,-0.136,-0.010,0
935.2980,-0.00598,-0.02966,-0.00115,0.00000,0.00000,-0.136,-0.010,0
935.3500,-0.00599,-0.02967,-0.00115,0.00000,0.00000,-0.136,-0.010,0
935.4020,-0.00599,-0.02968,-0.00115,0.00000,0.00000,-0.136,-0.010,0
935.4540,-0.00599,-0.02969,-0.00115,0.00000,0.00000,-0.136,-0.010,0
935.5060,-0.00600,-0.02971,-0.00115,0.00000,0.00000,-0.136,-0.010,0
935.5580,-0.00600,-0.02972,-0.00115,0.00000,0.00000,-0.136,-0.010,0
935.6100,-0.00600,-0.02973,-0.00115,0.00000,0.00000,-0.136,-0.010,0
935.6620,-0.00601,-0.02976,-0.00115,0.00000,0.00000,-0.136,-0.010,0
935.7140,-0.00601,-0.02978,-0.00115,0.00000,0.00000,-0.136,-0.010,0
935.7660,-0.00602,-0.02980,-0.00115,0.00000,0.00000,-0.136,-0.010,0
935.8180,-0.00602,-0.02983,-0.00115,0.00000,0.00000,-0.136,-0.010,0
935.8700,-0.00602,-0.02983,-0.00115,0.00000,0.00000,-0.137,-0.010,0
935.9220,-0.00602,-0.02984,-0.00115,0.00000,0.00000,-0.137,-0.010,0
935.9740,-0.00603,-0.02985,-0.00115,0.00000,0.00000,-0.137,-0.010,0
936.0260,-0.00603,-0.02986,-0.00115,0.00000,0.00000,-0.137,-0.010,0
936.0780,-0.00603,-0.02987,-0.00115,0.00000,0.00000,-0.137,-0.010,0
936.1300,-0.00603,-0.02989,-0.00115,0.00000,0.00000,-0.137,-0.010,0
936.1820,-0.00604,-0.02991,-0.00115,0.00000,0.00000,-0.137,-0.010,0
936.2340,-0.00604,-0.02993,-0.00115,0.00000,0.00000,-0.137,-0.010,0
936.2860,-0.00604,-0.02994,-0.00115,0.00000,0.00000,-0.137,-0.010,0
936.3380,-0.00604,-0.02994,-0.00115,0.00000,0.00000,-0.137,-0.010,0
936.3900,-0.00604,-0.02994,-0.00115,0.00000,0.00000,-0.137,-0.010,0
936.4420,-0.00604,-0.02992,-0.00115,0.00000,0.00000,-0.137,-0.010,0
936.4940,-0.00603,-0.02991,-0.00115,0.00000,0.00000,-0.137,-0.010,0
936.5460,-0.00602,-0.02989,-0.00115,0.00000,0.00000,-0.137,-0.010,0
936.5980,-0.00602,-0.02986,-0.00115,0.00000,0.00000,-0.137,-0.010,0
936.6500,-0.00600,-0.02980,-0.00115,0.00000,0.00000,-0.137,-0.010,0
936.7020,-0.00599,-0.02974,-0.00115,0.00000,0.00000,-0.136,-0.010,0
936.7540,-0.00597,-0.02967,-0.00115,0.00000,0.00000,-0.136,-0.010,0
936.8060,-0.00596,-0.02962,-0.00115,0.00000,0.00000,-0.136,-0.010,0
936.8580,-0.00595,-0.02958,-0.00115,0.00000,0.00000,-0.136,-0.010,0
936.9100,-0.00594,-0.02955,-0.00115,0.00000,0.00000,-0.135,-0.010,0
936.9620,-0.00594,-0.02952,-0.00115,0.00000,0.00000,-0.135,-0.010,0
937.0140,-0.00593,-0.02950,-0.00115,0.00000,0.00000,-0.135,-0.010,0
937.0660,-0.00593,-0.02947,-0.00115,0.00000,0.00000,-0.135,-0.010,0
937.1180,-0.00592,-0.02944,-0.00115,0.00000,0.00000,-0.135,-0.010,0
937.1700,-0.00591,-0.02939,-0.00115,0.00000,0.00000,-0.135,-0.010,0
937.2220,-0.00590,-0.02935,-0.00115,0.00000,0.00000,-0.134,-0.010,0
937.2740,-0.00590,-0.02932,-0.00115,0.00000,0.00000,-0.134,-0.010,0
937.3260,-0.00589,-0.02929,-0.00115,0.00000,0.00000,-0.134,-0.010,0
937.3780,-0.00589,-0.02926,-0.00115,0.00000,0.00000,-0.134,-0.010,0
937.4300,-0.00588,-0.02923,-0.00115,0.00000,0.00000,-0.134,-0.010,0
937.4820,-0.00588,-0.02922,-0.00115,0.00000,0.00000,-0.134,-0.010,0
937.5340,-0.00588,-0.02921,-0.00115,0.00000,0.00000,-0.134,-0.010,0
937.5860,-0.00588,-0.02920,-0.00115,0.00000,0.00000,-0.133,-0.010,0
937.6380,-0.00588,-0.02920,-0.00115,0.00000,0.00000,-0.133,-0.010,0
937.6900,-0.00588,-0.02918,-0.00115,0.00000,0.00000,-0.133,-0.010,0
937.7420,-0.00588,-0.02916,-0.00115,0.00000,0.00000,-0.133,-0.010,0
937.7940,-0.00587,-0.02915,-0.00115,0.00000,0.00000,-0.133,-0.010,0
937.8460,-0.00587,-0.02914,-0.00115,0.00000,0.00000,-0.133,-0.010,0
937.8980,-0.00587,-0.02913,-0.00115,0.00000,0.00000,-0.133,-0.010,0
937.9500,-0.00587,-0.02913,-0.00115,0.00000,0.00000,-0.133,-0.010,0
938.0020,-0.00588,-0.02914,-0.00115,0.00000,0.00000,-0.133,-0.010,0
938.0540,-0.00588,-0.02916,-0.00115,0.00000,0.00000,-0.133,-0.010,0
938.1060,-0.00589,-0.02917,-0.00115,0.00000,0.00000,-0.133,-0.010,0
938.1580,-0.00589,-0.02919,-0.00115,0.00000,0.00000,-0.133,-0.010,0
938.2100,-0.00590,-0.02921,-0.00115,0.00000,0.00000,-0.133,-0.010,0
938.2620,-0.00591,-0.02925,-0.00115,0.00000,0.00000,-0.133,-0.010,0
938.3140,-0.00592,-0.02929,-0.00115,0.00000,0.00000,-0.133,-0.010,0
938.3660,-0.00593,-0.02934,-0.00115,0.00000,0.00000,-0.134,-0.010,0
938.4180,-0.00595,-0.02941,-0.00115,0.00000,0.00000,-0.134,-0.010,0
938.4700,-0.00596,-0.02947,-0.00115,0.00000,0.00000,-0.134,-0.010,0
938.5220,-0.00598,-0.02954,-0.00115,0.00000,0.00000,-0.135,-0.010,0
938.5740,-0.00599,-0.02958,-0.00115,0.00000,0.00000,-0.135,-0.010,0
938.6260,-0.00599,-0.02961,-0.00115,0.00000,0.00000,-0.135,-0.010,0
938.6780,-0.00600,-0.02963,-0.00115,0.00000,0.00000,-0.135,-0.010,0
938.7300,-0.00600,-0.02965,-0.00115,0.00000,0.00000,-0.135,-0.010,0
938.7820,-0.00600,-0.02967,-0.00115,0.00000,0.00000,-0.135,-0.010,0
938.8340,-0.00601,-0.02969,-0.00115,0.00000,0.00000,-0.135,-0.010,0
938.8860,-0.00601,-0.02972,-0.00115,0.00000,0.00000,-0.135,-0.010,0
938.9380,-0.00602,-0.02975,-0.00115,0.00000,0.00000,-0.136,-0.010,0
938.9900,-0.00602,-0.02978,-0.00115,0.00000,0.00000,-0.136,-0.010,0
939.0420,-0.00602,-0.02979,-0.00115,0.00000,0.00000,-0.136,-0.010,0
939.0940,-0.00603,-0.02980,-0.00115,0.00000,0.00000,-0.136,-0.010,0
939.1460,-0.00603,-0.02982,-0.00115,0.00000,0.00000,-0.136,-0.010,0
939.1980,-0.00603,-0.02983,-0.00115,0.00000,0.00000,-0.136,-0.010,0
939.2500,-0.00603,-0.02985,-0.00115,0.00000,0.00000,-0.136,-0.010,0
939.3020,-0.00603,-0.02986,-0.00115,0.00000,0.00000,-0.136,-0.010,0
939.3540,-0.00603,-0.02988,-0.00115,0.00000,0.00000,-0.136,-0.010,0
939.4060,-0.00603,-0.02987,-0.00115,0.00000,0.00000,-0.136,-0.010,0
939.4580,-0.00603,-0.02986,-0.00115,0.00000,0.00000,-0.136,-0.010,0
939.5100,-0.00602,-0.02983,-0.00115,0.00000,0.00000,-0.136,-0.010,0
939.5620,-0.00601,-0.02980,-0.00115,0.00000,0.00000,-0.136,-0.010,0
939.6140,-0.00600,-0.02976,-0.00115,0.00000,0.00000,-0.136,-0.010,0
939.6660,-0.00599,-0.02970,-0.00115,0.00000,0.00000,-0.136,-0.010,0
939.7180,-0.00597,-0.02966,-0.00115,0.00000,0.00000,-0.135,-0.010,0
939.7700,-0.00596,-0.02962,-0.00115,0.00000,0.00000,-0.135,-0.010,0
939.8220,-0.00596,-0.02959,-0.00115,0.00000,0.00000,-0.135,-0.010,0
939.8740,-0.00595,-0.02957,-0.00115,0.00000,0.00000,-0.135,-0.010,0
939.9260,-0.00595,-0.02957,-0.00115,0.00000,0.00000,-0.135,-0.010,0
939.9780,-0.00595,-0.02957,-0.00115,0.00000,0.00000,-0.135,-0.010,0
940.0300,-0.00595,-0.02957,-0.00115,0.00000,0.00000,-0.135,-0.010,0
940.0820,-0.00595,-0.02956,-0.00115,0.00000,0.00000,-0.135,-0.010,0
940.1340,-0.00595,-0.02955,-0.00115,0.00000,0.00000,-0.135,-0.010,0
940.1860,-0.00595,-0.02954,-0.00115,0.00000,0.00000,-0.135,-0.010,0
940.2380,-0.00595,-0.02953,-0.00115,0.00000,0.00000,-0.135,-0.010,0
940.2900,-0.00595,-0.02953,-0.00115,0.00000,0.00000,-0.135,-0.010,0
940.3420,-0.00595,-0.02953,-0.00115,0.00000,0.00000,-0.135,-0.010,0
940.3940,-0.00595,-0.02952,-0.00115,0.00000,0.00000,-0.135,-0.010,0
940.4460,-0.00595,-0.02952,-0.00115,0.00000,0.00000,-0.135,-0.010,0
940.4980,-0.00595,-0.02953,-0.00115,0.00000,0.00000,-0.135,-0.010,0
940.5500,-0.00595,-0.02954,-0.00115,0.00000,0.00000,-0.135,-0.010,0
940.6020,-0.00596,-0.02954,-0.00115,0.00000,0.00000,-0.135,-0.010,0
940.6540,-0.00596,-0.02956,-0.00115,0.00000,0.00000,-0.135,-0.010,0
940.7060,-0.00596,-0.02956,-0.00115,0.00000,0.00000,-0.135,-0.010,0
940.7580,-0.00596,-0.02956,-0.00115,0.00000,0.00000,-0.135,-0.010,0
940.8100,-0.00596,-0.02955,-0.00115,0.00000,0.00000,-0.135,-0.010,0
940.8620,-0.00596,-0.02956,-0.00115,0.00000,0.00000,-0.135,-0.010,0
940.9140,-0.00597,-0.02957,-0.00115,0.00000,0.00000,-0.135,-0.010,0
940.9660,-0.00597,-0.02959,-0.00115,0.00000,0.00000,-0.135,-0.010,0
941.0180,-0.00597,-0.02960,-0.00115,0.00000,0.00000,-0.135,-0.010,0
941.0700,-0.00598,-0.02962,-0.00115,0.00000,0.00000,-0.135,-0.010,0
941.1220,-0.00598,-0.02964,-0.00115,0.00000,0.00000,-0.135,-0.010,0
941.1740,-0.00598,-0.02966,-0.00115,0.00000,0.00000,-0.135,-0.010,0
941.2260,-0.00599,-0.02968,-0.00115,0.00000,0.00000,-0.136,-0.010,0
941.2780,-0.00599,-0.02969,-0.00115,0.00000,0.00000,-0.136,-0.010,0
941.3300,-0.00600,-0.02970,-0.00115,0.00000,0.00000,-0.136,-0.010,0
941.3820,-0.00600,-0.02971,-0.00115,0.00000,0.00000,-0.136,-0.010,0
941.4340,-0.00600,-0.02971,-0.00115,0.00000,0.00000,-0.136,-0.010,0
941.4860,-0.00600,-0.02972,-0.00115,0.00000,0.00000,-0.136,-0.010,0
941.5380,-0.00600,-0.02972,-0.00115,0.00000,0.00000,-0.136,-0.010,0
941.5900,-0.00600,-0.02972,-0.00115,0.00000,0.00000,-0.136,-0.010,0
941.6420,-0.00600,-0.02972,-0.00115,0.00000,0.00000,-0.136,-0.010,0
941.6940,-0.00600,-0.02973,-0.00115,0.00000,0.00000,-0.136,-0.010,0
941.7460,-0.00600,-0.02973,-0.00115,0.00000,0.00000,-0.136,-0.010,0
941.7980,-0.00600,-0.02972,-0.00115,0.00000,0.00000,-0.136,-0.010,0
941.8500,-0.00599,-0.02972,-0.00115,0.00000,0.00000,-0.136,-0.010,0
941.9020,-0.00600,-0.02972,-0.00115,0.00000,0.00000,-0.136,-0.010,0
941.9540,-0.00600,-0.02972,-0.00115,0.00000,0.00000,-0.136,-0.010,0
942.0060,-0.00599,-0.02971,-0.00115,0.00000,0.00000,-0.136,-0.010,0
942.0580,-0.00599,-0.02970,-0.00115,0.00000,0.00000,-0.136,-0.010,0
942.1100,-0.00599,-0.02969,-0.00115,0.00000,0.00000,-0.136,-0.010,0
942.1620,-0.00598,-0.02968,-0.00115,0.00000,0.00000,-0.136,-0.010,0
942.2140,-0.00598,-0.02968,-0.00115,0.00000,0.00000,-0.136,-0.010,0
942.2660,-0.00599,-0.02969,-0.00115,0.00000,0.00000,-0.136,-0.010,0
942.3180,-0.00599,-0.02970,-0.00115,0.00000,0.00000,-0.136,-0.010,0
942.3700,-0.00599,-0.02971,-0.00115,0.00000,0.00000,-0.136,-0.010,0
942.4220,-0.00599,-0.02971,-0.00115,0.00000,0.00000,-0.136,-0.010,0
942.4740,-0.00599,-0.02973,-0.00115,0.00000,0.00000,-0.136,-0.010,0
942.5260,-0.00600,-0.02973,-0.00115,0.00000,0.00000,-0.136,-0.010,0
942.5780,-0.00600,-0.02974,-0.00115,0.00000,0.00000,-0.136,-0.010,0
942.6300,-0.00600,-0.02977,-0.00115,0.00000,0.00000,-0.136,-0.010,0
942.6820,-0.00601,-0.02979,-0.00115,0.00000,0.00000,-0.136,-0.010,0
942.7340,-0.00601,-0.02981,-0.00115,0.00000,0.00000,-0.136,-0.010,0
942.7860,-0.00602,-0.02982,-0.00115,0.00000,0.00000,-0.136,-0.010,0
942.8380,-0.00602,-0.02984,-0.00115,0.00000,0.00000,-0.136,-0.010,0
942.8900,-0.00602,-0.02984,-0.00115,0.00000,0.00000,-0.137,-0.010,0
942.9420,-0.00602,-0.02985,-0.00115,0.00000,0.00000,-0.137,-0.010,0
942.9940,-0.00603,-0.02987,-0.00115,0.00000,0.00000,-0.137,-0.010,0
943.0460,-0.00603,-0.02989,-0.00115,0.00000,0.00000,-0.137,-0.010,0
943.0980,-0.00603,-0.02991,-0.00115,0.00000,0.00000,-0.137,-0.010,0
943.1500,-0.00604,-0.02993,-0.00115,0.00000,0.00000,-0.137,-0.010,0
943.2020,-0.00604,-0.02996,-0.00115,0.00000,0.00000,-0.137,-0.010,0
943.2540,-0.00605,-0.02999,-0.00115,0.00000,0.00000,-0.137,-0.010,0
943.3060,-0.00606,-0.03002,-0.00115,0.00000,0.00000,-0.137,-0.010,0
943.3580,-0.00606,-0.03004,-0.00115,0.00000,0.00000,-0.138,-0.010,0
943.4100,-0.00606,-0.03004,-0.00115,0.00000,0.00000,-0.138,-0.010,0
943.4620,-0.00606,-0.03004,-0.00115,0.00000,0.00000,-0.138,-0.010,0
943.5140,-0.00605,-0.03002,-0.00115,0.00000,0.00000,-0.138,-0.010,0
943.5660,-0.00605,-0.03001,-0.00115,0.00000,0.00000,-0.137,-0.010,0
943.6180,-0.00604,-0.02999,-0.00115,0.00000,0.00000,-0.137,-0.010,0
943.6700,-0.00604,-0.02997,-0.00115,0.00000,0.00000,-0.137,-0.010,0
943.7220,-0.00603,-0.02995,-0.00115,0.00000,0.00000,-0.137,-0.010,0
943.7740,-0.00603,-0.02992,-0.00115,0.00000,0.00000,-0.137,-0.010,0
943.8260,-0.00602,-0.02990,-0.00115,0.00000,0.00000,-0.137,-0.010,0
943.8780,-0.00602,-0.02988,-0.00115,0.00000,0.00000,-0.137,-0.010,0
943.9300,-0.00601,-0.02987,-0.00115,0.00000,0.00000,-0.137,-0.010,0
943.9820,-0.00601,-0.02985,-0.00115,0.00000,0.00000,-0.137,-0.010,0
944.0340,-0.00601,-0.02984,-0.00115,0.00000,0.00000,-0.137,-0.010,0
944.0860,-0.00600,-0.02981,-0.00115,0.00000,0.00000,-0.137,-0.010,0
944.1380,-0.00599,-0.02977,-0.00115,0.00000,0.00000,-0.137,-0.010,0
944.1900,-0.00598,-0.02973,-0.00115,0.00000,0.00000,-0.136,-0.010,0
944.2420,-0.00598,-0.02971,-0.00115,0.00000,0.00000,-0.136,-0.010,0
944.2940,-0.00597,-0.02969,-0.00115,0.00000,0.00000,-0.136,-0.010,0
944.3460,-0.00597,-0.02966,-0.00115,0.00000,0.00000,-0.136,-0.010,0
944.3980,-0.00596,-0.02964,-0.00115,0.00000,0.00000,-0.136,-0.010,0
944.4500,-0.00596,-0.02961,-0.00115,0.00000,0.00000,-0.136,-0.010,0
944.5020,-0.00595,-0.02959,-0.00115,0.00000,0.00000,-0.136,-0.010,0
944.5540,-0.00595,-0.02957,-0.00115,0.00000,0.00000,-0.135,-0.010,0
944.6060,-0.00595,-0.02955,-0.00115,0.00000,0.00000,-0.135,-0.010,0
944.6580,-0.00594,-0.02952,-0.00115,0.00000,0.00000,-0.135,-0.010,0
944.7100,-0.00593,-0.02948,-0.00115,0.00000,0.00000,-0.135,-0.010,0
944.7620,-0.00593,-0.02947,-0.00115,0.00000,0.00000,-0.135,-0.010,0
944.8140,-0.00593,-0.02946,-0.00115,0.00000,0.00000,-0.135,-0.010,0
944.8660,-0.00593,-0.02947,-0.00115,0.00000,0.00000,-0.135,-0.010,0
944.9180,-0.00594,-0.02948,-0.00115,0.00000,0.00000,-0.135,-0.010,0
944.9700,-0.00594,-0.02949,-0.00115,0.00000,0.00000,-0.135,-0.010,0
945.0220,-0.00595,-0.02951,-0.00115,0.00000,0.00000,-0.135,-0.010,0
945.0740,-0.00595,-0.02952,-0.00115,0.00000,0.00000,-0.135,-0.010,0
945.1260,-0.00596,-0.02954,-0.00115,0.00000,0.00000,-0.135,-0.010,0
945.1780,-0.00596,-0.02956,-0.00115,0.00000,0.00000,-0.135,-0.010,0
945.2300,-0.00597,-0.02959,-0.00115,0.00000,0.00000,-0.135,-0.010,0
945.2820,-0.00598,-0.02964,-0.00115,0.00000,0.00000,-0.136,-0.010,0
945.3340,-0.00599,-0.02968,-0.00115,0.00000,0.00000,-0.136,-0.010,0
945.3860,-0.00600,-0.02972,-0.00115,0.00000,0.00000,-0.136,-0.010,0
945.4380,-0.00601,-0.02975,-0.00115,0.00000,0.00000,-0.136,-0.010,0
945.4900,-0.00601,-0.02976,-0.00115,0.00000,0.00000,-0.136,-0.010,0
945.5420,-0.00601,-0.02977,-0.00115,0.00000,0.00000,-0.136,-0.010,0
945.5940,-0.00601,-0.02978,-0.00115,0.00000,0.00000,-0.136,-0.010,0
945.6460,-0.00602,-0.02980,-0.00115,0.00000,0.00000,-0.136,-0.010,0
945.6980,-0.00602,-0.02983,-0.00115,0.00000,0.00000,-0.136,-0.010,0
945.7500,-0.00603,-0.02986,-0.00115,0.00000,0.00000,-0.137,-0.010,0
945.8020,-0.00604,-0.02990,-0.00115,0.00000,0.00000,-0.137,-0.010,0
945.8540,-0.00605,-0.02994,-0.00115,0.00000,0.00000,-0.137,-0.010,0
945.9060,-0.00605,-0.02997,-0.00115,0.00000,0.00000,-0.137,-0.010,0
945.9580,-0.00606,-0.03001,-0.00115,0.00000,0.00000,-0.137,-0.010,0
946.0100,-0.00607,-0.03004,-0.00115,0.00000,0.00000,-0.137,-0.010,0
946.0620,-0.00607,-0.03006,-0.00115,0.00000,0.00000,-0.138,-0.010,0
946.1140,-0.00608,-0.03009,-0.00115,0.00000,0.00000,-0.138,-0.010,0
946.1660,-0.00608,-0.03010,-0.00115,0.00000,0.00000,-0.138,-0.010,0
946.2180,-0.00608,-0.03013,-0.00115,0.00000,0.00000,-0.138,-0.010,0
946.2700,-0.00609,-0.03017,-0.00115,0.00000,0.00000,-0.138,-0.010,0
946.3220,-0.00610,-0.03022,-0.00115,0.00000,0.00000,-0.138,-0.010,0
946.3740,-0.00611,-0.03027,-0.00115,0.00000,0.00000,-0.139,-0.010,0
946.4260,-0.00612,-0.03032,-0.00115,0.00000,0.00000,-0.139,-0.010,0
946.4780,-0.00613,-0.03038,-0.00115,0.00000,0.00000,-0.139,-0.010,0
946.5300,-0.00614,-0.03041,-0.00115,0.00000,0.00000,-0.139,-0.010,0
946.5820,-0.00614,-0.03042,-0.00115,0.00000,0.00000,-0.140,-0.010,0
946.6340,-0.00614,-0.03042,-0.00115,0.00000,0.00000,-0.140,-0.010,0
946.6860,-0.00613,-0.03040,-0.00115,0.00000,0.00000,-0.140,-0.010,0
946.7380,-0.00613,-0.03038,-0.00115,0.00000,0.00000,-0.140,-0.010,0
946.7900,-0.00612,-0.03036,-0.00115,0.00000,0.00000,-0.139,-0.010,0
946.8420,-0.00611,-0.03033,-0.00115,0.00000,0.00000,-0.139,-0.010,0
946.8940,-0.00610,-0.03031,-0.00115,0.00000,0.00000,-0.139,-0.010,0
946.9460,-0.00610,-0.03028,-0.00115,0.00000,0.00000,-0.139,-0.010,0
946.9980,-0.00609,-0.03024,-0.00115,0.00000,0.00000,-0.139,-0.010,0
947.0500,-0.00608,-0.03022,-0.00115,0.00000,0.00000,-0.139,-0.010,0
947.1020,-0.00607,-0.03019,-0.00115,0.00000,0.00000,-0.139,-0.010,0
947.1540,-0.00606,-0.03016,-0.00115,0.00000,0.00000,-0.139,-0.010,0
947.2060,-0.00606,-0.03012,-0.00115,0.00000,0.00000,-0.138,-0.010,0
947.2580,-0.00605,-0.03008,-0.00115,0.00000,0.00000,-0.138,-0.010,0
947.3100,-0.00604,-0.03004,-0.00115,0.00000,0.00000,-0.138,-0.010,0
947.3620,-0.00603,-0.03001,-0.00115,0.00000,0.00000,-0.138,-0.010,0
947.4140,-0.00602,-0.02997,-0.00115,0.00000,0.00000,-0.138,-0.010,0
947.4660,-0.00601,-0.02994,-0.00115,0.00000,0.00000,-0.138,-0.010,0
947.5180,-0.00601,-0.02991,-0.00115,0.00000,0.00000,-0.138,-0.010,0
947.5700,-0.00601,-0.02990,-0.00115,0.00000,0.00000,-0.137,-0.010,0
947.6220,-0.00601,-0.02989,-0.00115,0.00000,0.00000,-0.137,-0.010,0
947.6740,-0.00600,-0.02988,-0.00115,0.00000,0.00000,-0.137,-0.010,0
947.7260,-0.00601,-0.02988,-0.00115,0.00000,0.00000,-0.137,-0.010,0
947.7780,-0.00601,-0.02988,-0.00115,0.00000,0.00000,-0.137,-0.010,0
947.8300,-0.00601,-0.02988,-0.00115,0.00000,0.00000,-0.137,-0.010,0
947.8820,-0.00601,-0.02988,-0.00115,0.00000,0.00000,-0.137,-0.010,0
947.9340,-0.00601,-0.02988,-0.00115,0.00000,0.00000,-0.137,-0.010,0
947.9860,-0.00601,-0.02988,-0.00115,0.00000,0.00000,-0.137,-0.010,0
948.0380,-0.00601,-0.02988,-0.00115,0.00000,0.00000,-0.137,-0.010,0
948.0900,-0.00601,-0.02989,-0.00115,0.00000,0.00000,-0.137,-0.010,0
948.1420,-0.00602,-0.02991,-0.00115,0.00000,0.00000,-0.137,-0.010,0
948.1940,-0.00602,-0.02992,-0.00115,0.00000,0.00000,-0.137,-0.010,0
948.2460,-0.00603,-0.02994,-0.00115,0.00000,0.00000,-0.138,-0.010,0
948.2980,-0.00603,-0.02995,-0.00115,0.00000,0.00000,-0.138,-0.010,0
948.3500,-0.00604,-0.02996,-0.00115,0.00000,0.00000,-0.138,-0.010,0
948.4020,-0.00604,-0.02997,-0.00115,0.00000,0.00000,-0.138,-0.010,0
948.4540,-0.00604,-0.02998,-0.00115,0.00000,0.00000,-0.138,-0.010,0
948.5060,-0.00604,-0.02998,-0.00115,0.00000,0.00000,-0.138,-0.010,0
948.5580,-0.00604,-0.02998,-0.00115,0.00000,0.00000,-0.138,-0.010,0
948.6100,-0.00604,-0.02999,-0.00115,0.00000,0.00000,-0.138,-0.010,0
948.6620,-0.00605,-0.03000,-0.00115,0.00000,0.00000,-0.138,-0.010,0
948.7140,-0.00605,-0.03002,-0.00115,0.00000,0.00000,-0.138,-0.010,0
948.7660,-0.00606,-0.03005,-0.00115,0.00000,0.00000,-0.138,-0.010,0
948.8180,-0.00606,-0.03007,-0.00115,0.00000,0.00000,-0.138,-0.010,0
948.8700,-0.00606,-0.03008,-0.00115,0.00000,0.00000,-0.138,-0.010,0
948.9220,-0.00606,-0.03008,-0.00115,0.00000,0.00000,-0.138,-0.010,0
948.9740,-0.00606,-0.03005,-0.00115,0.00000,0.00000,-0.138,-0.010,0
949.0260,-0.00605,-0.03002,-0.00115,0.00000,0.00000,-0.138,-0.010,0
949.0780,-0.00604,-0.03000,-0.00115,0.00000,0.00000,-0.138,-0.010,0
949.1300,-0.00604,-0.02999,-0.00115,0.00000,0.00000,-0.138,-0.010,0
949.1820,-0.00604,-0.02999,-0.00115,0.00000,0.00000,-0.138,-0.010,0
949.2340,-0.00604,-0.02998,-0.00115,0.00000,0.00000,-0.138,-0.010,0
949.2860,-0.00603,-0.02996,-0.00115,0.00000,0.00000,-0.138,-0.010,0
949.3380,-0.00603,-0.02993,-0.00115,0.00000,0.00000,-0.138,-0.010,0
949.3900,-0.00602,-0.02991,-0.00115,0.00000,0.00000,-0.137,-0.010,0
949.4420,-0.00602,-0.02989,-0.00115,0.00000,0.00000,-0.137,-0.010,0
949.4940,-0.00602,-0.02988,-0.00115,0.00000,0.00000,-0.137,-0.010,0
949.5460,-0.00601,-0.02987,-0.00115,0.00000,0.00000,-0.137,-0.010,0
949.5980,-0.00601,-0.02985,-0.00115,0.00000,0.00000,-0.137,-0.010,0
949.6500,-0.00601,-0.02985,-0.00115,0.00000,0.00000,-0.137,-0.010,0
949.7020,-0.00601,-0.02985,-0.00115,0.00000,0.00000,-0.137,-0.010,0
949.7540,-0.00601,-0.02984,-0.00115,0.00000,0.00000,-0.137,-0.010,0
949.8060,-0.00600,-0.02983,-0.00115,0.00000,0.00000,-0.137,-0.010,0
949.8580,-0.00600,-0.02981,-0.00115,0.00000,0.00000,-0.137,-0.010,0
949.9100,-0.00600,-0.02980,-0.00115,0.00000,0.00000,-0.137,-0.010,0
949.9620,-0.00600,-0.02979,-0.00115,0.00000,0.00000,-0.137,-0.010,0
950.0140,-0.00600,-0.02978,-0.00115,0.00000,0.00000,-0.137,-0.010,0
950.0660,-0.00599,-0.02975,-0.00115,0.00000,0.00000,-0.137,-0.010,0
950.1180,-0.00599,-0.02974,-0.00115,0.00000,0.00000,-0.136,-0.010,0
950.1700,-0.00598,-0.02972,-0.00115,0.00000,0.00000,-0.136,-0.010,0
950.2220,-0.00598,-0.02971,-0.00115,0.00000,0.00000,-0.136,-0.010,0
950.2740,-0.00598,-0.02971,-0.00115,0.00000,0.00000,-0.136,-0.010,0
950.3260,-0.00598,-0.02972,-0.00115,0.00000,0.00000,-0.136,-0.010,0
950.3780,-0.00598,-0.02971,-0.00115,0.00000,0.00000,-0.136,-0.010,0
950.4300,-0.00599,-0.02972,-0.00115,0.00000,0.00000,-0.136,-0.010,0
950.4820,-0.00599,-0.02972,-0.00115,0.00000,0.00000,-0.136,-0.010,0
950.5340,-0.00599,-0.02973,-0.00115,0.00000,0.00000,-0.136,-0.010,0
950.5860,-0.00599,-0.02974,-0.00115,0.00000,0.00000,-0.136,-0.010,0
950.6380,-0.00600,-0.02975,-0.00115,0.00000,0.00000,-0.136,-0.010,0
950.6900,-0.00600,-0.02976,-0.00115,0.00000,0.00000,-0.136,-0.010,0
950.7420,-0.00600,-0.02976,-0.00115,0.00000,0.00000,-0.136,-0.010,0
950.7940,-0.00600,-0.02975,-0.00115,0.00000,0.00000,-0.136,-0.010,0
950.8460,-0.00599,-0.02973,-0.00115,0.00000,0.00000,-0.136,-0.010,0
950.8980,-0.00599,-0.02972,-0.00115,0.00000,0.00000,-0.136,-0.010,0
950.9500,-0.00599,-0.02970,-0.00115,0.00000,0.00000,-0.136,-0.010,0
951.0020,-0.00598,-0.02969,-0.00115,0.00000,0.00000,-0.136,-0.010,0
951.0540,-0.00598,-0.02968,-0.00115,0.00000,0.00000,-0.136,-0.010,0
951.1060,-0.00598,-0.02967,-0.00115,0.00000,0.00000,-0.136,-0.010,0
951.1580,-0.00598,-0.02967,-0.00115,0.00000,0.00000,-0.136,-0.010,0
951.2100,-0.00598,-0.02968,-0.00115,0.00000,0.00000,-0.136,-0.010,0
951.2620,-0.00598,-0.02968,-0.00115,0.00000,0.00000,-0.136,-0.010,0
951.3140,-0.00598,-0.02968,-0.00115,0.00000,0.00000,-0.136,-0.010,0
951.3660,-0.00598,-0.02968,-0.00115,0.00000,0.00000,-0.136,-0.010,0
951.4180,-0.00598,-0.02967,-0.00115,0.00000,0.00000,-0.136,-0.010,0
951.4700,-0.00598,-0.02966,-0.00115,0.00000,0.00000,-0.136,-0.010,0
951.5220,-0.00598,-0.02965,-0.00115,0.00000,0.00000,-0.136,-0.010,0
951.5740,-0.00597,-0.02963,-0.00115,0.00000,0.00000,-0.136,-0.010,0
951.6260,-0.00597,-0.02962,-0.00115,0.00000,0.00000,-0.136,-0.010,0
951.6780,-0.00597,-0.02962,-0.00115,0.00000,0.00000,-0.136,-0.010,0
951.7300,-0.00597,-0.02962,-0.00115,0.00000,0.00000,-0.136,-0.010,0
951.7820,-0.00597,-0.02960,-0.00115,0.00000,0.00000,-0.135,-0.010,0
951.8340,-0.00596,-0.02959,-0.00115,0.00000,0.00000,-0.135,-0.010,0
951.8860,-0.00596,-0.02957,-0.00115,0.00000,0.00000,-0.135,-0.010,0
951.9380,-0.00596,-0.02956,-0.00115,0.00000,0.00000,-0.135,-0.010,0
951.9900,-0.00596,-0.02956,-0.00115,0.00000,0.00000,-0.135,-0.010,0
952.0420,-0.00596,-0.02956,-0.00115,0.00000,0.00000,-0.135,-0.010,0
952.0940,-0.00596,-0.02957,-0.00115,0.00000,0.00000,-0.135,-0.010,0
952.1460,-0.00596,-0.02956,-0.00115,0.00000,0.00000,-0.135,-0.010,0
952.1980,-0.00596,-0.02955,-0.00115,0.00000,0.00000,-0.135,-0.010,0
952.2500,-0.00596,-0.02954,-0.00115,0.00000,0.00000,-0.135,-0.010,0
952.3020,-0.00596,-0.02955,-0.00115,0.00000,0.00000,-0.135,-0.010,0
952.3540,-0.00596,-0.02956,-0.00115,0.00000,0.00000,-0.135,-0.010,0
952.4060,-0.00596,-0.02957,-0.00115,0.00000,0.00000,-0.135,-0.010,0
952.4580,-0.00597,-0.02959,-0.00115,0.00000,0.00000,-0.135,-0.010,0
952.5100,-0.00597,-0.02961,-0.00115,0.00000,0.00000,-0.135,-0.010,0
952.5620,-0.00598,-0.02965,-0.00115,0.00000,0.00000,-0.135,-0.010,0
952.6140,-0.00599,-0.02968,-0.00115,0.00000,0.00000,-0.136,-0.010,0
952.6660,-0.00600,-0.02972,-0.00115,0.00000,0.00000,-0.136,-0.010,0
952.7180,-0.00601,-0.02976,-0.00115,0.00000,0.00000,-0.136,-0.010,0
952.7700,-0.00602,-0.02979,-0.00115,0.00000,0.00000,-0.136,-0.010,0
952.8220,-0.00602,-0.02983,-0.00115,0.00000,0.00000,-0.136,-0.010,0
952.8740,-0.00603,-0.02986,-0.00115,0.00000,0.00000,-0.136,-0.010,0
952.9260,-0.00603,-0.02988,-0.00115,0.00000,0.00000,-0.137,-0.010,0
952.9780,-0.00604,-0.02990,-0.00115,0.00000,0.00000,-0.137,-0.010,0
953.0300,-0.00604,-0.02992,-0.00115,0.00000,0.00000,-0.137,-0.010,0
953.0820,-0.00605,-0.02994,-0.00115,0.00000,0.00000,-0.137,-0.010,0
953.1340,-0.00605,-0.02996,-0.00115,0.00000,0.00000,-0.137,-0.010,0
953.1860,-0.00605,-0.02998,-0.00115,0.00000,0.00000,-0.137,-0.010,0
953.2380,-0.00606,-0.02999,-0.00115,0.00000,0.00000,-0.137,-0.010,0
953.2900,-0.00606,-0.03000,-0.00115,0.00000,0.00000,-0.137,-0.010,0
953.3420,-0.00606,-0.03001,-0.00115,0.00000,0.00000,-0.137,-0.010,0
953.3940,-0.00606,-0.03002,-0.00115,0.00000,0.00000,-0.137,-0.010,0
953.4460,-0.00606,-0.03004,-0.00115,0.00000,0.00000,-0.137,-0.010,0
953.4980,-0.00606,-0.03005,-0.00115,0.00000,0.00000,-0.138,-0.010,0
953.5500,-0.00606,-0.03005,-0.00115,0.00000,0.00000,-0.138,-0.010,0
953.6020,-0.00606,-0.03004,-0.00115,0.00000,0.00000,-0.138,-0.010,0
953.6540,-0.00606,-0.03004,-0.00115,0.00000,0.00000,-0.138,-0.010,0
953.7060,-0.00606,-0.03005,-0.00115,0.00000,0.00000,-0.138,-0.010,0
953.7580,-0.00606,-0.03006,-0.00115,0.00000,0.00000,-0.138,-0.010,0
953.8100,-0.00607,-0.03008,-0.00115,0.00000,0.00000,-0.138,-0.010,0
953.8620,-0.00607,-0.03010,-0.00115,0.00000,0.00000,-0.138,-0.010,0
953.9140,-0.00607,-0.03012,-0.00115,0.00000,0.00000,-0.138,-0.010,0
953.9660,-0.00608,-0.03013,-0.00115,0.00000,0.00000,-0.138,-0.010,0
954.0180,-0.00608,-0.03016,-0.00115,0.00000,0.00000,-0.138,-0.010,0
954.0700,-0.00608,-0.03018,-0.00115,0.00000,0.00000,-0.138,-0.010,0
954.1220,-0.00609,-0.03022,-0.00115,0.00000,0.00000,-0.139,-0.010,0
954.1740,-0.00610,-0.03024,-0.00115,0.00000,0.00000,-0.139,-0.010,0
954.2260,-0.00610,-0.03026,-0.00115,0.00000,0.00000,-0.139,-0.010,0
954.2780,-0.00611,-0.03029,-0.00115,0.00000,0.00000,-0.139,-0.010,0
954.3300,-0.00611,-0.03030,-0.00115,0.00000,0.00000,-0.139,-0.010,0
954.3820,-0.00611,-0.03029,-0.00115,0.00000,0.00000,-0.139,-0.010,0
954.4340,-0.00610,-0.03029,-0.00115,0.00000,0.00000,-0.139,-0.010,0
954.4860,-0.00610,-0.03029,-0.00115,0.00000,0.00000,-0.139,-0.010,0
954.5380,-0.00610,-0.03029,-0.00115,0.00000,0.00000,-0.139,-0.010,0
954.5900,-0.00610,-0.03027,-0.00115,0.00000,0.00000,-0.139,-0.010,0
954.6420,-0.00609,-0.03026,-0.00115,0.00000,0.00000,-0.139,-0.010,0
954.6940,-0.00609,-0.03024,-0.00115,0.00000,0.00000,-0.139,-0.010,0
954.7460,-0.00609,-0.03023,-0.00115,0.00000,0.00000,-0.139,-0.010,0
954.7980,-0.00608,-0.03022,-0.00115,0.00000,0.00000,-0.139,-0.010,0
954.8500,-0.00608,-0.03021,-0.00115,0.00000,0.00000,-0.139,-0.010,0
954.9020,-0.00608,-0.03020,-0.00115,0.00000,0.00000,-0.139,-0.010,0
954.9540,-0.00608,-0.03021,-0.00115,0.00000,0.00000,-0.139,-0.010,0
955.0060,-0.00608,-0.03023,-0.00115,0.00000,0.00000,-0.139,-0.010,0
955.0580,-0.00609,-0.03025,-0.00115,0.00000,0.00000,-0.139,-0.010,0
955.1100,-0.00610,-0.03028,-0.00115,0.00000,0.00000,-0.139,-0.010,0
955.1620,-0.00610,-0.03030,-0.00115,0.00000,0.00000,-0.139,-0.010,0
955.2140,-0.00611,-0.03033,-0.00115,0.00000,0.00000,-0.140,-0.010,0
955.2660,-0.00611,-0.03036,-0.00115,0.00000,0.00000,-0.140,-0.010,0
955.3180,-0.00612,-0.03037,-0.00115,0.00000,0.00000,-0.140,-0.010,0
955.3700,-0.00612,-0.03039,-0.00115,0.00000,0.00000,-0.140,-0.010,0
955.4220,-0.00613,-0.03042,-0.00115,0.00000,0.00000,-0.140,-0.010,0
955.4740,-0.00613,-0.03044,-0.00115,0.00000,0.00000,-0.140,-0.010,0
955.5260,-0.00613,-0.03046,-0.00115,0.00000,0.00000,-0.140,-0.010,0
955.5780,-0.00614,-0.03047,-0.00115,0.00000,0.00000,-0.140,-0.010,0
955.6300,-0.00613,-0.03047,-0.00115,0.00000,0.00000,-0.140,-0.010,0
955.6820,-0.00613,-0.03047,-0.00115,0.00000,0.00000,-0.140,-0.010,0
955.7340,-0.00614,-0.03049,-0.00115,0.00000,0.00000,-0.140,-0.010,0
955.7860,-0.00615,-0.03052,-0.00115,0.00000,0.00000,-0.141,-0.010,0
955.8380,-0.00615,-0.03055,-0.00115,0.00000,0.00000,-0.141,-0.010,0
955.8900,-0.00616,-0.03058,-0.00115,0.00000,0.00000,-0.141,-0.010,0
955.9420,-0.00616,-0.03060,-0.00115,0.00000,0.00000,-0.141,-0.010,0
955.9940,-0.00617,-0.03062,-0.00115,0.00000,0.00000,-0.141,-0.010,0
956.0460,-0.00617,-0.03065,-0.00115,0.00000,0.00000,-0.141,-0.010,0
956.0980,-0.00618,-0.03068,-0.00115,0.00000,0.00000,-0.141,-0.010,0
956.1500,-0.00618,-0.03071,-0.00115,0.00000,0.00000,-0.142,-0.010,0
956.2020,-0.00619,-0.03073,-0.00115,0.00000,0.00000,-0.142,-0.010,0
956.2540,-0.00619,-0.03074,-0.00115,0.00000,0.00000,-0.142,-0.010,0
956.3060,-0.00619,-0.03073,-0.00115,0.00000,0.00000,-0.142,-0.010,0
956.3580,-0.00618,-0.03072,-0.00115,0.00000,0.00000,-0.142,-0.010,0
956.4100,-0.00618,-0.03071,-0.00115,0.00000,0.00000,-0.142,-0.010,0
956.4620,-0.00618,-0.03071,-0.00115,0.00000,0.00000,-0.142,-0.010,0
956.5140,-0.00618,-0.03072,-0.00115,0.00000,0.00000,-0.142,-0.010,0
956.5660,-0.00618,-0.03071,-0.00115,0.00000,0.00000,-0.142,-0.010,0
956.6180,-0.00617,-0.03070,-0.00115,0.00000,0.00000,-0.142,-0.010,0
956.6700,-0.00617,-0.03071,-0.00115,0.00000,0.00000,-0.142,-0.010,0
956.7220,-0.00617,-0.03071,-0.00115,0.00000,0.00000,-0.142,-0.010,0
956.7740,-0.00617,-0.03071,-0.00115,0.00000,0.00000,-0.142,-0.010,0
956.8260,-0.00618,-0.03072,-0.00115,0.00000,0.00000,-0.142,-0.010,0
956.8780,-0.00618,-0.03074,-0.00115,0.00000,0.00000,-0.142,-0.010,0
956.9300,-0.00618,-0.03075,-0.00115,0.00000,0.00000,-0.142,-0.010,0
956.9820,-0.00618,-0.03076,-0.00115,0.00000,0.00000,-0.142,-0.010,0
957.0340,-0.00618,-0.03076,-0.00115,0.00000,0.00000,-0.142,-0.010,0
957.0860,-0.00618,-0.03074,-0.00115,0.00000,0.00000,-0.142,-0.010,0
957.1380,-0.00618,-0.03073,-0.00115,0.00000,0.00000,-0.142,-0.010,0
957.1900,-0.00617,-0.03073,-0.00115,0.00000,0.00000,-0.142,-0.010,0
957.2420,-0.00618,-0.03074,-0.00115,0.00000,0.00000,-0.142,-0.010,0
957.2940,-0.00618,-0.03076,-0.00115,0.00000,0.00000,-0.142,-0.010,0
957.3460,-0.00619,-0.03078,-0.00115,0.00000,0.00000,-0.142,-0.010,0
957.3980,-0.00619,-0.03080,-0.00115,0.00000,0.00000,-0.143,-0.010,0
957.4500,-0.00619,-0.03081,-0.00115,0.00000,0.00000,-0.143,-0.010,0
957.5020,-0.00619,-0.03081,-0.00115,0.00000,0.00000,-0.143,-0.010,0
957.5540,-0.00619,-0.03081,-0.00115,0.00000,0.00000,-0.143,-0.010,0
957.6060,-0.00619,-0.03082,-0.00115,0.00000,0.00000,-0.143,-0.010,0
957.6580,-0.00620,-0.03083,-0.00115,0.00000,0.00000,-0.143,-0.010,0
957.7100,-0.00620,-0.03085,-0.00115,0.00000,0.00000,-0.143,-0.010,0
957.7620,-0.00620,-0.03086,-0.00115,0.00000,0.00000,-0.143,-0.010,0
957.8140,-0.00621,-0.03089,-0.00115,0.00000,0.00000,-0.143,-0.010,0
957.8660,-0.00622,-0.03093,-0.00115,0.00000,0.00000,-0.143,-0.010,0
957.9180,-0.00622,-0.03096,-0.00115,0.00000,0.00000,-0.143,-0.010,0
957.9700,-0.00623,-0.03099,-0.00115,0.00000,0.00000,-0.144,-0.010,0
958.0220,-0.00624,-0.03103,-0.00115,0.00000,0.00000,-0.144,-0.010,0
958.0740,-0.00625,-0.03107,-0.00115,0.00000,0.00000,-0.144,-0.010,0
958.1260,-0.00625,-0.03110,-0.00115,0.00000,0.00000,-0.144,-0.010,0
958.1780,-0.00626,-0.03113,-0.00115,0.00000,0.00000,-0.144,-0.010,0
958.2300,-0.00627,-0.03117,-0.00115,0.00000,0.00000,-0.145,-0.010,0
958.2820,-0.00628,-0.03121,-0.00115,0.00000,0.00000,-0.145,-0.010,0
958.3340,-0.00628,-0.03124,-0.00115,0.00000,0.00000,-0.145,-0.010,0
958.3860,-0.00629,-0.03127,-0.00115,0.00000,0.00000,-0.145,-0.010,0
958.4380,-0.00629,-0.03127,-0.00115,0.00000,0.00000,-0.145,-0.010,0
958.4900,-0.00629,-0.03127,-0.00115,0.00000,0.00000,-0.145,-0.010,0
958.5420,-0.00629,-0.03127,-0.00115,0.00000,0.00000,-0.145,-0.010,0
958.5940,-0.00628,-0.03126,-0.00115,0.00000,0.00000,-0.145,-0.010,0
958.6460,-0.00628,-0.03125,-0.00115,0.00000,0.00000,-0.145,-0.010,0
958.6980,-0.00627,-0.03124,-0.00115,0.00000,0.00000,-0.145,-0.010,0
958.7500,-0.00627,-0.03123,-0.00115,0.00000,0.00000,-0.145,-0.010,0
958.8020,-0.00627,-0.03124,-0.00115,0.00000,0.00000,-0.145,-0.010,0
958.8540,-0.00628,-0.03126,-0.00115,0.00000,0.00000,-0.145,-0.010,0
958.9060,-0.00628,-0.03128,-0.00115,0.00000,0.00000,-0.145,-0.010,0
958.9580,-0.00629,-0.03132,-0.00115,0.00000,0.00000,-0.146,-0.010,0
959.0100,-0.00630,-0.03135,-0.00115,0.00000,0.00000,-0.146,-0.010,0
959.0620,-0.00630,-0.03138,-0.00115,0.00000,0.00000,-0.146,-0.010,0
959.1140,-0.00630,-0.03139,-0.00115,0.00000,0.00000,-0.146,-0.010,0
959.1660,-0.00630,-0.03139,-0.00115,0.00000,0.00000,-0.146,-0.010,0
959.2180,-0.00630,-0.03138,-0.00115,0.00000,0.00000,-0.146,-0.010,0
959.2700,-0.00630,-0.03138,-0.00115,0.00000,0.00000,-0.146,-0.010,0
959.3220,-0.00629,-0.03136,-0.00115,0.00000,0.00000,-0.146,-0.010,0
959.3740,-0.00629,-0.03134,-0.00115,0.00000,0.00000,-0.146,-0.010,0
959.4260,-0.00628,-0.03131,-0.00115,0.00000,0.00000,-0.146,-0.010,0
959.4780,-0.00627,-0.03128,-0.00115,0.00000,0.00000,-0.146,-0.010,0
959.5300,-0.00627,-0.03127,-0.00115,0.00000,0.00000,-0.146,-0.010,0
959.5820,-0.00627,-0.03126,-0.00115,0.00000,0.00000,-0.146,-0.010,0
959.6340,-0.00627,-0.03126,-0.00115,0.00000,0.00000,-0.146,-0.010,0
959.6860,-0.00627,-0.03127,-0.00115,0.00000,0.00000,-0.146,-0.010,0
959.7380,-0.00627,-0.03129,-0.00115,0.00000,0.00000,-0.146,-0.010,0
959.7900,-0.00627,-0.03130,-0.00115,0.00000,0.00000,-0.146,-0.010,0
959.8420,-0.00628,-0.03131,-0.00115,0.00000,0.00000,-0.146,-0.010,0
959.8940,-0.00628,-0.03131,-0.00115,0.00000,0.00000,-0.146,-0.010,0
959.9460,-0.00628,-0.03130,-0.00115,0.00000,0.00000,-0.146,-0.010,0
959.9980,-0.00627,-0.03128,-0.00115,0.00000,0.00000,-0.146,-0.010,0
960.0500,-0.00626,-0.03124,-0.00115,0.00000,0.00000,-0.146,-0.010,0
960.1020,-0.00626,-0.03122,-0.00115,0.00000,0.00000,-0.146,-0.010,0
960.1540,-0.00625,-0.03119,-0.00115,0.00000,0.00000,-0.146,-0.010,0
960.2060,-0.00624,-0.03116,-0.00115,0.00000,0.00000,-0.145,-0.010,0
960.2580,-0.00624,-0.03114,-0.00115,0.00000,0.00000,-0.145,-0.010,0
960.3100,-0.00623,-0.03111,-0.00115,0.00000,0.00000,-0.145,-0.010,0
960.3620,-0.00622,-0.03107,-0.00115,0.00000,0.00000,-0.145,-0.010,0
960.4140,-0.00621,-0.03103,-0.00115,0.00000,0.00000,-0.145,-0.010,0
960.4660,-0.00620,-0.03098,-0.00115,0.00000,0.00000,-0.145,-0.010,0
960.5180,-0.00619,-0.03093,-0.00115,0.00000,0.00000,-0.144,-0.010,0
960.5700,-0.00618,-0.03088,-0.00115,0.00000,0.00000,-0.144,-0.010,0
960.6220,-0.00617,-0.03083,-0.00115,0.00000,0.00000,-0.144,-0.010,0
960.6740,-0.00616,-0.03078,-0.00115,0.00000,0.00000,-0.144,-0.010,0
960.7260,-0.00615,-0.03073,-0.00115,0.00000,0.00000,-0.143,-0.010,0
960.7780,-0.00614,-0.03069,-0.00115,0.00000,0.00000,-0.143,-0.010,0
960.8300,-0.00614,-0.03066,-0.00115,0.00000,0.00000,-0.143,-0.010,0
960.8820,-0.00613,-0.03063,-0.00115,0.00000,0.00000,-0.143,-0.010,0
960.9340,-0.00613,-0.03061,-0.00115,0.00000,0.00000,-0.143,-0.010,0
960.9860,-0.00613,-0.03059,-0.00115,0.00000,0.00000,-0.142,-0.010,0
961.0380,-0.00613,-0.03058,-0.00115,0.00000,0.00000,-0.142,-0.010,0
961.0900,-0.00613,-0.03059,-0.00115,0.00000,0.00000,-0.142,-0.010,0
961.1420,-0.00613,-0.03059,-0.00115,0.00000,0.00000,-0.142,-0.010,0
961.1940,-0.00614,-0.03060,-0.00115,0.00000,0.00000,-0.142,-0.010,0
961.2460,-0.00614,-0.03062,-0.00115,0.00000,0.00000,-0.142,-0.010,0
961.2980,-0.00615,-0.03065,-0.00115,0.00000,0.00000,-0.142,-0.010,0
961.3500,-0.00616,-0.03068,-0.00115,0.00000,0.00000,-0.143,-0.010,0
961.4020,-0.00617,-0.03072,-0.00115,0.00000,0.00000,-0.143,-0.010,0
961.4540,-0.00618,-0.03077,-0.00115,0.00000,0.00000,-0.143,-0.010,0
961.5060,-0.00620,-0.03082,-0.00115,0.00000,0.00000,-0.143,-0.010,0
961.5580,-0.00621,-0.03087,-0.00115,0.00000,0.00000,-0.143,-0.010,0
961.6100,-0.00622,-0.03091,-0.00115,0.00000,0.00000,-0.144,-0.010,0
961.6620,-0.00623,-0.03095,-0.00115,0.00000,0.00000,-0.144,-0.010,0
961.7140,-0.00624,-0.03098,-0.00115,0.00000,0.00000,-0.144,-0.010,0
961.7660,-0.00624,-0.03102,-0.00115,0.00000,0.00000,-0.144,-0.010,0
961.8180,-0.00625,-0.03105,-0.00115,0.00000,0.00000,-0.144,-0.010,0
961.8700,-0.00625,-0.03107,-0.00115,0.00000,0.00000,-0.144,-0.010,0
961.9220,-0.00625,-0.03107,-0.00115,0.00000,0.00000,-0.144,-0.010,0
961.9740,-0.00625,-0.03105,-0.00115,0.00000,0.00000,-0.144,-0.010,0
962.0260,-0.00625,-0.03106,-0.00115,0.00000,0.00000,-0.144,-0.010,0
962.0780,-0.00625,-0.03106,-0.00115,0.00000,0.00000,-0.144,-0.010,0
962.1300,-0.00625,-0.03108,-0.00115,0.00000,0.00000,-0.144,-0.010,0
962.1820,-0.00625,-0.03108,-0.00115,0.00000,0.00000,-0.145,-0.010,0
962.2340,-0.00625,-0.03110,-0.00115,0.00000,0.00000,-0.145,-0.010,0
962.2860,-0.00626,-0.03112,-0.00115,0.00000,0.00000,-0.145,-0.010,0
962.3380,-0.00626,-0.03114,-0.00115,0.00000,0.00000,-0.145,-0.010,0
962.3900,-0.00626,-0.03115,-0.00115,0.00000,0.00000,-0.145,-0.010,0
962.4420,-0.00626,-0.03116,-0.00115,0.00000,0.00000,-0.145,-0.010,0
962.4940,-0.00626,-0.03117,-0.00115,0.00000,0.00000,-0.145,-0.010,0
962.5460,-0.00626,-0.03116,-0.00115,0.00000,0.00000,-0.145,-0.010,0
962.5980,-0.00626,-0.03116,-0.00115,0.00000,0.00000,-0.145,-0.010,0
962.6500,-0.00626,-0.03117,-0.00115,0.00000,0.00000,-0.145,-0.010,0
962.7020,-0.00627,-0.03119,-0.00115,0.00000,0.00000,-0.145,-0.010,0
962.7540,-0.00627,-0.03120,-0.00115,0.00000,0.00000,-0.145,-0.010,0
962.8060,-0.00627,-0.03121,-0.00115,0.00000,0.00000,-0.145,-0.010,0
962.8580,-0.00627,-0.03121,-0.00115,0.00000,0.00000,-0.145,-0.010,0
962.9100,-0.00627,-0.03121,-0.00115,0.00000,0.00000,-0.145,-0.010,0
962.9620,-0.00627,-0.03121,-0.00115,0.00000,0.00000,-0.145,-0.010,0
963.0140,-0.00627,-0.03121,-0.00115,0.00000,0.00000,-0.145,-0.010,0
963.0660,-0.00627,-0.03123,-0.00115,0.00000,0.00000,-0.145,-0.010,0
963.1180,-0.00627,-0.03123,-0.00115,0.00000,0.00000,-0.145,-0.010,0
963.1700,-0.00627,-0.03123,-0.00115,0.00000,0.00000,-0.145,-0.010,0
963.2220,-0.00627,-0.03122,-0.00115,0.00000,0.00000,-0.145,-0.010,0
963.2740,-0.00626,-0.03121,-0.00115,0.00000,0.00000,-0.145,-0.010,0
963.3260,-0.00626,-0.03119,-0.00115,0.00000,0.00000,-0.145,-0.010,0
963.3780,-0.00625,-0.03118,-0.00115,0.00000,0.00000,-0.145,-0.010,0
963.4300,-0.00625,-0.03116,-0.00115,0.00000,0.00000,-0.145,-0.010,0
963.4820,-0.00625,-0.03116,-0.00115,0.00000,0.00000,-0.145,-0.010,0
963.5340,-0.00625,-0.03115,-0.00115,0.00000,0.00000,-0.145,-0.010,0
963.5860,-0.00624,-0.03113,-0.00115,0.00000,0.00000,-0.145,-0.010,0
963.6380,-0.00624,-0.03113,-0.00115,0.00000,0.00000,-0.145,-0.010,0
963.6900,-0.00624,-0.03112,-0.00115,0.00000,0.00000,-0.145,-0.010,0
963.7420,-0.00624,-0.03110,-0.00115,0.00000,0.00000,-0.145,-0.010,0
963.7940,-0.00623,-0.03109,-0.00115,0.00000,0.00000,-0.145,-0.010,0
963.8460,-0.00623,-0.03109,-0.00115,0.00000,0.00000,-0.145,-0.010,0
963.8980,-0.00624,-0.03110,-0.00115,0.00000,0.00000,-0.145,-0.010,0
963.9500,-0.00624,-0.03111,-0.00115,0.00000,0.00000,-0.145,-0.010,0
964.0020,-0.00624,-0.03112,-0.00115,0.00000,0.00000,-0.145,-0.010,0
964.0540,-0.00624,-0.03111,-0.00115,0.00000,0.00000,-0.145,-0.010,0
964.1060,-0.00624,-0.03112,-0.00115,0.00000,0.00000,-0.145,-0.010,0
964.1580,-0.00625,-0.03113,-0.00115,0.00000,0.00000,-0.145,-0.010,0
964.2100,-0.00625,-0.03114,-0.00115,0.00000,0.00000,-0.145,-0.010,0
964.2620,-0.00624,-0.03113,-0.00115,0.00000,0.00000,-0.145,-0.010,0
964.3140,-0.00624,-0.03111,-0.00115,0.00000,0.00000,-0.145,-0.010,0
964.3660,-0.00624,-0.03110,-0.00115,0.00000,0.00000,-0.145,-0.010,0
964.4180,-0.00624,-0.03110,-0.00115,0.00000,0.00000,-0.145,-0.010,0
964.4700,-0.00624,-0.03111,-0.00115,0.00000,0.00000,-0.145,-0.010,0
964.5220,-0.00625,-0.03113,-0.00115,0.00000,0.00000,-0.145,-0.010,0
964.5740,-0.00625,-0.03115,-0.00115,0.00000,0.00000,-0.145,-0.010,0
964.6260,-0.00626,-0.03117,-0.00115,0.00000,0.00000,-0.145,-0.010,0
964.6780,-0.00626,-0.03120,-0.00115,0.00000,0.00000,-0.145,-0.010,0
964.7300,-0.00627,-0.03123,-0.00115,0.00000,0.00000,-0.145,-0.010,0
964.7820,-0.00628,-0.03126,-0.00115,0.00000,0.00000,-0.146,-0.010,0
964.8340,-0.00628,-0.03129,-0.00115,0.00000,0.00000,-0.146,-0.010,0
964.8860,-0.00629,-0.03132,-0.00115,0.00000,0.00000,-0.146,-0.010,0
964.9380,-0.00630,-0.03134,-0.00115,0.00000,0.00000,-0.146,-0.010,0
964.9900,-0.00630,-0.03137,-0.00115,0.00000,0.00000,-0.146,-0.010,0
965.0420,-0.00631,-0.03140,-0.00115,0.00000,0.00000,-0.146,-0.010,0
965.0940,-0.00632,-0.03144,-0.00115,0.00000,0.00000,-0.146,-0.010,0
965.1460,-0.00632,-0.03147,-0.00115,0.00000,0.00000,-0.147,-0.010,0
965.1980,-0.00633,-0.03149,-0.00115,0.00000,0.00000,-0.147,-0.010,0
965.2500,-0.00633,-0.03152,-0.00115,0.00000,0.00000,-0.147,-0.010,0
965.3020,-0.00634,-0.03154,-0.00115,0.00000,0.00000,-0.147,-0.010,0
965.3540,-0.00634,-0.03157,-0.00115,0.00000,0.00000,-0.147,-0.010,0
965.4060,-0.00635,-0.03162,-0.00115,0.00000,0.00000,-0.147,-0.010,0
965.4580,-0.00636,-0.03165,-0.00115,0.00000,0.00000,-0.148,-0.010,0
965.5100,-0.00637,-0.03168,-0.00115,0.00000,0.00000,-0.148,-0.010,0
965.5620,-0.00637,-0.03171,-0.00115,0.00000,0.00000,-0.148,-0.010,0
965.6140,-0.00637,-0.03173,-0.00115,0.00000,0.00000,-0.148,-0.010,0
965.6660,-0.00637,-0.03174,-0.00115,0.00000,0.00000,-0.148,-0.010,0
965.7180,-0.00638,-0.03176,-0.00115,0.00000,0.00000,-0.148,-0.010,0
965.7700,-0.00638,-0.03178,-0.00115,0.00000,0.00000,-0.148,-0.010,0
965.8220,-0.00638,-0.03180,-0.00115,0.00000,0.00000,-0.149,-0.010,0
965.8740,-0.00639,-0.03182,-0.00115,0.00000,0.00000,-0.149,-0.010,0
965.9260,-0.00639,-0.03183,-0.00115,0.00000,0.00000,-0.149,-0.010,0
965.9780,-0.00638,-0.03182,-0.00115,0.00000,0.00000,-0.149,-0.010,0
966.0300,-0.00638,-0.03180,-0.00115,0.00000,0.00000,-0.149,-0.010,0
966.0820,-0.00637,-0.03178,-0.00115,0.00000,0.00000,-0.149,-0.010,0
966.1340,-0.00636,-0.03175,-0.00115,0.00000,0.00000,-0.149,-0.010,0
966.1860,-0.00636,-0.03173,-0.00115,0.00000,0.00000,-0.148,-0.010,0
966.2380,-0.00635,-0.03170,-0.00115,0.00000,0.00000,-0.148,-0.010,0
966.2900,-0.00634,-0.03166,-0.00115,0.00000,0.00000,-0.148,-0.010,0
966.3420,-0.00633,-0.03161,-0.00115,0.00000,0.00000,-0.148,-0.010,0
966.3940,-0.00631,-0.03156,-0.00115,0.00000,0.00000,-0.148,-0.010,0
966.4460,-0.00630,-0.03152,-0.00115,0.00000,0.00000,-0.148,-0.010,0
966.4980,-0.00630,-0.03149,-0.00115,0.00000,0.00000,-0.147,-0.010,0
966.5500,-0.00629,-0.03147,-0.00115,0.00000,0.00000,-0.147,-0.010,0
966.6020,-0.00629,-0.03145,-0.00115,0.00000,0.00000,-0.147,-0.010,0
966.6540,-0.00628,-0.03142,-0.00115,0.00000,0.00000,-0.147,-0.010,0
966.7060,-0.00628,-0.03139,-0.00115,0.00000,0.00000,-0.147,-0.010,0
966.7580,-0.00627,-0.03136,-0.00115,0.00000,0.00000,-0.147,-0.010,0
966.8100,-0.00627,-0.03134,-0.00115,0.00000,0.00000,-0.147,-0.010,0
966.8620,-0.00627,-0.03133,-0.00115,0.00000,0.00000,-0.147,-0.010,0
966.9140,-0.00627,-0.03134,-0.00115,0.00000,0.00000,-0.147,-0.010,0
966.9660,-0.00627,-0.03135,-0.00115,0.00000,0.00000,-0.147,-0.010,0
967.0180,-0.00628,-0.03137,-0.00115,0.00000,0.00000,-0.147,-0.010,0
967.0700,-0.00629,-0.03140,-0.00115,0.00000,0.00000,-0.147,-0.010,0
967.1220,-0.00630,-0.03143,-0.00115,0.00000,0.00000,-0.147,-0.010,0
967.1740,-0.00630,-0.03147,-0.00115,0.00000,0.00000,-0.147,-0.010,0
967.2260,-0.00631,-0.03150,-0.00115,0.00000,0.00000,-0.147,-0.010,0
967.2780,-0.00632,-0.03153,-0.00115,0.00000,0.00000,-0.148,-0.010,0
967.3300,-0.00633,-0.03156,-0.00115,0.00000,0.00000,-0.148,-0.010,0
967.3820,-0.00634,-0.03159,-0.00115,0.00000,0.00000,-0.148,-0.010,0
967.4340,-0.00634,-0.03160,-0.00115,0.00000,0.00000,-0.148,-0.010,0
967.4860,-0.00634,-0.03161,-0.00115,0.00000,0.00000,-0.148,-0.010,0
967.5380,-0.00634,-0.03162,-0.00115,0.00000,0.00000,-0.148,-0.010,0
967.5900,-0.00635,-0.03163,-0.00115,0.00000,0.00000,-0.148,-0.010,0
967.6420,-0.00635,-0.03164,-0.00115,0.00000,0.00000,-0.148,-0.010,0
967.6940,-0.00635,-0.03166,-0.00115,0.00000,0.00000,-0.148,-0.010,0
967.7460,-0.00635,-0.03168,-0.00115,0.00000,0.00000,-0.148,-0.010,0
967.7980,-0.00636,-0.03169,-0.00115,0.00000,0.00000,-0.148,-0.010,0
967.8500,-0.00635,-0.03168,-0.00115,0.00000,0.00000,-0.148,-0.010,0
967.9020,-0.00635,-0.03168,-0.00115,0.00000,0.00000,-0.148,-0.010,0
967.9540,-0.00635,-0.03168,-0.00115,0.00000,0.00000,-0.148,-0.010,0
968.0060,-0.00635,-0.03167,-0.00115,0.00000,0.00000,-0.148,-0.010,0
968.0580,-0.00635,-0.03166,-0.00115,0.00000,0.00000,-0.148,-0.010,0
968.1100,-0.00634,-0.03165,-0.00115,0.00000,0.00000,-0.148,-0.010,0
968.1620,-0.00634,-0.03163,-0.00115,0.00000,0.00000,-0.148,-0.010,0
968.2140,-0.00634,-0.03163,-0.00115,0.00000,0.00000,-0.148,-0.010,0
968.2660,-0.00634,-0.03163,-0.00115,0.00000,0.00000,-0.148,-0.010,0
968.3180,-0.00634,-0.03163,-0.00115,0.00000,0.00000,-0.148,-0.010,0
968.3700,-0.00634,-0.03164,-0.00115,0.00000,0.00000,-0.148,-0.010,0
968.4220,-0.00634,-0.03162,-0.00115,0.00000,0.00000,-0.148,-0.010,0
968.4740,-0.00633,-0.03162,-0.00115,0.00000,0.00000,-0.148,-0.010,0
968.5260,-0.00633,-0.03160,-0.00115,0.00000,0.00000,-0.148,-0.010,0
968.5780,-0.00633,-0.03159,-0.00115,0.00000,0.00000,-0.148,-0.010,0
968.6300,-0.00633,-0.03159,-0.00115,0.00000,0.00000,-0.148,-0.010,0
968.6820,-0.00632,-0.03157,-0.00115,0.00000,0.00000,-0.148,-0.010,0
968.7340,-0.00632,-0.03156,-0.00115,0.00000,0.00000,-0.148,-0.010,0
968.7860,-0.00632,-0.03156,-0.00115,0.00000,0.00000,-0.148,-0.010,0
968.8380,-0.00632,-0.03158,-0.00115,0.00000,0.00000,-0.148,-0.010,0
968.8900,-0.00633,-0.03159,-0.00115,0.00000,0.00000,-0.148,-0.010,0
968.9420,-0.00633,-0.03160,-0.00115,0.00000,0.00000,-0.148,-0.010,0
968.9940,-0.00633,-0.03160,-0.00115,0.00000,0.00000,-0.148,-0.010,0
969.0460,-0.00633,-0.03161,-0.00115,0.00000,0.00000,-0.148,-0.010,0
969.0980,-0.00633,-0.03162,-0.00115,0.00000,0.00000,-0.148,-0.010,0
969.1500,-0.00634,-0.03164,-0.00115,0.00000,0.00000,-0.148,-0.010,0
969.2020,-0.00635,-0.03166,-0.00115,0.00000,0.00000,-0.148,-0.010,0
969.2540,-0.00635,-0.03169,-0.00115,0.00000,0.00000,-0.148,-0.010,0
969.3060,-0.00636,-0.03172,-0.00115,0.00000,0.00000,-0.149,-0.010,0
969.3580,-0.00636,-0.03175,-0.00115,0.00000,0.00000,-0.149,-0.010,0
969.4100,-0.00637,-0.03177,-0.00115,0.00000,0.00000,-0.149,-0.010,0
969.4620,-0.00637,-0.03178,-0.00115,0.00000,0.00000,-0.149,-0.010,0
969.5140,-0.00637,-0.03177,-0.00115,0.00000,0.00000,-0.149,-0.010,0
969.5660,-0.00637,-0.03176,-0.00115,0.00000,0.00000,-0.149,-0.010,0
969.6180,-0.00637,-0.03176,-0.00115,0.00000,0.00000,-0.149,-0.010,0
969.6700,-0.00637,-0.03176,-0.00115,0.00000,0.00000,-0.149,-0.010,0
969.7220,-0.00636,-0.03174,-0.00115,0.00000,0.00000,-0.149,-0.010,0
969.7740,-0.00636,-0.03172,-0.00115,0.00000,0.00000,-0.149,-0.010,0
969.8260,-0.00635,-0.03171,-0.00115,0.00000,0.00000,-0.149,-0.010,0
969.8780,-0.00635,-0.03171,-0.00115,0.00000,0.00000,-0.149,-0.010,0
969.9300,-0.00635,-0.03170,-0.00115,0.00000,0.00000,-0.149,-0.010,0
969.9820,-0.00635,-0.03171,-0.00115,0.00000,0.00000,-0.149,-0.010,0
970.0340,-0.00635,-0.03172,-0.00115,0.00000,0.00000,-0.149,-0.010,0
970.0860,-0.00635,-0.03172,-0.00115,0.00000,0.00000,-0.149,-0.010,0
970.1380,-0.00635,-0.03172,-0.00115,0.00000,0.00000,-0.149,-0.010,0
970.1900,-0.00635,-0.03172,-0.00115,0.00000,0.00000,-0.149,-0.010,0
970.2420,-0.00635,-0.03171,-0.00115,0.00000,0.00000,-0.149,-0.010,0
970.2940,-0.00634,-0.03168,-0.00115,0.00000,0.00000,-0.149,-0.010,0
970.3460,-0.00634,-0.03165,-0.00115,0.00000,0.00000,-0.148,-0.010,0
970.3980,-0.00633,-0.03163,-0.00115,0.00000,0.00000,-0.148,-0.010,0
970.4500,-0.00632,-0.03160,-0.00115,0.00000,0.00000,-0.148,-0.010,0
970.5020,-0.00631,-0.03156,-0.00115,0.00000,0.00000,-0.148,-0.010,0
970.5540,-0.00631,-0.03152,-0.00115,0.00000,0.00000,-0.148,-0.010,0
970.6060,-0.00630,-0.03151,-0.00115,0.00000,0.00000,-0.148,-0.010,0
970.6580,-0.00630,-0.03149,-0.00115,0.00000,0.00000,-0.148,-0.010,0
970.7100,-0.00630,-0.03147,-0.00115,0.00000,0.00000,-0.148,-0.010,0
970.7620,-0.00629,-0.03145,-0.00115,0.00000,0.00000,-0.147,-0.010,0
970.8140,-0.00629,-0.03143,-0.00115,0.00000,0.00000,-0.147,-0.010,0
970.8660,-0.00628,-0.03141,-0.00115,0.00000,0.00000,-0.147,-0.010,0
970.9180,-0.00628,-0.03139,-0.00115,0.00000,0.00000,-0.147,-0.010,0
970.9700,-0.00627,-0.03136,-0.00115,0.00000,0.00000,-0.147,-0.010,0
971.0220,-0.00627,-0.03135,-0.00115,0.00000,0.00000,-0.147,-0.010,0
971.0740,-0.00627,-0.03133,-0.00115,0.00000,0.00000,-0.147,-0.010,0
971.1260,-0.00626,-0.03130,-0.00115,0.00000,0.00000,-0.147,-0.010,0
971.1780,-0.00626,-0.03128,-0.00115,0.00000,0.00000,-0.147,-0.010,0
971.2300,-0.00626,-0.03126,-0.00115,0.00000,0.00000,-0.146,-0.010,0
971.2820,-0.00626,-0.03126,-0.00115,0.00000,0.00000,-0.146,-0.010,0
971.3340,-0.00625,-0.03124,-0.00115,0.00000,0.00000,-0.146,-0.010,0
971.3860,-0.00625,-0.03123,-0.00115,0.00000,0.00000,-0.146,-0.010,0
971.4380,-0.00625,-0.03122,-0.00115,0.00000,0.00000,-0.146,-0.010,0
971.4900,-0.00625,-0.03121,-0.00115,0.00000,0.00000,-0.146,-0.010,0
971.5420,-0.00625,-0.03119,-0.00115,0.00000,0.00000,-0.146,-0.010,0
971.5940,-0.00625,-0.03119,-0.00115,0.00000,0.00000,-0.146,-0.010,0
971.6460,-0.00625,-0.03118,-0.00115,0.00000,0.00000,-0.146,-0.010,0
971.6980,-0.00624,-0.03117,-0.00115,0.00000,0.00000,-0.146,-0.010,0
971.7500,-0.00625,-0.03117,-0.00115,0.00000,0.00000,-0.146,-0.010,0
971.8020,-0.00625,-0.03118,-0.00115,0.00000,0.00000,-0.146,-0.010,0
971.8540,-0.00625,-0.03117,-0.00115,0.00000,0.00000,-0.146,-0.010,0
971.9060,-0.00624,-0.03115,-0.00115,0.00000,0.00000,-0.146,-0.010,0
971.9580,-0.00624,-0.03114,-0.00115,0.00000,0.00000,-0.146,-0.010,0
972.0100,-0.00624,-0.03112,-0.00115,0.00000,0.00000,-0.146,-0.010,0
972.0620,-0.00624,-0.03111,-0.00115,0.00000,0.00000,-0.145,-0.010,0
972.1140,-0.00624,-0.03111,-0.00115,0.00000,0.00000,-0.145,-0.010,0
972.1660,-0.00624,-0.03112,-0.00115,0.00000,0.00000,-0.145,-0.010,0
972.2180,-0.00624,-0.03113,-0.00115,0.00000,0.00000,-0.145,-0.010,0
972.2700,-0.00625,-0.03116,-0.00115,0.00000,0.00000,-0.146,-0.010,0
972.3220,-0.00625,-0.03116,-0.00115,0.00000,0.00000,-0.146,-0.010,0
972.3740,-0.00625,-0.03115,-0.00115,0.00000,0.00000,-0.146,-0.010,0
972.4260,-0.00625,-0.03113,-0.00115,0.00000,0.00000,-0.145,-0.010,0
972.4780,-0.00624,-0.03111,-0.00115,0.00000,0.00000,-0.145,-0.010,0
972.5300,-0.00624,-0.03109,-0.00115,0.00000,0.00000,-0.145,-0.010,0
972.5820,-0.00623,-0.03108,-0.00115,0.00000,0.00000,-0.145,-0.010,0
972.6340,-0.00623,-0.03106,-0.00115,0.00000,0.00000,-0.145,-0.010,0
972.6860,-0.00623,-0.03104,-0.00115,0.00000,0.00000,-0.145,-0.010,0
972.7380,-0.00622,-0.03102,-0.00115,0.00000,0.00000,-0.145,-0.010,0
972.7900,-0.00622,-0.03101,-0.00115,0.00000,0.00000,-0.145,-0.010,0
972.8420,-0.00622,-0.03102,-0.00115,0.00000,0.00000,-0.145,-0.010,0
972.8940,-0.00622,-0.03103,-0.00115,0.00000,0.00000,-0.145,-0.010,0
972.9460,-0.00623,-0.03105,-0.00115,0.00000,0.00000,-0.145,-0.010,0
972.9980,-0.00624,-0.03109,-0.00115,0.00000,0.00000,-0.145,-0.010,0
973.0500,-0.00625,-0.03113,-0.00115,0.00000,0.00000,-0.145,-0.010,0
973.1020,-0.00626,-0.03115,-0.00115,0.00000,0.00000,-0.145,-0.010,0
973.1540,-0.00626,-0.03117,-0.00115,0.00000,0.00000,-0.145,-0.010,0
973.2060,-0.00626,-0.03119,-0.00115,0.00000,0.00000,-0.145,-0.010,0
973.2580,-0.00627,-0.03120,-0.00115,0.00000,0.00000,-0.145,-0.010,0
973.3100,-0.00627,-0.03123,-0.00115,0.00000,0.00000,-0.146,-0.010,0
973.3620,-0.00628,-0.03125,-0.00115,0.00000,0.00000,-0.146,-0.010,0
973.4140,-0.00628,-0.03127,-0.00115,0.00000,0.00000,-0.146,-0.010,0
973.4660,-0.00629,-0.03129,-0.00115,0.00000,0.00000,-0.146,-0.010,0
973.5180,-0.00629,-0.03129,-0.00115,0.00000,0.00000,-0.146,-0.010,0
973.5700,-0.00629,-0.03130,-0.00115,0.00000,0.00000,-0.146,-0.010,0
973.6220,-0.00629,-0.03132,-0.00115,0.00000,0.00000,-0.146,-0.010,0
973.6740,-0.00629,-0.03133,-0.00115,0.00000,0.00000,-0.146,-0.010,0
973.7260,-0.00629,-0.03134,-0.00115,0.00000,0.00000,-0.146,-0.010,0
973.7780,-0.00630,-0.03136,-0.00115,0.00000,0.00000,-0.146,-0.010,0
973.8300,-0.00630,-0.03139,-0.00115,0.00000,0.00000,-0.146,-0.010,0
973.8820,-0.00631,-0.03141,-0.00115,0.00000,0.00000,-0.146,-0.010,0
973.9340,-0.00631,-0.03143,-0.00115,0.00000,0.00000,-0.147,-0.010,0
973.9860,-0.00631,-0.03144,-0.00115,0.00000,0.00000,-0.147,-0.010,0
974.0380,-0.00632,-0.03148,-0.00115,0.00000,0.00000,-0.147,-0.010,0
974.0900,-0.00633,-0.03152,-0.00115,0.00000,0.00000,-0.147,-0.010,0
974.1420,-0.00634,-0.03158,-0.00115,0.00000,0.00000,-0.147,-0.010,0
974.1940,-0.00636,-0.03164,-0.00115,0.00000,0.00000,-0.148,-0.010,0
974.2460,-0.00637,-0.03170,-0.00115,0.00000,0.00000,-0.148,-0.010,0
974.2980,-0.00638,-0.03176,-0.00115,0.00000,0.00000,-0.148,-0.010,0
974.3500,-0.00639,-0.03180,-0.00115,0.00000,0.00000,-0.149,-0.010,0
974.4020,-0.00640,-0.03184,-0.00115,0.00000,0.00000,-0.149,-0.010,0
974.4540,-0.00640,-0.03185,-0.00115,0.00000,0.00000,-0.149,-0.010,0
974.5060,-0.00640,-0.03185,-0.00115,0.00000,0.00000,-0.149,-0.010,0
974.5580,-0.00640,-0.03185,-0.00115,0.00000,0.00000,-0.149,-0.010,0
974.6100,-0.00640,-0.03186,-0.00115,0.00000,0.00000,-0.149,-0.010,0
974.6620,-0.00640,-0.03186,-0.00115,0.00000,0.00000,-0.149,-0.010,0
974.7140,-0.00639,-0.03186,-0.00115,0.00000,0.00000,-0.149,-0.010,0
974.7660,-0.00639,-0.03185,-0.00115,0.00000,0.00000,-0.149,-0.010,0
974.8180,-0.00639,-0.03185,-0.00115,0.00000,0.00000,-0.149,-0.010,0
974.8700,-0.00639,-0.03186,-0.00115,0.00000,0.00000,-0.149,-0.010,0
974.9220,-0.00639,-0.03186,-0.00115,0.00000,0.00000,-0.149,-0.010,0
974.9740,-0.00639,-0.03186,-0.00115,0.00000,0.00000,-0.149,-0.010,0
975.0260,-0.00638,-0.03186,-0.00115,0.00000,0.00000,-0.149,-0.010,0
975.0780,-0.00638,-0.03186,-0.00115,0.00000,0.00000,-0.149,-0.010,0
975.1300,-0.00638,-0.03187,-0.00115,0.00000,0.00000,-0.149,-0.010,0
975.1820,-0.00638,-0.03187,-0.00115,0.00000,0.00000,-0.149,-0.010,0
975.2340,-0.00638,-0.03186,-0.00115,0.00000,0.00000,-0.149,-0.010,0
975.2860,-0.00638,-0.03185,-0.00115,0.00000,0.00000,-0.149,-0.010,0
975.3380,-0.00637,-0.03183,-0.00115,0.00000,0.00000,-0.149,-0.010,0
975.3900,-0.00637,-0.03180,-0.00115,0.00000,0.00000,-0.149,-0.010,0
975.4420,-0.00636,-0.03177,-0.00115,0.00000,0.00000,-0.149,-0.010,0
975.4940,-0.00635,-0.03175,-0.00115,0.00000,0.00000,-0.149,-0.010,0
975.5460,-0.00635,-0.03175,-0.00115,0.00000,0.00000,-0.149,-0.010,0
975.5980,-0.00635,-0.03175,-0.00115,0.00000,0.00000,-0.149,-0.010,0
975.6500,-0.00635,-0.03175,-0.00115,0.00000,0.00000,-0.149,-0.010,0
975.7020,-0.00636,-0.03176,-0.00115,0.00000,0.00000,-0.149,-0.010,0
975.7540,-0.00636,-0.03177,-0.00115,0.00000,0.00000,-0.149,-0.010,0
975.8060,-0.00636,-0.03177,-0.00115,0.00000,0.00000,-0.149,-0.010,0
975.8580,-0.00636,-0.03178,-0.00115,0.00000,0.00000,-0.149,-0.010,0
975.9100,-0.00636,-0.03178,-0.00115,0.00000,0.00000,-0.149,-0.010,0
975.9620,-0.00636,-0.03178,-0.00115,0.00000,0.00000,-0.149,-0.010,0
976.0140,-0.00636,-0.03178,-0.00115,0.00000,0.00000,-0.149,-0.010,0
976.0660,-0.00636,-0.03177,-0.00115,0.00000,0.00000,-0.149,-0.010,0
976.1180,-0.00636,-0.03176,-0.00115,0.00000,0.00000,-0.149,-0.010,0
976.1700,-0.00636,-0.03176,-0.00115,0.00000,0.00000,-0.149,-0.010,0
976.2220,-0.00636,-0.03176,-0.00115,0.00000,0.00000,-0.149,-0.010,0
976.2740,-0.00636,-0.03175,-0.00115,0.00000,0.00000,-0.149,-0.010,0
976.3260,-0.00635,-0.03174,-0.00115,0.00000,0.00000,-0.149,-0.010,0
976.3780,-0.00635,-0.03174,-0.00115,0.00000,0.00000,-0.149,-0.010,0
976.4300,-0.00635,-0.03174,-0.00115,0.00000,0.00000,-0.149,-0.010,0
976.4820,-0.00635,-0.03173,-0.00115,0.00000,0.00000,-0.149,-0.010,0
976.5340,-0.00635,-0.03173,-0.00115,0.00000,0.00000,-0.149,-0.010,0
976.5860,-0.00636,-0.03175,-0.00115,0.00000,0.00000,-0.149,-0.010,0
976.6380,-0.00637,-0.03180,-0.00115,0.00000,0.00000,-0.149,-0.010,0
976.6900,-0.00638,-0.03184,-0.00115,0.00000,0.00000,-0.149,-0.010,0
976.7420,-0.00638,-0.03186,-0.00115,0.00000,0.00000,-0.150,-0.010,0
976.7940,-0.00639,-0.03188,-0.00115,0.00000,0.00000,-0.150,-0.010,0
976.8460,-0.00639,-0.03190,-0.00115,0.00000,0.00000,-0.150,-0.010,0
976.8980,-0.00639,-0.03191,-0.00115,0.00000,0.00000,-0.150,-0.010,0
976.9500,-0.00639,-0.03191,-0.00115,0.00000,0.00000,-0.150,-0.010,0
977.0020,-0.00639,-0.03190,-0.00115,0.00000,0.00000,-0.150,-0.010,0
977.0540,-0.00639,-0.03190,-0.00115,0.00000,0.00000,-0.150,-0.010,0
977.1060,-0.00639,-0.03189,-0.00115,0.00000,0.00000,-0.150,-0.010,0
977.1580,-0.00638,-0.03187,-0.00115,0.00000,0.00000,-0.150,-0.010,0
977.2100,-0.00638,-0.03186,-0.00115,0.00000,0.00000,-0.150,-0.010,0
977.2620,-0.00638,-0.03185,-0.00115,0.00000,0.00000,-0.150,-0.010,0
977.3140,-0.00638,-0.03186,-0.00115,0.00000,0.00000,-0.150,-0.010,0
977.3660,-0.00638,-0.03186,-0.00115,0.00000,0.00000,-0.150,-0.010,0
977.4180,-0.00638,-0.03187,-0.00115,0.00000,0.00000,-0.150,-0.010,0
977.4700,-0.00639,-0.03189,-0.00115,0.00000,0.00000,-0.150,-0.010,0
977.5220,-0.00639,-0.03191,-0.00115,0.00000,0.00000,-0.150,-0.010,0
977.5740,-0.00640,-0.03195,-0.00115,0.00000,0.00000,-0.150,-0.010,0
977.6260,-0.00641,-0.03200,-0.00115,0.00000,0.00000,-0.150,-0.010,0
977.6780,-0.00642,-0.03205,-0.00115,0.00000,0.00000,-0.151,-0.010,0
977.7300,-0.00643,-0.03210,-0.00115,0.00000,0.00000,-0.151,-0.010,0
977.7820,-0.00644,-0.03215,-0.00115,0.00000,0.00000,-0.151,-0.010,0
977.8340,-0.00645,-0.03219,-0.00115,0.00000,0.00000,-0.151,-0.010,0
977.8860,-0.00646,-0.03223,-0.00115,0.00000,0.00000,-0.152,-0.010,0
977.9380,-0.00647,-0.03226,-0.00115,0.00000,0.00000,-0.152,-0.010,0
977.9900,-0.00648,-0.03230,-0.00115,0.00000,0.00000,-0.152,-0.010,0
978.0420,-0.00648,-0.03233,-0.00115,0.00000,0.00000,-0.152,-0.010,0
978.0940,-0.00649,-0.03237,-0.00115,0.00000,0.00000,-0.152,-0.010,0
978.1460,-0.00650,-0.03240,-0.00115,0.00000,0.00000,-0.152,-0.010,0
978.1980,-0.00650,-0.03242,-0.00115,0.00000,0.00000,-0.153,-0.010,0
978.2500,-0.00650,-0.03244,-0.00115,0.00000,0.00000,-0.153,-0.010,0
978.3020,-0.00651,-0.03246,-0.00115,0.00000,0.00000,-0.153,-0.010,0
978.3540,-0.00651,-0.03248,-0.00115,0.00000,0.00000,-0.153,-0.010,0
978.4060,-0.00651,-0.03248,-0.00115,0.00000,0.00000,-0.153,-0.010,0
978.4580,-0.00650,-0.03246,-0.00115,0.00000,0.00000,-0.153,-0.010,0
978.5100,-0.00649,-0.03244,-0.00115,0.00000,0.00000,-0.153,-0.010,0
978.5620,-0.00649,-0.03243,-0.00115,0.00000,0.00000,-0.153,-0.010,0
978.6140,-0.00649,-0.03242,-0.00115,0.00000,0.00000,-0.153,-0.010,0
978.6660,-0.00648,-0.03240,-0.00115,0.00000,0.00000,-0.153,-0.010,0
978.7180,-0.00647,-0.03237,-0.00115,0.00000,0.00000,-0.153,-0.010,0
978.7700,-0.00647,-0.03236,-0.00115,0.00000,0.00000,-0.153,-0.010,0
978.8220,-0.00647,-0.03235,-0.00115,0.00000,0.00000,-0.153,-0.010,0
978.8740,-0.00646,-0.03234,-0.00115,0.00000,0.00000,-0.153,-0.010,0
978.9260,-0.00646,-0.03234,-0.00115,0.00000,0.00000,-0.153,-0.010,0
978.9780,-0.00646,-0.03233,-0.00115,0.00000,0.00000,-0.153,-0.010,0
979.0300,-0.00646,-0.03234,-0.00115,0.00000,0.00000,-0.153,-0.010,0
979.0820,-0.00646,-0.03234,-0.00115,0.00000,0.00000,-0.153,-0.010,0
979.1340,-0.00646,-0.03234,-0.00115,0.00000,0.00000,-0.153,-0.010,0
979.1860,-0.00646,-0.03234,-0.00115,0.00000,0.00000,-0.153,-0.010,0
979.2380,-0.00647,-0.03236,-0.00115,0.00000,0.00000,-0.153,-0.010,0
979.2900,-0.00647,-0.03236,-0.00115,0.00000,0.00000,-0.153,-0.010,0
979.3420,-0.00647,-0.03236,-0.00115,0.00000,0.00000,-0.153,-0.010,0
979.3940,-0.00647,-0.03236,-0.00115,0.00000,0.00000,-0.153,-0.010,0
979.4460,-0.00646,-0.03235,-0.00115,0.00000,0.00000,-0.153,-0.010,0
979.4980,-0.00646,-0.03234,-0.00115,0.00000,0.00000,-0.153,-0.010,0
979.5500,-0.00646,-0.03232,-0.00115,0.00000,0.00000,-0.153,-0.010,0
979.6020,-0.00645,-0.03231,-0.00115,0.00000,0.00000,-0.153,-0.010,0
979.6540,-0.00645,-0.03230,-0.00115,0.00000,0.00000,-0.153,-0.010,0
979.7060,-0.00645,-0.03229,-0.00115,0.00000,0.00000,-0.153,-0.010,0
979.7580,-0.00645,-0.03229,-0.00115,0.00000,0.00000,-0.153,-0.010,0
979.8100,-0.00645,-0.03228,-0.00115,0.00000,0.00000,-0.153,-0.010,0
979.8620,-0.00645,-0.03228,-0.00115,0.00000,0.00000,-0.153,-0.010,0
979.9140,-0.00645,-0.03226,-0.00115,0.00000,0.00000,-0.152,-0.010,0
979.9660,-0.00644,-0.03226,-0.00115,0.00000,0.00000,-0.152,-0.010,0
980.0180,-0.00644,-0.03225,-0.00115,0.00000,0.00000,-0.152,-0.010,0
980.0700,-0.00644,-0.03224,-0.00115,0.00000,0.00000,-0.152,-0.010,0
980.1220,-0.00644,-0.03224,-0.00115,0.00000,0.00000,-0.152,-0.010,0
980.1740,-0.00644,-0.03224,-0.00115,0.00000,0.00000,-0.152,-0.010,0
980.2260,-0.00644,-0.03225,-0.00115,0.00000,0.00000,-0.152,-0.010,0
980.2780,-0.00645,-0.03227,-0.00115,0.00000,0.00000,-0.152,-0.010,0
980.3300,-0.00645,-0.03228,-0.00115,0.00000,0.00000,-0.152,-0.010,0
980.3820,-0.00646,-0.03230,-0.00115,0.00000,0.00000,-0.153,-0.010,0
980.4340,-0.00646,-0.03231,-0.00115,0.00000,0.00000,-0.153,-0.010,0
980.4860,-0.00646,-0.03231,-0.00115,0.00000,0.00000,-0.153,-0.010,0
980.5380,-0.00646,-0.03230,-0.00115,0.00000,0.00000,-0.153,-0.010,0
980.5900,-0.00646,-0.03229,-0.00115,0.00000,0.00000,-0.153,-0.010,0
980.6420,-0.00646,-0.03230,-0.00115,0.00000,0.00000,-0.153,-0.010,0
980.6940,-0.00646,-0.03232,-0.00115,0.00000,0.00000,-0.153,-0.010,0
980.7460,-0.00647,-0.03234,-0.00115,0.00000,0.00000,-0.153,-0.010,0
980.7980,-0.00647,-0.03237,-0.00115,0.00000,0.00000,-0.153,-0.010,0
980.8500,-0.00648,-0.03239,-0.00115,0.00000,0.00000,-0.153,-0.010,0
980.9020,-0.00649,-0.03242,-0.00115,0.00000,0.00000,-0.153,-0.010,0
980.9540,-0.00649,-0.03244,-0.00115,0.00000,0.00000,-0.153,-0.010,0
981.0060,-0.00650,-0.03248,-0.00115,0.00000,0.00000,-0.153,-0.010,0
981.0580,-0.00651,-0.03252,-0.00115,0.00000,0.00000,-0.154,-0.010,0
981.1100,-0.00651,-0.03255,-0.00115,0.00000,0.00000,-0.154,-0.010,0
981.1620,-0.00652,-0.03258,-0.00115,0.00000,0.00000,-0.154,-0.010,0
981.2140,-0.00653,-0.03261,-0.00115,0.00000,0.00000,-0.154,-0.010,0
981.2660,-0.00653,-0.03264,-0.00115,0.00000,0.00000,-0.154,-0.010,0
981.3180,-0.00654,-0.03266,-0.00115,0.00000,0.00000,-0.154,-0.010,0
981.3700,-0.00654,-0.03268,-0.00115,0.00000,0.00000,-0.155,-0.010,0
981.4220,-0.00654,-0.03268,-0.00115,0.00000,0.00000,-0.155,-0.010,0
981.4740,-0.00654,-0.03269,-0.00115,0.00000,0.00000,-0.155,-0.010,0
981.5260,-0.00654,-0.03270,-0.00115,0.00000,0.00000,-0.155,-0.010,0
981.5780,-0.00655,-0.03273,-0.00115,0.00000,0.00000,-0.155,-0.010,0
981.6300,-0.00655,-0.03274,-0.00115,0.00000,0.00000,-0.155,-0.010,0
981.6820,-0.00655,-0.03274,-0.00115,0.00000,0.00000,-0.155,-0.010,0
981.7340,-0.00655,-0.03275,-0.00115,0.00000,0.00000,-0.155,-0.010,0
981.7860,-0.00655,-0.03275,-0.00115,0.00000,0.00000,-0.155,-0.010,0
981.8380,-0.00655,-0.03275,-0.00115,0.00000,0.00000,-0.155,-0.010,0
981.8900,-0.00654,-0.03273,-0.00115,0.00000,0.00000,-0.155,-0.010,0
981.9420,-0.00654,-0.03271,-0.00115,0.00000,0.00000,-0.155,-0.010,0
981.9940,-0.00653,-0.03269,-0.00115,0.00000,0.00000,-0.155,-0.010,0
982.0460,-0.00653,-0.03268,-0.00115,0.00000,0.00000,-0.155,-0.010,0
982.0980,-0.00652,-0.03267,-0.00115,0.00000,0.00000,-0.155,-0.010,0
982.1500,-0.00652,-0.03267,-0.00115,0.00000,0.00000,-0.155,-0.010,0
982.2020,-0.00653,-0.03268,-0.00115,0.00000,0.00000,-0.155,-0.010,0
982.2540,-0.00653,-0.03269,-0.00115,0.00000,0.00000,-0.155,-0.010,0
982.3060,-0.00653,-0.03270,-0.00115,0.00000,0.00000,-0.155,-0.010,0
982.3580,-0.00654,-0.03273,-0.00115,0.00000,0.00000,-0.155,-0.010,0
982.4100,-0.00654,-0.03275,-0.00115,0.00000,0.00000,-0.155,-0.010,0
982.4620,-0.00655,-0.03279,-0.00115,0.00000,0.00000,-0.155,-0.010,0
982.5140,-0.00656,-0.03282,-0.00115,0.00000,0.00000,-0.156,-0.010,0
982.5660,-0.00656,-0.03285,-0.00115,0.00000,0.00000,-0.156,-0.010,0
982.6180,-0.00657,-0.03288,-0.00115,0.00000,0.00000,-0.156,-0.010,0
982.6700,-0.00658,-0.03291,-0.00115,0.00000,0.00000,-0.156,-0.010,0
982.7220,-0.00658,-0.03292,-0.00115,0.00000,0.00000,-0.156,-0.010,0
982.7740,-0.00658,-0.03292,-0.00115,0.00000,0.00000,-0.156,-0.010,0
982.8260,-0.00658,-0.03292,-0.00115,0.00000,0.00000,-0.156,-0.010,0
982.8780,-0.00658,-0.03295,-0.00115,0.00000,0.00000,-0.156,-0.010,0
982.9300,-0.00658,-0.03296,-0.00115,0.00000,0.00000,-0.156,-0.010,0
982.9820,-0.00659,-0.03299,-0.00115,0.00000,0.00000,-0.157,-0.010,0
983.0340,-0.00660,-0.03303,-0.00115,0.00000,0.00000,-0.157,-0.010,0
983.0860,-0.00661,-0.03306,-0.00115,0.00000,0.00000,-0.157,-0.010,0
983.1380,-0.00661,-0.03309,-0.00115,0.00000,0.00000,-0.157,-0.010,0
983.1900,-0.00661,-0.03310,-0.00115,0.00000,0.00000,-0.157,-0.010,0
983.2420,-0.00662,-0.03312,-0.00115,0.00000,0.00000,-0.157,-0.010,0
983.2940,-0.00662,-0.03314,-0.00115,0.00000,0.00000,-0.157,-0.010,0
983.3460,-0.00662,-0.03315,-0.00115,0.00000,0.00000,-0.158,-0.010,0
983.3980,-0.00662,-0.03316,-0.00115,0.00000,0.00000,-0.158,-0.010,0
983.4500,-0.00662,-0.03317,-0.00115,0.00000,0.00000,-0.158,-0.010,0
983.5020,-0.00662,-0.03318,-0.00115,0.00000,0.00000,-0.158,-0.010,0
983.5540,-0.00663,-0.03319,-0.00115,0.00000,0.00000,-0.158,-0.010,0
983.6060,-0.00663,-0.03320,-0.00115,0.00000,0.00000,-0.158,-0.010,0
983.6580,-0.00663,-0.03320,-0.00115,0.00000,0.00000,-0.158,-0.010,0
983.7100,-0.00663,-0.03320,-0.00115,0.00000,0.00000,-0.158,-0.010,0
983.7620,-0.00663,-0.03322,-0.00115,0.00000,0.00000,-0.158,-0.010,0
983.8140,-0.00663,-0.03324,-0.00115,0.00000,0.00000,-0.158,-0.010,0
983.8660,-0.00664,-0.03326,-0.00115,0.00000,0.00000,-0.158,-0.010,0
983.9180,-0.00664,-0.03327,-0.00115,0.00000,0.00000,-0.158,-0.010,0
983.9700,-0.00664,-0.03326,-0.00115,0.00000,0.00000,-0.158,-0.010,0
984.0220,-0.00664,-0.03327,-0.00115,0.00000,0.00000,-0.158,-0.010,0
984.0740,-0.00664,-0.03328,-0.00115,0.00000,0.00000,-0.159,-0.010,0
984.1260,-0.00664,-0.03329,-0.00115,0.00000,0.00000,-0.159,-0.010,0
984.1780,-0.00664,-0.03329,-0.00115,0.00000,0.00000,-0.159,-0.010,0
984.2300,-0.00664,-0.03330,-0.00115,0.00000,0.00000,-0.159,-0.010,0
984.2820,-0.00665,-0.03334,-0.00115,0.00000,0.00000,-0.159,-0.010,0
984.3340,-0.00666,-0.03337,-0.00115,0.00000,0.00000,-0.159,-0.010,0
984.3860,-0.00666,-0.03340,-0.00115,0.00000,0.00000,-0.159,-0.010,0
984.4380,-0.00667,-0.03342,-0.00115,0.00000,0.00000,-0.159,-0.010,0
984.4900,-0.00667,-0.03344,-0.00115,0.00000,0.00000,-0.160,-0.010,0
984.5420,-0.00667,-0.03346,-0.00115,0.00000,0.00000,-0.160,-0.010,0
984.5940,-0.00667,-0.03346,-0.00115,0.00000,0.00000,-0.160,-0.010,0
984.6460,-0.00667,-0.03346,-0.00115,0.00000,0.00000,-0.160,-0.010,0
984.6980,-0.00667,-0.03346,-0.00115,0.00000,0.00000,-0.160,-0.010,0
984.7500,-0.00667,-0.03346,-0.00115,0.00000,0.00000,-0.160,-0.010,0
984.8020,-0.00667,-0.03347,-0.00115,0.00000,0.00000,-0.160,-0.010,0
984.8540,-0.00667,-0.03346,-0.00115,0.00000,0.00000,-0.160,-0.010,0
984.9060,-0.00667,-0.03346,-0.00115,0.00000,0.00000,-0.160,-0.010,0
984.9580,-0.00667,-0.03346,-0.00115,0.00000,0.00000,-0.160,-0.010,0
985.0100,-0.00667,-0.03347,-0.00115,0.00000,0.00000,-0.160,-0.010,0
985.0620,-0.00668,-0.03350,-0.00115,0.00000,0.00000,-0.160,-0.010,0
985.1140,-0.00668,-0.03351,-0.00115,0.00000,0.00000,-0.160,-0.010,0
985.1660,-0.00668,-0.03352,-0.00115,0.00000,0.00000,-0.160,-0.010,0
985.2180,-0.00668,-0.03353,-0.00115,0.00000,0.00000,-0.160,-0.010,0
985.2700,-0.00669,-0.03355,-0.00115,0.00000,0.00000,-0.160,-0.010,0
985.3220,-0.00668,-0.03354,-0.00115,0.00000,0.00000,-0.160,-0.010,0
985.3740,-0.00668,-0.03353,-0.00115,0.00000,0.00000,-0.160,-0.010,0
985.4260,-0.00668,-0.03353,-0.00115,0.00000,0.00000,-0.160,-0.010,0
985.4780,-0.00668,-0.03353,-0.00115,0.00000,0.00000,-0.160,-0.010,0
985.5300,-0.00668,-0.03352,-0.00115,0.00000,0.00000,-0.160,-0.010,0
985.5820,-0.00668,-0.03352,-0.00115,0.00000,0.00000,-0.160,-0.010,0
985.6340,-0.00668,-0.03352,-0.00115,0.00000,0.00000,-0.160,-0.010,0
985.6860,-0.00668,-0.03353,-0.00115,0.00000,0.00000,-0.160,-0.010,0
985.7380,-0.00668,-0.03353,-0.00115,0.00000,0.00000,-0.160,-0.010,0
985.7900,-0.00668,-0.03354,-0.00115,0.00000,0.00000,-0.160,-0.010,0
985.8420,-0.00668,-0.03354,-0.00115,0.00000,0.00000,-0.161,-0.010,0
985.8940,-0.00668,-0.03354,-0.00115,0.00000,0.00000,-0.161,-0.010,0
985.9460,-0.00668,-0.03352,-0.00115,0.00000,0.00000,-0.160,-0.010,0
985.9980,-0.00667,-0.03350,-0.00115,0.00000,0.00000,-0.160,-0.010,0
986.0500,-0.00667,-0.03349,-0.00115,0.00000,0.00000,-0.160,-0.010,0
986.1020,-0.00667,-0.03349,-0.00115,0.00000,0.00000,-0.160,-0.010,0
986.1540,-0.00667,-0.03350,-0.00115,0.00000,0.00000,-0.160,-0.010,0
986.2060,-0.00667,-0.03352,-0.00115,0.00000,0.00000,-0.160,-0.011,0
986.2580,-0.00668,-0.03353,-0.00115,0.00000,0.00000,-0.160,-0.011,0
986.3100,-0.00668,-0.03354,-0.00115,0.00000,0.00000,-0.161,-0.011,0
986.3620,-0.00668,-0.03356,-0.00115,0.00000,0.00000,-0.161,-0.011,0
986.4140,-0.00669,-0.03357,-0.00115,0.00000,0.00000,-0.161,-0.011,0
986.4660,-0.00668,-0.03356,-0.00115,0.00000,0.00000,-0.161,-0.011,0
986.5180,-0.00668,-0.03355,-0.00115,0.00000,0.00000,-0.161,-0.010,0
986.5700,-0.00667,-0.03352,-0.00115,0.00000,0.00000,-0.161,-0.010,0
986.6220,-0.00667,-0.03351,-0.00115,0.00000,0.00000,-0.160,-0.010,0
986.6740,-0.00667,-0.03351,-0.00115,0.00000,0.00000,-0.160,-0.010,0
986.7260,-0.00667,-0.03350,-0.00115,0.00000,0.00000,-0.160,-0.010,0
986.7780,-0.00667,-0.03350,-0.00115,0.00000,0.00000,-0.160,-0.010,0
986.8300,-0.00667,-0.03350,-0.00115,0.00000,0.00000,-0.160,-0.010,0
986.8820,-0.00667,-0.03350,-0.00115,0.00000,0.00000,-0.160,-0.010,0
986.9340,-0.00667,-0.03349,-0.00115,0.00000,0.00000,-0.160,-0.010,0
986.9860,-0.00667,-0.03348,-0.00115,0.00000,0.00000,-0.160,-0.010,0
987.0380,-0.00667,-0.03351,-0.00115,0.00000,0.00000,-0.160,-0.010,0
987.0900,-0.00668,-0.03354,-0.00115,0.00000,0.00000,-0.161,-0.011,0
987.1420,-0.00669,-0.03357,-0.00115,0.00000,0.00000,-0.161,-0.011,0
987.1940,-0.00669,-0.03360,-0.00115,0.00000,0.00000,-0.161,-0.011,0
987.2460,-0.00671,-0.03365,-0.00115,0.00000,0.00000,-0.161,-0.011,0
987.2980,-0.00671,-0.03369,-0.00115,0.00000,0.00000,-0.161,-0.011,0
987.3500,-0.00672,-0.03371,-0.00115,0.00000,0.00000,-0.162,-0.011,0
987.4020,-0.00673,-0.03374,-0.00115,0.00000,0.00000,-0.162,-0.011,0
987.4540,-0.00673,-0.03377,-0.00115,0.00000,0.00000,-0.162,-0.011,0
987.5060,-0.00674,-0.03378,-0.00115,0.00000,0.00000,-0.162,-0.011,0
987.5580,-0.00674,-0.03381,-0.00115,0.00000,0.00000,-0.162,-0.011,0
987.6100,-0.00675,-0.03384,-0.00115,0.00000,0.00000,-0.162,-0.011,0
987.6620,-0.00675,-0.03386,-0.00115,0.00000,0.00000,-0.162,-0.011,0
987.7140,-0.00675,-0.03388,-0.00115,0.00000,0.00000,-0.162,-0.011,0
987.7660,-0.00676,-0.03391,-0.00115,0.00000,0.00000,-0.163,-0.011,0
987.8180,-0.00677,-0.03393,-0.00115,0.00000,0.00000,-0.163,-0.011,0
987.8700,-0.00677,-0.03394,-0.00115,0.00000,0.00000,-0.163,-0.011,0
987.9220,-0.00676,-0.03393,-0.00115,0.00000,0.00000,-0.163,-0.011,0
987.9740,-0.00676,-0.03392,-0.00115,0.00000,0.00000,-0.163,-0.011,0
988.0260,-0.00675,-0.03391,-0.00115,0.00000,0.00000,-0.163,-0.011,0
988.0780,-0.00675,-0.03388,-0.00115,0.00000,0.00000,-0.163,-0.011,0
988.1300,-0.00674,-0.03386,-0.00115,0.00000,0.00000,-0.162,-0.011,0
988.1820,-0.00673,-0.03382,-0.00115,0.00000,0.00000,-0.162,-0.011,0
988.2340,-0.00672,-0.03378,-0.00115,0.00000,0.00000,-0.162,-0.011,0
988.2860,-0.00671,-0.03376,-0.00115,0.00000,0.00000,-0.162,-0.011,0
988.3380,-0.00671,-0.03374,-0.00115,0.00000,0.00000,-0.162,-0.011,0
988.3900,-0.00671,-0.03373,-0.00115,0.00000,0.00000,-0.162,-0.011,0
988.4420,-0.00670,-0.03372,-0.00115,0.00000,0.00000,-0.162,-0.011,0
988.4940,-0.00670,-0.03370,-0.00115,0.00000,0.00000,-0.162,-0.011,0
988.5460,-0.00670,-0.03369,-0.00115,0.00000,0.00000,-0.162,-0.011,0
988.5980,-0.00669,-0.03368,-0.00115,0.00000,0.00000,-0.162,-0.011,0
988.6500,-0.00669,-0.03367,-0.00115,0.00000,0.00000,-0.162,-0.011,0
988.7020,-0.00670,-0.03368,-0.00115,0.00000,0.00000,-0.162,-0.011,0
988.7540,-0.00670,-0.03370,-0.00115,0.00000,0.00000,-0.162,-0.011,0
988.8060,-0.00671,-0.03371,-0.00115,0.00000,0.00000,-0.162,-0.011,0
988.8580,-0.00671,-0.03372,-0.00115,0.00000,0.00000,-0.162,-0.011,0
988.9100,-0.00671,-0.03373,-0.00115,0.00000,0.00000,-0.162,-0.011,0
988.9620,-0.00671,-0.03375,-0.00115,0.00000,0.00000,-0.162,-0.011,0
989.0140,-0.00672,-0.03376,-0.00115,0.00000,0.00000,-0.162,-0.011,0
989.0660,-0.00672,-0.03378,-0.00115,0.00000,0.00000,-0.162,-0.011,0
989.1180,-0.00673,-0.03381,-0.00115,0.00000,0.00000,-0.162,-0.011,0
989.1700,-0.00673,-0.03383,-0.00115,0.00000,0.00000,-0.162,-0.011,0
989.2220,-0.00674,-0.03385,-0.00115,0.00000,0.00000,-0.163,-0.011,0
989.2740,-0.00675,-0.03388,-0.00115,0.00000,0.00000,-0.163,-0.011,0
989.3260,-0.00676,-0.03392,-0.00115,0.00000,0.00000,-0.163,-0.011,0
989.3780,-0.00676,-0.03396,-0.00115,0.00000,0.00000,-0.163,-0.011,0
989.4300,-0.00677,-0.03398,-0.00115,0.00000,0.00000,-0.163,-0.011,0
989.4820,-0.00677,-0.03400,-0.00115,0.00000,0.00000,-0.163,-0.011,0
989.5340,-0.00678,-0.03402,-0.00115,0.00000,0.00000,-0.163,-0.011,0
989.5860,-0.00678,-0.03404,-0.00115,0.00000,0.00000,-0.164,-0.011,0
989.6380,-0.00678,-0.03405,-0.00115,0.00000,0.00000,-0.164,-0.011,0
989.6900,-0.00678,-0.03406,-0.00115,0.00000,0.00000,-0.164,-0.011,0
989.7420,-0.00679,-0.03409,-0.00115,0.00000,0.00000,-0.164,-0.011,0
989.7940,-0.00679,-0.03411,-0.00115,0.00000,0.00000,-0.164,-0.011,0
989.8460,-0.00680,-0.03414,-0.00115,0.00000,0.00000,-0.164,-0.011,0
989.8980,-0.00680,-0.03416,-0.00115,0.00000,0.00000,-0.164,-0.011,0
989.9500,-0.00681,-0.03419,-0.00115,0.00000,0.00000,-0.164,-0.011,0
990.0020,-0.00682,-0.03423,-0.00115,0.00000,0.00000,-0.165,-0.011,0
990.0540,-0.00683,-0.03428,-0.00115,0.00000,0.00000,-0.165,-0.011,0
990.1060,-0.00684,-0.03432,-0.00115,0.00000,0.00000,-0.165,-0.011,0
990.1580,-0.00685,-0.03437,-0.00115,0.00000,0.00000,-0.165,-0.011,0
990.2100,-0.00686,-0.03441,-0.00115,0.00000,0.00000,-0.166,-0.011,0
990.2620,-0.00686,-0.03444,-0.00115,0.00000,0.00000,-0.166,-0.011,0
990.3140,-0.00687,-0.03447,-0.00115,0.00000,0.00000,-0.166,-0.011,0
990.3660,-0.00687,-0.03451,-0.00115,0.00000,0.00000,-0.166,-0.011,0
990.4180,-0.00688,-0.03454,-0.00115,0.00000,0.00000,-0.166,-0.011,0
990.4700,-0.00689,-0.03458,-0.00115,0.00000,0.00000,-0.167,-0.011,0
990.5220,-0.00689,-0.03461,-0.00115,0.00000,0.00000,-0.167,-0.011,0
990.5740,-0.00690,-0.03463,-0.00115,0.00000,0.00000,-0.167,-0.011,0
990.6260,-0.00690,-0.03465,-0.00115,0.00000,0.00000,-0.167,-0.011,0
990.6780,-0.00690,-0.03468,-0.00115,0.00000,0.00000,-0.167,-0.011,0
990.7300,-0.00691,-0.03470,-0.00115,0.00000,0.00000,-0.167,-0.011,0
990.7820,-0.00691,-0.03473,-0.00115,0.00000,0.00000,-0.168,-0.011,0
990.8340,-0.00691,-0.03475,-0.00115,0.00000,0.00000,-0.168,-0.011,0
990.8860,-0.00691,-0.03476,-0.00115,0.00000,0.00000,-0.168,-0.011,0
990.9380,-0.00691,-0.03476,-0.00115,0.00000,0.00000,-0.168,-0.011,0
990.9900,-0.00691,-0.03476,-0.00115,0.00000,0.00000,-0.168,-0.011,0
991.0420,-0.00691,-0.03475,-0.00115,0.00000,0.00000,-0.168,-0.011,0
991.0940,-0.00690,-0.03473,-0.00115,0.00000,0.00000,-0.168,-0.011,0
991.1460,-0.00689,-0.03471,-0.00115,0.00000,0.00000,-0.168,-0.011,0
991.1980,-0.00688,-0.03467,-0.00115,0.00000,0.00000,-0.168,-0.011,0
991.2500,-0.00687,-0.03464,-0.00115,0.00000,0.00000,-0.167,-0.011,0
991.3020,-0.00687,-0.03461,-0.00115,0.00000,0.00000,-0.167,-0.011,0
991.3540,-0.00686,-0.03458,-0.00115,0.00000,0.00000,-0.167,-0.011,0
991.4060,-0.00685,-0.03456,-0.00115,0.00000,0.00000,-0.167,-0.011,0
991.4580,-0.00685,-0.03453,-0.00115,0.00000,0.00000,-0.167,-0.011,0
991.5100,-0.00684,-0.03451,-0.00115,0.00000,0.00000,-0.167,-0.011,0
991.5620,-0.00684,-0.03449,-0.00115,0.00000,0.00000,-0.167,-0.011,0
991.6140,-0.00683,-0.03446,-0.00115,0.00000,0.00000,-0.167,-0.011,0
991.6660,-0.00682,-0.03442,-0.00115,0.00000,0.00000,-0.167,-0.011,0
991.7180,-0.00682,-0.03439,-0.00115,0.00000,0.00000,-0.166,-0.011,0
991.7700,-0.00681,-0.03437,-0.00115,0.00000,0.00000,-0.166,-0.011,0
991.8220,-0.00681,-0.03436,-0.00115,0.00000,0.00000,-0.166,-0.011,0
991.8740,-0.00681,-0.03434,-0.00115,0.00000,0.00000,-0.166,-0.011,0
991.9260,-0.00680,-0.03432,-0.00115,0.00000,0.00000,-0.166,-0.011,0
991.9780,-0.00680,-0.03429,-0.00115,0.00000,0.00000,-0.166,-0.011,0
992.0300,-0.00679,-0.03427,-0.00115,0.00000,0.00000,-0.166,-0.011,0
992.0820,-0.00679,-0.03424,-0.00115,0.00000,0.00000,-0.166,-0.011,0
992.1340,-0.00678,-0.03421,-0.00115,0.00000,0.00000,-0.165,-0.011,0
992.1860,-0.00677,-0.03418,-0.00115,0.00000,0.00000,-0.165,-0.011,0
992.2380,-0.00677,-0.03415,-0.00115,0.00000,0.00000,-0.165,-0.011,0
992.2900,-0.00676,-0.03412,-0.00115,0.00000,0.00000,-0.165,-0.011,0
992.3420,-0.00676,-0.03408,-0.00115,0.00000,0.00000,-0.165,-0.011,0
992.3940,-0.00675,-0.03406,-0.00115,0.00000,0.00000,-0.165,-0.011,0
992.4460,-0.00675,-0.03403,-0.00115,0.00000,0.00000,-0.164,-0.011,0
992.4980,-0.00674,-0.03400,-0.00115,0.00000,0.00000,-0.164,-0.011,0
992.5500,-0.00674,-0.03398,-0.00115,0.00000,0.00000,-0.164,-0.011,0
992.6020,-0.00673,-0.03395,-0.00115,0.00000,0.00000,-0.164,-0.011,0
992.6540,-0.00673,-0.03391,-0.00115,0.00000,0.00000,-0.164,-0.011,0
992.7060,-0.00672,-0.03389,-0.00115,0.00000,0.00000,-0.164,-0.011,0
992.7580,-0.00672,-0.03387,-0.00115,0.00000,0.00000,-0.164,-0.011,0
992.8100,-0.00672,-0.03385,-0.00115,0.00000,0.00000,-0.163,-0.011,0
992.8620,-0.00672,-0.03385,-0.00115,0.00000,0.00000,-0.163,-0.011,0
992.9140,-0.00672,-0.03385,-0.00115,0.00000,0.00000,-0.163,-0.011,0
992.9660,-0.00672,-0.03386,-0.00115,0.00000,0.00000,-0.163,-0.011,0
993.0180,-0.00673,-0.03387,-0.00115,0.00000,0.00000,-0.163,-0.011,0
993.0700,-0.00673,-0.03386,-0.00115,0.00000,0.00000,-0.163,-0.011,0
993.1220,-0.00672,-0.03385,-0.00115,0.00000,0.00000,-0.163,-0.011,0
993.1740,-0.00672,-0.03384,-0.00115,0.00000,0.00000,-0.163,-0.011,0
993.2260,-0.00672,-0.03383,-0.00115,0.00000,0.00000,-0.163,-0.011,0
993.2780,-0.00672,-0.03382,-0.00115,0.00000,0.00000,-0.163,-0.011,0
993.3300,-0.00672,-0.03380,-0.00115,0.00000,0.00000,-0.163,-0.011,0
993.3820,-0.00671,-0.03379,-0.00115,0.00000,0.00000,-0.163,-0.011,0
993.4340,-0.00671,-0.03377,-0.00115,0.00000,0.00000,-0.163,-0.011,0
993.4860,-0.00671,-0.03375,-0.00115,0.00000,0.00000,-0.163,-0.011,0
993.5380,-0.00671,-0.03374,-0.00115,0.00000,0.00000,-0.163,-0.011,0
993.5900,-0.00670,-0.03373,-0.00115,0.00000,0.00000,-0.162,-0.011,0
993.6420,-0.00670,-0.03372,-0.00115,0.00000,0.00000,-0.162,-0.011,0
993.6940,-0.00670,-0.03371,-0.00115,0.00000,0.00000,-0.162,-0.011,0
993.7460,-0.00670,-0.03369,-0.00115,0.00000,0.00000,-0.162,-0.011,0
993.7980,-0.00670,-0.03368,-0.00115,0.00000,0.00000,-0.162,-0.011,0
993.8500,-0.00670,-0.03369,-0.00115,0.00000,0.00000,-0.162,-0.011,0
993.9020,-0.00670,-0.03369,-0.00115,0.00000,0.00000,-0.162,-0.011,0
993.9540,-0.00670,-0.03371,-0.00115,0.00000,0.00000,-0.162,-0.011,0
994.0060,-0.00671,-0.03373,-0.00115,0.00000,0.00000,-0.162,-0.011,0
994.0580,-0.00672,-0.03376,-0.00115,0.00000,0.00000,-0.162,-0.011,0
994.1100,-0.00672,-0.03378,-0.00115,0.00000,0.00000,-0.162,-0.011,0
994.1620,-0.00673,-0.03379,-0.00115,0.00000,0.00000,-0.163,-0.011,0
994.2140,-0.00673,-0.03382,-0.00115,0.00000,0.00000,-0.163,-0.011,0
994.2660,-0.00674,-0.03385,-0.00115,0.00000,0.00000,-0.163,-0.011,0
994.3180,-0.00675,-0.03387,-0.00115,0.00000,0.00000,-0.163,-0.011,0
994.3700,-0.00675,-0.03389,-0.00115,0.00000,0.00000,-0.163,-0.011,0
994.4220,-0.00675,-0.03390,-0.00115,0.00000,0.00000,-0.163,-0.011,0
994.4740,-0.00676,-0.03392,-0.00115,0.00000,0.00000,-0.163,-0.011,0
994.5260,-0.00676,-0.03395,-0.00115,0.00000,0.00000,-0.163,-0.011,0
994.5780,-0.00677,-0.03399,-0.00115,0.00000,0.00000,-0.163,-0.011,0
994.6300,-0.00678,-0.03403,-0.00115,0.00000,0.00000,-0.164,-0.011,0
994.6820,-0.00679,-0.03408,-0.00115,0.00000,0.00000,-0.164,-0.011,0
994.7340,-0.00680,-0.03414,-0.00115,0.00000,0.00000,-0.164,-0.011,0
994.7860,-0.00682,-0.03420,-0.00115,0.00000,0.00000,-0.165,-0.011,0
994.8380,-0.00683,-0.03426,-0.00115,0.00000,0.00000,-0.165,-0.011,0
994.8900,-0.00685,-0.03433,-0.00115,0.00000,0.00000,-0.165,-0.011,0
994.9420,-0.00686,-0.03439,-0.00115,0.00000,0.00000,-0.166,-0.011,0
994.9940,-0.00687,-0.03445,-0.00115,0.00000,0.00000,-0.166,-0.011,0
995.0460,-0.00688,-0.03451,-0.00115,0.00000,0.00000,-0.166,-0.011,0
995.0980,-0.00690,-0.03457,-0.00115,0.00000,0.00000,-0.167,-0.011,0
995.1500,-0.00690,-0.03461,-0.00115,0.00000,0.00000,-0.167,-0.011,0
995.2020,-0.00691,-0.03465,-0.00115,0.00000,0.00000,-0.167,-0.011,0
995.2540,-0.00691,-0.03467,-0.00115,0.00000,0.00000,-0.167,-0.011,0
995.3060,-0.00691,-0.03468,-0.00115,0.00000,0.00000,-0.167,-0.011,0
995.3580,-0.00691,-0.03466,-0.00115,0.00000,0.00000,-0.167,-0.011,0
995.4100,-0.00690,-0.03464,-0.00115,0.00000,0.00000,-0.167,-0.011,0
995.4620,-0.00689,-0.03461,-0.00115,0.00000,0.00000,-0.167,-0.011,0
995.5140,-0.00688,-0.03459,-0.00115,0.00000,0.00000,-0.167,-0.011,0
995.5660,-0.00687,-0.03457,-0.00115,0.00000,0.00000,-0.167,-0.011,0
995.6180,-0.00687,-0.03456,-0.00115,0.00000,0.00000,-0.167,-0.011,0
995.6700,-0.00687,-0.03455,-0.00115,0.00000,0.00000,-0.167,-0.011,0
995.7220,-0.00686,-0.03454,-0.00115,0.00000,0.00000,-0.167,-0.011,0
995.7740,-0.00686,-0.03453,-0.00115,0.00000,0.00000,-0.167,-0.011,0
995.8260,-0.00686,-0.03455,-0.00115,0.00000,0.00000,-0.167,-0.011,0
995.8780,-0.00686,-0.03456,-0.00115,0.00000,0.00000,-0.167,-0.011,0
995.9300,-0.00686,-0.03456,-0.00115,0.00000,0.00000,-0.167,-0.011,0
995.9820,-0.00687,-0.03458,-0.00115,0.00000,0.00000,-0.167,-0.011,0
996.0340,-0.00687,-0.03459,-0.00115,0.00000,0.00000,-0.167,-0.011,0
996.0860,-0.00687,-0.03459,-0.00115,0.00000,0.00000,-0.167,-0.011,0
996.1380,-0.00687,-0.03459,-0.00115,0.00000,0.00000,-0.167,-0.011,0
996.1900,-0.00686,-0.03457,-0.00115,0.00000,0.00000,-0.167,-0.011,0
996.2420,-0.00686,-0.03457,-0.00115,0.00000,0.00000,-0.167,-0.011,0
996.2940,-0.00686,-0.03457,-0.00115,0.00000,0.00000,-0.167,-0.011,0
996.3460,-0.00686,-0.03456,-0.00115,0.00000,0.00000,-0.167,-0.011,0
996.3980,-0.00686,-0.03457,-0.00115,0.00000,0.00000,-0.167,-0.011,0
996.4500,-0.00686,-0.03457,-0.00115,0.00000,0.00000,-0.167,-0.011,0
996.5020,-0.00686,-0.03458,-0.00115,0.00000,0.00000,-0.167,-0.011,0
996.5540,-0.00687,-0.03459,-0.00115,0.00000,0.00000,-0.167,-0.011,0
996.6060,-0.00687,-0.03460,-0.00115,0.00000,0.00000,-0.167,-0.011,0
996.6580,-0.00687,-0.03460,-0.00115,0.00000,0.00000,-0.167,-0.011,0
996.7100,-0.00687,-0.03459,-0.00115,0.00000,0.00000,-0.167,-0.011,0
996.7620,-0.00687,-0.03459,-0.00115,0.00000,0.00000,-0.167,-0.011,0
996.8140,-0.00687,-0.03459,-0.00115,0.00000,0.00000,-0.167,-0.011,0
996.8660,-0.00686,-0.03459,-0.00115,0.00000,0.00000,-0.167,-0.011,0
996.9180,-0.00686,-0.03458,-0.00115,0.00000,0.00000,-0.167,-0.011,0
996.9700,-0.00686,-0.03458,-0.00115,0.00000,0.00000,-0.167,-0.011,0
997.0220,-0.00687,-0.03460,-0.00115,0.00000,0.00000,-0.167,-0.011,0
997.0740,-0.00687,-0.03462,-0.00115,0.00000,0.00000,-0.168,-0.011,0
997.1260,-0.00687,-0.03463,-0.00115,0.00000,0.00000,-0.168,-0.011,0
997.1780,-0.00687,-0.03463,-0.00115,0.00000,0.00000,-0.168,-0.011,0
997.2300,-0.00688,-0.03464,-0.00115,0.00000,0.00000,-0.168,-0.011,0
997.2820,-0.00688,-0.03465,-0.00115,0.00000,0.00000,-0.168,-0.011,0
997.3340,-0.00688,-0.03467,-0.00115,0.00000,0.00000,-0.168,-0.011,0
997.3860,-0.00689,-0.03470,-0.00115,0.00000,0.00000,-0.168,-0.011,0
997.4380,-0.00690,-0.03473,-0.00115,0.00000,0.00000,-0.168,-0.011,0
997.4900,-0.00691,-0.03477,-0.00115,0.00000,0.00000,-0.168,-0.011,0
997.5420,-0.00692,-0.03481,-0.00115,0.00000,0.00000,-0.169,-0.011,0
997.5940,-0.00692,-0.03484,-0.00115,0.00000,0.00000,-0.169,-0.011,0
997.6460,-0.00693,-0.03488,-0.00115,0.00000,0.00000,-0.169,-0.011,0
997.6980,-0.00694,-0.03492,-0.00115,0.00000,0.00000,-0.169,-0.011,0
997.7500,-0.00695,-0.03495,-0.00115,0.00000,0.00000,-0.169,-0.011,0
997.8020,-0.00696,-0.03499,-0.00115,0.00000,0.00000,-0.170,-0.011,0
997.8540,-0.00696,-0.03503,-0.00115,0.00000,0.00000,-0.170,-0.011,0
997.9060,-0.00697,-0.03505,-0.00115,0.00000,0.00000,-0.170,-0.011,0
997.9580,-0.00697,-0.03506,-0.00115,0.00000,0.00000,-0.170,-0.011,0
998.0100,-0.00697,-0.03507,-0.00115,0.00000,0.00000,-0.170,-0.011,0
998.0620,-0.00697,-0.03508,-0.00115,0.00000,0.00000,-0.170,-0.011,0
998.1140,-0.00697,-0.03508,-0.00115,0.00000,0.00000,-0.170,-0.011,0
998.1660,-0.00697,-0.03508,-0.00115,0.00000,0.00000,-0.170,-0.011,0
998.2180,-0.00697,-0.03508,-0.00115,0.00000,0.00000,-0.170,-0.011,0
998.2700,-0.00696,-0.03507,-0.00115,0.00000,0.00000,-0.170,-0.011,0
998.3220,-0.00696,-0.03506,-0.00115,0.00000,0.00000,-0.170,-0.011,0
998.3740,-0.00695,-0.03505,-0.00115,0.00000,0.00000,-0.170,-0.011,0
998.4260,-0.00695,-0.03504,-0.00115,0.00000,0.00000,-0.170,-0.011,0
998.4780,-0.00695,-0.03503,-0.00115,0.00000,0.00000,-0.170,-0.011,0
998.5300,-0.00695,-0.03502,-0.00115,0.00000,0.00000,-0.170,-0.011,0
998.5820,-0.00695,-0.03502,-0.00115,0.00000,0.00000,-0.170,-0.011,0
998.6340,-0.00695,-0.03504,-0.00115,0.00000,0.00000,-0.170,-0.011,0
998.6860,-0.00695,-0.03505,-0.00115,0.00000,0.00000,-0.170,-0.011,0
998.7380,-0.00695,-0.03507,-0.00115,0.00000,0.00000,-0.170,-0.011,0
998.7900,-0.00696,-0.03509,-0.00115,0.00000,0.00000,-0.170,-0.011,0
998.8420,-0.00697,-0.03512,-0.00115,0.00000,0.00000,-0.171,-0.011,0
998.8940,-0.00697,-0.03514,-0.00115,0.00000,0.00000,-0.171,-0.011,0
998.9460,-0.00697,-0.03515,-0.00115,0.00000,0.00000,-0.171,-0.011,0
998.9980,-0.00697,-0.03515,-0.00115,0.00000,0.00000,-0.171,-0.011,0
999.0500,-0.00697,-0.03516,-0.00115,0.00000,0.00000,-0.171,-0.011,0
999.1020,-0.00697,-0.03516,-0.00115,0.00000,0.00000,-0.171,-0.011,0
999.1540,-0.00697,-0.03516,-0.00115,0.00000,0.00000,-0.171,-0.011,0
999.2060,-0.00697,-0.03515,-0.00115,0.00000,0.00000,-0.171,-0.011,0
999.2580,-0.00696,-0.03513,-0.00115,0.00000,0.00000,-0.171,-0.011,0
999.3100,-0.00696,-0.03510,-0.00115,0.00000,0.00000,-0.171,-0.011,0
999.3620,-0.00696,-0.03510,-0.00115,0.00000,0.00000,-0.171,-0.011,0
999.4140,-0.00696,-0.03510,-0.00115,0.00000,0.00000,-0.171,-0.011,0
999.4660,-0.00696,-0.03510,-0.00115,0.00000,0.00000,-0.171,-0.011,0
999.5180,-0.00696,-0.03510,-0.00115,0.00000,0.00000,-0.171,-0.011,0
999.5700,-0.00696,-0.03510,-0.00115,0.00000,0.00000,-0.171,-0.011,0
999.6220,-0.00696,-0.03510,-0.00115,0.00000,0.00000,-0.171,-0.011,0
999.6740,-0.00696,-0.03510,-0.00115,0.00000,0.00000,-0.171,-0.011,0
999.7260,-0.00696,-0.03510,-0.00115,0.00000,0.00000,-0.171,-0.011,0
999.7780,-0.00696,-0.03510,-0.00115,0.00000,0.00000,-0.171,-0.011,0
999.8300,-0.00695,-0.03509,-0.00115,0.00000,0.00000,-0.171,-0.011,0
999.8820,-0.00695,-0.03508,-0.00115,0.00000,0.00000,-0.171,-0.011,0
999.9340,-0.00695,-0.03507,-0.00115,0.00000,0.00000,-0.171,-0.011,0
999.9860,-0.00695,-0.03506,-0.00115,0.00000,0.00000,-0.171,-0.011,0
