t,px,py,pz,rx,ry,yaw_deg,pitch_deg,lap
0.0020,0.10000,0.05000,0.00000,0.00000,0.00000,0.000,-0.000,0
0.0520,0.09931,0.04970,-0.00001,0.00000,0.00000,0.019,0.004,0
0.1020,0.09747,0.04895,-0.00005,0.00000,0.00000,0.064,0.005,0
0.1520,0.09467,0.04783,-0.00010,0.00000,0.00000,0.114,-0.003,0
0.2020,0.09108,0.04640,-0.00017,0.00000,0.00000,0.158,-0.011,0
0.2520,0.08685,0.04474,-0.00025,0.00000,0.00000,0.196,-0.017,0
0.3020,0.08212,0.04289,-0.00033,0.00000,0.00000,0.227,-0.023,0
0.3520,0.07700,0.04090,-0.00043,0.00000,0.00000,0.251,-0.027,0
0.4020,0.07160,0.03882,-0.00052,0.00000,0.00000,0.268,-0.031,0
0.4520,0.06602,0.03667,-0.00062,0.00000,0.00000,0.280,-0.033,0
0.5040,0.06010,0.03441,-0.00072,0.00000,0.00000,0.286,-0.035,0
0.5540,0.05437,0.03224,-0.00081,0.00000,0.00000,0.288,-0.037,0
0.6040,0.04867,0.03009,-0.00090,0.00000,0.00000,0.285,-0.037,0
0.6540,0.04305,0.02799,-0.00098,0.00000,0.00000,0.279,-0.037,0
0.7040,0.03754,0.02595,-0.00105,0.00000,0.00000,0.271,-0.037,0
0.7540,0.03220,0.02397,-0.00112,0.00000,0.00000,0.260,-0.036,0
0.8040,0.02705,0.02207,-0.00117,0.00000,0.00000,0.247,-0.035,0
0.8540,0.02211,0.02026,-0.00120,0.00000,0.00000,0.233,-0.034,0
0.9040,0.01742,0.01854,-0.00123,0.00000,0.00000,0.218,-0.032,0
0.9540,0.01298,0.01691,-0.00124,0.00000,0.00000,0.203,-0.030,0
1.0060,0.00864,0.01534,-0.00123,0.00000,0.00000,0.186,-0.028,0
1.0560,0.00475,0.01393,-0.00121,0.00000,0.00000,0.170,-0.026,0
1.1060,0.00113,0.01262,-0.00118,0.00000,0.00000,0.154,-0.024,0
1.1560,-0.00220,0.01141,-0.00113,0.00000,0.00000,0.138,-0.022,0
1.2060,-0.00526,0.01031,-0.00106,0.00000,0.00000,0.123,-0.019,0
1.2560,-0.00804,0.00932,-0.00098,0.00000,0.00000,0.108,-0.017,0
1.3060,-0.01055,0.00842,-0.00088,0.00000,0.00000,0.093,-0.015,0
1.3560,-0.01278,0.00761,-0.00076,0.00000,0.00000,0.079,-0.013,0
1.4060,-0.01476,0.00689,-0.00064,0.00000,0.00000,0.066,-0.011,0
1.4560,-0.01648,0.00625,-0.00049,0.00000,0.00000,0.053,-0.009,0
1.5060,-0.01796,0.00570,-0.00034,0.00000,0.00000,0.042,-0.007,0
1.5560,-0.01920,0.00522,-0.00017,0.00000,0.00000,0.031,-0.005,0
1.6060,-0.02022,0.00480,0.00001,0.00000,0.00000,0.020,-0.003,0
1.6560,-0.02103,0.00446,0.00020,0.00000,0.00000,0.011,-0.002,0
1.7060,-0.02165,0.00417,0.00040,0.00000,0.00000,0.002,-0.000,0
1.7560,-0.02207,0.00393,0.00061,0.00000,0.00000,-0.007,0.001,0
1.8060,-0.02233,0.00374,0.00082,0.00000,0.00000,-0.014,0.002,0
1.8560,-0.02242,0.00360,0.00104,0.00000,0.00000,-0.021,0.003,0
1.9060,-0.02238,0.00351,0.00127,0.00000,0.00000,-0.027,0.004,0
1.9560,-0.02220,0.00346,0.00150,0.00000,0.00000,-0.032,0.004,0
2.0080,-0.02190,0.00345,0.00174,0.00000,0.00000,-0.037,0.005,0
2.0600,-0.02147,0.00348,0.00198,0.00000,0.00000,-0.041,0.005,0
2.1120,-0.02093,0.00352,0.00222,0.00000,0.00000,-0.045,0.005,0
2.1640,-0.02029,0.00359,0.00246,0.00000,0.00000,-0.048,0.005,0
2.2160,-0.01956,0.00368,0.00270,0.00000,0.00000,-0.050,0.005,0
2.2680,-0.01874,0.00375,0.00293,0.00000,0.00000,-0.052,0.005,0
2.3200,-0.01785,0.00384,0.00315,0.00000,0.00000,-0.054,0.005,0
2.3720,-0.01689,0.00394,0.00337,0.00000,0.00000,-0.055,0.004,0
2.4240,-0.01589,0.00405,0.00357,0.00000,0.00000,-0.055,0.004,0
2.4760,-0.01484,0.00417,0.00376,0.00000,0.00000,-0.055,0.003,0
2.5280,-0.01375,0.00429,0.00395,0.00000,0.00000,-0.055,0.002,0
2.5800,-0.01263,0.00443,0.00412,0.00000,0.00000,-0.054,0.001,0
2.6320,-0.01148,0.00455,0.00427,0.00000,0.00000,-0.053,0.001,0
2.6840,-0.01031,0.00467,0.00441,0.00000,0.00000,-0.052,-0.000,0
2.7360,-0.00912,0.00479,0.00453,0.00000,0.00000,-0.051,-0.001,0
2.7880,-0.00792,0.00490,0.00464,0.00000,0.00000,-0.049,-0.002,0
2.8400,-0.00671,0.00501,0.00473,0.00000,0.00000,-0.047,-0.003,0
2.8920,-0.00550,0.00511,0.00480,0.00000,0.00000,-0.045,-0.003,0
2.9440,-0.00429,0.00522,0.00485,0.00000,0.00000,-0.043,-0.004,0
2.9960,-0.00310,0.00533,0.00488,0.00000,0.00000,-0.041,-0.005,0
3.0480,-0.00193,0.00545,0.00490,0.00000,0.00000,-0.039,-0.005,0
3.1000,-0.00078,0.00557,0.00489,0.00000,0.00000,-0.036,-0.006,0
3.1520,0.00036,0.00569,0.00487,0.00000,0.00000,-0.034,-0.006,0
3.2040,0.00147,0.00581,0.00483,0.00000,0.00000,-0.031,-0.007,0
3.2560,0.00256,0.00592,0.00476,0.00000,0.00000,-0.029,-0.007,0
3.3080,0.00361,0.00604,0.00469,0.00000,0.00000,-0.027,-0.007,0
3.3600,0.00462,0.00618,0.00459,0.00000,0.00000,-0.024,-0.007,0
3.4120,0.00558,0.00633,0.00448,0.00000,0.00000,-0.022,-0.007,0
3.4640,0.00650,0.00649,0.00435,0.00000,0.00000,-0.019,-0.007,0
3.5160,0.00737,0.00665,0.00420,0.00000,0.00000,-0.017,-0.007,0
3.5680,0.00820,0.00682,0.00404,0.00000,0.00000,-0.015,-0.007,0
3.6200,0.00898,0.00699,0.00387,0.00000,0.00000,-0.013,-0.007,0
3.6720,0.00971,0.00716,0.00369,0.00000,0.00000,-0.011,-0.006,0
3.7240,0.01040,0.00731,0.00349,0.00000,0.00000,-0.009,-0.006,0
3.7760,0.01103,0.00747,0.00329,0.00000,0.00000,-0.007,-0.005,0
3.8280,0.01161,0.00764,0.00307,0.00000,0.00000,-0.006,-0.005,0
3.8800,0.01213,0.00781,0.00285,0.00000,0.00000,-0.004,-0.004,0
3.9320,0.01259,0.00798,0.00263,0.00000,0.00000,-0.003,-0.004,0
3.9840,0.01300,0.00815,0.00239,0.00000,0.00000,-0.002,-0.003,0
4.0360,0.01336,0.00832,0.00216,0.00000,0.00000,-0.001,-0.002,0
4.0880,0.01367,0.00846,0.00193,0.00000,0.00000,0.000,-0.002,0
4.1400,0.01394,0.00859,0.00169,0.00000,0.00000,0.001,-0.001,0
4.1920,0.01415,0.00871,0.00146,0.00000,0.00000,0.002,-0.000,0
4.2440,0.01433,0.00881,0.00123,0.00000,0.00000,0.002,0.000,0
4.2960,0.01445,0.00889,0.00100,0.00000,0.00000,0.003,0.001,0
4.3480,0.01453,0.00896,0.00079,0.00000,0.00000,0.003,0.002,0
4.4000,0.01458,0.00900,0.00057,0.00000,0.00000,0.003,0.003,0
4.4520,0.01459,0.00902,0.00037,0.00000,0.00000,0.004,0.003,0
4.5040,0.01456,0.00902,0.00018,0.00000,0.00000,0.004,0.004,0
4.5560,0.01451,0.00898,-0.00000,0.00000,0.00000,0.003,0.005,0
4.6080,0.01442,0.00893,-0.00017,0.00000,0.00000,0.003,0.005,0
4.6600,0.01431,0.00883,-0.00033,0.00000,0.00000,0.003,0.006,0
4.7120,0.01417,0.00871,-0.00047,0.00000,0.00000,0.003,0.006,0
4.7640,0.01401,0.00855,-0.00060,0.00000,0.00000,0.002,0.007,0
4.8160,0.01384,0.00836,-0.00071,0.00000,0.00000,0.002,0.007,0
4.8680,0.01364,0.00814,-0.00080,0.00000,0.00000,0.001,0.008,0
4.9200,0.01344,0.00787,-0.00088,0.00000,0.00000,0.001,0.008,0
4.9720,0.01322,0.00756,-0.00094,0.00000,0.00000,0.000,0.009,0
5.0240,0.01300,0.00722,-0.00098,0.00000,0.00000,0.000,0.009,0
5.0760,0.01277,0.00685,-0.00100,0.00000,0.00000,-0.000,0.009,0
5.1280,0.01253,0.00643,-0.00101,0.00000,0.00000,-0.001,0.010,0
5.1800,0.01231,0.00596,-0.00100,0.00000,0.00000,-0.001,0.010,0
5.2320,0.01209,0.00544,-0.00097,0.00000,0.00000,-0.002,0.010,0
5.2840,0.01188,0.00487,-0.00093,0.00000,0.00000,-0.002,0.011,0
5.3360,0.01168,0.00426,-0.00086,0.00000,0.00000,-0.002,0.011,0
5.3880,0.01149,0.00360,-0.00079,0.00000,0.00000,-0.002,0.011,0
5.4400,0.01131,0.00289,-0.00069,0.00000,0.00000,-0.002,0.012,0
5.4920,0.01115,0.00215,-0.00059,0.00000,0.00000,-0.002,0.012,0
5.5440,0.01100,0.00136,-0.00046,0.00000,0.00000,-0.002,0.012,0
5.5960,0.01088,0.00053,-0.00033,0.00000,0.00000,-0.002,0.013,0
5.6480,0.01078,-0.00035,-0.00019,0.00000,0.00000,-0.002,0.013,0
5.7000,0.01070,-0.00127,-0.00003,0.00000,0.00000,-0.001,0.013,0
5.7520,0.01064,-0.00223,0.00013,0.00000,0.00000,-0.001,0.014,0
5.8040,0.01060,-0.00322,0.00030,0.00000,0.00000,0.000,0.014,0
5.8560,0.01059,-0.00424,0.00048,0.00000,0.00000,0.001,0.015,0
5.9080,0.01060,-0.00529,0.00066,0.00000,0.00000,0.002,0.015,0
5.9600,0.01064,-0.00638,0.00085,0.00000,0.00000,0.003,0.016,0
6.0120,0.01071,-0.00751,0.00103,0.00000,0.00000,0.005,0.016,0
6.0640,0.01081,-0.00867,0.00122,0.00000,0.00000,0.006,0.017,0
6.1160,0.01094,-0.00985,0.00140,0.00000,0.00000,0.008,0.018,0
6.1680,0.01109,-0.01106,0.00158,0.00000,0.00000,0.010,0.018,0
6.2200,0.01127,-0.01228,0.00175,0.00000,0.00000,0.012,0.019,0
6.2720,0.01146,-0.01351,0.00192,0.00000,0.00000,0.015,0.020,0
6.3240,0.01168,-0.01475,0.00208,0.00000,0.00000,0.017,0.021,0
6.3760,0.01192,-0.01600,0.00223,0.00000,0.00000,0.020,0.022,0
6.4280,0.01218,-0.01727,0.00237,0.00000,0.00000,0.023,0.022,0
6.4800,0.01246,-0.01853,0.00249,0.00000,0.00000,0.026,0.023,0
6.5320,0.01276,-0.01979,0.00260,0.00000,0.00000,0.030,0.024,0
6.5840,0.01307,-0.02106,0.00269,0.00000,0.00000,0.033,0.025,0
6.6360,0.01339,-0.02230,0.00277,0.00000,0.00000,0.037,0.026,0
6.6880,0.01372,-0.02352,0.00283,0.00000,0.00000,0.042,0.027,0
6.7400,0.01405,-0.02473,0.00287,0.00000,0.00000,0.046,0.028,0
6.7920,0.01438,-0.02591,0.00289,0.00000,0.00000,0.051,0.029,0
6.8440,0.01472,-0.02706,0.00289,0.00000,0.00000,0.056,0.030,0
6.8960,0.01505,-0.02819,0.00287,0.00000,0.00000,0.061,0.031,0
6.9480,0.01537,-0.02928,0.00283,0.00000,0.00000,0.066,0.032,0
7.0000,0.01568,-0.03033,0.00276,0.00000,0.00000,0.072,0.033,0
7.0520,0.01598,-0.03134,0.00267,0.00000,0.00000,0.077,0.034,0
7.1040,0.01627,-0.03230,0.00256,0.00000,0.00000,0.083,0.035,0
7.1560,0.01653,-0.03321,0.00243,0.00000,0.00000,0.089,0.036,0
7.2080,0.01677,-0.03407,0.00228,0.00000,0.00000,0.095,0.037,0
7.2600,0.01699,-0.03488,0.00210,0.00000,0.00000,0.101,0.038,0
7.3120,0.01719,-0.03564,0.00190,0.00000,0.00000,0.108,0.039,0
7.3640,0.01735,-0.03634,0.00168,0.00000,0.00000,0.114,0.039,0
7.4160,0.01749,-0.03697,0.00145,0.00000,0.00000,0.120,0.040,0
7.4680,0.01759,-0.03754,0.00119,0.00000,0.00000,0.126,0.040,0
7.5200,0.01765,-0.03806,0.00091,0.00000,0.00000,0.133,0.040,0
7.5720,0.01768,-0.03852,0.00062,0.00000,0.00000,0.139,0.041,0
7.6240,0.01769,-0.03894,0.00031,0.00000,0.00000,0.145,0.041,0
7.6760,0.01766,-0.03930,-0.00001,0.00000,0.00000,0.151,0.041,0
7.7280,0.01759,-0.03959,-0.00034,0.00000,0.00000,0.158,0.041,0
7.7800,0.01748,-0.03984,-0.00069,0.00000,0.00000,0.164,0.041,0
7.8320,0.01734,-0.04004,-0.00104,0.00000,0.00000,0.170,0.040,0
7.8840,0.01716,-0.04016,-0.00141,0.00000,0.00000,0.175,0.040,0
7.9360,0.01692,-0.04021,-0.00177,0.00000,0.00000,0.181,0.039,0
7.9880,0.01664,-0.04019,-0.00215,0.00000,0.00000,0.186,0.038,0
8.0380,0.01632,-0.04012,-0.00250,0.00000,0.00000,0.190,0.038,0
8.0880,0.01597,-0.03999,-0.00286,0.00000,0.00000,0.194,0.037,0
8.1380,0.01558,-0.03980,-0.00322,0.00000,0.00000,0.198,0.036,0
8.1880,0.01514,-0.03954,-0.00357,0.00000,0.00000,0.201,0.034,0
8.2380,0.01466,-0.03923,-0.00392,0.00000,0.00000,0.204,0.033,0
8.2880,0.01415,-0.03888,-0.00426,0.00000,0.00000,0.206,0.032,0
8.3380,0.01361,-0.03849,-0.00459,0.00000,0.00000,0.208,0.030,0
8.3880,0.01304,-0.03805,-0.00491,0.00000,0.00000,0.210,0.029,0
8.4380,0.01244,-0.03757,-0.00521,0.00000,0.00000,0.211,0.027,0
8.4880,0.01181,-0.03705,-0.00550,0.00000,0.00000,0.212,0.026,0
8.5380,0.01115,-0.03649,-0.00577,0.00000,0.00000,0.213,0.024,0
8.5880,0.01047,-0.03589,-0.00603,0.00000,0.00000,0.213,0.022,0
8.6380,0.00976,-0.03525,-0.00627,0.00000,0.00000,0.212,0.021,0
8.6880,0.00903,-0.03458,-0.00648,0.00000,0.00000,0.211,0.019,0
8.7380,0.00830,-0.03389,-0.00667,0.00000,0.00000,0.209,0.017,0
8.7880,0.00755,-0.03318,-0.00684,0.00000,0.00000,0.208,0.015,0
8.8380,0.00679,-0.03245,-0.00699,0.00000,0.00000,0.205,0.014,0
8.8880,0.00603,-0.03171,-0.00710,0.00000,0.00000,0.203,0.012,0
8.9380,0.00527,-0.03095,-0.00719,0.00000,0.00000,0.200,0.011,0
8.9880,0.00451,-0.03018,-0.00726,0.00000,0.00000,0.196,0.009,0
9.0380,0.00375,-0.02939,-0.00729,0.00000,0.00000,0.193,0.008,0
9.0880,0.00300,-0.02860,-0.00730,0.00000,0.00000,0.189,0.006,0
9.1380,0.00227,-0.02782,-0.00728,0.00000,0.00000,0.184,0.005,0
9.1880,0.00156,-0.02705,-0.00723,0.00000,0.00000,0.180,0.004,0
9.2380,0.00087,-0.02629,-0.00715,0.00000,0.00000,0.175,0.003,0
9.2880,0.00022,-0.02556,-0.00704,0.00000,0.00000,0.170,0.002,0
9.3380,-0.00041,-0.02484,-0.00690,0.00000,0.00000,0.165,0.001,0
9.3880,-0.00100,-0.02415,-0.00673,0.00000,0.00000,0.160,-0.000,0
9.4380,-0.00155,-0.02348,-0.00654,0.00000,0.00000,0.155,-0.001,0
9.4880,-0.00206,-0.02284,-0.00632,0.00000,0.00000,0.149,-0.002,0
9.5380,-0.00253,-0.02224,-0.00607,0.00000,0.00000,0.144,-0.002,0
9.5880,-0.00294,-0.02169,-0.00579,0.00000,0.00000,0.139,-0.002,0
9.6380,-0.00329,-0.02118,-0.00550,0.00000,0.00000,0.134,-0.003,0
9.6880,-0.00359,-0.02072,-0.00518,0.00000,0.00000,0.129,-0.003,0
9.7380,-0.00383,-0.02031,-0.00484,0.00000,0.00000,0.124,-0.003,0
9.7880,-0.00402,-0.01994,-0.00447,0.00000,0.00000,0.119,-0.003,0
9.8380,-0.00415,-0.01960,-0.00409,0.00000,0.00000,0.115,-0.003,0
9.8880,-0.00423,-0.01931,-0.00370,0.00000,0.00000,0.110,-0.003,0
9.9380,-0.00424,-0.01907,-0.00329,0.00000,0.00000,0.106,-0.003,0
9.9880,-0.00418,-0.01890,-0.00286,0.00000,0.00000,0.102,-0.002,0
10.0380,-0.00406,-0.01879,-0.00243,0.00000,0.00000,0.098,-0.002,0
10.0880,-0.00387,-0.01873,-0.00198,0.00000,0.00000,0.094,-0.002,0
10.1380,-0.00362,-0.01873,-0.00153,0.00000,0.00000,0.091,-0.001,0
10.1880,-0.00330,-0.01879,-0.00107,0.00000,0.00000,0.088,-0.001,0
10.2380,-0.00292,-0.01892,-0.00061,0.00000,0.00000,0.085,-0.000,0
10.2880,-0.00247,-0.01910,-0.00015,0.00000,0.00000,0.083,0.000,0
10.3380,-0.00196,-0.01933,0.00031,0.00000,0.00000,0.081,0.001,0
10.3880,-0.00140,-0.01962,0.00076,0.00000,0.00000,0.080,0.002,0
10.4380,-0.00078,-0.01996,0.00121,0.00000,0.00000,0.079,0.002,0
10.4880,-0.00011,-0.02034,0.00165,0.00000,0.00000,0.078,0.003,0
10.5380,0.00062,-0.02078,0.00208,0.00000,0.00000,0.077,0.004,0
10.5880,0.00139,-0.02127,0.00250,0.00000,0.00000,0.077,0.005,0
10.6380,0.00221,-0.02180,0.00291,0.00000,0.00000,0.077,0.006,0
10.6880,0.00307,-0.02236,0.00330,0.00000,0.00000,0.078,0.006,0
10.7380,0.00397,-0.02296,0.00367,0.00000,0.00000,0.079,0.007,0
10.7880,0.00491,-0.02361,0.00402,0.00000,0.00000,0.081,0.008,0
10.8380,0.00588,-0.02430,0.00436,0.00000,0.00000,0.083,0.009,0
10.8880,0.00689,-0.02504,0.00467,0.00000,0.00000,0.085,0.011,0
10.9380,0.00792,-0.02580,0.00495,0.00000,0.00000,0.088,0.012,0
10.9880,0.00897,-0.02659,0.00522,0.00000,0.00000,0.091,0.013,0
11.0380,0.01005,-0.02741,0.00545,0.00000,0.00000,0.095,0.014,0
11.0880,0.01114,-0.02827,0.00567,0.00000,0.00000,0.100,0.016,0
11.1380,0.01225,-0.02914,0.00585,0.00000,0.00000,0.104,0.017,0
11.1880,0.01336,-0.03002,0.00600,0.00000,0.00000,0.110,0.019,0
11.2380,0.01448,-0.03092,0.00613,0.00000,0.00000,0.115,0.020,0
11.2880,0.01559,-0.03184,0.00623,0.00000,0.00000,0.122,0.022,0
11.3380,0.01671,-0.03276,0.00629,0.00000,0.00000,0.128,0.024,0
11.3880,0.01781,-0.03367,0.00633,0.00000,0.00000,0.136,0.026,0
11.4380,0.01890,-0.03459,0.00634,0.00000,0.00000,0.143,0.028,0
11.4880,0.01997,-0.03550,0.00632,0.00000,0.00000,0.151,0.030,0
11.5380,0.02103,-0.03639,0.00627,0.00000,0.00000,0.159,0.032,0
11.5880,0.02206,-0.03728,0.00619,0.00000,0.00000,0.168,0.034,0
11.6380,0.02308,-0.03817,0.00608,0.00000,0.00000,0.177,0.036,0
11.6880,0.02407,-0.03904,0.00595,0.00000,0.00000,0.187,0.038,0
11.7380,0.02504,-0.03991,0.00579,0.00000,0.00000,0.197,0.040,0
11.7880,0.02597,-0.04075,0.00560,0.00000,0.00000,0.207,0.042,0
11.8380,0.02688,-0.04157,0.00539,0.00000,0.00000,0.218,0.044,0
11.8880,0.02774,-0.04236,0.00516,0.00000,0.00000,0.229,0.046,0
11.9380,0.02857,-0.04313,0.00490,0.00000,0.00000,0.240,0.048,0
11.9880,0.02937,-0.04389,0.00462,0.00000,0.00000,0.252,0.050,0
12.0380,0.03014,-0.04462,0.00432,0.00000,0.00000,0.264,0.052,0
12.0880,0.03086,-0.04532,0.00401,0.00000,0.00000,0.276,0.054,0
12.1380,0.03153,-0.04597,0.00368,0.00000,0.00000,0.288,0.056,0
12.1880,0.03216,-0.04657,0.00333,0.00000,0.00000,0.300,0.057,0
12.2380,0.03273,-0.04713,0.00297,0.00000,0.00000,0.312,0.059,0
12.2880,0.03327,-0.04766,0.00260,0.00000,0.00000,0.324,0.060,0
12.3380,0.03375,-0.04815,0.00222,0.00000,0.00000,0.336,0.061,0
12.3880,0.03419,-0.04859,0.00183,0.00000,0.00000,0.348,0.062,0
12.4380,0.03458,-0.04899,0.00144,0.00000,0.00000,0.360,0.063,0
12.4880,0.03493,-0.04936,0.00104,0.00000,0.00000,0.372,0.064,0
12.5380,0.03524,-0.04969,0.00064,0.00000,0.00000,0.383,0.064,0
12.5880,0.03550,-0.04999,0.00024,0.00000,0.00000,0.395,0.065,0
12.6380,0.03572,-0.05024,-0.00016,0.00000,0.00000,0.406,0.065,0
12.6880,0.03589,-0.05044,-0.00056,0.00000,0.00000,0.417,0.065,0
12.7380,0.03602,-0.05060,-0.00095,0.00000,0.00000,0.428,0.064,0
12.7880,0.03610,-0.05070,-0.00134,0.00000,0.00000,0.438,0.064,0
12.8380,0.03613,-0.05077,-0.00171,0.00000,0.00000,0.447,0.063,0
12.8880,0.03613,-0.05079,-0.00208,0.00000,0.00000,0.456,0.063,0
12.9380,0.03609,-0.05078,-0.00243,0.00000,0.00000,0.465,0.062,0
12.9880,0.03601,-0.05073,-0.00277,0.00000,0.00000,0.474,0.061,0
13.0380,0.03590,-0.05063,-0.00310,0.00000,0.00000,0.481,0.059,0
13.0880,0.03574,-0.05048,-0.00341,0.00000,0.00000,0.488,0.058,0
13.1380,0.03555,-0.05030,-0.00371,0.00000,0.00000,0.495,0.056,0
13.1880,0.03534,-0.05009,-0.00398,0.00000,0.00000,0.501,0.055,0
13.2380,0.03510,-0.04985,-0.00424,0.00000,0.00000,0.507,0.053,0
13.2880,0.03484,-0.04957,-0.00448,0.00000,0.00000,0.512,0.051,0
13.3380,0.03455,-0.04926,-0.00469,0.00000,0.00000,0.516,0.049,0
13.3880,0.03424,-0.04892,-0.00489,0.00000,0.00000,0.520,0.047,0
13.4380,0.03391,-0.04855,-0.00506,0.00000,0.00000,0.524,0.045,0
13.4880,0.03357,-0.04816,-0.00522,0.00000,0.00000,0.527,0.043,0
13.5380,0.03322,-0.04774,-0.00534,0.00000,0.00000,0.529,0.041,0
13.5880,0.03285,-0.04728,-0.00545,0.00000,0.00000,0.531,0.039,0
13.6380,0.03247,-0.04682,-0.00554,0.00000,0.00000,0.532,0.037,0
13.6880,0.03211,-0.04635,-0.00560,0.00000,0.00000,0.534,0.035,0
13.7380,0.03174,-0.04586,-0.00564,0.00000,0.00000,0.534,0.033,0
13.7880,0.03136,-0.04535,-0.00566,0.00000,0.00000,0.535,0.031,0
13.8380,0.03099,-0.04482,-0.00566,0.00000,0.00000,0.535,0.029,0
13.8880,0.03063,-0.04429,-0.00563,0.00000,0.00000,0.534,0.027,0
13.9380,0.03029,-0.04375,-0.00559,0.00000,0.00000,0.534,0.025,0
13.9880,0.02995,-0.04320,-0.00553,0.00000,0.00000,0.533,0.024,0
14.0380,0.02962,-0.04264,-0.00545,0.00000,0.00000,0.531,0.022,0
14.0880,0.02931,-0.04208,-0.00535,0.00000,0.00000,0.530,0.021,0
14.1380,0.02901,-0.04150,-0.00524,0.00000,0.00000,0.528,0.019,0
14.1880,0.02873,-0.04090,-0.00511,0.00000,0.00000,0.526,0.018,0
14.2380,0.02845,-0.04029,-0.00497,0.00000,0.00000,0.523,0.017,0
14.2880,0.02820,-0.03967,-0.00481,0.00000,0.00000,0.520,0.016,0
14.3380,0.02797,-0.03905,-0.00465,0.00000,0.00000,0.517,0.015,0
14.3880,0.02776,-0.03842,-0.00447,0.00000,0.00000,0.514,0.014,0
14.4380,0.02758,-0.03781,-0.00429,0.00000,0.00000,0.511,0.013,0
14.4880,0.02743,-0.03720,-0.00410,0.00000,0.00000,0.508,0.013,0
14.5380,0.02730,-0.03659,-0.00390,0.00000,0.00000,0.505,0.012,0
14.5880,0.02720,-0.03597,-0.00370,0.00000,0.00000,0.502,0.012,0
14.6380,0.02712,-0.03535,-0.00350,0.00000,0.00000,0.499,0.012,0
14.6880,0.02706,-0.03471,-0.00329,0.00000,0.00000,0.495,0.012,0
14.7380,0.02701,-0.03406,-0.00309,0.00000,0.00000,0.491,0.011,0
14.7880,0.02698,-0.03340,-0.00289,0.00000,0.00000,0.488,0.012,0
14.8380,0.02698,-0.03274,-0.00269,0.00000,0.00000,0.484,0.012,0
14.8880,0.02699,-0.03207,-0.00250,0.00000,0.00000,0.480,0.012,0
14.9380,0.02702,-0.03141,-0.00231,0.00000,0.00000,0.476,0.012,0
14.9880,0.02708,-0.03075,-0.00213,0.00000,0.00000,0.472,0.013,0
15.0380,0.02715,-0.03007,-0.00196,0.00000,0.00000,0.469,0.013,0
15.0880,0.02723,-0.02937,-0.00180,0.00000,0.00000,0.465,0.013,0
15.1380,0.02732,-0.02868,-0.00164,0.00000,0.00000,0.461,0.014,0
15.1880,0.02742,-0.02798,-0.00150,0.00000,0.00000,0.457,0.015,0
15.2380,0.02754,-0.02729,-0.00137,0.00000,0.00000,0.453,0.015,0
15.2880,0.02766,-0.02658,-0.00126,0.00000,0.00000,0.450,0.016,0
15.3380,0.02779,-0.02588,-0.00115,0.00000,0.00000,0.446,0.016,0
15.3880,0.02793,-0.02517,-0.00106,0.00000,0.00000,0.442,0.017,0
15.4380,0.02807,-0.02446,-0.00099,0.00000,0.00000,0.438,0.018,0
15.4880,0.02822,-0.02374,-0.00093,0.00000,0.00000,0.435,0.018,0
15.5380,0.02835,-0.02301,-0.00088,0.00000,0.00000,0.431,0.019,0
15.5880,0.02848,-0.02227,-0.00085,0.00000,0.00000,0.427,0.020,0
15.6380,0.02860,-0.02153,-0.00083,0.00000,0.00000,0.423,0.020,0
15.6880,0.02871,-0.02077,-0.00083,0.00000,0.00000,0.419,0.021,0
15.7380,0.02880,-0.02000,-0.00085,0.00000,0.00000,0.415,0.021,0
15.7880,0.02888,-0.01923,-0.00087,0.00000,0.00000,0.411,0.021,0
15.8380,0.02896,-0.01848,-0.00091,0.00000,0.00000,0.406,0.022,0
15.8880,0.02902,-0.01772,-0.00097,0.00000,0.00000,0.402,0.022,0
15.9380,0.02907,-0.01697,-0.00104,0.00000,0.00000,0.398,0.022,0
15.9880,0.02909,-0.01621,-0.00112,0.00000,0.00000,0.394,0.022,0
16.0400,0.02909,-0.01542,-0.00121,0.00000,0.00000,0.389,0.022,0
16.0920,0.02906,-0.01462,-0.00132,0.00000,0.00000,0.384,0.022,0
16.1440,0.02900,-0.01381,-0.00143,0.00000,0.00000,0.380,0.022,0
16.1960,0.02890,-0.01299,-0.00156,0.00000,0.00000,0.374,0.022,0
16.2480,0.02877,-0.01217,-0.00170,0.00000,0.00000,0.369,0.022,0
16.3000,0.02861,-0.01136,-0.00184,0.00000,0.00000,0.363,0.021,0
16.3520,0.02842,-0.01054,-0.00199,0.00000,0.00000,0.357,0.021,0
16.4040,0.02819,-0.00973,-0.00214,0.00000,0.00000,0.352,0.020,0
16.4560,0.02793,-0.00893,-0.00230,0.00000,0.00000,0.345,0.020,0
16.5080,0.02763,-0.00814,-0.00246,0.00000,0.00000,0.339,0.019,0
16.5600,0.02729,-0.00734,-0.00262,0.00000,0.00000,0.333,0.018,0
16.6120,0.02691,-0.00655,-0.00278,0.00000,0.00000,0.326,0.017,0
16.6640,0.02649,-0.00576,-0.00294,0.00000,0.00000,0.319,0.016,0
16.7160,0.02602,-0.00496,-0.00309,0.00000,0.00000,0.311,0.015,0
16.7680,0.02551,-0.00418,-0.00325,0.00000,0.00000,0.304,0.014,0
16.8200,0.02496,-0.00340,-0.00340,0.00000,0.00000,0.296,0.013,0
16.8720,0.02437,-0.00264,-0.00354,0.00000,0.00000,0.288,0.011,0
16.9240,0.02375,-0.00191,-0.00367,0.00000,0.00000,0.280,0.010,0
16.9760,0.02310,-0.00120,-0.00380,0.00000,0.00000,0.272,0.009,0
17.0280,0.02242,-0.00052,-0.00392,0.00000,0.00000,0.264,0.008,0
17.0800,0.02171,0.00015,-0.00403,0.00000,0.00000,0.255,0.006,0
17.1320,0.02097,0.00077,-0.00413,0.00000,0.00000,0.247,0.005,0
17.1840,0.02020,0.00136,-0.00422,0.00000,0.00000,0.238,0.004,0
17.2360,0.01942,0.00192,-0.00430,0.00000,0.00000,0.230,0.003,0
17.2880,0.01861,0.00244,-0.00437,0.00000,0.00000,0.222,0.001,0
17.3400,0.01778,0.00292,-0.00442,0.00000,0.00000,0.213,0.000,0
17.3920,0.01694,0.00337,-0.00446,0.00000,0.00000,0.205,-0.001,0
17.4440,0.01607,0.00378,-0.00449,0.00000,0.00000,0.197,-0.002,0
17.4960,0.01520,0.00415,-0.00450,0.00000,0.00000,0.189,-0.003,0
17.5480,0.01431,0.00448,-0.00450,0.00000,0.00000,0.181,-0.004,0
17.6000,0.01341,0.00477,-0.00449,0.00000,0.00000,0.173,-0.005,0
17.6520,0.01251,0.00502,-0.00447,0.00000,0.00000,0.165,-0.006,0
17.7040,0.01161,0.00522,-0.00443,0.00000,0.00000,0.158,-0.007,0
17.7560,0.01070,0.00538,-0.00438,0.00000,0.00000,0.150,-0.007,0
17.8080,0.00980,0.00549,-0.00432,0.00000,0.00000,0.143,-0.008,0
17.8600,0.00890,0.00555,-0.00425,0.00000,0.00000,0.136,-0.008,0
17.9120,0.00803,0.00555,-0.00417,0.00000,0.00000,0.130,-0.009,0
17.9640,0.00716,0.00549,-0.00408,0.00000,0.00000,0.123,-0.009,0
18.0160,0.00631,0.00540,-0.00398,0.00000,0.00000,0.117,-0.010,0
18.0680,0.00547,0.00526,-0.00387,0.00000,0.00000,0.112,-0.010,0
18.1200,0.00465,0.00507,-0.00375,0.00000,0.00000,0.106,-0.010,0
18.1720,0.00385,0.00483,-0.00363,0.00000,0.00000,0.101,-0.010,0
18.2240,0.00307,0.00456,-0.00350,0.00000,0.00000,0.096,-0.010,0
18.2760,0.00231,0.00426,-0.00336,0.00000,0.00000,0.092,-0.010,0
18.3280,0.00155,0.00394,-0.00322,0.00000,0.00000,0.087,-0.010,0
18.3800,0.00082,0.00359,-0.00308,0.00000,0.00000,0.083,-0.010,0
18.4320,0.00011,0.00322,-0.00294,0.00000,0.00000,0.079,-0.009,0
18.4840,-0.00058,0.00282,-0.00279,0.00000,0.00000,0.075,-0.009,0
18.5360,-0.00124,0.00239,-0.00265,0.00000,0.00000,0.071,-0.009,0
18.5880,-0.00187,0.00192,-0.00250,0.00000,0.00000,0.068,-0.008,0
18.6400,-0.00248,0.00144,-0.00236,0.00000,0.00000,0.065,-0.008,0
18.6920,-0.00305,0.00092,-0.00222,0.00000,0.00000,0.062,-0.007,0
18.7440,-0.00360,0.00038,-0.00209,0.00000,0.00000,0.059,-0.007,0
18.7960,-0.00411,-0.00018,-0.00195,0.00000,0.00000,0.057,-0.007,0
18.8480,-0.00460,-0.00076,-0.00183,0.00000,0.00000,0.054,-0.006,0
18.9000,-0.00506,-0.00135,-0.00171,0.00000,0.00000,0.052,-0.006,0
18.9520,-0.00549,-0.00194,-0.00160,0.00000,0.00000,0.050,-0.005,0
19.0040,-0.00590,-0.00255,-0.00149,0.00000,0.00000,0.048,-0.005,0
19.0560,-0.00628,-0.00315,-0.00139,0.00000,0.00000,0.047,-0.004,0
19.1080,-0.00664,-0.00377,-0.00130,0.00000,0.00000,0.045,-0.004,0
19.1600,-0.00696,-0.00439,-0.00122,0.00000,0.00000,0.044,-0.003,0
19.2120,-0.00727,-0.00501,-0.00114,0.00000,0.00000,0.042,-0.003,0
19.2640,-0.00756,-0.00560,-0.00108,0.00000,0.00000,0.041,-0.002,0
19.3160,-0.00784,-0.00618,-0.00102,0.00000,0.00000,0.039,-0.002,0
19.3680,-0.00810,-0.00674,-0.00098,0.00000,0.00000,0.038,-0.002,0
19.4200,-0.00835,-0.00729,-0.00094,0.00000,0.00000,0.037,-0.001,0
19.4720,-0.00857,-0.00783,-0.00091,0.00000,0.00000,0.036,-0.001,0
19.5240,-0.00877,-0.00836,-0.00089,0.00000,0.00000,0.034,-0.001,0
19.5760,-0.00896,-0.00888,-0.00087,0.00000,0.00000,0.033,-0.000,0
19.6280,-0.00913,-0.00939,-0.00087,0.00000,0.00000,0.032,-0.000,0
19.6800,-0.00928,-0.00988,-0.00087,0.00000,0.00000,0.031,0.000,0
19.7320,-0.00942,-0.01035,-0.00087,0.00000,0.00000,0.030,0.000,0
19.7840,-0.00955,-0.01080,-0.00089,0.00000,0.00000,0.028,0.000,0
19.8360,-0.00967,-0.01122,-0.00090,0.00000,0.00000,0.027,0.001,0
19.8880,-0.00978,-0.01162,-0.00092,0.00000,0.00000,0.026,0.001,0
19.9400,-0.00988,-0.01200,-0.00095,0.00000,0.00000,0.025,0.001,0
19.9920,-0.00997,-0.01236,-0.00098,0.00000,0.00000,0.023,0.001,0
20.0440,-0.01005,-0.01269,-0.00101,0.00000,0.00000,0.022,0.001,0
20.0960,-0.01012,-0.01300,-0.00103,0.00000,0.00000,0.021,0.001,0
20.1480,-0.01018,-0.01330,-0.00106,0.00000,0.00000,0.019,0.001,0
20.2000,-0.01024,-0.01356,-0.00109,0.00000,0.00000,0.018,0.001,0
20.2520,-0.01028,-0.01381,-0.00112,0.00000,0.00000,0.016,0.001,0
20.3040,-0.01031,-0.01405,-0.00114,0.00000,0.00000,0.015,0.001,0
20.3560,-0.01032,-0.01427,-0.00116,0.00000,0.00000,0.013,0.001,0
20.4080,-0.01032,-0.01448,-0.00117,0.00000,0.00000,0.011,0.001,0
20.4600,-0.01030,-0.01469,-0.00118,0.00000,0.00000,0.010,0.001,0
20.5120,-0.01027,-0.01488,-0.00118,0.00000,0.00000,0.008,0.001,0
20.5640,-0.01022,-0.01508,-0.00117,0.00000,0.00000,0.007,0.001,0
20.6160,-0.01016,-0.01525,-0.00116,0.00000,0.00000,0.005,0.001,0
20.6680,-0.01008,-0.01541,-0.00113,0.00000,0.00000,0.004,0.001,0
20.7200,-0.00999,-0.01557,-0.00110,0.00000,0.00000,0.002,0.001,0
20.7720,-0.00989,-0.01571,-0.00106,0.00000,0.00000,0.000,0.001,0
20.8240,-0.00976,-0.01585,-0.00100,0.00000,0.00000,-0.001,0.001,0
20.8760,-0.00962,-0.01599,-0.00094,0.00000,0.00000,-0.003,0.001,0
20.9280,-0.00945,-0.01613,-0.00086,0.00000,0.00000,-0.005,0.001,0
20.9800,-0.00926,-0.01628,-0.00077,0.00000,0.00000,-0.006,0.001,0
21.0320,-0.00904,-0.01644,-0.00067,0.00000,0.00000,-0.008,0.000,0
21.0840,-0.00880,-0.01662,-0.00056,0.00000,0.00000,-0.009,0.000,0
21.1360,-0.00853,-0.01680,-0.00043,0.00000,0.00000,-0.010,0.000,0
21.1880,-0.00823,-0.01699,-0.00030,0.00000,0.00000,-0.012,0.000,0
21.2400,-0.00790,-0.01721,-0.00015,0.00000,0.00000,-0.013,0.000,0
21.2920,-0.00754,-0.01744,0.00001,0.00000,0.00000,-0.014,0.000,0
21.3440,-0.00716,-0.01768,0.00018,0.00000,0.00000,-0.015,-0.000,0
21.3960,-0.00675,-0.01793,0.00036,0.00000,0.00000,-0.016,-0.000,0
21.4480,-0.00631,-0.01820,0.00054,0.00000,0.00000,-0.017,-0.000,0
21.5000,-0.00583,-0.01850,0.00074,0.00000,0.00000,-0.018,-0.000,0
21.5520,-0.00532,-0.01881,0.00095,0.00000,0.00000,-0.018,-0.001,0
21.6040,-0.00478,-0.01916,0.00116,0.00000,0.00000,-0.019,-0.001,0
21.6560,-0.00421,-0.01952,0.00138,0.00000,0.00000,-0.019,-0.001,0
21.7080,-0.00361,-0.01989,0.00160,0.00000,0.00000,-0.019,-0.001,0
21.7600,-0.00298,-0.02027,0.00182,0.00000,0.00000,-0.019,-0.001,0
21.8120,-0.00233,-0.02067,0.00205,0.00000,0.00000,-0.019,-0.001,0
21.8640,-0.00166,-0.02108,0.00228,0.00000,0.00000,-0.019,-0.001,0
21.9160,-0.00095,-0.02151,0.00251,0.00000,0.00000,-0.019,-0.001,0
21.9680,-0.00022,-0.02195,0.00274,0.00000,0.00000,-0.018,-0.001,0
22.0200,0.00054,-0.02243,0.00297,0.00000,0.00000,-0.017,-0.001,0
22.0720,0.00133,-0.02292,0.00319,0.00000,0.00000,-0.016,-0.001,0
22.1240,0.00214,-0.02343,0.00341,0.00000,0.00000,-0.015,-0.001,0
22.1760,0.00297,-0.02397,0.00362,0.00000,0.00000,-0.014,-0.001,0
22.2280,0.00384,-0.02454,0.00382,0.00000,0.00000,-0.012,-0.001,0
22.2800,0.00472,-0.02513,0.00401,0.00000,0.00000,-0.010,-0.001,0
22.3320,0.00562,-0.02574,0.00419,0.00000,0.00000,-0.007,-0.000,0
22.3840,0.00654,-0.02636,0.00436,0.00000,0.00000,-0.005,0.000,0
22.4360,0.00746,-0.02699,0.00452,0.00000,0.00000,-0.002,0.001,0
22.4880,0.00839,-0.02762,0.00466,0.00000,0.00000,0.002,0.001,0
22.5400,0.00932,-0.02826,0.00478,0.00000,0.00000,0.005,0.002,0
22.5920,0.01025,-0.02890,0.00489,0.00000,0.00000,0.009,0.003,0
22.6440,0.01118,-0.02954,0.00498,0.00000,0.00000,0.013,0.003,0
22.6960,0.01211,-0.03019,0.00505,0.00000,0.00000,0.018,0.004,0
22.7480,0.01303,-0.03084,0.00510,0.00000,0.00000,0.023,0.005,0
22.8000,0.01394,-0.03147,0.00513,0.00000,0.00000,0.028,0.006,0
22.8520,0.01484,-0.03210,0.00513,0.00000,0.00000,0.034,0.008,0
22.9040,0.01573,-0.03272,0.00512,0.00000,0.00000,0.040,0.009,0
22.9560,0.01659,-0.03332,0.00509,0.00000,0.00000,0.046,0.010,0
23.0080,0.01744,-0.03392,0.00503,0.00000,0.00000,0.053,0.012,0
23.0600,0.01827,-0.03450,0.00495,0.00000,0.00000,0.060,0.013,0
23.1120,0.01908,-0.03507,0.00484,0.00000,0.00000,0.067,0.015,0
23.1640,0.01987,-0.03563,0.00471,0.00000,0.00000,0.075,0.017,0
23.2160,0.02062,-0.03616,0.00457,0.00000,0.00000,0.083,0.018,0
23.2680,0.02135,-0.03667,0.00439,0.00000,0.00000,0.091,0.020,0
23.3200,0.02203,-0.03713,0.00420,0.00000,0.00000,0.100,0.022,0
23.3720,0.02269,-0.03758,0.00399,0.00000,0.00000,0.109,0.023,0
23.4240,0.02331,-0.03799,0.00375,0.00000,0.00000,0.118,0.025,0
23.4760,0.02389,-0.03837,0.00350,0.00000,0.00000,0.127,0.027,0
23.5280,0.02443,-0.03871,0.00322,0.00000,0.00000,0.136,0.029,0
23.5800,0.02492,-0.03901,0.00293,0.00000,0.00000,0.145,0.030,0
23.6320,0.02538,-0.03927,0.00263,0.00000,0.00000,0.154,0.032,0
23.6840,0.02579,-0.03949,0.00230,0.00000,0.00000,0.164,0.033,0
23.7360,0.02615,-0.03967,0.00196,0.00000,0.00000,0.173,0.035,0
23.7880,0.02646,-0.03980,0.00161,0.00000,0.00000,0.182,0.036,0
23.8400,0.02672,-0.03988,0.00125,0.00000,0.00000,0.191,0.037,0
23.8920,0.02695,-0.03993,0.00088,0.00000,0.00000,0.200,0.038,0
23.9440,0.02712,-0.03993,0.00050,0.00000,0.00000,0.209,0.039,0
23.9960,0.02725,-0.03989,0.00012,0.00000,0.00000,0.218,0.040,0
24.0480,0.02732,-0.03979,-0.00027,0.00000,0.00000,0.226,0.041,0
24.1000,0.02734,-0.03964,-0.00066,0.00000,0.00000,0.234,0.041,0
24.1520,0.02732,-0.03944,-0.00105,0.00000,0.00000,0.242,0.041,0
24.2040,0.02725,-0.03921,-0.00144,0.00000,0.00000,0.249,0.042,0
24.2560,0.02713,-0.03894,-0.00183,0.00000,0.00000,0.256,0.042,0
24.3080,0.02697,-0.03862,-0.00221,0.00000,0.00000,0.263,0.041,0
24.3600,0.02676,-0.03827,-0.00259,0.00000,0.00000,0.269,0.041,0
24.4120,0.02652,-0.03788,-0.00296,0.00000,0.00000,0.275,0.040,0
24.4640,0.02624,-0.03747,-0.00331,0.00000,0.00000,0.280,0.040,0
24.5160,0.02592,-0.03701,-0.00366,0.00000,0.00000,0.285,0.039,0
24.5680,0.02556,-0.03652,-0.00399,0.00000,0.00000,0.289,0.038,0
24.6200,0.02516,-0.03599,-0.00430,0.00000,0.00000,0.293,0.037,0
24.6720,0.02472,-0.03543,-0.00460,0.00000,0.00000,0.297,0.036,0
24.7240,0.02425,-0.03484,-0.00488,0.00000,0.00000,0.299,0.034,0
24.7760,0.02375,-0.03422,-0.00514,0.00000,0.00000,0.301,0.033,0
24.8280,0.02322,-0.03357,-0.00538,0.00000,0.00000,0.303,0.031,0
24.8800,0.02267,-0.03291,-0.00560,0.00000,0.00000,0.304,0.030,0
24.9320,0.02209,-0.03223,-0.00579,0.00000,0.00000,0.305,0.028,0
24.9840,0.02151,-0.03155,-0.00596,0.00000,0.00000,0.305,0.027,0
25.0360,0.02090,-0.03085,-0.00611,0.00000,0.00000,0.305,0.025,0
25.0880,0.02028,-0.03013,-0.00623,0.00000,0.00000,0.304,0.023,0
25.1400,0.01965,-0.02940,-0.00632,0.00000,0.00000,0.303,0.021,0
25.1920,0.01901,-0.02867,-0.00639,0.00000,0.00000,0.301,0.020,0
25.2440,0.01837,-0.02793,-0.00644,0.00000,0.00000,0.299,0.018,0
25.2960,0.01772,-0.02719,-0.00645,0.00000,0.00000,0.297,0.016,0
25.3480,0.01707,-0.02645,-0.00644,0.00000,0.00000,0.294,0.015,0
25.4000,0.01643,-0.02570,-0.00641,0.00000,0.00000,0.290,0.013,0
25.4520,0.01578,-0.02495,-0.00635,0.00000,0.00000,0.287,0.012,0
25.5040,0.01515,-0.02421,-0.00627,0.00000,0.00000,0.282,0.010,0
25.5560,0.01453,-0.02348,-0.00616,0.00000,0.00000,0.278,0.009,0
25.6080,0.01393,-0.02277,-0.00603,0.00000,0.00000,0.273,0.008,0
25.6600,0.01335,-0.02209,-0.00588,0.00000,0.00000,0.269,0.006,0
25.7120,0.01279,-0.02143,-0.00570,0.00000,0.00000,0.264,0.005,0
25.7640,0.01227,-0.02080,-0.00551,0.00000,0.00000,0.259,0.005,0
25.8160,0.01178,-0.02021,-0.00530,0.00000,0.00000,0.254,0.004,0
25.8680,0.01133,-0.01966,-0.00508,0.00000,0.00000,0.250,0.003,0
25.9200,0.01091,-0.01915,-0.00484,0.00000,0.00000,0.245,0.003,0
25.9720,0.01052,-0.01866,-0.00459,0.00000,0.00000,0.240,0.002,0
26.0240,0.01017,-0.01819,-0.00432,0.00000,0.00000,0.235,0.002,0
26.0760,0.00984,-0.01776,-0.00405,0.00000,0.00000,0.231,0.002,0
26.1280,0.00955,-0.01736,-0.00377,0.00000,0.00000,0.226,0.001,0
26.1800,0.00930,-0.01700,-0.00348,0.00000,0.00000,0.222,0.001,0
26.2320,0.00909,-0.01667,-0.00319,0.00000,0.00000,0.217,0.001,0
26.2840,0.00892,-0.01638,-0.00290,0.00000,0.00000,0.213,0.002,0
26.3360,0.00877,-0.01611,-0.00261,0.00000,0.00000,0.209,0.002,0
26.3880,0.00865,-0.01585,-0.00232,0.00000,0.00000,0.205,0.002,0
26.4400,0.00856,-0.01563,-0.00204,0.00000,0.00000,0.201,0.003,0
26.4920,0.00851,-0.01544,-0.00176,0.00000,0.00000,0.197,0.003,0
26.5440,0.00848,-0.01527,-0.00149,0.00000,0.00000,0.194,0.003,0
26.5960,0.00849,-0.01514,-0.00124,0.00000,0.00000,0.190,0.004,0
26.6480,0.00853,-0.01505,-0.00099,0.00000,0.00000,0.187,0.005,0
26.7000,0.00859,-0.01497,-0.00075,0.00000,0.00000,0.185,0.005,0
26.7520,0.00867,-0.01490,-0.00053,0.00000,0.00000,0.182,0.006,0
26.8040,0.00876,-0.01484,-0.00033,0.00000,0.00000,0.179,0.007,0
26.8560,0.00887,-0.01480,-0.00014,0.00000,0.00000,0.177,0.007,0
26.9080,0.00899,-0.01478,0.00002,0.00000,0.00000,0.175,0.008,0
26.9600,0.00912,-0.01477,0.00017,0.00000,0.00000,0.173,0.009,0
27.0120,0.00927,-0.01478,0.00030,0.00000,0.00000,0.171,0.010,0
27.0640,0.00941,-0.01479,0.00041,0.00000,0.00000,0.169,0.010,0
27.1160,0.00956,-0.01480,0.00050,0.00000,0.00000,0.167,0.011,0
27.1680,0.00970,-0.01482,0.00056,0.00000,0.00000,0.166,0.012,0
27.2200,0.00985,-0.01485,0.00060,0.00000,0.00000,0.165,0.012,0
27.2720,0.00999,-0.01488,0.00062,0.00000,0.00000,0.164,0.013,0
27.3240,0.01011,-0.01491,0.00062,0.00000,0.00000,0.162,0.014,0
27.3760,0.01024,-0.01494,0.00060,0.00000,0.00000,0.162,0.014,0
27.4280,0.01035,-0.01498,0.00056,0.00000,0.00000,0.161,0.015,0
27.4800,0.01044,-0.01501,0.00049,0.00000,0.00000,0.160,0.015,0
27.5320,0.01051,-0.01502,0.00041,0.00000,0.00000,0.160,0.015,0
27.5840,0.01055,-0.01502,0.00030,0.00000,0.00000,0.159,0.016,0
27.6360,0.01058,-0.01502,0.00018,0.00000,0.00000,0.158,0.016,0
27.6880,0.01058,-0.01500,0.00005,0.00000,0.00000,0.158,0.016,0
27.7400,0.01056,-0.01497,-0.00011,0.00000,0.00000,0.157,0.016,0
27.7920,0.01050,-0.01492,-0.00027,0.00000,0.00000,0.156,0.016,0
27.8440,0.01041,-0.01486,-0.00045,0.00000,0.00000,0.156,0.016,0
27.8960,0.01030,-0.01479,-0.00064,0.00000,0.00000,0.155,0.016,0
27.9480,0.01017,-0.01472,-0.00084,0.00000,0.00000,0.154,0.016,0
28.0000,0.01000,-0.01463,-0.00105,0.00000,0.00000,0.154,0.016,0
28.0520,0.00980,-0.01452,-0.00126,0.00000,0.00000,0.153,0.016,0
28.1040,0.00957,-0.01439,-0.00147,0.00000,0.00000,0.152,0.015,0
28.1560,0.00930,-0.01425,-0.00169,0.00000,0.00000,0.151,0.015,0
28.2080,0.00901,-0.01409,-0.00190,0.00000,0.00000,0.149,0.014,0
28.2600,0.00869,-0.01392,-0.00211,0.00000,0.00000,0.148,0.014,0
28.3120,0.00834,-0.01373,-0.00232,0.00000,0.00000,0.147,0.013,0
28.3640,0.00797,-0.01354,-0.00252,0.00000,0.00000,0.145,0.013,0
28.4160,0.00758,-0.01334,-0.00271,0.00000,0.00000,0.143,0.012,0
28.4680,0.00717,-0.01313,-0.00289,0.00000,0.00000,0.142,0.011,0
28.5200,0.00674,-0.01291,-0.00305,0.00000,0.00000,0.140,0.011,0
28.5720,0.00629,-0.01268,-0.00321,0.00000,0.00000,0.137,0.010,0
28.6240,0.00583,-0.01245,-0.00334,0.00000,0.00000,0.135,0.009,0
28.6760,0.00537,-0.01223,-0.00346,0.00000,0.00000,0.133,0.009,0
28.7280,0.00491,-0.01201,-0.00355,0.00000,0.00000,0.130,0.008,0
28.7800,0.00444,-0.01180,-0.00363,0.00000,0.00000,0.128,0.007,0
28.8320,0.00399,-0.01160,-0.00368,0.00000,0.00000,0.125,0.006,0
28.8840,0.00354,-0.01141,-0.00371,0.00000,0.00000,0.123,0.006,0
28.9360,0.00310,-0.01122,-0.00371,0.00000,0.00000,0.120,0.005,0
28.9880,0.00267,-0.01106,-0.00368,0.00000,0.00000,0.117,0.005,0
29.0400,0.00227,-0.01091,-0.00363,0.00000,0.00000,0.114,0.004,0
29.0920,0.00190,-0.01080,-0.00355,0.00000,0.00000,0.111,0.004,0
29.1440,0.00156,-0.01071,-0.00344,0.00000,0.00000,0.108,0.003,0
29.1960,0.00125,-0.01064,-0.00331,0.00000,0.00000,0.106,0.003,0
29.2480,0.00098,-0.01060,-0.00314,0.00000,0.00000,0.103,0.003,0
29.3000,0.00076,-0.01059,-0.00295,0.00000,0.00000,0.100,0.003,0
29.3520,0.00058,-0.01063,-0.00272,0.00000,0.00000,0.097,0.003,0
29.4040,0.00046,-0.01070,-0.00247,0.00000,0.00000,0.095,0.003,0
29.4560,0.00040,-0.01083,-0.00219,0.00000,0.00000,0.092,0.003,0
29.5080,0.00041,-0.01101,-0.00189,0.00000,0.00000,0.090,0.003,0
29.5600,0.00049,-0.01125,-0.00156,0.00000,0.00000,0.088,0.003,0
29.6120,0.00063,-0.01154,-0.00120,0.00000,0.00000,0.087,0.003,0
29.6640,0.00084,-0.01187,-0.00082,0.00000,0.00000,0.085,0.004,0
29.7160,0.00113,-0.01226,-0.00042,0.00000,0.00000,0.084,0.004,0
29.7680,0.00148,-0.01270,-0.00000,0.00000,0.00000,0.083,0.005,0
29.8200,0.00192,-0.01319,0.00043,0.00000,0.00000,0.082,0.005,0
29.8720,0.00242,-0.01372,0.00089,0.00000,0.00000,0.082,0.006,0
29.9240,0.00300,-0.01430,0.00135,0.00000,0.00000,0.081,0.007,0
29.9760,0.00365,-0.01492,0.00183,0.00000,0.00000,0.081,0.008,0
30.0280,0.00438,-0.01560,0.00232,0.00000,0.00000,0.082,0.008,0
30.0800,0.00519,-0.01632,0.00281,0.00000,0.00000,0.082,0.010,0
30.1320,0.00607,-0.01710,0.00331,0.00000,0.00000,0.084,0.011,0
30.1840,0.00703,-0.01792,0.00381,0.00000,0.00000,0.085,0.012,0
30.2360,0.00807,-0.01879,0.00431,0.00000,0.00000,0.087,0.014,0
30.2880,0.00918,-0.01971,0.00481,0.00000,0.00000,0.090,0.015,0
30.3400,0.01036,-0.02067,0.00530,0.00000,0.00000,0.093,0.017,0
30.3920,0.01161,-0.02169,0.00578,0.00000,0.00000,0.096,0.019,0
30.4440,0.01293,-0.02274,0.00625,0.00000,0.00000,0.100,0.021,0
30.4960,0.01431,-0.02384,0.00670,0.00000,0.00000,0.105,0.023,0
30.5480,0.01576,-0.02498,0.00714,0.00000,0.00000,0.110,0.026,0
30.6000,0.01726,-0.02616,0.00755,0.00000,0.00000,0.117,0.029,0
30.6520,0.01882,-0.02738,0.00795,0.00000,0.00000,0.124,0.031,0
30.7040,0.02044,-0.02863,0.00832,0.00000,0.00000,0.131,0.035,0
30.7560,0.02209,-0.02991,0.00866,0.00000,0.00000,0.140,0.038,0
30.8080,0.02378,-0.03118,0.00897,0.00000,0.00000,0.149,0.042,0
30.8600,0.02549,-0.03246,0.00925,0.00000,0.00000,0.159,0.045,0
30.9120,0.02723,-0.03375,0.00950,0.00000,0.00000,0.169,0.049,0
30.9640,0.02900,-0.03506,0.00971,0.00000,0.00000,0.181,0.054,0
31.0160,0.03079,-0.03637,0.00989,0.00000,0.00000,0.193,0.058,0
31.0680,0.03259,-0.03768,0.01002,0.00000,0.00000,0.207,0.063,0
31.1200,0.03440,-0.03898,0.01012,0.00000,0.00000,0.221,0.068,0
31.1720,0.03621,-0.04027,0.01017,0.00000,0.00000,0.236,0.073,0
31.2240,0.03802,-0.04154,0.01018,0.00000,0.00000,0.251,0.078,0
31.2760,0.03983,-0.04280,0.01015,0.00000,0.00000,0.268,0.084,0
31.3280,0.04162,-0.04404,0.01008,0.00000,0.00000,0.285,0.090,0
31.3800,0.04339,-0.04525,0.00996,0.00000,0.00000,0.304,0.095,0
31.4320,0.04514,-0.04642,0.00979,0.00000,0.00000,0.323,0.101,0
31.4840,0.04686,-0.04757,0.00959,0.00000,0.00000,0.342,0.107,0
31.5360,0.04856,-0.04868,0.00933,0.00000,0.00000,0.363,0.112,0
31.5880,0.05021,-0.04976,0.00904,0.00000,0.00000,0.384,0.118,0
31.6400,0.05182,-0.05078,0.00870,0.00000,0.00000,0.406,0.124,0
31.6920,0.05339,-0.05175,0.00832,0.00000,0.00000,0.428,0.129,0
31.7440,0.05490,-0.05269,0.00789,0.00000,0.00000,0.451,0.135,0
31.7960,0.05635,-0.05355,0.00743,0.00000,0.00000,0.474,0.140,0
31.8480,0.05774,-0.05436,0.00693,0.00000,0.00000,0.497,0.144,0
31.9000,0.05907,-0.05511,0.00638,0.00000,0.00000,0.520,0.149,0
31.9520,0.06032,-0.05580,0.00581,0.00000,0.00000,0.544,0.153,0
32.0040,0.06150,-0.05641,0.00520,0.00000,0.00000,0.568,0.156,0
32.0540,0.06255,-0.05693,0.00458,0.00000,0.00000,0.590,0.159,0
32.1040,0.06352,-0.05738,0.00394,0.00000,0.00000,0.612,0.162,0
32.1540,0.06441,-0.05777,0.00327,0.00000,0.00000,0.634,0.164,0
32.2040,0.06522,-0.05809,0.00258,0.00000,0.00000,0.656,0.165,0
32.2540,0.06594,-0.05834,0.00187,0.00000,0.00000,0.677,0.166,0
32.3040,0.06658,-0.05853,0.00114,0.00000,0.00000,0.698,0.167,0
32.3540,0.06713,-0.05866,0.00040,0.00000,0.00000,0.718,0.166,0
32.4040,0.06758,-0.05871,-0.00035,0.00000,0.00000,0.737,0.166,0
32.4540,0.06792,-0.05868,-0.00112,0.00000,0.00000,0.756,0.164,0
32.5040,0.06817,-0.05857,-0.00189,0.00000,0.00000,0.774,0.162,0
32.5540,0.06830,-0.05839,-0.00266,0.00000,0.00000,0.790,0.159,0
32.6040,0.06833,-0.05812,-0.00344,0.00000,0.00000,0.805,0.156,0
32.6540,0.06826,-0.05778,-0.00421,0.00000,0.00000,0.819,0.152,0
32.7040,0.06807,-0.05736,-0.00497,0.00000,0.00000,0.832,0.148,0
32.7540,0.06777,-0.05687,-0.00573,0.00000,0.00000,0.844,0.143,0
32.8040,0.06736,-0.05629,-0.00648,0.00000,0.00000,0.853,0.137,0
32.8540,0.06683,-0.05563,-0.00721,0.00000,0.00000,0.862,0.131,0
32.9040,0.06619,-0.05490,-0.00792,0.00000,0.00000,0.869,0.124,0
32.9540,0.06544,-0.05410,-0.00861,0.00000,0.00000,0.874,0.117,0
33.0040,0.06458,-0.05324,-0.00927,0.00000,0.00000,0.878,0.109,0
33.0540,0.06363,-0.05232,-0.00992,0.00000,0.00000,0.880,0.101,0
33.1040,0.06257,-0.05135,-0.01053,0.00000,0.00000,0.881,0.093,0
33.1540,0.06140,-0.05030,-0.01111,0.00000,0.00000,0.880,0.084,0
33.2040,0.06013,-0.04919,-0.01165,0.00000,0.00000,0.878,0.075,0
33.2540,0.05877,-0.04804,-0.01216,0.00000,0.00000,0.874,0.066,0
33.3040,0.05732,-0.04684,-0.01263,0.00000,0.00000,0.869,0.057,0
33.3540,0.05578,-0.04560,-0.01306,0.00000,0.00000,0.863,0.048,0
33.4040,0.05416,-0.04432,-0.01345,0.00000,0.00000,0.855,0.039,0
33.4540,0.05246,-0.04300,-0.01379,0.00000,0.00000,0.845,0.030,0
33.5040,0.05070,-0.04166,-0.01409,0.00000,0.00000,0.835,0.021,0
33.5540,0.04886,-0.04029,-0.01434,0.00000,0.00000,0.823,0.012,0
33.6040,0.04697,-0.03889,-0.01455,0.00000,0.00000,0.810,0.003,0
33.6540,0.04501,-0.03746,-0.01471,0.00000,0.00000,0.796,-0.005,0
33.7040,0.04301,-0.03601,-0.01483,0.00000,0.00000,0.781,-0.013,0
33.7540,0.04096,-0.03455,-0.01489,0.00000,0.00000,0.764,-0.021,0
33.8040,0.03887,-0.03307,-0.01491,0.00000,0.00000,0.747,-0.029,0
33.8540,0.03676,-0.03159,-0.01489,0.00000,0.00000,0.729,-0.036,0
33.9040,0.03464,-0.03012,-0.01482,0.00000,0.00000,0.710,-0.042,0
33.9540,0.03250,-0.02866,-0.01470,0.00000,0.00000,0.690,-0.048,0
34.0040,0.03035,-0.02721,-0.01454,0.00000,0.00000,0.670,-0.054,0
34.0540,0.02821,-0.02577,-0.01433,0.00000,0.00000,0.650,-0.059,0
34.1040,0.02609,-0.02437,-0.01409,0.00000,0.00000,0.629,-0.063,0
34.1540,0.02400,-0.02300,-0.01380,0.00000,0.00000,0.608,-0.067,0
34.2040,0.02193,-0.02167,-0.01348,0.00000,0.00000,0.587,-0.070,0
34.2540,0.01990,-0.02037,-0.01312,0.00000,0.00000,0.566,-0.073,0
34.3040,0.01791,-0.01911,-0.01273,0.00000,0.00000,0.545,-0.076,0
34.3540,0.01597,-0.01788,-0.01230,0.00000,0.00000,0.524,-0.077,0
34.4040,0.01407,-0.01669,-0.01185,0.00000,0.00000,0.503,-0.079,0
34.4540,0.01223,-0.01553,-0.01136,0.00000,0.00000,0.482,-0.080,0
34.5040,0.01046,-0.01442,-0.01086,0.00000,0.00000,0.461,-0.080,0
34.5540,0.00875,-0.01335,-0.01033,0.00000,0.00000,0.441,-0.080,0
34.6040,0.00712,-0.01234,-0.00978,0.00000,0.00000,0.420,-0.079,0
34.6540,0.00557,-0.01138,-0.00921,0.00000,0.00000,0.401,-0.078,0
34.7040,0.00410,-0.01047,-0.00863,0.00000,0.00000,0.381,-0.077,0
34.7540,0.00271,-0.00962,-0.00804,0.00000,0.00000,0.362,-0.076,0
34.8040,0.00141,-0.00882,-0.00745,0.00000,0.00000,0.344,-0.074,0
34.8540,0.00020,-0.00808,-0.00685,0.00000,0.00000,0.326,-0.071,0
34.9040,-0.00092,-0.00740,-0.00624,0.00000,0.00000,0.309,-0.069,0
34.9540,-0.00194,-0.00677,-0.00564,0.00000,0.00000,0.293,-0.066,0
35.0040,-0.00289,-0.00618,-0.00504,0.00000,0.00000,0.277,-0.064,0
35.0540,-0.00374,-0.00565,-0.00446,0.00000,0.00000,0.262,-0.061,0
35.1040,-0.00450,-0.00517,-0.00388,0.00000,0.00000,0.247,-0.058,0
35.1540,-0.00517,-0.00476,-0.00331,0.00000,0.00000,0.233,-0.055,0
35.2040,-0.00574,-0.00440,-0.00276,0.00000,0.00000,0.220,-0.052,0
35.2540,-0.00624,-0.00409,-0.00223,0.00000,0.00000,0.208,-0.048,0
35.3040,-0.00665,-0.00382,-0.00172,0.00000,0.00000,0.196,-0.045,0
35.3540,-0.00700,-0.00360,-0.00123,0.00000,0.00000,0.185,-0.042,0
35.4040,-0.00726,-0.00342,-0.00077,0.00000,0.00000,0.174,-0.039,0
35.4540,-0.00746,-0.00329,-0.00033,0.00000,0.00000,0.164,-0.036,0
35.5040,-0.00759,-0.00320,0.00007,0.00000,0.00000,0.155,-0.033,0
35.5540,-0.00766,-0.00315,0.00044,0.00000,0.00000,0.147,-0.030,0
35.6040,-0.00768,-0.00312,0.00078,0.00000,0.00000,0.139,-0.027,0
35.6540,-0.00766,-0.00312,0.00109,0.00000,0.00000,0.131,-0.025,0
35.7040,-0.00760,-0.00314,0.00136,0.00000,0.00000,0.125,-0.022,0
35.7540,-0.00751,-0.00318,0.00159,0.00000,0.00000,0.118,-0.020,0
35.8040,-0.00739,-0.00322,0.00178,0.00000,0.00000,0.112,-0.018,0
35.8540,-0.00725,-0.00329,0.00193,0.00000,0.00000,0.107,-0.016,0
35.9040,-0.00710,-0.00336,0.00205,0.00000,0.00000,0.101,-0.014,0
35.9540,-0.00694,-0.00343,0.00213,0.00000,0.00000,0.097,-0.012,0
36.0040,-0.00678,-0.00351,0.00217,0.00000,0.00000,0.092,-0.010,0
36.0540,-0.00662,-0.00358,0.00217,0.00000,0.00000,0.088,-0.009,0
36.1040,-0.00647,-0.00365,0.00213,0.00000,0.00000,0.084,-0.007,0
36.1540,-0.00635,-0.00369,0.00205,0.00000,0.00000,0.080,-0.006,0
36.2040,-0.00625,-0.00372,0.00194,0.00000,0.00000,0.077,-0.005,0
36.2540,-0.00618,-0.00374,0.00179,0.00000,0.00000,0.074,-0.004,0
36.3040,-0.00614,-0.00373,0.00161,0.00000,0.00000,0.070,-0.003,0
36.3540,-0.00614,-0.00371,0.00139,0.00000,0.00000,0.067,-0.003,0
36.4040,-0.00618,-0.00366,0.00115,0.00000,0.00000,0.065,-0.002,0
36.4540,-0.00627,-0.00360,0.00087,0.00000,0.00000,0.062,-0.002,0
36.5040,-0.00640,-0.00350,0.00057,0.00000,0.00000,0.059,-0.001,0
36.5540,-0.00659,-0.00337,0.00024,0.00000,0.00000,0.056,-0.001,0
36.6040,-0.00683,-0.00322,-0.00011,0.00000,0.00000,0.053,-0.001,0
36.6540,-0.00712,-0.00304,-0.00048,0.00000,0.00000,0.051,-0.001,0
36.7040,-0.00747,-0.00284,-0.00087,0.00000,0.00000,0.048,-0.001,0
36.7540,-0.00788,-0.00260,-0.00127,0.00000,0.00000,0.045,-0.001,0
36.8040,-0.00835,-0.00233,-0.00169,0.00000,0.00000,0.043,-0.001,0
36.8540,-0.00887,-0.00204,-0.00211,0.00000,0.00000,0.040,-0.001,0
36.9040,-0.00946,-0.00171,-0.00255,0.00000,0.00000,0.037,-0.001,0
36.9540,-0.01010,-0.00136,-0.00298,0.00000,0.00000,0.034,-0.001,0
37.0040,-0.01080,-0.00097,-0.00342,0.00000,0.00000,0.031,-0.001,0
37.0540,-0.01155,-0.00057,-0.00386,0.00000,0.00000,0.028,-0.001,0
37.1040,-0.01236,-0.00013,-0.00429,0.00000,0.00000,0.025,-0.001,0
37.1540,-0.01322,0.00034,-0.00472,0.00000,0.00000,0.022,-0.001,0
37.2040,-0.01413,0.00084,-0.00514,0.00000,0.00000,0.019,-0.001,0
37.2540,-0.01509,0.00137,-0.00554,0.00000,0.00000,0.016,-0.001,0
37.3040,-0.01609,0.00192,-0.00593,0.00000,0.00000,0.013,-0.001,0
37.3540,-0.01713,0.00251,-0.00630,0.00000,0.00000,0.010,-0.000,0
37.4040,-0.01820,0.00311,-0.00665,0.00000,0.00000,0.006,0.000,0
37.4540,-0.01930,0.00372,-0.00698,0.00000,0.00000,0.003,0.001,0
37.5040,-0.02041,0.00434,-0.00728,0.00000,0.00000,0.000,0.001,0
37.5540,-0.02155,0.00497,-0.00756,0.00000,0.00000,-0.003,0.002,0
37.6040,-0.02269,0.00560,-0.00780,0.00000,0.00000,-0.006,0.003,0
37.6540,-0.02383,0.00621,-0.00802,0.00000,0.00000,-0.008,0.004,0
37.7040,-0.02497,0.00682,-0.00819,0.00000,0.00000,-0.011,0.006,0
37.7540,-0.02611,0.00743,-0.00834,0.00000,0.00000,-0.013,0.007,0
37.8040,-0.02725,0.00804,-0.00845,0.00000,0.00000,-0.015,0.009,0
37.8540,-0.02838,0.00863,-0.00851,0.00000,0.00000,-0.017,0.010,0
37.9040,-0.02948,0.00920,-0.00854,0.00000,0.00000,-0.019,0.012,0
37.9540,-0.03057,0.00976,-0.00853,0.00000,0.00000,-0.021,0.014,0
38.0040,-0.03162,0.01029,-0.00848,0.00000,0.00000,-0.022,0.016,0
38.0540,-0.03265,0.01080,-0.00838,0.00000,0.00000,-0.022,0.018,0
38.1040,-0.03364,0.01128,-0.00824,0.00000,0.00000,-0.023,0.021,0
38.1540,-0.03459,0.01173,-0.00806,0.00000,0.00000,-0.023,0.023,0
38.2040,-0.03550,0.01214,-0.00784,0.00000,0.00000,-0.023,0.025,0
38.2540,-0.03635,0.01251,-0.00757,0.00000,0.00000,-0.023,0.027,0
38.3040,-0.03714,0.01283,-0.00726,0.00000,0.00000,-0.022,0.030,0
38.3540,-0.03787,0.01310,-0.00690,0.00000,0.00000,-0.021,0.032,0
38.4040,-0.03854,0.01332,-0.00651,0.00000,0.00000,-0.019,0.034,0
38.4540,-0.03913,0.01348,-0.00607,0.00000,0.00000,-0.018,0.036,0
38.5040,-0.03964,0.01358,-0.00559,0.00000,0.00000,-0.016,0.037,0
38.5540,-0.04008,0.01363,-0.00508,0.00000,0.00000,-0.014,0.039,0
38.6040,-0.04042,0.01360,-0.00452,0.00000,0.00000,-0.011,0.040,0
38.6540,-0.04068,0.01351,-0.00393,0.00000,0.00000,-0.009,0.041,0
38.7040,-0.04085,0.01336,-0.00331,0.00000,0.00000,-0.006,0.042,0
38.7540,-0.04092,0.01314,-0.00265,0.00000,0.00000,-0.004,0.043,0
38.8040,-0.04089,0.01284,-0.00196,0.00000,0.00000,-0.001,0.043,0
38.8540,-0.04075,0.01249,-0.00124,0.00000,0.00000,0.002,0.043,0
38.9040,-0.04050,0.01204,-0.00050,0.00000,0.00000,0.004,0.042,0
38.9540,-0.04014,0.01153,0.00027,0.00000,0.00000,0.007,0.041,0
39.0040,-0.03966,0.01094,0.00106,0.00000,0.00000,0.009,0.040,0
39.0540,-0.03907,0.01028,0.00187,0.00000,0.00000,0.011,0.038,0
39.1040,-0.03835,0.00954,0.00269,0.00000,0.00000,0.013,0.035,0
39.1540,-0.03751,0.00873,0.00353,0.00000,0.00000,0.014,0.033,0
39.2040,-0.03655,0.00786,0.00437,0.00000,0.00000,0.015,0.030,0
39.2540,-0.03547,0.00693,0.00522,0.00000,0.00000,0.016,0.026,0
39.3040,-0.03426,0.00593,0.00608,0.00000,0.00000,0.017,0.023,0
39.3540,-0.03292,0.00486,0.00693,0.00000,0.00000,0.017,0.018,0
39.4040,-0.03147,0.00374,0.00778,0.00000,0.00000,0.016,0.014,0
39.4540,-0.02989,0.00257,0.00863,0.00000,0.00000,0.016,0.009,0
39.5040,-0.02819,0.00134,0.00947,0.00000,0.00000,0.015,0.004,0
39.5540,-0.02635,0.00004,0.01029,0.00000,0.00000,0.013,-0.001,0
39.6040,-0.02440,-0.00131,0.01110,0.00000,0.00000,0.012,-0.006,0
39.6540,-0.02234,-0.00269,0.01189,0.00000,0.00000,0.009,-0.012,0
39.7040,-0.02016,-0.00412,0.01266,0.00000,0.00000,0.007,-0.017,0
39.7540,-0.01786,-0.00561,0.01341,0.00000,0.00000,0.004,-0.023,0
39.8040,-0.01546,-0.00713,0.01413,0.00000,0.00000,0.001,-0.028,0
39.8540,-0.01295,-0.00869,0.01482,0.00000,0.00000,-0.003,-0.033,0
39.9040,-0.01035,-0.01028,0.01548,0.00000,0.00000,-0.006,-0.038,0
39.9540,-0.00765,-0.01190,0.01611,0.00000,0.00000,-0.010,-0.043,0
40.0040,-0.00487,-0.01356,0.01670,0.00000,0.00000,-0.013,-0.047,0
40.0540,-0.00200,-0.01524,0.01725,0.00000,0.00000,-0.017,-0.051,0
40.1040,0.00094,-0.01695,0.01777,0.00000,0.00000,-0.021,-0.055,0
40.1540,0.00395,-0.01870,0.01824,0.00000,0.00000,-0.024,-0.058,0
40.2040,0.00702,-0.02046,0.01867,0.00000,0.00000,-0.027,-0.060,0
40.2540,0.01013,-0.02223,0.01905,0.00000,0.00000,-0.030,-0.061,0
40.3040,0.01327,-0.02400,0.01939,0.00000,0.00000,-0.032,-0.062,0
40.3540,0.01643,-0.02577,0.01968,0.00000,0.00000,-0.034,-0.063,0
40.4040,0.01960,-0.02754,0.01993,0.00000,0.00000,-0.034,-0.062,0
40.4540,0.02276,-0.02930,0.02012,0.00000,0.00000,-0.034,-0.060,0
40.5040,0.02592,-0.03107,0.02027,0.00000,0.00000,-0.033,-0.058,0
40.5540,0.02905,-0.03282,0.02037,0.00000,0.00000,-0.031,-0.055,0
40.6040,0.03215,-0.03457,0.02042,0.00000,0.00000,-0.028,-0.051,0
40.6540,0.03520,-0.03631,0.02041,0.00000,0.00000,-0.024,-0.046,0
40.7040,0.03818,-0.03804,0.02036,0.00000,0.00000,-0.018,-0.040,0
40.7540,0.04110,-0.03977,0.02025,0.00000,0.00000,-0.011,-0.033,0
40.8040,0.04394,-0.04147,0.02010,0.00000,0.00000,-0.002,-0.025,0
40.8540,0.04668,-0.04314,0.01990,0.00000,0.00000,0.009,-0.017,0
40.9040,0.04933,-0.04478,0.01964,0.00000,0.00000,0.021,-0.007,0
40.9540,0.05187,-0.04637,0.01934,0.00000,0.00000,0.035,0.003,0
41.0040,0.05431,-0.04793,0.01900,0.00000,0.00000,0.050,0.014,0
41.0540,0.05665,-0.04946,0.01860,0.00000,0.00000,0.067,0.025,0
41.1040,0.05890,-0.05097,0.01816,0.00000,0.00000,0.086,0.037,0
41.1540,0.06105,-0.05244,0.01768,0.00000,0.00000,0.107,0.049,0
41.2040,0.06310,-0.05388,0.01715,0.00000,0.00000,0.129,0.062,0
41.2540,0.06506,-0.05528,0.01658,0.00000,0.00000,0.153,0.075,0
41.3040,0.06693,-0.05664,0.01598,0.00000,0.00000,0.178,0.088,0
41.3540,0.06870,-0.05796,0.01533,0.00000,0.00000,0.205,0.101,0
41.4040,0.07038,-0.05923,0.01465,0.00000,0.00000,0.233,0.114,0
41.4540,0.07197,-0.06044,0.01393,0.00000,0.00000,0.262,0.127,0
41.5040,0.07348,-0.06162,0.01318,0.00000,0.00000,0.293,0.140,0
41.5540,0.07490,-0.06275,0.01241,0.00000,0.00000,0.324,0.152,0
41.6040,0.07624,-0.06383,0.01160,0.00000,0.00000,0.356,0.164,0
41.6540,0.07750,-0.06485,0.01076,0.00000,0.00000,0.389,0.176,0
41.7040,0.07867,-0.06583,0.00991,0.00000,0.00000,0.422,0.187,0
41.7540,0.07977,-0.06676,0.00903,0.00000,0.00000,0.456,0.197,0
41.8040,0.08079,-0.06764,0.00813,0.00000,0.00000,0.491,0.206,0
41.8540,0.08174,-0.06847,0.00722,0.00000,0.00000,0.525,0.215,0
41.9040,0.08260,-0.06925,0.00629,0.00000,0.00000,0.560,0.223,0
41.9540,0.08338,-0.06996,0.00535,0.00000,0.00000,0.595,0.230,0
42.0040,0.08407,-0.07063,0.00440,0.00000,0.00000,0.629,0.236,0
42.0540,0.08468,-0.07123,0.00345,0.00000,0.00000,0.663,0.241,0
42.1040,0.08521,-0.07178,0.00249,0.00000,0.00000,0.697,0.246,0
42.1540,0.08566,-0.07227,0.00153,0.00000,0.00000,0.730,0.249,0
42.2040,0.08602,-0.07271,0.00058,0.00000,0.00000,0.762,0.251,0
42.2540,0.08629,-0.07308,-0.00038,0.00000,0.00000,0.794,0.252,0
42.3040,0.08647,-0.07339,-0.00132,0.00000,0.00000,0.824,0.252,0
42.3540,0.08656,-0.07364,-0.00226,0.00000,0.00000,0.854,0.252,0
42.4040,0.08654,-0.07381,-0.00318,0.00000,0.00000,0.882,0.250,0
42.4540,0.08644,-0.07393,-0.00409,0.00000,0.00000,0.909,0.247,0
42.5040,0.08624,-0.07399,-0.00498,0.00000,0.00000,0.934,0.243,0
42.5540,0.08594,-0.07399,-0.00585,0.00000,0.00000,0.959,0.239,0
42.6040,0.08555,-0.07392,-0.00669,0.00000,0.00000,0.981,0.233,0
42.6540,0.08506,-0.07379,-0.00752,0.00000,0.00000,1.002,0.227,0
42.7040,0.08447,-0.07360,-0.00831,0.00000,0.00000,1.021,0.220,0
42.7540,0.08379,-0.07336,-0.00908,0.00000,0.00000,1.039,0.213,0
42.8040,0.08302,-0.07307,-0.00982,0.00000,0.00000,1.055,0.204,0
42.8540,0.08215,-0.07271,-0.01052,0.00000,0.00000,1.070,0.195,0
42.9040,0.08118,-0.07229,-0.01119,0.00000,0.00000,1.083,0.186,0
42.9540,0.08012,-0.07182,-0.01182,0.00000,0.00000,1.094,0.176,0
43.0040,0.07897,-0.07128,-0.01241,0.00000,0.00000,1.103,0.165,0
43.0540,0.07774,-0.07071,-0.01297,0.00000,0.00000,1.110,0.155,0
43.1040,0.07642,-0.07008,-0.01348,0.00000,0.00000,1.115,0.144,0
43.1540,0.07502,-0.06939,-0.01395,0.00000,0.00000,1.119,0.132,0
43.2040,0.07353,-0.06865,-0.01437,0.00000,0.00000,1.121,0.121,0
43.2540,0.07197,-0.06787,-0.01475,0.00000,0.00000,1.121,0.109,0
43.3040,0.07033,-0.06703,-0.01509,0.00000,0.00000,1.120,0.098,0
43.3540,0.06863,-0.06615,-0.01538,0.00000,0.00000,1.117,0.086,0
43.4040,0.06686,-0.06523,-0.01563,0.00000,0.00000,1.112,0.075,0
43.4540,0.06504,-0.06427,-0.01583,0.00000,0.00000,1.106,0.063,0
43.5040,0.06316,-0.06328,-0.01598,0.00000,0.00000,1.098,0.052,0
43.5540,0.06124,-0.06225,-0.01609,0.00000,0.00000,1.089,0.041,0
43.6040,0.05927,-0.06119,-0.01615,0.00000,0.00000,1.078,0.031,0
43.6540,0.05727,-0.06010,-0.01617,0.00000,0.00000,1.066,0.020,0
43.7040,0.05524,-0.05900,-0.01614,0.00000,0.00000,1.053,0.011,0
43.7540,0.05319,-0.05787,-0.01608,0.00000,0.00000,1.039,0.001,0
43.8040,0.05113,-0.05673,-0.01597,0.00000,0.00000,1.024,-0.008,0
43.8540,0.04904,-0.05556,-0.01581,0.00000,0.00000,1.008,-0.016,0
43.9040,0.04695,-0.05437,-0.01562,0.00000,0.00000,0.991,-0.024,0
43.9540,0.04487,-0.05317,-0.01540,0.00000,0.00000,0.972,-0.031,0
44.0040,0.04279,-0.05197,-0.01513,0.00000,0.00000,0.954,-0.038,0
44.0540,0.04073,-0.05078,-0.01483,0.00000,0.00000,0.935,-0.044,0
44.1040,0.03870,-0.04958,-0.01449,0.00000,0.00000,0.915,-0.050,0
44.1540,0.03669,-0.04838,-0.01413,0.00000,0.00000,0.894,-0.055,0
44.2040,0.03471,-0.04718,-0.01373,0.00000,0.00000,0.874,-0.060,0
44.2540,0.03277,-0.04600,-0.01331,0.00000,0.00000,0.853,-0.063,0
44.3040,0.03088,-0.04484,-0.01286,0.00000,0.00000,0.831,-0.067,0
44.3540,0.02905,-0.04369,-0.01238,0.00000,0.00000,0.810,-0.070,0
44.4040,0.02727,-0.04255,-0.01188,0.00000,0.00000,0.788,-0.072,0
44.4540,0.02555,-0.04144,-0.01137,0.00000,0.00000,0.767,-0.074,0
44.5040,0.02390,-0.04037,-0.01083,0.00000,0.00000,0.746,-0.075,0
44.5540,0.02232,-0.03931,-0.01027,0.00000,0.00000,0.724,-0.076,0
44.6040,0.02082,-0.03829,-0.00971,0.00000,0.00000,0.703,-0.076,0
44.6540,0.01939,-0.03729,-0.00913,0.00000,0.00000,0.683,-0.076,0
44.7040,0.01805,-0.03634,-0.00854,0.00000,0.00000,0.662,-0.075,0
44.7540,0.01680,-0.03542,-0.00794,0.00000,0.00000,0.642,-0.074,0
44.8040,0.01563,-0.03453,-0.00733,0.00000,0.00000,0.622,-0.073,0
44.8540,0.01454,-0.03368,-0.00672,0.00000,0.00000,0.603,-0.072,0
44.9040,0.01354,-0.03286,-0.00611,0.00000,0.00000,0.584,-0.070,0
44.9540,0.01264,-0.03208,-0.00550,0.00000,0.00000,0.566,-0.068,0
45.0040,0.01182,-0.03134,-0.00489,0.00000,0.00000,0.548,-0.065,0
45.0540,0.01109,-0.03063,-0.00428,0.00000,0.00000,0.531,-0.063,0
45.1040,0.01046,-0.02998,-0.00368,0.00000,0.00000,0.514,-0.060,0
45.1540,0.00993,-0.02938,-0.00308,0.00000,0.00000,0.498,-0.057,0
45.2040,0.00948,-0.02883,-0.00250,0.00000,0.00000,0.483,-0.054,0
45.2540,0.00913,-0.02831,-0.00193,0.00000,0.00000,0.469,-0.051,0
45.3040,0.00887,-0.02784,-0.00136,0.00000,0.00000,0.455,-0.048,0
45.3540,0.00869,-0.02742,-0.00082,0.00000,0.00000,0.442,-0.044,0
45.4040,0.00860,-0.02703,-0.00028,0.00000,0.00000,0.430,-0.041,0
45.4540,0.00859,-0.02670,0.00023,0.00000,0.00000,0.418,-0.037,0
45.5040,0.00866,-0.02640,0.00073,0.00000,0.00000,0.407,-0.034,0
45.5540,0.00881,-0.02615,0.00120,0.00000,0.00000,0.397,-0.030,0
45.6040,0.00904,-0.02594,0.00166,0.00000,0.00000,0.388,-0.027,0
45.6540,0.00934,-0.02577,0.00209,0.00000,0.00000,0.379,-0.024,0
45.7040,0.00969,-0.02562,0.00250,0.00000,0.00000,0.372,-0.020,0
45.7540,0.01011,-0.02550,0.00289,0.00000,0.00000,0.364,-0.017,0
45.8040,0.01059,-0.02541,0.00325,0.00000,0.00000,0.358,-0.013,0
45.8540,0.01112,-0.02536,0.00358,0.00000,0.00000,0.352,-0.010,0
45.9040,0.01170,-0.02533,0.00389,0.00000,0.00000,0.347,-0.007,0
45.9540,0.01233,-0.02533,0.00417,0.00000,0.00000,0.342,-0.004,0
46.0040,0.01300,-0.02537,0.00442,0.00000,0.00000,0.338,-0.001,0
46.0540,0.01372,-0.02543,0.00465,0.00000,0.00000,0.335,0.003,0
46.1040,0.01447,-0.02551,0.00484,0.00000,0.00000,0.333,0.006,0
46.1540,0.01526,-0.02560,0.00501,0.00000,0.00000,0.331,0.009,0
46.2040,0.01606,-0.02571,0.00515,0.00000,0.00000,0.329,0.011,0
46.2540,0.01689,-0.02582,0.00526,0.00000,0.00000,0.329,0.014,0
46.3040,0.01773,-0.02595,0.00534,0.00000,0.00000,0.328,0.017,0
46.3540,0.01859,-0.02609,0.00539,0.00000,0.00000,0.328,0.020,0
46.4040,0.01945,-0.02623,0.00541,0.00000,0.00000,0.329,0.022,0
46.4540,0.02032,-0.02638,0.00541,0.00000,0.00000,0.330,0.025,0
46.5040,0.02119,-0.02651,0.00537,0.00000,0.00000,0.331,0.027,0
46.5540,0.02206,-0.02665,0.00531,0.00000,0.00000,0.333,0.029,0
46.6040,0.02291,-0.02677,0.00522,0.00000,0.00000,0.335,0.032,0
46.6540,0.02376,-0.02688,0.00510,0.00000,0.00000,0.338,0.034,0
46.7040,0.02459,-0.02699,0.00496,0.00000,0.00000,0.341,0.036,0
46.7540,0.02540,-0.02708,0.00479,0.00000,0.00000,0.344,0.038,0
46.8040,0.02618,-0.02713,0.00459,0.00000,0.00000,0.347,0.040,0
46.8540,0.02693,-0.02716,0.00437,0.00000,0.00000,0.350,0.041,0
46.9040,0.02765,-0.02718,0.00412,0.00000,0.00000,0.353,0.043,0
46.9540,0.02833,-0.02717,0.00385,0.00000,0.00000,0.356,0.044,0
47.0040,0.02898,-0.02712,0.00356,0.00000,0.00000,0.360,0.045,0
47.0540,0.02959,-0.02705,0.00325,0.00000,0.00000,0.363,0.046,0
47.1040,0.03016,-0.02696,0.00291,0.00000,0.00000,0.367,0.047,0
47.1540,0.03067,-0.02682,0.00255,0.00000,0.00000,0.370,0.048,0
47.2040,0.03114,-0.02664,0.00218,0.00000,0.00000,0.374,0.049,0
47.2540,0.03154,-0.02641,0.00178,0.00000,0.00000,0.377,0.049,0
47.3040,0.03188,-0.02613,0.00137,0.00000,0.00000,0.379,0.049,0
47.3540,0.03215,-0.02579,0.00094,0.00000,0.00000,0.382,0.049,0
47.4040,0.03236,-0.02541,0.00049,0.00000,0.00000,0.384,0.049,0
47.4540,0.03250,-0.02499,0.00003,0.00000,0.00000,0.386,0.048,0
47.5040,0.03259,-0.02453,-0.00045,0.00000,0.00000,0.387,0.047,0
47.5540,0.03260,-0.02402,-0.00093,0.00000,0.00000,0.388,0.046,0
47.6040,0.03254,-0.02347,-0.00143,0.00000,0.00000,0.389,0.045,0
47.6540,0.03239,-0.02286,-0.00194,0.00000,0.00000,0.389,0.044,0
47.7040,0.03217,-0.02220,-0.00246,0.00000,0.00000,0.389,0.042,0
47.7540,0.03187,-0.02148,-0.00299,0.00000,0.00000,0.388,0.040,0
47.8040,0.03148,-0.02071,-0.00352,0.00000,0.00000,0.387,0.038,0
47.8540,0.03101,-0.01989,-0.00406,0.00000,0.00000,0.385,0.036,0
47.9040,0.03045,-0.01901,-0.00461,0.00000,0.00000,0.382,0.033,0
47.9540,0.02980,-0.01806,-0.00515,0.00000,0.00000,0.379,0.030,0
48.0040,0.02905,-0.01706,-0.00570,0.00000,0.00000,0.375,0.027,0
48.0540,0.02821,-0.01602,-0.00625,0.00000,0.00000,0.370,0.024,0
48.1040,0.02728,-0.01492,-0.00679,0.00000,0.00000,0.364,0.020,0
48.1540,0.02625,-0.01377,-0.00733,0.00000,0.00000,0.358,0.017,0
48.2040,0.02513,-0.01256,-0.00787,0.00000,0.00000,0.351,0.013,0
48.2540,0.02391,-0.01132,-0.00840,0.00000,0.00000,0.344,0.009,0
48.3040,0.02260,-0.01003,-0.00893,0.00000,0.00000,0.336,0.005,0
48.3540,0.02120,-0.00870,-0.00944,0.00000,0.00000,0.327,0.001,0
48.4040,0.01971,-0.00734,-0.00995,0.00000,0.00000,0.317,-0.003,0
48.4540,0.01812,-0.00595,-0.01044,0.00000,0.00000,0.307,-0.007,0
48.5040,0.01645,-0.00451,-0.01092,0.00000,0.00000,0.297,-0.011,0
48.5540,0.01468,-0.00304,-0.01139,0.00000,0.00000,0.286,-0.015,0
48.6040,0.01283,-0.00155,-0.01184,0.00000,0.00000,0.274,-0.019,0
48.6540,0.01089,-0.00004,-0.01227,0.00000,0.00000,0.262,-0.023,0
48.7040,0.00888,0.00149,-0.01268,0.00000,0.00000,0.250,-0.027,0
48.7540,0.00678,0.00304,-0.01308,0.00000,0.00000,0.237,-0.030,0
48.8040,0.00461,0.00460,-0.01345,0.00000,0.00000,0.224,-0.034,0
48.8540,0.00238,0.00617,-0.01380,0.00000,0.00000,0.211,-0.037,0
48.9040,0.00007,0.00775,-0.01413,0.00000,0.00000,0.198,-0.040,0
48.9540,-0.00231,0.00934,-0.01443,0.00000,0.00000,0.184,-0.042,0
49.0040,-0.00474,0.01093,-0.01471,0.00000,0.00000,0.170,-0.044,0
49.0540,-0.00723,0.01252,-0.01496,0.00000,0.00000,0.157,-0.046,0
49.1040,-0.00975,0.01411,-0.01518,0.00000,0.00000,0.143,-0.047,0
49.1540,-0.01232,0.01568,-0.01537,0.00000,0.00000,0.130,-0.048,0
49.2040,-0.01492,0.01723,-0.01553,0.00000,0.00000,0.117,-0.048,0
49.2540,-0.01754,0.01875,-0.01566,0.00000,0.00000,0.104,-0.048,0
49.3040,-0.02017,0.02024,-0.01576,0.00000,0.00000,0.092,-0.048,0
49.3540,-0.02280,0.02168,-0.01583,0.00000,0.00000,0.081,-0.046,0
49.4040,-0.02541,0.02308,-0.01586,0.00000,0.00000,0.070,-0.045,0
49.4540,-0.02802,0.02444,-0.01585,0.00000,0.00000,0.060,-0.042,0
49.5040,-0.03059,0.02574,-0.01581,0.00000,0.00000,0.051,-0.040,0
49.5540,-0.03312,0.02696,-0.01574,0.00000,0.00000,0.043,-0.036,0
49.6040,-0.03560,0.02812,-0.01562,0.00000,0.00000,0.036,-0.032,0
49.6540,-0.03802,0.02922,-0.01547,0.00000,0.00000,0.029,-0.028,0
49.7040,-0.04037,0.03024,-0.01528,0.00000,0.00000,0.024,-0.023,0
49.7540,-0.04266,0.03119,-0.01506,0.00000,0.00000,0.021,-0.018,0
49.8040,-0.04486,0.03206,-0.01479,0.00000,0.00000,0.018,-0.012,0
49.8540,-0.04699,0.03286,-0.01449,0.00000,0.00000,0.017,-0.006,0
49.9040,-0.04903,0.03357,-0.01415,0.00000,0.00000,0.016,0.001,0
49.9540,-0.05099,0.03420,-0.01376,0.00000,0.00000,0.018,0.008,0
50.0040,-0.05285,0.03474,-0.01334,0.00000,0.00000,0.020,0.015,0
50.0540,-0.05463,0.03519,-0.01288,0.00000,0.00000,0.024,0.022,0
50.1040,-0.05631,0.03555,-0.01238,0.00000,0.00000,0.029,0.029,0
50.1540,-0.05790,0.03582,-0.01184,0.00000,0.00000,0.035,0.037,0
50.2040,-0.05940,0.03600,-0.01126,0.00000,0.00000,0.043,0.044,0
50.2540,-0.06080,0.03607,-0.01065,0.00000,0.00000,0.051,0.051,0
50.3040,-0.06211,0.03605,-0.01000,0.00000,0.00000,0.060,0.058,0
50.3540,-0.06333,0.03594,-0.00931,0.00000,0.00000,0.070,0.065,0
50.4040,-0.06445,0.03574,-0.00858,0.00000,0.00000,0.081,0.072,0
50.4540,-0.06548,0.03546,-0.00782,0.00000,0.00000,0.092,0.078,0
50.5040,-0.06642,0.03509,-0.00703,0.00000,0.00000,0.104,0.083,0
50.5540,-0.06727,0.03463,-0.00620,0.00000,0.00000,0.116,0.089,0
50.6040,-0.06801,0.03408,-0.00535,0.00000,0.00000,0.129,0.093,0
50.6540,-0.06864,0.03344,-0.00446,0.00000,0.00000,0.142,0.097,0
50.7040,-0.06917,0.03270,-0.00354,0.00000,0.00000,0.154,0.101,0
50.7540,-0.06960,0.03187,-0.00260,0.00000,0.00000,0.167,0.103,0
50.8040,-0.06990,0.03095,-0.00163,0.00000,0.00000,0.179,0.105,0
50.8540,-0.07009,0.02994,-0.00064,0.00000,0.00000,0.190,0.106,0
50.9040,-0.07016,0.02883,0.00037,0.00000,0.00000,0.201,0.106,0
50.9540,-0.07010,0.02764,0.00140,0.00000,0.00000,0.212,0.106,0
51.0040,-0.06992,0.02638,0.00245,0.00000,0.00000,0.221,0.104,0
51.0540,-0.06961,0.02502,0.00351,0.00000,0.00000,0.230,0.102,0
51.1040,-0.06915,0.02357,0.00458,0.00000,0.00000,0.238,0.098,0
51.1540,-0.06855,0.02204,0.00566,0.00000,0.00000,0.245,0.094,0
51.2040,-0.06780,0.02042,0.00675,0.00000,0.00000,0.250,0.089,0
51.2540,-0.06690,0.01872,0.00784,0.00000,0.00000,0.254,0.083,0
51.3040,-0.06584,0.01695,0.00893,0.00000,0.00000,0.257,0.076,0
51.3540,-0.06463,0.01509,0.01002,0.00000,0.00000,0.259,0.068,0
51.4040,-0.06325,0.01316,0.01110,0.00000,0.00000,0.259,0.060,0
51.4540,-0.06170,0.01117,0.01217,0.00000,0.00000,0.258,0.050,0
51.5040,-0.05999,0.00910,0.01322,0.00000,0.00000,0.256,0.040,0
51.5540,-0.05810,0.00697,0.01427,0.00000,0.00000,0.252,0.030,0
51.6040,-0.05605,0.00478,0.01529,0.00000,0.00000,0.246,0.019,0
51.6540,-0.05382,0.00255,0.01629,0.00000,0.00000,0.240,0.007,0
51.7040,-0.05143,0.00027,0.01726,0.00000,0.00000,0.232,-0.004,0
51.7540,-0.04887,-0.00205,0.01821,0.00000,0.00000,0.222,-0.016,0
51.8040,-0.04614,-0.00441,0.01913,0.00000,0.00000,0.212,-0.029,0
51.8540,-0.04324,-0.00681,0.02001,0.00000,0.00000,0.201,-0.041,0
51.9040,-0.04017,-0.00924,0.02086,0.00000,0.00000,0.188,-0.053,0
51.9540,-0.03694,-0.01169,0.02168,0.00000,0.00000,0.175,-0.065,0
52.0040,-0.03355,-0.01418,0.02245,0.00000,0.00000,0.161,-0.077,0
52.0540,-0.03001,-0.01668,0.02318,0.00000,0.00000,0.146,-0.088,0
52.1040,-0.02631,-0.01918,0.02386,0.00000,0.00000,0.130,-0.099,0
52.1540,-0.02249,-0.02169,0.02450,0.00000,0.00000,0.114,-0.109,0
52.2040,-0.01852,-0.02419,0.02509,0.00000,0.00000,0.098,-0.118,0
52.2540,-0.01444,-0.02668,0.02563,0.00000,0.00000,0.082,-0.126,0
52.3040,-0.01025,-0.02916,0.02612,0.00000,0.00000,0.066,-0.133,0
52.3540,-0.00595,-0.03162,0.02656,0.00000,0.00000,0.051,-0.140,0
52.4040,-0.00156,-0.03405,0.02694,0.00000,0.00000,0.036,-0.145,0
52.4540,0.00290,-0.03644,0.02726,0.00000,0.00000,0.021,-0.148,0
52.5040,0.00742,-0.03880,0.02753,0.00000,0.00000,0.008,-0.151,0
52.5540,0.01198,-0.04112,0.02774,0.00000,0.00000,-0.004,-0.152,0
52.6040,0.01657,-0.04339,0.02789,0.00000,0.00000,-0.014,-0.152,0
52.6540,0.02117,-0.04560,0.02799,0.00000,0.00000,-0.023,-0.150,0
52.7040,0.02577,-0.04777,0.02802,0.00000,0.00000,-0.030,-0.146,0
52.7540,0.03034,-0.04988,0.02799,0.00000,0.00000,-0.035,-0.141,0
52.8040,0.03486,-0.05194,0.02791,0.00000,0.00000,-0.038,-0.135,0
52.8540,0.03933,-0.05394,0.02776,0.00000,0.00000,-0.039,-0.127,0
52.9040,0.04372,-0.05589,0.02755,0.00000,0.00000,-0.037,-0.117,0
52.9540,0.04801,-0.05780,0.02728,0.00000,0.00000,-0.032,-0.106,0
53.0040,0.05219,-0.05966,0.02696,0.00000,0.00000,-0.025,-0.093,0
53.0540,0.05623,-0.06146,0.02657,0.00000,0.00000,-0.014,-0.079,0
53.1040,0.06012,-0.06319,0.02613,0.00000,0.00000,-0.001,-0.063,0
53.1540,0.06386,-0.06486,0.02562,0.00000,0.00000,0.016,-0.046,0
53.2040,0.06743,-0.06648,0.02507,0.00000,0.00000,0.036,-0.028,0
53.2540,0.07085,-0.06802,0.02445,0.00000,0.00000,0.059,-0.009,0
53.3040,0.07413,-0.06949,0.02379,0.00000,0.00000,0.085,0.011,0
53.3540,0.07729,-0.07091,0.02307,0.00000,0.00000,0.114,0.031,0
53.4040,0.08035,-0.07228,0.02230,0.00000,0.00000,0.145,0.052,0
53.4540,0.08331,-0.07359,0.02148,0.00000,0.00000,0.179,0.074,0
53.5040,0.08619,-0.07484,0.02061,0.00000,0.00000,0.216,0.095,0
53.5540,0.08902,-0.07605,0.01970,0.00000,0.00000,0.254,0.117,0
53.6040,0.09178,-0.07721,0.01874,0.00000,0.00000,0.295,0.138,0
53.6540,0.09450,-0.07829,0.01775,0.00000,0.00000,0.337,0.159,0
53.7040,0.09717,-0.07931,0.01671,0.00000,0.00000,0.382,0.179,0
53.7540,0.09981,-0.08026,0.01564,0.00000,0.00000,0.427,0.198,0
53.8040,0.10241,-0.08115,0.01454,0.00000,0.00000,0.474,0.216,0
53.8540,0.10499,-0.08198,0.01340,0.00000,0.00000,0.522,0.234,0
53.9040,0.10754,-0.08276,0.01224,0.00000,0.00000,0.570,0.250,0
53.9540,0.11007,-0.08348,0.01105,0.00000,0.00000,0.619,0.265,0
54.0040,0.11258,-0.08414,0.00984,0.00000,0.00000,0.668,0.279,0
54.0540,0.11507,-0.08476,0.00861,0.00000,0.00000,0.718,0.291,0
54.1040,0.11753,-0.08531,0.00737,0.00000,0.00000,0.768,0.302,0
54.1540,0.11996,-0.08581,0.00611,0.00000,0.00000,0.818,0.312,0
54.2040,0.12234,-0.08625,0.00484,0.00000,0.00000,0.868,0.320,0
54.2540,0.12467,-0.08663,0.00357,0.00000,0.00000,0.917,0.326,0
54.3040,0.12694,-0.08693,0.00230,0.00000,0.00000,0.964,0.331,0
54.3540,0.12913,-0.08717,0.00102,0.00000,0.00000,1.011,0.334,0
54.4040,0.13123,-0.08734,-0.00024,0.00000,0.00000,1.056,0.335,0
54.4540,0.13324,-0.08745,-0.00150,0.00000,0.00000,1.099,0.335,0
54.5040,0.13514,-0.08751,-0.00275,0.00000,0.00000,1.140,0.334,0
54.5540,0.13691,-0.08750,-0.00397,0.00000,0.00000,1.179,0.331,0
54.6040,0.13854,-0.08744,-0.00518,0.00000,0.00000,1.216,0.327,0
54.6540,0.14001,-0.08731,-0.00637,0.00000,0.00000,1.251,0.321,0
54.7040,0.14131,-0.08711,-0.00752,0.00000,0.00000,1.284,0.315,0
54.7540,0.14241,-0.08685,-0.00865,0.00000,0.00000,1.313,0.307,0
54.8040,0.14330,-0.08652,-0.00974,0.00000,0.00000,1.340,0.298,0
54.8540,0.14396,-0.08613,-0.01079,0.00000,0.00000,1.364,0.289,0
54.9040,0.14438,-0.08570,-0.01181,0.00000,0.00000,1.385,0.278,0
54.9540,0.14455,-0.08521,-0.01277,0.00000,0.00000,1.404,0.267,0
55.0040,0.14445,-0.08466,-0.01369,0.00000,0.00000,1.421,0.255,0
55.0540,0.14406,-0.08408,-0.01456,0.00000,0.00000,1.435,0.243,0
55.1040,0.14337,-0.08345,-0.01538,0.00000,0.00000,1.447,0.230,0
55.1540,0.14237,-0.08278,-0.01614,0.00000,0.00000,1.458,0.217,0
55.2040,0.14103,-0.08206,-0.01684,0.00000,0.00000,1.467,0.203,0
55.2540,0.13935,-0.08131,-0.01749,0.00000,0.00000,1.476,0.188,0
55.3040,0.13733,-0.08053,-0.01807,0.00000,0.00000,1.483,0.174,0
55.3540,0.13496,-0.07972,-0.01859,0.00000,0.00000,1.490,0.159,0
55.4040,0.13229,-0.07887,-0.01904,0.00000,0.00000,1.497,0.143,0
55.4540,0.12937,-0.07800,-0.01943,0.00000,0.00000,1.502,0.128,0
55.5040,0.12625,-0.07710,-0.01976,0.00000,0.00000,1.505,0.112,0
55.5540,0.12296,-0.07618,-0.02002,0.00000,0.00000,1.507,0.096,0
55.6040,0.11954,-0.07523,-0.02022,0.00000,0.00000,1.507,0.080,0
55.6540,0.11601,-0.07427,-0.02035,0.00000,0.00000,1.504,0.065,0
55.7040,0.11240,-0.07329,-0.02042,0.00000,0.00000,1.499,0.049,0
55.7540,0.10874,-0.07228,-0.02043,0.00000,0.00000,1.491,0.034,0
55.8040,0.10503,-0.07126,-0.02038,0.00000,0.00000,1.482,0.019,0
55.8540,0.10129,-0.07020,-0.02026,0.00000,0.00000,1.469,0.004,0
55.9040,0.09754,-0.06913,-0.02009,0.00000,0.00000,1.455,-0.009,0
55.9540,0.09380,-0.06805,-0.01986,0.00000,0.00000,1.438,-0.022,0
56.0040,0.09008,-0.06696,-0.01958,0.00000,0.00000,1.420,-0.035,0
56.0540,0.08639,-0.06586,-0.01924,0.00000,0.00000,1.400,-0.047,0
56.1040,0.08275,-0.06476,-0.01886,0.00000,0.00000,1.378,-0.057,0
56.1540,0.07915,-0.06365,-0.01843,0.00000,0.00000,1.356,-0.067,0
56.2040,0.07562,-0.06253,-0.01796,0.00000,0.00000,1.331,-0.076,0
56.2540,0.07216,-0.06142,-0.01744,0.00000,0.00000,1.306,-0.085,0
56.3040,0.06878,-0.06031,-0.01689,0.00000,0.00000,1.281,-0.092,0
56.3540,0.06550,-0.05922,-0.01630,0.00000,0.00000,1.254,-0.098,0
56.4040,0.06231,-0.05813,-0.01568,0.00000,0.00000,1.228,-0.104,0
56.4540,0.05923,-0.05707,-0.01504,0.00000,0.00000,1.201,-0.109,0
56.5040,0.05626,-0.05600,-0.01436,0.00000,0.00000,1.174,-0.112,0
56.5540,0.05340,-0.05495,-0.01367,0.00000,0.00000,1.146,-0.115,0
56.6040,0.05066,-0.05391,-0.01296,0.00000,0.00000,1.119,-0.118,0
56.6540,0.04804,-0.05287,-0.01223,0.00000,0.00000,1.092,-0.119,0
56.7040,0.04554,-0.05186,-0.01150,0.00000,0.00000,1.064,-0.120,0
56.7540,0.04317,-0.05085,-0.01075,0.00000,0.00000,1.037,-0.120,0
56.8040,0.04093,-0.04985,-0.01000,0.00000,0.00000,1.011,-0.119,0
56.8540,0.03881,-0.04886,-0.00926,0.00000,0.00000,0.984,-0.118,0
56.9040,0.03683,-0.04789,-0.00851,0.00000,0.00000,0.958,-0.117,0
56.9540,0.03498,-0.04693,-0.00777,0.00000,0.00000,0.933,-0.114,0
57.0040,0.03325,-0.04597,-0.00704,0.00000,0.00000,0.908,-0.112,0
57.0540,0.03165,-0.04503,-0.00632,0.00000,0.00000,0.883,-0.109,0
57.1040,0.03017,-0.04408,-0.00562,0.00000,0.00000,0.859,-0.105,0
57.1540,0.02882,-0.04315,-0.00494,0.00000,0.00000,0.836,-0.102,0
57.2040,0.02759,-0.04222,-0.00428,0.00000,0.00000,0.814,-0.098,0
57.2540,0.02646,-0.04128,-0.00364,0.00000,0.00000,0.791,-0.093,0
57.3040,0.02545,-0.04035,-0.00303,0.00000,0.00000,0.770,-0.089,0
57.3540,0.02454,-0.03943,-0.00245,0.00000,0.00000,0.749,-0.085,0
57.4040,0.02374,-0.03849,-0.00190,0.00000,0.00000,0.729,-0.080,0
57.4540,0.02302,-0.03755,-0.00138,0.00000,0.00000,0.710,-0.075,0
57.5040,0.02240,-0.03661,-0.00090,0.00000,0.00000,0.691,-0.071,0
57.5540,0.02186,-0.03567,-0.00045,0.00000,0.00000,0.673,-0.066,0
57.6040,0.02140,-0.03473,-0.00005,0.00000,0.00000,0.656,-0.062,0
57.6540,0.02103,-0.03379,0.00032,0.00000,0.00000,0.639,-0.057,0
57.7040,0.02071,-0.03285,0.00065,0.00000,0.00000,0.624,-0.053,0
57.7540,0.02045,-0.03189,0.00094,0.00000,0.00000,0.608,-0.048,0
57.8040,0.02024,-0.03091,0.00119,0.00000,0.00000,0.593,-0.044,0
57.8540,0.02007,-0.02992,0.00140,0.00000,0.00000,0.579,-0.040,0
57.9040,0.01995,-0.02893,0.00157,0.00000,0.00000,0.565,-0.036,0
57.9540,0.01986,-0.02793,0.00169,0.00000,0.00000,0.552,-0.033,0
58.0040,0.01979,-0.02692,0.00178,0.00000,0.00000,0.539,-0.029,0
58.0540,0.01973,-0.02588,0.00182,0.00000,0.00000,0.527,-0.026,0
58.1040,0.01968,-0.02483,0.00183,0.00000,0.00000,0.515,-0.023,0
58.1540,0.01964,-0.02377,0.00180,0.00000,0.00000,0.503,-0.020,0
58.2040,0.01959,-0.02268,0.00173,0.00000,0.00000,0.492,-0.018,0
58.2540,0.01954,-0.02159,0.00163,0.00000,0.00000,0.480,-0.015,0
58.3040,0.01947,-0.02049,0.00149,0.00000,0.00000,0.469,-0.013,0
58.3540,0.01939,-0.01937,0.00132,0.00000,0.00000,0.458,-0.011,0
58.4040,0.01928,-0.01825,0.00112,0.00000,0.00000,0.448,-0.010,0
58.4540,0.01915,-0.01712,0.00090,0.00000,0.00000,0.437,-0.009,0
58.5040,0.01897,-0.01597,0.00064,0.00000,0.00000,0.427,-0.007,0
58.5540,0.01876,-0.01481,0.00037,0.00000,0.00000,0.417,-0.007,0
58.6040,0.01850,-0.01363,0.00007,0.00000,0.00000,0.406,-0.006,0
58.6540,0.01820,-0.01245,-0.00025,0.00000,0.00000,0.396,-0.006,0
58.7040,0.01785,-0.01127,-0.00059,0.00000,0.00000,0.385,-0.005,0
58.7540,0.01744,-0.01008,-0.00094,0.00000,0.00000,0.375,-0.005,0
58.8040,0.01698,-0.00888,-0.00130,0.00000,0.00000,0.364,-0.006,0
58.8540,0.01645,-0.00767,-0.00167,0.00000,0.00000,0.353,-0.006,0
58.9040,0.01586,-0.00646,-0.00204,0.00000,0.00000,0.342,-0.007,0
58.9540,0.01521,-0.00524,-0.00243,0.00000,0.00000,0.331,-0.007,0
59.0040,0.01450,-0.00402,-0.00281,0.00000,0.00000,0.319,-0.008,0
59.0540,0.01372,-0.00281,-0.00320,0.00000,0.00000,0.308,-0.009,0
59.1040,0.01288,-0.00161,-0.00358,0.00000,0.00000,0.296,-0.010,0
59.1540,0.01198,-0.00043,-0.00395,0.00000,0.00000,0.285,-0.011,0
59.2040,0.01102,0.00072,-0.00432,0.00000,0.00000,0.273,-0.013,0
59.2540,0.01001,0.00186,-0.00468,0.00000,0.00000,0.261,-0.014,0
59.3040,0.00894,0.00298,-0.00503,0.00000,0.00000,0.249,-0.015,0
59.3540,0.00780,0.00408,-0.00537,0.00000,0.00000,0.238,-0.017,0
59.4040,0.00661,0.00515,-0.00568,0.00000,0.00000,0.226,-0.018,0
59.4540,0.00538,0.00619,-0.00599,0.00000,0.00000,0.214,-0.019,0
59.5040,0.00409,0.00719,-0.00627,0.00000,0.00000,0.202,-0.021,0
59.5540,0.00277,0.00815,-0.00653,0.00000,0.00000,0.190,-0.022,0
59.6040,0.00140,0.00906,-0.00678,0.00000,0.00000,0.179,-0.023,0
59.6540,0.00001,0.00993,-0.00699,0.00000,0.00000,0.167,-0.024,0
59.7040,-0.00142,0.01075,-0.00719,0.00000,0.00000,0.156,-0.025,0
59.7540,-0.00288,0.01151,-0.00736,0.00000,0.00000,0.145,-0.026,0
59.8040,-0.00435,0.01222,-0.00750,0.00000,0.00000,0.134,-0.026,0
59.8540,-0.00583,0.01286,-0.00762,0.00000,0.00000,0.124,-0.027,0
59.9040,-0.00733,0.01344,-0.00771,0.00000,0.00000,0.114,-0.027,0
59.9540,-0.00883,0.01397,-0.00778,0.00000,0.00000,0.104,-0.027,0
60.0040,-0.01034,0.01443,-0.00781,0.00000,0.00000,0.094,-0.027,0
60.0540,-0.01184,0.01484,-0.00782,0.00000,0.00000,0.085,-0.027,0
60.1040,-0.01332,0.01517,-0.00781,0.00000,0.00000,0.077,-0.027,0
60.1540,-0.01479,0.01543,-0.00776,0.00000,0.00000,0.069,-0.026,0
60.2040,-0.01623,0.01562,-0.00769,0.00000,0.00000,0.061,-0.026,0
60.2540,-0.01766,0.01576,-0.00759,0.00000,0.00000,0.054,-0.025,0
60.3040,-0.01905,0.01582,-0.00747,0.00000,0.00000,0.047,-0.024,0
60.3540,-0.02040,0.01581,-0.00732,0.00000,0.00000,0.040,-0.023,0
60.4040,-0.02171,0.01575,-0.00715,0.00000,0.00000,0.034,-0.021,0
60.4540,-0.02297,0.01561,-0.00695,0.00000,0.00000,0.029,-0.020,0
60.5040,-0.02418,0.01541,-0.00674,0.00000,0.00000,0.024,-0.018,0
60.5540,-0.02533,0.01514,-0.00650,0.00000,0.00000,0.019,-0.016,0
60.6040,-0.02641,0.01480,-0.00624,0.00000,0.00000,0.015,-0.015,0
60.6540,-0.02743,0.01441,-0.00597,0.00000,0.00000,0.012,-0.013,0
60.7040,-0.02839,0.01396,-0.00568,0.00000,0.00000,0.008,-0.011,0
60.7540,-0.02928,0.01345,-0.00537,0.00000,0.00000,0.005,-0.009,0
60.8040,-0.03009,0.01287,-0.00505,0.00000,0.00000,0.003,-0.007,0
60.8540,-0.03083,0.01224,-0.00472,0.00000,0.00000,0.000,-0.005,0
60.9040,-0.03150,0.01157,-0.00437,0.00000,0.00000,-0.002,-0.002,0
60.9540,-0.03211,0.01086,-0.00402,0.00000,0.00000,-0.004,-0.001,0
61.0040,-0.03265,0.01010,-0.00367,0.00000,0.00000,-0.005,0.001,0
61.0540,-0.03313,0.00932,-0.00330,0.00000,0.00000,-0.007,0.003,0
61.1040,-0.03355,0.00850,-0.00294,0.00000,0.00000,-0.008,0.005,0
61.1540,-0.03392,0.00766,-0.00257,0.00000,0.00000,-0.009,0.007,0
61.2040,-0.03422,0.00679,-0.00220,0.00000,0.00000,-0.010,0.008,0
61.2540,-0.03446,0.00589,-0.00183,0.00000,0.00000,-0.011,0.010,0
61.3040,-0.03465,0.00497,-0.00147,0.00000,0.00000,-0.012,0.011,0
61.3540,-0.03479,0.00403,-0.00111,0.00000,0.00000,-0.013,0.012,0
61.4040,-0.03487,0.00308,-0.00075,0.00000,0.00000,-0.014,0.013,0
61.4540,-0.03491,0.00212,-0.00041,0.00000,0.00000,-0.016,0.014,0
61.5040,-0.03491,0.00117,-0.00007,0.00000,0.00000,-0.017,0.014,0
61.5540,-0.03487,0.00021,0.00026,0.00000,0.00000,-0.018,0.015,0
61.6040,-0.03479,-0.00074,0.00058,0.00000,0.00000,-0.020,0.015,0
61.6540,-0.03467,-0.00169,0.00088,0.00000,0.00000,-0.022,0.015,0
61.7040,-0.03451,-0.00264,0.00117,0.00000,0.00000,-0.024,0.015,0
61.7540,-0.03432,-0.00356,0.00145,0.00000,0.00000,-0.026,0.015,0
61.8040,-0.03410,-0.00447,0.00172,0.00000,0.00000,-0.028,0.014,0
61.8540,-0.03384,-0.00537,0.00196,0.00000,0.00000,-0.030,0.014,0
61.9040,-0.03355,-0.00625,0.00220,0.00000,0.00000,-0.033,0.013,0
61.9540,-0.03324,-0.00710,0.00241,0.00000,0.00000,-0.036,0.012,0
62.0040,-0.03290,-0.00792,0.00261,0.00000,0.00000,-0.039,0.011,0
62.0540,-0.03254,-0.00871,0.00280,0.00000,0.00000,-0.042,0.010,0
62.1040,-0.03215,-0.00946,0.00297,0.00000,0.00000,-0.045,0.009,0
62.1540,-0.03175,-0.01017,0.00312,0.00000,0.00000,-0.048,0.008,0
62.2040,-0.03133,-0.01084,0.00325,0.00000,0.00000,-0.052,0.006,0
62.2540,-0.03089,-0.01147,0.00337,0.00000,0.00000,-0.055,0.005,0
62.3040,-0.03044,-0.01206,0.00348,0.00000,0.00000,-0.059,0.003,0
62.3540,-0.02996,-0.01261,0.00356,0.00000,0.00000,-0.062,0.002,0
62.4040,-0.02946,-0.01312,0.00364,0.00000,0.00000,-0.066,0.000,0
62.4540,-0.02895,-0.01359,0.00370,0.00000,0.00000,-0.070,-0.002,0
62.5040,-0.02843,-0.01400,0.00375,0.00000,0.00000,-0.073,-0.003,0
62.5540,-0.02788,-0.01438,0.00378,0.00000,0.00000,-0.077,-0.005,0
62.6040,-0.02733,-0.01471,0.00381,0.00000,0.00000,-0.081,-0.006,0
62.6540,-0.02676,-0.01498,0.00382,0.00000,0.00000,-0.084,-0.008,0
62.7040,-0.02618,-0.01522,0.00383,0.00000,0.00000,-0.087,-0.010,0
62.7540,-0.02559,-0.01540,0.00382,0.00000,0.00000,-0.091,-0.011,0
62.8040,-0.02498,-0.01553,0.00382,0.00000,0.00000,-0.094,-0.013,0
62.8540,-0.02437,-0.01562,0.00380,0.00000,0.00000,-0.097,-0.014,0
62.9040,-0.02373,-0.01568,0.00378,0.00000,0.00000,-0.099,-0.016,0
62.9540,-0.02308,-0.01570,0.00376,0.00000,0.00000,-0.102,-0.017,0
63.0040,-0.02241,-0.01568,0.00374,0.00000,0.00000,-0.104,-0.019,0
63.0540,-0.02173,-0.01563,0.00371,0.00000,0.00000,-0.106,-0.020,0
63.1040,-0.02103,-0.01554,0.00369,0.00000,0.00000,-0.108,-0.021,0
63.1540,-0.02031,-0.01543,0.00367,0.00000,0.00000,-0.110,-0.023,0
63.2040,-0.01957,-0.01530,0.00365,0.00000,0.00000,-0.111,-0.024,0
63.2540,-0.01881,-0.01514,0.00363,0.00000,0.00000,-0.113,-0.025,0
63.3040,-0.01803,-0.01496,0.00362,0.00000,0.00000,-0.114,-0.026,0
63.3540,-0.01722,-0.01476,0.00362,0.00000,0.00000,-0.115,-0.027,0
63.4040,-0.01639,-0.01455,0.00362,0.00000,0.00000,-0.115,-0.028,0
63.4540,-0.01553,-0.01435,0.00363,0.00000,0.00000,-0.115,-0.029,0
63.5040,-0.01464,-0.01414,0.00365,0.00000,0.00000,-0.116,-0.030,0
63.5540,-0.01373,-0.01392,0.00367,0.00000,0.00000,-0.116,-0.031,0
63.6040,-0.01279,-0.01370,0.00371,0.00000,0.00000,-0.115,-0.032,0
63.6540,-0.01181,-0.01350,0.00375,0.00000,0.00000,-0.115,-0.033,0
63.7040,-0.01080,-0.01330,0.00381,0.00000,0.00000,-0.114,-0.033,0
63.7540,-0.00977,-0.01310,0.00388,0.00000,0.00000,-0.113,-0.034,0
63.8040,-0.00871,-0.01291,0.00395,0.00000,0.00000,-0.112,-0.035,0
63.8540,-0.00761,-0.01274,0.00404,0.00000,0.00000,-0.111,-0.035,0
63.9040,-0.00649,-0.01257,0.00414,0.00000,0.00000,-0.109,-0.036,0
63.9540,-0.00534,-0.01243,0.00425,0.00000,0.00000,-0.107,-0.036,0
64.0040,-0.00415,-0.01231,0.00437,0.00000,0.00000,-0.106,-0.036,0
64.0560,-0.00288,-0.01221,0.00451,0.00000,0.00000,-0.103,-0.037,0
64.1080,-0.00158,-0.01214,0.00466,0.00000,0.00000,-0.101,-0.037,0
64.1600,-0.00023,-0.01211,0.00482,0.00000,0.00000,-0.099,-0.037,0
64.2120,0.00115,-0.01212,0.00498,0.00000,0.00000,-0.096,-0.037,0
64.2640,0.00255,-0.01216,0.00516,0.00000,0.00000,-0.093,-0.037,0
64.3160,0.00399,-0.01224,0.00534,0.00000,0.00000,-0.090,-0.037,0
64.3680,0.00546,-0.01236,0.00554,0.00000,0.00000,-0.087,-0.037,0
64.4200,0.00696,-0.01250,0.00573,0.00000,0.00000,-0.083,-0.036,0
64.4720,0.00848,-0.01270,0.00594,0.00000,0.00000,-0.080,-0.036,0
64.5240,0.01004,-0.01295,0.00614,0.00000,0.00000,-0.076,-0.035,0
64.5760,0.01161,-0.01323,0.00635,0.00000,0.00000,-0.072,-0.034,0
64.6280,0.01320,-0.01355,0.00656,0.00000,0.00000,-0.068,-0.033,0
64.6800,0.01480,-0.01391,0.00676,0.00000,0.00000,-0.063,-0.032,0
64.7320,0.01642,-0.01433,0.00697,0.00000,0.00000,-0.059,-0.030,0
64.7840,0.01806,-0.01480,0.00717,0.00000,0.00000,-0.054,-0.029,0
64.8360,0.01970,-0.01531,0.00737,0.00000,0.00000,-0.049,-0.027,0
64.8880,0.02134,-0.01586,0.00756,0.00000,0.00000,-0.043,-0.025,0
64.9400,0.02298,-0.01644,0.00774,0.00000,0.00000,-0.037,-0.022,0
64.9920,0.02461,-0.01707,0.00792,0.00000,0.00000,-0.031,-0.020,0
65.0440,0.02623,-0.01774,0.00808,0.00000,0.00000,-0.025,-0.017,0
65.0960,0.02783,-0.01843,0.00823,0.00000,0.00000,-0.018,-0.013,0
65.1480,0.02941,-0.01916,0.00836,0.00000,0.00000,-0.011,-0.010,0
65.2000,0.03097,-0.01993,0.00848,0.00000,0.00000,-0.003,-0.006,0
65.2520,0.03252,-0.02074,0.00859,0.00000,0.00000,0.005,-0.002,0
65.3040,0.03404,-0.02157,0.00867,0.00000,0.00000,0.014,0.002,0
65.3560,0.03554,-0.02244,0.00874,0.00000,0.00000,0.023,0.007,0
65.4080,0.03702,-0.02333,0.00879,0.00000,0.00000,0.032,0.012,0
65.4600,0.03848,-0.02425,0.00881,0.00000,0.00000,0.042,0.017,0
65.5120,0.03991,-0.02519,0.00882,0.00000,0.00000,0.053,0.023,0
65.5640,0.04132,-0.02616,0.00880,0.00000,0.00000,0.065,0.029,0
65.6160,0.04271,-0.02714,0.00875,0.00000,0.00000,0.077,0.034,0
65.6680,0.04407,-0.02813,0.00869,0.00000,0.00000,0.089,0.041,0
65.7200,0.04541,-0.02913,0.00860,0.00000,0.00000,0.102,0.047,0
65.7720,0.04673,-0.03014,0.00848,0.00000,0.00000,0.116,0.053,0
65.8240,0.04802,-0.03116,0.00834,0.00000,0.00000,0.131,0.060,0
65.8760,0.04930,-0.03219,0.00818,0.00000,0.00000,0.146,0.067,0
65.9280,0.05056,-0.03322,0.00799,0.00000,0.00000,0.161,0.074,0
65.9800,0.05180,-0.03425,0.00777,0.00000,0.00000,0.178,0.080,0
66.0320,0.05301,-0.03528,0.00753,0.00000,0.00000,0.195,0.087,0
66.0840,0.05421,-0.03630,0.00727,0.00000,0.00000,0.213,0.094,0
66.1360,0.05538,-0.03731,0.00699,0.00000,0.00000,0.231,0.101,0
66.1880,0.05652,-0.03830,0.00668,0.00000,0.00000,0.250,0.107,0
66.2400,0.05764,-0.03926,0.00635,0.00000,0.00000,0.269,0.114,0
66.2920,0.05872,-0.04018,0.00600,0.00000,0.00000,0.289,0.120,0
66.3440,0.05976,-0.04107,0.00563,0.00000,0.00000,0.309,0.126,0
66.3960,0.06077,-0.04192,0.00524,0.00000,0.00000,0.329,0.131,0
66.4480,0.06175,-0.04274,0.00484,0.00000,0.00000,0.350,0.137,0
66.5000,0.06270,-0.04353,0.00442,0.00000,0.00000,0.371,0.142,0
66.5520,0.06362,-0.04428,0.00398,0.00000,0.00000,0.392,0.147,0
66.6040,0.06450,-0.04500,0.00354,0.00000,0.00000,0.413,0.151,0
66.6560,0.06535,-0.04568,0.00308,0.00000,0.00000,0.434,0.155,0
66.7080,0.06616,-0.04632,0.00262,0.00000,0.00000,0.455,0.159,0
66.7600,0.06694,-0.04694,0.00214,0.00000,0.00000,0.477,0.162,0
66.8120,0.06769,-0.04752,0.00167,0.00000,0.00000,0.498,0.165,0
66.8640,0.06840,-0.04807,0.00119,0.00000,0.00000,0.520,0.167,0
66.9160,0.06907,-0.04857,0.00070,0.00000,0.00000,0.541,0.169,0
66.9680,0.06971,-0.04904,0.00022,0.00000,0.00000,0.562,0.171,0
67.0200,0.07031,-0.04947,-0.00025,0.00000,0.00000,0.583,0.172,0
67.0720,0.07088,-0.04987,-0.00073,0.00000,0.00000,0.604,0.172,0
67.1240,0.07141,-0.05024,-0.00119,0.00000,0.00000,0.624,0.172,0
67.1760,0.07190,-0.05057,-0.00165,0.00000,0.00000,0.645,0.172,0
67.2280,0.07235,-0.05085,-0.00210,0.00000,0.00000,0.664,0.172,0
67.2800,0.07276,-0.05110,-0.00253,0.00000,0.00000,0.684,0.170,0
67.3320,0.07312,-0.05129,-0.00295,0.00000,0.00000,0.702,0.169,0
67.3840,0.07343,-0.05143,-0.00335,0.00000,0.00000,0.720,0.167,0
67.4360,0.07371,-0.05154,-0.00374,0.00000,0.00000,0.737,0.165,0
67.4880,0.07394,-0.05160,-0.00410,0.00000,0.00000,0.753,0.162,0
67.5400,0.07414,-0.05164,-0.00445,0.00000,0.00000,0.769,0.159,0
67.5920,0.07431,-0.05165,-0.00477,0.00000,0.00000,0.784,0.156,0
67.6440,0.07444,-0.05163,-0.00507,0.00000,0.00000,0.798,0.153,0
67.6960,0.07453,-0.05158,-0.00534,0.00000,0.00000,0.812,0.149,0
67.7480,0.07460,-0.05150,-0.00559,0.00000,0.00000,0.825,0.145,0
67.8000,0.07463,-0.05140,-0.00581,0.00000,0.00000,0.837,0.141,0
67.8520,0.07464,-0.05127,-0.00601,0.00000,0.00000,0.848,0.137,0
67.9040,0.07461,-0.05113,-0.00618,0.00000,0.00000,0.859,0.133,0
67.9560,0.07457,-0.05097,-0.00631,0.00000,0.00000,0.868,0.129,0
68.0080,0.07450,-0.05079,-0.00643,0.00000,0.00000,0.878,0.124,0
68.0600,0.07442,-0.05061,-0.00651,0.00000,0.00000,0.886,0.120,0
68.1120,0.07432,-0.05042,-0.00656,0.00000,0.00000,0.894,0.116,0
68.1640,0.07421,-0.05023,-0.00659,0.00000,0.00000,0.901,0.112,0
68.2160,0.07408,-0.05002,-0.00659,0.00000,0.00000,0.908,0.107,0
68.2680,0.07393,-0.04979,-0.00656,0.00000,0.00000,0.914,0.103,0
68.3200,0.07377,-0.04956,-0.00651,0.00000,0.00000,0.919,0.099,0
68.3720,0.07362,-0.04935,-0.00643,0.00000,0.00000,0.924,0.096,0
68.4240,0.07347,-0.04917,-0.00633,0.00000,0.00000,0.928,0.092,0
68.4760,0.07332,-0.04899,-0.00621,0.00000,0.00000,0.932,0.089,0
68.5280,0.07317,-0.04881,-0.00606,0.00000,0.00000,0.936,0.085,0
68.5800,0.07302,-0.04864,-0.00589,0.00000,0.00000,0.940,0.082,0
68.6320,0.07288,-0.04849,-0.00571,0.00000,0.00000,0.943,0.080,0
68.6840,0.07275,-0.04836,-0.00551,0.00000,0.00000,0.946,0.077,0
68.7360,0.07263,-0.04825,-0.00529,0.00000,0.00000,0.948,0.075,0
68.7880,0.07253,-0.04819,-0.00506,0.00000,0.00000,0.951,0.073,0
68.8400,0.07245,-0.04814,-0.00482,0.00000,0.00000,0.954,0.071,0
68.8920,0.07237,-0.04812,-0.00457,0.00000,0.00000,0.956,0.070,0
68.9440,0.07232,-0.04812,-0.00432,0.00000,0.00000,0.959,0.068,0
68.9960,0.07227,-0.04814,-0.00406,0.00000,0.00000,0.962,0.068,0
69.0480,0.07224,-0.04818,-0.00379,0.00000,0.00000,0.964,0.067,0
69.1000,0.07221,-0.04822,-0.00353,0.00000,0.00000,0.966,0.066,0
69.1520,0.07219,-0.04829,-0.00327,0.00000,0.00000,0.968,0.066,0
69.2040,0.07219,-0.04838,-0.00302,0.00000,0.00000,0.971,0.066,0
69.2560,0.07219,-0.04850,-0.00277,0.00000,0.00000,0.973,0.066,0
69.3080,0.07221,-0.04863,-0.00253,0.00000,0.00000,0.975,0.066,0
69.3600,0.07223,-0.04877,-0.00230,0.00000,0.00000,0.978,0.067,0
69.4120,0.07225,-0.04894,-0.00209,0.00000,0.00000,0.980,0.067,0
69.4640,0.07229,-0.04914,-0.00189,0.00000,0.00000,0.983,0.068,0
69.5160,0.07233,-0.04934,-0.00171,0.00000,0.00000,0.985,0.069,0
69.5680,0.07236,-0.04956,-0.00154,0.00000,0.00000,0.988,0.070,0
69.6200,0.07239,-0.04979,-0.00140,0.00000,0.00000,0.991,0.070,0
69.6720,0.07242,-0.05003,-0.00128,0.00000,0.00000,0.994,0.071,0
69.7240,0.07244,-0.05029,-0.00118,0.00000,0.00000,0.998,0.072,0
69.7760,0.07245,-0.05055,-0.00111,0.00000,0.00000,1.001,0.073,0
69.8280,0.07245,-0.05083,-0.00106,0.00000,0.00000,1.005,0.074,0
69.8800,0.07243,-0.05111,-0.00104,0.00000,0.00000,1.008,0.075,0
69.9320,0.07239,-0.05138,-0.00104,0.00000,0.00000,1.012,0.075,0
69.9840,0.07232,-0.05165,-0.00108,0.00000,0.00000,1.016,0.076,0
70.0360,0.07222,-0.05189,-0.00114,0.00000,0.00000,1.019,0.076,0
70.0880,0.07207,-0.05212,-0.00123,0.00000,0.00000,1.023,0.076,0
70.1400,0.07188,-0.05232,-0.00136,0.00000,0.00000,1.025,0.076,0
70.1920,0.07164,-0.05249,-0.00151,0.00000,0.00000,1.028,0.075,0
70.2440,0.07136,-0.05266,-0.00169,0.00000,0.00000,1.030,0.075,0
70.2960,0.07103,-0.05280,-0.00190,0.00000,0.00000,1.032,0.074,0
70.3480,0.07064,-0.05291,-0.00213,0.00000,0.00000,1.034,0.073,0
70.4000,0.07019,-0.05299,-0.00239,0.00000,0.00000,1.036,0.071,0
70.4520,0.06967,-0.05302,-0.00268,0.00000,0.00000,1.036,0.069,0
70.5040,0.06908,-0.05301,-0.00300,0.00000,0.00000,1.037,0.067,0
70.5560,0.06841,-0.05296,-0.00334,0.00000,0.00000,1.036,0.064,0
70.6080,0.06766,-0.05285,-0.00370,0.00000,0.00000,1.035,0.061,0
70.6600,0.06682,-0.05268,-0.00408,0.00000,0.00000,1.033,0.058,0
70.7120,0.06590,-0.05246,-0.00449,0.00000,0.00000,1.030,0.054,0
70.7640,0.06487,-0.05216,-0.00491,0.00000,0.00000,1.026,0.050,0
70.8160,0.06376,-0.05181,-0.00535,0.00000,0.00000,1.020,0.046,0
70.8680,0.06255,-0.05140,-0.00580,0.00000,0.00000,1.014,0.041,0
70.9200,0.06124,-0.05092,-0.00626,0.00000,0.00000,1.007,0.036,0
70.9720,0.05983,-0.05038,-0.00673,0.00000,0.00000,0.999,0.030,0
71.0240,0.05833,-0.04978,-0.00722,0.00000,0.00000,0.990,0.025,0
71.0760,0.05672,-0.04912,-0.00770,0.00000,0.00000,0.980,0.019,0
71.1280,0.05502,-0.04840,-0.00819,0.00000,0.00000,0.969,0.013,0
71.1800,0.05322,-0.04763,-0.00869,0.00000,0.00000,0.957,0.006,0
71.2320,0.05133,-0.04679,-0.00918,0.00000,0.00000,0.944,-0.000,0
71.2840,0.04933,-0.04589,-0.00966,0.00000,0.00000,0.930,-0.007,0
71.3360,0.04723,-0.04492,-0.01014,0.00000,0.00000,0.915,-0.013,0
71.3880,0.04504,-0.04390,-0.01062,0.00000,0.00000,0.899,-0.020,0
71.4400,0.04275,-0.04280,-0.01108,0.00000,0.00000,0.881,-0.027,0
71.4920,0.04037,-0.04164,-0.01153,0.00000,0.00000,0.863,-0.034,0
71.5440,0.03789,-0.04042,-0.01196,0.00000,0.00000,0.843,-0.041,0
71.5960,0.03533,-0.03914,-0.01238,0.00000,0.00000,0.822,-0.047,0
71.6480,0.03268,-0.03780,-0.01278,0.00000,0.00000,0.801,-0.053,0
71.7000,0.02994,-0.03639,-0.01316,0.00000,0.00000,0.778,-0.060,0
71.7520,0.02713,-0.03493,-0.01352,0.00000,0.00000,0.754,-0.065,0
71.8040,0.02425,-0.03341,-0.01386,0.00000,0.00000,0.729,-0.071,0
71.8560,0.02131,-0.03185,-0.01417,0.00000,0.00000,0.704,-0.076,0
71.9080,0.01830,-0.03024,-0.01445,0.00000,0.00000,0.677,-0.081,0
71.9600,0.01524,-0.02859,-0.01470,0.00000,0.00000,0.650,-0.085,0
72.0120,0.01214,-0.02689,-0.01493,0.00000,0.00000,0.623,-0.089,0
72.0640,0.00899,-0.02515,-0.01512,0.00000,0.00000,0.594,-0.093,0
72.1160,0.00581,-0.02337,-0.01529,0.00000,0.00000,0.565,-0.095,0
72.1680,0.00260,-0.02156,-0.01542,0.00000,0.00000,0.536,-0.098,0
72.2200,-0.00060,-0.01975,-0.01552,0.00000,0.00000,0.506,-0.099,0
72.2720,-0.00382,-0.01792,-0.01559,0.00000,0.00000,0.477,-0.100,0
72.3240,-0.00702,-0.01609,-0.01562,0.00000,0.00000,0.447,-0.101,0
72.3760,-0.01021,-0.01423,-0.01562,0.00000,0.00000,0.418,-0.100,0
72.4280,-0.01339,-0.01237,-0.01559,0.00000,0.00000,0.388,-0.099,0
72.4800,-0.01654,-0.01050,-0.01552,0.00000,0.00000,0.358,-0.098,0
72.5320,-0.01964,-0.00863,-0.01542,0.00000,0.00000,0.329,-0.096,0
72.5840,-0.02269,-0.00677,-0.01529,0.00000,0.00000,0.300,-0.093,0
72.6360,-0.02569,-0.00492,-0.01513,0.00000,0.00000,0.272,-0.089,0
72.6880,-0.02861,-0.00308,-0.01493,0.00000,0.00000,0.244,-0.085,0
72.7400,-0.03145,-0.00127,-0.01470,0.00000,0.00000,0.217,-0.080,0
72.7920,-0.03420,0.00052,-0.01444,0.00000,0.00000,0.191,-0.075,0
72.8440,-0.03685,0.00227,-0.01415,0.00000,0.00000,0.165,-0.069,0
72.8960,-0.03938,0.00396,-0.01383,0.00000,0.00000,0.141,-0.063,0
72.9480,-0.04178,0.00561,-0.01348,0.00000,0.00000,0.118,-0.056,0
73.0000,-0.04406,0.00721,-0.01311,0.00000,0.00000,0.095,-0.049,0
73.0520,-0.04621,0.00876,-0.01271,0.00000,0.00000,0.075,-0.042,0
73.1040,-0.04822,0.01025,-0.01229,0.00000,0.00000,0.055,-0.034,0
73.1560,-0.05009,0.01167,-0.01185,0.00000,0.00000,0.037,-0.026,0
73.2080,-0.05182,0.01303,-0.01138,0.00000,0.00000,0.020,-0.018,0
73.2600,-0.05343,0.01431,-0.01089,0.00000,0.00000,0.005,-0.009,0
73.3120,-0.05490,0.01551,-0.01039,0.00000,0.00000,-0.009,-0.001,0
73.3640,-0.05626,0.01664,-0.00987,0.00000,0.00000,-0.021,0.007,0
73.4160,-0.05749,0.01768,-0.00933,0.00000,0.00000,-0.031,0.015,0
73.4680,-0.05863,0.01866,-0.00878,0.00000,0.00000,-0.040,0.023,0
73.5200,-0.05967,0.01956,-0.00822,0.00000,0.00000,-0.048,0.031,0
73.5720,-0.06060,0.02037,-0.00764,0.00000,0.00000,-0.054,0.039,0
73.6240,-0.06144,0.02109,-0.00706,0.00000,0.00000,-0.058,0.046,0
73.6760,-0.06220,0.02172,-0.00647,0.00000,0.00000,-0.061,0.053,0
73.7280,-0.06287,0.02226,-0.00588,0.00000,0.00000,-0.063,0.059,0
73.7800,-0.06347,0.02272,-0.00528,0.00000,0.00000,-0.064,0.065,0
73.8320,-0.06401,0.02310,-0.00467,0.00000,0.00000,-0.063,0.071,0
73.8840,-0.06448,0.02341,-0.00407,0.00000,0.00000,-0.062,0.076,0
73.9360,-0.06491,0.02364,-0.00347,0.00000,0.00000,-0.059,0.080,0
73.9880,-0.06527,0.02379,-0.00286,0.00000,0.00000,-0.056,0.084,0
74.0400,-0.06557,0.02386,-0.00226,0.00000,0.00000,-0.052,0.088,0
74.0920,-0.06583,0.02386,-0.00166,0.00000,0.00000,-0.047,0.090,0
74.1440,-0.06603,0.02378,-0.00107,0.00000,0.00000,-0.041,0.093,0
74.1960,-0.06618,0.02362,-0.00049,0.00000,0.00000,-0.035,0.094,0
74.2480,-0.06627,0.02340,0.00009,0.00000,0.00000,-0.029,0.095,0
74.3000,-0.06632,0.02310,0.00066,0.00000,0.00000,-0.022,0.096,0
74.3520,-0.06631,0.02274,0.00123,0.00000,0.00000,-0.016,0.096,0
74.4040,-0.06626,0.02232,0.00178,0.00000,0.00000,-0.009,0.095,0
74.4560,-0.06616,0.02185,0.00232,0.00000,0.00000,-0.002,0.094,0
74.5080,-0.06601,0.02134,0.00285,0.00000,0.00000,0.005,0.092,0
74.5600,-0.06581,0.02080,0.00337,0.00000,0.00000,0.012,0.090,0
74.6120,-0.06557,0.02022,0.00387,0.00000,0.00000,0.019,0.087,0
74.6640,-0.06528,0.01960,0.00437,0.00000,0.00000,0.025,0.084,0
74.7160,-0.06493,0.01896,0.00485,0.00000,0.00000,0.032,0.080,0
74.7680,-0.06454,0.01829,0.00531,0.00000,0.00000,0.038,0.076,0
74.8200,-0.06409,0.01760,0.00576,0.00000,0.00000,0.044,0.071,0
74.8720,-0.06358,0.01687,0.00620,0.00000,0.00000,0.050,0.066,0
74.9240,-0.06301,0.01611,0.00662,0.00000,0.00000,0.055,0.061,0
74.9760,-0.06237,0.01533,0.00703,0.00000,0.00000,0.060,0.055,0
75.0280,-0.06167,0.01453,0.00742,0.00000,0.00000,0.064,0.049,0
75.0800,-0.06089,0.01369,0.00779,0.00000,0.00000,0.068,0.043,0
75.1320,-0.06004,0.01283,0.00816,0.00000,0.00000,0.071,0.037,0
75.1840,-0.05911,0.01194,0.00850,0.00000,0.00000,0.074,0.030,0
75.2360,-0.05811,0.01104,0.00884,0.00000,0.00000,0.076,0.023,0
75.2880,-0.05704,0.01013,0.00915,0.00000,0.00000,0.077,0.016,0
75.3400,-0.05590,0.00921,0.00946,0.00000,0.00000,0.078,0.009,0
75.3920,-0.05468,0.00828,0.00975,0.00000,0.00000,0.079,0.002,0
75.4440,-0.05338,0.00735,0.01002,0.00000,0.00000,0.079,-0.005,0
75.4960,-0.05201,0.00641,0.01029,0.00000,0.00000,0.078,-0.013,0
75.5480,-0.05057,0.00547,0.01054,0.00000,0.00000,0.077,-0.020,0
75.6000,-0.04905,0.00453,0.01077,0.00000,0.00000,0.075,-0.027,0
75.6520,-0.04745,0.00359,0.01100,0.00000,0.00000,0.073,-0.035,0
75.7040,-0.04578,0.00266,0.01122,0.00000,0.00000,0.071,-0.042,0
75.7560,-0.04403,0.00171,0.01142,0.00000,0.00000,0.068,-0.049,0
75.8080,-0.04221,0.00077,0.01161,0.00000,0.00000,0.065,-0.056,0
75.8600,-0.04030,-0.00018,0.01180,0.00000,0.00000,0.061,-0.062,0
75.9120,-0.03833,-0.00113,0.01197,0.00000,0.00000,0.057,-0.069,0
75.9640,-0.03626,-0.00209,0.01214,0.00000,0.00000,0.053,-0.075,0
76.0160,-0.03413,-0.00306,0.01229,0.00000,0.00000,0.048,-0.081,0
76.0680,-0.03192,-0.00402,0.01244,0.00000,0.00000,0.043,-0.086,0
76.1200,-0.02965,-0.00499,0.01257,0.00000,0.00000,0.038,-0.092,0
76.1720,-0.02731,-0.00595,0.01270,0.00000,0.00000,0.033,-0.097,0
76.2240,-0.02490,-0.00692,0.01282,0.00000,0.00000,0.027,-0.101,0
76.2760,-0.02243,-0.00789,0.01294,0.00000,0.00000,0.021,-0.105,0
76.3280,-0.01990,-0.00885,0.01304,0.00000,0.00000,0.015,-0.109,0
76.3800,-0.01732,-0.00981,0.01314,0.00000,0.00000,0.010,-0.112,0
76.4320,-0.01469,-0.01076,0.01322,0.00000,0.00000,0.004,-0.115,0
76.4840,-0.01201,-0.01171,0.01330,0.00000,0.00000,-0.002,-0.118,0
76.5360,-0.00929,-0.01267,0.01338,0.00000,0.00000,-0.008,-0.120,0
76.5880,-0.00652,-0.01363,0.01344,0.00000,0.00000,-0.013,-0.121,0
76.6400,-0.00372,-0.01459,0.01349,0.00000,0.00000,-0.018,-0.122,0
76.6920,-0.00090,-0.01555,0.01354,0.00000,0.00000,-0.023,-0.122,0
76.7440,0.00195,-0.01649,0.01358,0.00000,0.00000,-0.028,-0.122,0
76.7960,0.00480,-0.01742,0.01360,0.00000,0.00000,-0.032,-0.122,0
76.8480,0.00766,-0.01835,0.01362,0.00000,0.00000,-0.036,-0.120,0
76.9000,0.01053,-0.01929,0.01363,0.00000,0.00000,-0.039,-0.119,0
76.9520,0.01340,-0.02023,0.01363,0.00000,0.00000,-0.042,-0.116,0
77.0040,0.01626,-0.02116,0.01362,0.00000,0.00000,-0.044,-0.113,0
77.0560,0.01911,-0.02209,0.01359,0.00000,0.00000,-0.046,-0.110,0
77.1080,0.02192,-0.02302,0.01356,0.00000,0.00000,-0.047,-0.106,0
77.1600,0.02471,-0.02394,0.01351,0.00000,0.00000,-0.047,-0.101,0
77.2120,0.02746,-0.02487,0.01345,0.00000,0.00000,-0.046,-0.096,0
77.2640,0.03017,-0.02579,0.01338,0.00000,0.00000,-0.044,-0.090,0
77.3160,0.03282,-0.02672,0.01330,0.00000,0.00000,-0.042,-0.084,0
77.3680,0.03542,-0.02765,0.01320,0.00000,0.00000,-0.038,-0.077,0
77.4200,0.03795,-0.02858,0.01310,0.00000,0.00000,-0.034,-0.069,0
77.4720,0.04041,-0.02953,0.01297,0.00000,0.00000,-0.029,-0.061,0
77.5240,0.04281,-0.03050,0.01284,0.00000,0.00000,-0.022,-0.052,0
77.5760,0.04512,-0.03147,0.01269,0.00000,0.00000,-0.014,-0.043,0
77.6280,0.04735,-0.03244,0.01252,0.00000,0.00000,-0.005,-0.033,0
77.6800,0.04949,-0.03340,0.01234,0.00000,0.00000,0.005,-0.023,0
77.7320,0.05154,-0.03435,0.01215,0.00000,0.00000,0.016,-0.013,0
77.7840,0.05351,-0.03529,0.01194,0.00000,0.00000,0.029,-0.002,0
77.8360,0.05540,-0.03623,0.01172,0.00000,0.00000,0.042,0.009,0
77.8880,0.05723,-0.03717,0.01149,0.00000,0.00000,0.057,0.021,0
77.9400,0.05899,-0.03810,0.01124,0.00000,0.00000,0.073,0.032,0
77.9920,0.06069,-0.03904,0.01097,0.00000,0.00000,0.090,0.044,0
78.0440,0.06233,-0.03997,0.01069,0.00000,0.00000,0.108,0.056,0
78.0960,0.06393,-0.04090,0.01040,0.00000,0.00000,0.127,0.068,0
78.1480,0.06549,-0.04183,0.01009,0.00000,0.00000,0.148,0.080,0
78.2000,0.06701,-0.04274,0.00977,0.00000,0.00000,0.169,0.092,0
78.2520,0.06848,-0.04364,0.00944,0.00000,0.00000,0.192,0.104,0
78.3040,0.06993,-0.04454,0.00909,0.00000,0.00000,0.215,0.116,0
78.3560,0.07136,-0.04543,0.00873,0.00000,0.00000,0.239,0.128,0
78.4080,0.07277,-0.04632,0.00836,0.00000,0.00000,0.264,0.139,0
78.4600,0.07415,-0.04718,0.00798,0.00000,0.00000,0.290,0.150,0
78.5120,0.07551,-0.04803,0.00759,0.00000,0.00000,0.317,0.161,0
78.5640,0.07685,-0.04886,0.00718,0.00000,0.00000,0.344,0.172,0
78.6160,0.07818,-0.04969,0.00677,0.00000,0.00000,0.372,0.182,0
78.6680,0.07951,-0.05050,0.00634,0.00000,0.00000,0.400,0.191,0
78.7200,0.08081,-0.05129,0.00591,0.00000,0.00000,0.429,0.201,0
78.7720,0.08211,-0.05208,0.00547,0.00000,0.00000,0.459,0.210,0
78.8240,0.08340,-0.05285,0.00502,0.00000,0.00000,0.489,0.218,0
78.8760,0.08467,-0.05360,0.00456,0.00000,0.00000,0.519,0.226,0
78.9280,0.08594,-0.05433,0.00410,0.00000,0.00000,0.550,0.233,0
78.9800,0.08718,-0.05504,0.00363,0.00000,0.00000,0.580,0.240,0
79.0320,0.08841,-0.05573,0.00316,0.00000,0.00000,0.611,0.246,0
79.0840,0.08963,-0.05639,0.00269,0.00000,0.00000,0.642,0.252,0
79.1360,0.09082,-0.05703,0.00221,0.00000,0.00000,0.674,0.257,0
79.1880,0.09198,-0.05765,0.00173,0.00000,0.00000,0.704,0.261,0
79.2400,0.09313,-0.05824,0.00124,0.00000,0.00000,0.735,0.265,0
79.2920,0.09424,-0.05879,0.00076,0.00000,0.00000,0.766,0.269,0
79.3440,0.09532,-0.05931,0.00028,0.00000,0.00000,0.796,0.271,0
79.3960,0.09637,-0.05980,-0.00021,0.00000,0.00000,0.826,0.273,0
79.4480,0.09739,-0.06026,-0.00069,0.00000,0.00000,0.856,0.275,0
79.5000,0.09836,-0.06070,-0.00117,0.00000,0.00000,0.885,0.275,0
79.5520,0.09930,-0.06110,-0.00164,0.00000,0.00000,0.914,0.275,0
79.6040,0.10018,-0.06144,-0.00212,0.00000,0.00000,0.942,0.275,0
79.6560,0.10102,-0.06175,-0.00259,0.00000,0.00000,0.969,0.274,0
79.7080,0.10181,-0.06203,-0.00305,0.00000,0.00000,0.995,0.272,0
79.7600,0.10254,-0.06227,-0.00351,0.00000,0.00000,1.021,0.270,0
79.8120,0.10323,-0.06248,-0.00396,0.00000,0.00000,1.046,0.267,0
79.8640,0.10386,-0.06266,-0.00440,0.00000,0.00000,1.070,0.264,0
79.9160,0.10445,-0.06282,-0.00484,0.00000,0.00000,1.093,0.260,0
79.9680,0.10498,-0.06296,-0.00527,0.00000,0.00000,1.116,0.256,0
80.0200,0.10545,-0.06305,-0.00569,0.00000,0.00000,1.138,0.251,0
80.0720,0.10585,-0.06311,-0.00611,0.00000,0.00000,1.159,0.246,0
80.1240,0.10618,-0.06312,-0.00651,0.00000,0.00000,1.179,0.240,0
80.1760,0.10645,-0.06309,-0.00691,0.00000,0.00000,1.198,0.234,0
80.2280,0.10665,-0.06303,-0.00729,0.00000,0.00000,1.216,0.227,0
80.2800,0.10678,-0.06294,-0.00767,0.00000,0.00000,1.232,0.220,0
80.3320,0.10683,-0.06280,-0.00803,0.00000,0.00000,1.248,0.212,0
80.3840,0.10680,-0.06261,-0.00839,0.00000,0.00000,1.262,0.204,0
80.4360,0.10670,-0.06238,-0.00873,0.00000,0.00000,1.275,0.196,0
80.4880,0.10652,-0.06212,-0.00907,0.00000,0.00000,1.286,0.188,0
80.5400,0.10625,-0.06181,-0.00939,0.00000,0.00000,1.296,0.179,0
80.5920,0.10590,-0.06146,-0.00970,0.00000,0.00000,1.305,0.170,0
80.6440,0.10547,-0.06108,-0.01000,0.00000,0.00000,1.313,0.160,0
80.6960,0.10496,-0.06065,-0.01029,0.00000,0.00000,1.319,0.151,0
80.7480,0.10436,-0.06018,-0.01057,0.00000,0.00000,1.324,0.141,0
80.8000,0.10367,-0.05967,-0.01084,0.00000,0.00000,1.328,0.131,0
80.8520,0.10290,-0.05911,-0.01110,0.00000,0.00000,1.330,0.121,0
80.9040,0.10203,-0.05851,-0.01134,0.00000,0.00000,1.331,0.110,0
80.9560,0.10107,-0.05787,-0.01158,0.00000,0.00000,1.331,0.100,0
81.0080,0.10003,-0.05719,-0.01180,0.00000,0.00000,1.329,0.090,0
81.0600,0.09890,-0.05648,-0.01201,0.00000,0.00000,1.326,0.079,0
81.1120,0.09767,-0.05573,-0.01221,0.00000,0.00000,1.322,0.068,0
81.1640,0.09637,-0.05495,-0.01240,0.00000,0.00000,1.316,0.058,0
81.2160,0.09497,-0.05413,-0.01258,0.00000,0.00000,1.309,0.047,0
81.2680,0.09349,-0.05328,-0.01275,0.00000,0.00000,1.301,0.037,0
81.3200,0.09190,-0.05238,-0.01291,0.00000,0.00000,1.292,0.026,0
81.3720,0.09023,-0.05142,-0.01306,0.00000,0.00000,1.281,0.016,0
81.4240,0.08845,-0.05042,-0.01320,0.00000,0.00000,1.269,0.006,0
81.4760,0.08659,-0.04938,-0.01333,0.00000,0.00000,1.255,-0.005,0
81.5280,0.08463,-0.04830,-0.01345,0.00000,0.00000,1.240,-0.015,0
81.5800,0.08258,-0.04717,-0.01355,0.00000,0.00000,1.223,-0.024,0
81.6320,0.08045,-0.04601,-0.01365,0.00000,0.00000,1.206,-0.034,0
81.6840,0.07822,-0.04480,-0.01374,0.00000,0.00000,1.187,-0.043,0
81.7360,0.07591,-0.04356,-0.01382,0.00000,0.00000,1.167,-0.052,0
81.7880,0.07351,-0.04230,-0.01389,0.00000,0.00000,1.145,-0.061,0
81.8400,0.07105,-0.04101,-0.01394,0.00000,0.00000,1.123,-0.069,0
81.8920,0.06850,-0.03969,-0.01399,0.00000,0.00000,1.100,-0.077,0
81.9440,0.06589,-0.03836,-0.01403,0.00000,0.00000,1.076,-0.085,0
81.9960,0.06320,-0.03699,-0.01405,0.00000,0.00000,1.052,-0.092,0
82.0480,0.06046,-0.03561,-0.01407,0.00000,0.00000,1.026,-0.099,0
82.1000,0.05764,-0.03420,-0.01407,0.00000,0.00000,1.000,-0.106,0
82.1520,0.05476,-0.03278,-0.01407,0.00000,0.00000,0.973,-0.112,0
82.2040,0.05183,-0.03133,-0.01405,0.00000,0.00000,0.945,-0.118,0
82.2560,0.04885,-0.02987,-0.01402,0.00000,0.00000,0.917,-0.123,0
82.3080,0.04581,-0.02839,-0.01397,0.00000,0.00000,0.887,-0.128,0
82.3600,0.04274,-0.02692,-0.01392,0.00000,0.00000,0.858,-0.132,0
82.4120,0.03964,-0.02544,-0.01385,0.00000,0.00000,0.828,-0.135,0
82.4640,0.03651,-0.02396,-0.01377,0.00000,0.00000,0.798,-0.139,0
82.5160,0.03335,-0.02248,-0.01367,0.00000,0.00000,0.768,-0.141,0
82.5680,0.03018,-0.02101,-0.01356,0.00000,0.00000,0.738,-0.143,0
82.6200,0.02700,-0.01955,-0.01344,0.00000,0.00000,0.707,-0.145,0
82.6720,0.02381,-0.01810,-0.01330,0.00000,0.00000,0.676,-0.146,0
82.7240,0.02063,-0.01665,-0.01314,0.00000,0.00000,0.646,-0.147,0
82.7760,0.01744,-0.01521,-0.01297,0.00000,0.00000,0.615,-0.147,0
82.8280,0.01427,-0.01379,-0.01279,0.00000,0.00000,0.585,-0.146,0
82.8800,0.01113,-0.01240,-0.01258,0.00000,0.00000,0.554,-0.145,0
82.9320,0.00801,-0.01102,-0.01236,0.00000,0.00000,0.524,-0.144,0
82.9840,0.00493,-0.00966,-0.01213,0.00000,0.00000,0.495,-0.142,0
83.0360,0.00188,-0.00834,-0.01187,0.00000,0.00000,0.465,-0.140,0
83.0880,-0.00110,-0.00706,-0.01160,0.00000,0.00000,0.436,-0.137,0
83.1400,-0.00403,-0.00582,-0.01132,0.00000,0.00000,0.408,-0.133,0
83.1920,-0.00689,-0.00461,-0.01101,0.00000,0.00000,0.380,-0.130,0
83.2440,-0.00967,-0.00345,-0.01069,0.00000,0.00000,0.353,-0.125,0
83.2960,-0.01238,-0.00234,-0.01035,0.00000,0.00000,0.327,-0.121,0
83.3480,-0.01499,-0.00127,-0.00999,0.00000,0.00000,0.302,-0.116,0
83.4000,-0.01752,-0.00025,-0.00962,0.00000,0.00000,0.277,-0.111,0
83.4520,-0.01995,0.00073,-0.00923,0.00000,0.00000,0.253,-0.106,0
83.5040,-0.02227,0.00165,-0.00882,0.00000,0.00000,0.229,-0.100,0
83.5560,-0.02448,0.00251,-0.00840,0.00000,0.00000,0.207,-0.094,0
83.6080,-0.02656,0.00330,-0.00797,0.00000,0.00000,0.186,-0.088,0
83.6600,-0.02852,0.00403,-0.00751,0.00000,0.00000,0.166,-0.082,0
83.7120,-0.03035,0.00470,-0.00705,0.00000,0.00000,0.146,-0.075,0
83.7640,-0.03204,0.00531,-0.00657,0.00000,0.00000,0.128,-0.069,0
83.8160,-0.03360,0.00585,-0.00608,0.00000,0.00000,0.110,-0.063,0
83.8680,-0.03502,0.00633,-0.00557,0.00000,0.00000,0.094,-0.056,0
83.9200,-0.03629,0.00672,-0.00506,0.00000,0.00000,0.079,-0.050,0
83.9720,-0.03741,0.00704,-0.00454,0.00000,0.00000,0.064,-0.044,0
84.0240,-0.03837,0.00728,-0.00401,0.00000,0.00000,0.051,-0.038,0
84.0760,-0.03919,0.00745,-0.00347,0.00000,0.00000,0.038,-0.032,0
84.1280,-0.03985,0.00753,-0.00292,0.00000,0.00000,0.027,-0.026,0
84.1800,-0.04038,0.00755,-0.00237,0.00000,0.00000,0.016,-0.021,0
84.2320,-0.04078,0.00751,-0.00182,0.00000,0.00000,0.006,-0.016,0
84.2840,-0.04105,0.00740,-0.00126,0.00000,0.00000,-0.003,-0.011,0
84.3360,-0.04119,0.00723,-0.00070,0.00000,0.00000,-0.011,-0.006,0
84.3880,-0.04122,0.00698,-0.00015,0.00000,0.00000,-0.018,-0.002,0
84.4400,-0.04113,0.00666,0.00041,0.00000,0.00000,-0.025,0.002,0
84.4920,-0.04093,0.00628,0.00096,0.00000,0.00000,-0.031,0.005,0
84.5440,-0.04063,0.00584,0.00151,0.00000,0.00000,-0.037,0.008,0
84.5960,-0.04025,0.00535,0.00205,0.00000,0.00000,-0.042,0.010,0
84.6480,-0.03977,0.00480,0.00258,0.00000,0.00000,-0.046,0.012,0
84.7000,-0.03922,0.00419,0.00311,0.00000,0.00000,-0.050,0.014,0
84.7520,-0.03858,0.00354,0.00362,0.00000,0.00000,-0.054,0.015,0
84.8040,-0.03788,0.00283,0.00413,0.00000,0.00000,-0.057,0.016,0
84.8560,-0.03710,0.00207,0.00462,0.00000,0.00000,-0.060,0.016,0
84.9080,-0.03626,0.00126,0.00510,0.00000,0.00000,-0.063,0.016,0
84.9600,-0.03536,0.00041,0.00556,0.00000,0.00000,-0.065,0.016,0
85.0120,-0.03439,-0.00049,0.00600,0.00000,0.00000,-0.067,0.015,0
85.0640,-0.03337,-0.00144,0.00643,0.00000,0.00000,-0.070,0.014,0
85.1160,-0.03230,-0.00242,0.00683,0.00000,0.00000,-0.072,0.013,0
85.1680,-0.03119,-0.00342,0.00722,0.00000,0.00000,-0.074,0.012,0
85.2200,-0.03004,-0.00445,0.00759,0.00000,0.00000,-0.076,0.010,0
85.2720,-0.02884,-0.00551,0.00793,0.00000,0.00000,-0.078,0.008,0
85.3240,-0.02760,-0.00659,0.00825,0.00000,0.00000,-0.080,0.005,0
85.3760,-0.02633,-0.00771,0.00855,0.00000,0.00000,-0.082,0.003,0
85.4280,-0.02501,-0.00884,0.00883,0.00000,0.00000,-0.084,0.001,0
85.4800,-0.02367,-0.00999,0.00908,0.00000,0.00000,-0.086,-0.002,0
85.5320,-0.02229,-0.01115,0.00931,0.00000,0.00000,-0.088,-0.005,0
85.5840,-0.02090,-0.01231,0.00951,0.00000,0.00000,-0.090,-0.007,0
85.6360,-0.01947,-0.01348,0.00969,0.00000,0.00000,-0.092,-0.010,0
85.6880,-0.01803,-0.01466,0.00985,0.00000,0.00000,-0.094,-0.013,0
85.7400,-0.01656,-0.01584,0.00998,0.00000,0.00000,-0.096,-0.015,0
85.7920,-0.01507,-0.01703,0.01008,0.00000,0.00000,-0.097,-0.018,0
85.8440,-0.01357,-0.01820,0.01017,0.00000,0.00000,-0.099,-0.020,0
85.8960,-0.01205,-0.01938,0.01023,0.00000,0.00000,-0.100,-0.023,0
85.9480,-0.01051,-0.02056,0.01026,0.00000,0.00000,-0.102,-0.025,0
86.0000,-0.00897,-0.02173,0.01028,0.00000,0.00000,-0.103,-0.027,0
86.0520,-0.00742,-0.02289,0.01027,0.00000,0.00000,-0.104,-0.029,0
86.1040,-0.00586,-0.02405,0.01024,0.00000,0.00000,-0.104,-0.030,0
86.1560,-0.00431,-0.02517,0.01020,0.00000,0.00000,-0.105,-0.032,0
86.2080,-0.00276,-0.02628,0.01013,0.00000,0.00000,-0.105,-0.033,0
86.2600,-0.00122,-0.02735,0.01004,0.00000,0.00000,-0.104,-0.034,0
86.3120,0.00031,-0.02841,0.00994,0.00000,0.00000,-0.104,-0.035,0
86.3640,0.00184,-0.02945,0.00981,0.00000,0.00000,-0.103,-0.035,0
86.4160,0.00335,-0.03047,0.00968,0.00000,0.00000,-0.101,-0.035,0
86.4680,0.00484,-0.03145,0.00952,0.00000,0.00000,-0.099,-0.036,0
86.5200,0.00631,-0.03239,0.00936,0.00000,0.00000,-0.097,-0.035,0
86.5720,0.00775,-0.03330,0.00918,0.00000,0.00000,-0.094,-0.035,0
86.6240,0.00917,-0.03417,0.00898,0.00000,0.00000,-0.091,-0.034,0
86.6760,0.01055,-0.03500,0.00878,0.00000,0.00000,-0.087,-0.033,0
86.7280,0.01191,-0.03580,0.00856,0.00000,0.00000,-0.082,-0.032,0
86.7800,0.01325,-0.03659,0.00834,0.00000,0.00000,-0.078,-0.031,0
86.8320,0.01455,-0.03734,0.00811,0.00000,0.00000,-0.072,-0.030,0
86.8840,0.01583,-0.03807,0.00787,0.00000,0.00000,-0.066,-0.028,0
86.9360,0.01707,-0.03877,0.00762,0.00000,0.00000,-0.060,-0.026,0
86.9880,0.01827,-0.03943,0.00737,0.00000,0.00000,-0.053,-0.024,0
87.0400,0.01942,-0.04005,0.00711,0.00000,0.00000,-0.045,-0.021,0
87.0920,0.02054,-0.04064,0.00685,0.00000,0.00000,-0.037,-0.019,0
87.1440,0.02161,-0.04119,0.00658,0.00000,0.00000,-0.029,-0.016,0
87.1960,0.02263,-0.04171,0.00631,0.00000,0.00000,-0.020,-0.014,0
87.2480,0.02362,-0.04220,0.00604,0.00000,0.00000,-0.010,-0.011,0
87.3000,0.02457,-0.04266,0.00577,0.00000,0.00000,0.000,-0.008,0
87.3520,0.02548,-0.04308,0.00550,0.00000,0.00000,0.011,-0.005,0
87.4040,0.02635,-0.04348,0.00523,0.00000,0.00000,0.021,-0.002,0
87.4560,0.02719,-0.04386,0.00496,0.00000,0.00000,0.033,0.001,0
87.5080,0.02799,-0.04419,0.00469,0.00000,0.00000,0.044,0.004,0
87.5600,0.02876,-0.04450,0.00442,0.00000,0.00000,0.056,0.008,0
87.6120,0.02950,-0.04478,0.00415,0.00000,0.00000,0.069,0.011,0
87.6640,0.03022,-0.04506,0.00389,0.00000,0.00000,0.081,0.014,0
87.7160,0.03091,-0.04530,0.00362,0.00000,0.00000,0.094,0.018,0
87.7680,0.03158,-0.04552,0.00336,0.00000,0.00000,0.108,0.021,0
87.8200,0.03223,-0.04571,0.00310,0.00000,0.00000,0.121,0.024,0
87.8720,0.03285,-0.04589,0.00284,0.00000,0.00000,0.135,0.027,0
87.9240,0.03346,-0.04603,0.00259,0.00000,0.00000,0.149,0.030,0
87.9760,0.03404,-0.04614,0.00233,0.00000,0.00000,0.163,0.033,0
88.0280,0.03461,-0.04623,0.00208,0.00000,0.00000,0.177,0.036,0
88.0800,0.03516,-0.04630,0.00183,0.00000,0.00000,0.191,0.039,0
88.1320,0.03570,-0.04633,0.00157,0.00000,0.00000,0.206,0.042,0
88.1840,0.03621,-0.04633,0.00132,0.00000,0.00000,0.220,0.045,0
88.2360,0.03671,-0.04630,0.00107,0.00000,0.00000,0.234,0.048,0
88.2880,0.03718,-0.04624,0.00083,0.00000,0.00000,0.248,0.050,0
88.3400,0.03764,-0.04614,0.00058,0.00000,0.00000,0.262,0.052,0
88.3920,0.03807,-0.04599,0.00033,0.00000,0.00000,0.276,0.055,0
88.4440,0.03848,-0.04582,0.00008,0.00000,0.00000,0.289,0.057,0
88.4960,0.03888,-0.04560,-0.00018,0.00000,0.00000,0.302,0.058,0
88.5480,0.03925,-0.04536,-0.00043,0.00000,0.00000,0.315,0.060,0
88.6000,0.03959,-0.04507,-0.00069,0.00000,0.00000,0.328,0.062,0
88.6520,0.03991,-0.04475,-0.00095,0.00000,0.00000,0.340,0.063,0
88.7040,0.04021,-0.04439,-0.00121,0.00000,0.00000,0.352,0.064,0
88.7560,0.04049,-0.04400,-0.00147,0.00000,0.00000,0.363,0.065,0
88.8080,0.04073,-0.04357,-0.00174,0.00000,0.00000,0.375,0.066,0
88.8600,0.04095,-0.04309,-0.00201,0.00000,0.00000,0.385,0.067,0
88.9120,0.04113,-0.04258,-0.00228,0.00000,0.00000,0.396,0.067,0
88.9640,0.04128,-0.04204,-0.00256,0.00000,0.00000,0.405,0.068,0
89.0160,0.04141,-0.04147,-0.00285,0.00000,0.00000,0.415,0.068,0
89.0680,0.04149,-0.04084,-0.00313,0.00000,0.00000,0.424,0.067,0
89.1200,0.04153,-0.04018,-0.00343,0.00000,0.00000,0.432,0.067,0
89.1720,0.04153,-0.03947,-0.00372,0.00000,0.00000,0.440,0.067,0
89.2240,0.04149,-0.03871,-0.00402,0.00000,0.00000,0.447,0.066,0
89.2760,0.04139,-0.03790,-0.00433,0.00000,0.00000,0.453,0.065,0
89.3280,0.04124,-0.03703,-0.00463,0.00000,0.00000,0.458,0.063,0
89.3800,0.04104,-0.03611,-0.00494,0.00000,0.00000,0.463,0.062,0
89.4320,0.04078,-0.03513,-0.00526,0.00000,0.00000,0.466,0.060,0
89.4840,0.04047,-0.03410,-0.00557,0.00000,0.00000,0.469,0.058,0
89.5360,0.04010,-0.03304,-0.00589,0.00000,0.00000,0.471,0.056,0
89.5880,0.03966,-0.03191,-0.00620,0.00000,0.00000,0.472,0.054,0
89.6400,0.03917,-0.03074,-0.00652,0.00000,0.00000,0.472,0.051,0
89.6920,0.03863,-0.02954,-0.00684,0.00000,0.00000,0.472,0.048,0
89.7440,0.03802,-0.02829,-0.00715,0.00000,0.00000,0.470,0.045,0
89.7960,0.03736,-0.02700,-0.00747,0.00000,0.00000,0.468,0.042,0
89.8480,0.03664,-0.02568,-0.00778,0.00000,0.00000,0.465,0.039,0
89.9000,0.03585,-0.02431,-0.00808,0.00000,0.00000,0.461,0.035,0
89.9520,0.03500,-0.02291,-0.00838,0.00000,0.00000,0.457,0.032,0
90.0040,0.03410,-0.02147,-0.00867,0.00000,0.00000,0.451,0.028,0
90.0560,0.03313,-0.01999,-0.00896,0.00000,0.00000,0.445,0.024,0
90.1080,0.03208,-0.01846,-0.00923,0.00000,0.00000,0.438,0.020,0
90.1600,0.03097,-0.01689,-0.00950,0.00000,0.00000,0.430,0.016,0
90.2120,0.02980,-0.01528,-0.00975,0.00000,0.00000,0.421,0.012,0
90.2640,0.02857,-0.01365,-0.00999,0.00000,0.00000,0.411,0.008,0
90.3160,0.02728,-0.01199,-0.01022,0.00000,0.00000,0.400,0.004,0
90.3680,0.02593,-0.01029,-0.01043,0.00000,0.00000,0.389,0.000,0
90.4200,0.02453,-0.00859,-0.01062,0.00000,0.00000,0.377,-0.004,0
90.4720,0.02308,-0.00686,-0.01080,0.00000,0.00000,0.364,-0.007,0
90.5240,0.02157,-0.00512,-0.01095,0.00000,0.00000,0.351,-0.011,0
90.5760,0.02002,-0.00337,-0.01109,0.00000,0.00000,0.338,-0.015,0
90.6280,0.01844,-0.00162,-0.01121,0.00000,0.00000,0.324,-0.019,0
90.6800,0.01682,0.00011,-0.01130,0.00000,0.00000,0.309,-0.022,0
90.7320,0.01517,0.00184,-0.01137,0.00000,0.00000,0.294,-0.025,0
90.7840,0.01349,0.00356,-0.01142,0.00000,0.00000,0.279,-0.028,0
90.8360,0.01179,0.00526,-0.01144,0.00000,0.00000,0.264,-0.031,0
90.8880,0.01008,0.00693,-0.01143,0.00000,0.00000,0.249,-0.033,0
90.9400,0.00836,0.00857,-0.01140,0.00000,0.00000,0.234,-0.036,0
90.9920,0.00663,0.01018,-0.01135,0.00000,0.00000,0.219,-0.038,0
91.0440,0.00489,0.01176,-0.01126,0.00000,0.00000,0.203,-0.039,0
91.0960,0.00316,0.01329,-0.01115,0.00000,0.00000,0.188,-0.041,0
91.1480,0.00145,0.01477,-0.01101,0.00000,0.00000,0.174,-0.042,0
91.2000,-0.00025,0.01620,-0.01084,0.00000,0.00000,0.159,-0.043,0
91.2520,-0.00192,0.01756,-0.01064,0.00000,0.00000,0.145,-0.044,0
91.3040,-0.00357,0.01886,-0.01042,0.00000,0.00000,0.131,-0.044,0
91.3560,-0.00518,0.02010,-0.01016,0.00000,0.00000,0.118,-0.044,0
91.4080,-0.00675,0.02126,-0.00988,0.00000,0.00000,0.105,-0.044,0
91.4600,-0.00827,0.02234,-0.00957,0.00000,0.00000,0.093,-0.043,0
91.5120,-0.00973,0.02333,-0.00923,0.00000,0.00000,0.082,-0.042,0
91.5640,-0.01114,0.02425,-0.00887,0.00000,0.00000,0.071,-0.041,0
91.6160,-0.01249,0.02508,-0.00847,0.00000,0.00000,0.061,-0.040,0
91.6680,-0.01376,0.02581,-0.00806,0.00000,0.00000,0.051,-0.039,0
91.7200,-0.01496,0.02643,-0.00762,0.00000,0.00000,0.042,-0.037,0
91.7720,-0.01607,0.02696,-0.00715,0.00000,0.00000,0.035,-0.035,0
91.8240,-0.01710,0.02739,-0.00666,0.00000,0.00000,0.027,-0.033,0
91.8760,-0.01804,0.02770,-0.00615,0.00000,0.00000,0.021,-0.031,0
91.9280,-0.01887,0.02789,-0.00562,0.00000,0.00000,0.015,-0.029,0
91.9800,-0.01961,0.02797,-0.00507,0.00000,0.00000,0.010,-0.027,0
92.0320,-0.02025,0.02794,-0.00451,0.00000,0.00000,0.006,-0.025,0
92.0840,-0.02078,0.02781,-0.00392,0.00000,0.00000,0.003,-0.022,0
92.1360,-0.02122,0.02757,-0.00333,0.00000,0.00000,-0.000,-0.020,0
92.1880,-0.02154,0.02723,-0.00272,0.00000,0.00000,-0.002,-0.018,0
92.2400,-0.02176,0.02678,-0.00210,0.00000,0.00000,-0.004,-0.016,0
92.2920,-0.02188,0.02623,-0.00148,0.00000,0.00000,-0.005,-0.014,0
92.3440,-0.02188,0.02557,-0.00084,0.00000,0.00000,-0.006,-0.012,0
92.3960,-0.02177,0.02480,-0.00020,0.00000,0.00000,-0.006,-0.010,0
92.4480,-0.02155,0.02393,0.00044,0.00000,0.00000,-0.006,-0.008,0
92.5000,-0.02124,0.02297,0.00108,0.00000,0.00000,-0.005,-0.006,0
92.5520,-0.02082,0.02192,0.00172,0.00000,0.00000,-0.005,-0.005,0
92.6040,-0.02031,0.02078,0.00236,0.00000,0.00000,-0.004,-0.004,0
92.6560,-0.01971,0.01956,0.00299,0.00000,0.00000,-0.003,-0.002,0
92.7080,-0.01903,0.01828,0.00361,0.00000,0.00000,-0.001,-0.002,0
92.7600,-0.01825,0.01691,0.00423,0.00000,0.00000,-0.000,-0.001,0
92.8120,-0.01740,0.01547,0.00483,0.00000,0.00000,0.001,-0.000,0
92.8640,-0.01647,0.01397,0.00542,0.00000,0.00000,0.002,0.000,0
92.9160,-0.01546,0.01239,0.00600,0.00000,0.00000,0.003,0.001,0
92.9680,-0.01438,0.01076,0.00655,0.00000,0.00000,0.004,0.001,0
93.0200,-0.01324,0.00909,0.00709,0.00000,0.00000,0.005,0.001,0
93.0720,-0.01204,0.00736,0.00761,0.00000,0.00000,0.006,0.001,0
93.1240,-0.01078,0.00561,0.00811,0.00000,0.00000,0.006,0.001,0
93.1760,-0.00948,0.00381,0.00859,0.00000,0.00000,0.007,0.000,0
93.2280,-0.00811,0.00196,0.00904,0.00000,0.00000,0.007,0.000,0
93.2800,-0.00670,0.00008,0.00946,0.00000,0.00000,0.007,-0.000,0
93.3320,-0.00524,-0.00184,0.00986,0.00000,0.00000,0.007,-0.000,0
93.3840,-0.00374,-0.00380,0.01024,0.00000,0.00000,0.007,-0.000,0
93.4360,-0.00220,-0.00576,0.01058,0.00000,0.00000,0.006,-0.001,0
93.4880,-0.00064,-0.00774,0.01090,0.00000,0.00000,0.006,-0.001,0
93.5400,0.00094,-0.00970,0.01119,0.00000,0.00000,0.006,-0.001,0
93.5920,0.00254,-0.01165,0.01145,0.00000,0.00000,0.006,-0.001,0
93.6440,0.00416,-0.01361,0.01168,0.00000,0.00000,0.005,-0.000,0
93.6960,0.00579,-0.01557,0.01188,0.00000,0.00000,0.005,0.000,0
93.7480,0.00743,-0.01752,0.01205,0.00000,0.00000,0.006,0.001,0
93.8000,0.00908,-0.01945,0.01219,0.00000,0.00000,0.006,0.002,0
93.8520,0.01072,-0.02136,0.01229,0.00000,0.00000,0.007,0.003,0
93.9040,0.01236,-0.02324,0.01237,0.00000,0.00000,0.008,0.004,0
93.9560,0.01399,-0.02509,0.01242,0.00000,0.00000,0.010,0.006,0
94.0080,0.01561,-0.02690,0.01245,0.00000,0.00000,0.012,0.008,0
94.0600,0.01721,-0.02867,0.01244,0.00000,0.00000,0.014,0.010,0
94.1120,0.01880,-0.03040,0.01240,0.00000,0.00000,0.018,0.012,0
94.1640,0.02037,-0.03209,0.01234,0.00000,0.00000,0.021,0.015,0
94.2160,0.02192,-0.03374,0.01225,0.00000,0.00000,0.026,0.018,0
94.2680,0.02346,-0.03535,0.01213,0.00000,0.00000,0.031,0.021,0
94.3200,0.02497,-0.03691,0.01199,0.00000,0.00000,0.037,0.025,0
94.3720,0.02646,-0.03844,0.01182,0.00000,0.00000,0.045,0.028,0
94.4240,0.02793,-0.03991,0.01163,0.00000,0.00000,0.052,0.032,0
94.4760,0.02938,-0.04134,0.01142,0.00000,0.00000,0.061,0.036,0
94.5280,0.03080,-0.04271,0.01119,0.00000,0.00000,0.071,0.041,0
94.5800,0.03220,-0.04403,0.01093,0.00000,0.00000,0.081,0.045,0
94.6320,0.03357,-0.04530,0.01066,0.00000,0.00000,0.093,0.050,0
94.6840,0.03491,-0.04652,0.01036,0.00000,0.00000,0.105,0.055,0
94.7360,0.03624,-0.04768,0.01005,0.00000,0.00000,0.118,0.060,0
94.7880,0.03753,-0.04880,0.00972,0.00000,0.00000,0.132,0.065,0
94.8400,0.03880,-0.04986,0.00937,0.00000,0.00000,0.147,0.070,0
94.8920,0.04005,-0.05088,0.00901,0.00000,0.00000,0.163,0.075,0
94.9440,0.04127,-0.05186,0.00864,0.00000,0.00000,0.179,0.080,0
94.9960,0.04248,-0.05279,0.00826,0.00000,0.00000,0.196,0.085,0
95.0480,0.04365,-0.05367,0.00786,0.00000,0.00000,0.214,0.090,0
95.1000,0.04480,-0.05450,0.00745,0.00000,0.00000,0.233,0.095,0
95.1520,0.04592,-0.05528,0.00703,0.00000,0.00000,0.252,0.100,0
95.2040,0.04701,-0.05600,0.00660,0.00000,0.00000,0.272,0.104,0
95.2560,0.04807,-0.05668,0.00617,0.00000,0.00000,0.292,0.109,0
95.3080,0.04911,-0.05732,0.00573,0.00000,0.00000,0.312,0.113,0
95.3600,0.05012,-0.05792,0.00528,0.00000,0.00000,0.333,0.118,0
95.4120,0.05111,-0.05849,0.00483,0.00000,0.00000,0.354,0.122,0
95.4640,0.05207,-0.05902,0.00437,0.00000,0.00000,0.376,0.125,0
95.5160,0.05301,-0.05952,0.00391,0.00000,0.00000,0.397,0.129,0
95.5680,0.05392,-0.05999,0.00344,0.00000,0.00000,0.420,0.132,0
95.6200,0.05480,-0.06042,0.00298,0.00000,0.00000,0.442,0.135,0
95.6720,0.05564,-0.06082,0.00251,0.00000,0.00000,0.464,0.138,0
95.7240,0.05645,-0.06118,0.00204,0.00000,0.00000,0.486,0.141,0
95.7760,0.05722,-0.06150,0.00157,0.00000,0.00000,0.508,0.143,0
95.8280,0.05796,-0.06179,0.00110,0.00000,0.00000,0.530,0.144,0
95.8800,0.05866,-0.06206,0.00064,0.00000,0.00000,0.552,0.146,0
95.9320,0.05931,-0.06229,0.00017,0.00000,0.00000,0.574,0.147,0
95.9840,0.05993,-0.06250,-0.00030,0.00000,0.00000,0.595,0.148,0
96.0360,0.06050,-0.06269,-0.00076,0.00000,0.00000,0.616,0.148,0
96.0880,0.06104,-0.06286,-0.00122,0.00000,0.00000,0.637,0.148,0
96.1400,0.06152,-0.06300,-0.00168,0.00000,0.00000,0.657,0.148,0
96.1920,0.06195,-0.06311,-0.00214,0.00000,0.00000,0.677,0.147,0
96.2440,0.06232,-0.06320,-0.00259,0.00000,0.00000,0.696,0.146,0
96.2960,0.06264,-0.06326,-0.00304,0.00000,0.00000,0.714,0.145,0
96.3480,0.06290,-0.06329,-0.00349,0.00000,0.00000,0.732,0.143,0
96.4000,0.06309,-0.06329,-0.00393,0.00000,0.00000,0.749,0.141,0
96.4520,0.06322,-0.06327,-0.00436,0.00000,0.00000,0.765,0.138,0
96.5040,0.06329,-0.06323,-0.00479,0.00000,0.00000,0.781,0.135,0
96.5560,0.06328,-0.06316,-0.00522,0.00000,0.00000,0.795,0.132,0
96.6080,0.06321,-0.06307,-0.00564,0.00000,0.00000,0.809,0.128,0
96.6600,0.06307,-0.06298,-0.00606,0.00000,0.00000,0.822,0.125,0
96.7120,0.06287,-0.06289,-0.00647,0.00000,0.00000,0.835,0.120,0
96.7640,0.06260,-0.06278,-0.00687,0.00000,0.00000,0.846,0.116,0
96.8160,0.06226,-0.06266,-0.00727,0.00000,0.00000,0.857,0.111,0
96.8680,0.06184,-0.06253,-0.00766,0.00000,0.00000,0.867,0.106,0
96.9200,0.06134,-0.06239,-0.00804,0.00000,0.00000,0.877,0.100,0
96.9720,0.06077,-0.06223,-0.00842,0.00000,0.00000,0.885,0.095,0
97.0240,0.06012,-0.06205,-0.00878,0.00000,0.00000,0.892,0.089,0
97.0760,0.05937,-0.06185,-0.00914,0.00000,0.00000,0.898,0.083,0
97.1280,0.05853,-0.06161,-0.00949,0.00000,0.00000,0.903,0.076,0
97.1800,0.05761,-0.06135,-0.00983,0.00000,0.00000,0.907,0.070,0
97.2320,0.05660,-0.06106,-0.01016,0.00000,0.00000,0.909,0.063,0
97.2840,0.05551,-0.06076,-0.01047,0.00000,0.00000,0.910,0.056,0
97.3360,0.05432,-0.06043,-0.01078,0.00000,0.00000,0.911,0.049,0
97.3880,0.05305,-0.06008,-0.01107,0.00000,0.00000,0.910,0.042,0
97.4400,0.05169,-0.05970,-0.01135,0.00000,0.00000,0.907,0.035,0
97.4920,0.05025,-0.05929,-0.01162,0.00000,0.00000,0.904,0.028,0
97.5440,0.04872,-0.05887,-0.01187,0.00000,0.00000,0.899,0.021,0
97.5960,0.04710,-0.05841,-0.01211,0.00000,0.00000,0.894,0.014,0
97.6480,0.04541,-0.05793,-0.01233,0.00000,0.00000,0.887,0.007,0
97.7000,0.04364,-0.05741,-0.01254,0.00000,0.00000,0.879,0.000,0
97.7520,0.04179,-0.05687,-0.01273,0.00000,0.00000,0.870,-0.007,0
97.8040,0.03987,-0.05630,-0.01290,0.00000,0.00000,0.859,-0.013,0
97.8560,0.03788,-0.05571,-0.01306,0.00000,0.00000,0.848,-0.020,0
97.9080,0.03582,-0.05509,-0.01319,0.00000,0.00000,0.836,-0.026,0
97.9600,0.03371,-0.05444,-0.01331,0.00000,0.00000,0.822,-0.032,0
98.0120,0.03155,-0.05378,-0.01341,0.00000,0.00000,0.808,-0.038,0
98.0640,0.02934,-0.05308,-0.01349,0.00000,0.00000,0.793,-0.043,0
98.1160,0.02707,-0.05235,-0.01355,0.00000,0.00000,0.777,-0.048,0
98.1680,0.02477,-0.05160,-0.01359,0.00000,0.00000,0.760,-0.053,0
98.2200,0.02244,-0.05082,-0.01360,0.00000,0.00000,0.743,-0.057,0
98.2720,0.02008,-0.05002,-0.01360,0.00000,0.00000,0.724,-0.062,0
98.3240,0.01770,-0.04918,-0.01357,0.00000,0.00000,0.705,-0.065,0
98.3760,0.01529,-0.04830,-0.01352,0.00000,0.00000,0.685,-0.068,0
98.4280,0.01287,-0.04738,-0.01345,0.00000,0.00000,0.664,-0.071,0
98.4800,0.01045,-0.04644,-0.01336,0.00000,0.00000,0.642,-0.074,0
98.5320,0.00803,-0.04545,-0.01324,0.00000,0.00000,0.620,-0.076,0
98.5840,0.00561,-0.04443,-0.01311,0.00000,0.00000,0.597,-0.077,0
98.6360,0.00321,-0.04337,-0.01295,0.00000,0.00000,0.574,-0.078,0
98.6880,0.00083,-0.04228,-0.01276,0.00000,0.00000,0.550,-0.079,0
98.7400,-0.00152,-0.04115,-0.01256,0.00000,0.00000,0.525,-0.079,0
98.7920,-0.00383,-0.03999,-0.01233,0.00000,0.00000,0.501,-0.079,0
98.8440,-0.00609,-0.03881,-0.01208,0.00000,0.00000,0.476,-0.078,0
98.8960,-0.00830,-0.03761,-0.01180,0.00000,0.00000,0.451,-0.077,0
98.9480,-0.01044,-0.03640,-0.01151,0.00000,0.00000,0.426,-0.076,0
99.0000,-0.01250,-0.03517,-0.01120,0.00000,0.00000,0.401,-0.074,0
99.0520,-0.01449,-0.03392,-0.01086,0.00000,0.00000,0.376,-0.072,0
99.1040,-0.01641,-0.03264,-0.01051,0.00000,0.00000,0.351,-0.070,0
99.1560,-0.01823,-0.03135,-0.01014,0.00000,0.00000,0.326,-0.067,0
99.2080,-0.01996,-0.03006,-0.00975,0.00000,0.00000,0.302,-0.064,0
99.2600,-0.02160,-0.02874,-0.00935,0.00000,0.00000,0.278,-0.061,0
99.3120,-0.02313,-0.02741,-0.00893,0.00000,0.00000,0.254,-0.057,0
99.3640,-0.02456,-0.02607,-0.00849,0.00000,0.00000,0.231,-0.054,0
99.4160,-0.02587,-0.02473,-0.00804,0.00000,0.00000,0.208,-0.050,0
99.4680,-0.02707,-0.02338,-0.00758,0.00000,0.00000,0.186,-0.046,0
99.5200,-0.02816,-0.02203,-0.00711,0.00000,0.00000,0.164,-0.042,0
99.5720,-0.02914,-0.02067,-0.00663,0.00000,0.00000,0.143,-0.038,0
99.6240,-0.02999,-0.01931,-0.00615,0.00000,0.00000,0.123,-0.034,0
99.6760,-0.03073,-0.01796,-0.00565,0.00000,0.00000,0.103,-0.030,0
99.7280,-0.03134,-0.01663,-0.00516,0.00000,0.00000,0.084,-0.026,0
99.7800,-0.03182,-0.01531,-0.00465,0.00000,0.00000,0.066,-0.022,0
99.8320,-0.03220,-0.01400,-0.00415,0.00000,0.00000,0.049,-0.019,0
99.8840,-0.03246,-0.01270,-0.00365,0.00000,0.00000,0.033,-0.015,0
99.9360,-0.03262,-0.01142,-0.00315,0.00000,0.00000,0.018,-0.012,0
99.9880,-0.03268,-0.01015,-0.00265,0.00000,0.00000,0.003,-0.008,0
100.0400,-0.03264,-0.00890,-0.00216,0.00000,0.00000,-0.010,-0.005,0
100.0920,-0.03251,-0.00768,-0.00167,0.00000,0.00000,-0.022,-0.002,0
100.1440,-0.03230,-0.00648,-0.00120,0.00000,0.00000,-0.034,0.000,0
100.1960,-0.03201,-0.00530,-0.00073,0.00000,0.00000,-0.044,0.003,0
100.2480,-0.03165,-0.00414,-0.00027,0.00000,0.00000,-0.053,0.005,0
100.3000,-0.03122,-0.00302,0.00017,0.00000,0.00000,-0.062,0.007,0
100.3520,-0.03072,-0.00194,0.00060,0.00000,0.00000,-0.069,0.008,0
100.4040,-0.03017,-0.00089,0.00101,0.00000,0.00000,-0.075,0.010,0
100.4560,-0.02957,0.00012,0.00141,0.00000,0.00000,-0.081,0.011,0
100.5080,-0.02893,0.00109,0.00179,0.00000,0.00000,-0.086,0.011,0
100.5600,-0.02824,0.00201,0.00215,0.00000,0.00000,-0.089,0.012,0
100.6120,-0.02752,0.00290,0.00249,0.00000,0.00000,-0.092,0.012,0
100.6640,-0.02676,0.00373,0.00281,0.00000,0.00000,-0.095,0.013,0
100.7160,-0.02599,0.00454,0.00311,0.00000,0.00000,-0.096,0.012,0
100.7680,-0.02520,0.00531,0.00339,0.00000,0.00000,-0.098,0.012,0
100.8200,-0.02440,0.00605,0.00364,0.00000,0.00000,-0.098,0.012,0
100.8720,-0.02359,0.00674,0.00387,0.00000,0.00000,-0.098,0.011,0
100.9240,-0.02277,0.00738,0.00408,0.00000,0.00000,-0.097,0.010,0
100.9760,-0.02195,0.00798,0.00427,0.00000,0.00000,-0.096,0.010,0
101.0280,-0.02111,0.00852,0.00443,0.00000,0.00000,-0.095,0.009,0
101.0800,-0.02028,0.00901,0.00457,0.00000,0.00000,-0.093,0.008,0
101.1320,-0.01946,0.00945,0.00469,0.00000,0.00000,-0.091,0.006,0
101.1840,-0.01863,0.00985,0.00478,0.00000,0.00000,-0.088,0.005,0
101.2360,-0.01782,0.01019,0.00486,0.00000,0.00000,-0.086,0.004,0
101.2880,-0.01701,0.01048,0.00492,0.00000,0.00000,-0.083,0.003,0
101.3400,-0.01621,0.01073,0.00495,0.00000,0.00000,-0.080,0.001,0
101.3920,-0.01544,0.01094,0.00497,0.00000,0.00000,-0.077,0.000,0
101.4440,-0.01467,0.01110,0.00497,0.00000,0.00000,-0.074,-0.001,0
101.4960,-0.01392,0.01121,0.00496,0.00000,0.00000,-0.071,-0.002,0
101.5480,-0.01319,0.01129,0.00493,0.00000,0.00000,-0.068,-0.004,0
101.6000,-0.01248,0.01133,0.00488,0.00000,0.00000,-0.065,-0.005,0
101.6520,-0.01179,0.01133,0.00483,0.00000,0.00000,-0.061,-0.006,0
101.7040,-0.01112,0.01130,0.00477,0.00000,0.00000,-0.058,-0.007,0
101.7560,-0.01047,0.01124,0.00470,0.00000,0.00000,-0.055,-0.008,0
101.8080,-0.00984,0.01116,0.00462,0.00000,0.00000,-0.052,-0.009,0
101.8600,-0.00923,0.01103,0.00454,0.00000,0.00000,-0.049,-0.010,0
101.9120,-0.00863,0.01086,0.00445,0.00000,0.00000,-0.046,-0.011,0
101.9640,-0.00803,0.01065,0.00437,0.00000,0.00000,-0.043,-0.012,0
102.0160,-0.00745,0.01042,0.00428,0.00000,0.00000,-0.041,-0.013,0
102.0680,-0.00688,0.01014,0.00420,0.00000,0.00000,-0.038,-0.014,0
102.1200,-0.00630,0.00982,0.00413,0.00000,0.00000,-0.036,-0.014,0
102.1720,-0.00573,0.00946,0.00405,0.00000,0.00000,-0.034,-0.015,0
102.2240,-0.00515,0.00908,0.00399,0.00000,0.00000,-0.031,-0.015,0
102.2760,-0.00458,0.00867,0.00393,0.00000,0.00000,-0.030,-0.016,0
102.3280,-0.00400,0.00824,0.00389,0.00000,0.00000,-0.028,-0.016,0
102.3800,-0.00341,0.00777,0.00386,0.00000,0.00000,-0.026,-0.017,0
102.4320,-0.00282,0.00729,0.00384,0.00000,0.00000,-0.024,-0.017,0
102.4840,-0.00221,0.00679,0.00384,0.00000,0.00000,-0.023,-0.017,0
102.5360,-0.00158,0.00626,0.00385,0.00000,0.00000,-0.021,-0.018,0
102.5880,-0.00093,0.00570,0.00388,0.00000,0.00000,-0.020,-0.018,0
102.6400,-0.00025,0.00512,0.00393,0.00000,0.00000,-0.019,-0.018,0
102.6920,0.00045,0.00453,0.00399,0.00000,0.00000,-0.018,-0.018,0
102.7440,0.00119,0.00390,0.00408,0.00000,0.00000,-0.017,-0.018,0
102.7960,0.00196,0.00327,0.00418,0.00000,0.00000,-0.016,-0.018,0
102.8480,0.00277,0.00260,0.00431,0.00000,0.00000,-0.015,-0.018,0
102.9000,0.00362,0.00193,0.00445,0.00000,0.00000,-0.014,-0.018,0
102.9520,0.00452,0.00124,0.00462,0.00000,0.00000,-0.014,-0.018,0
103.0040,0.00546,0.00053,0.00480,0.00000,0.00000,-0.013,-0.018,0
103.0560,0.00644,-0.00019,0.00501,0.00000,0.00000,-0.012,-0.017,0
103.1080,0.00748,-0.00092,0.00523,0.00000,0.00000,-0.012,-0.017,0
103.1600,0.00858,-0.00167,0.00547,0.00000,0.00000,-0.011,-0.016,0
103.2120,0.00972,-0.00243,0.00573,0.00000,0.00000,-0.010,-0.016,0
103.2640,0.01093,-0.00322,0.00601,0.00000,0.00000,-0.010,-0.015,0
103.3160,0.01219,-0.00403,0.00630,0.00000,0.00000,-0.009,-0.014,0
103.3680,0.01352,-0.00486,0.00661,0.00000,0.00000,-0.008,-0.013,0
103.4200,0.01491,-0.00571,0.00693,0.00000,0.00000,-0.007,-0.012,0
103.4720,0.01635,-0.00657,0.00726,0.00000,0.00000,-0.005,-0.010,0
103.5240,0.01785,-0.00745,0.00760,0.00000,0.00000,-0.004,-0.008,0
103.5760,0.01941,-0.00834,0.00795,0.00000,0.00000,-0.002,-0.006,0
103.6280,0.02101,-0.00924,0.00830,0.00000,0.00000,-0.000,-0.004,0
103.6800,0.02267,-0.01016,0.00866,0.00000,0.00000,0.002,-0.002,0
103.7320,0.02438,-0.01109,0.00901,0.00000,0.00000,0.005,0.001,0
103.7840,0.02615,-0.01203,0.00937,0.00000,0.00000,0.007,0.004,0
103.8360,0.02796,-0.01299,0.00972,0.00000,0.00000,0.011,0.008,0
103.8880,0.02982,-0.01395,0.01007,0.00000,0.00000,0.015,0.012,0
103.9400,0.03172,-0.01493,0.01041,0.00000,0.00000,0.019,0.016,0
103.9920,0.03368,-0.01593,0.01074,0.00000,0.00000,0.024,0.021,0
104.0440,0.03568,-0.01694,0.01105,0.00000,0.00000,0.030,0.027,0
104.0960,0.03773,-0.01796,0.01135,0.00000,0.00000,0.036,0.032,0
104.1480,0.03981,-0.01900,0.01163,0.00000,0.00000,0.043,0.039,0
104.2000,0.04194,-0.02005,0.01189,0.00000,0.00000,0.050,0.046,0
104.2520,0.04411,-0.02110,0.01213,0.00000,0.00000,0.059,0.053,0
104.3040,0.04631,-0.02215,0.01234,0.00000,0.00000,0.069,0.061,0
104.3560,0.04853,-0.02320,0.01252,0.00000,0.00000,0.079,0.069,0
104.4080,0.05079,-0.02426,0.01267,0.00000,0.00000,0.090,0.078,0
104.4600,0.05307,-0.02532,0.01279,0.00000,0.00000,0.102,0.087,0
104.5120,0.05538,-0.02637,0.01287,0.00000,0.00000,0.115,0.097,0
104.5640,0.05770,-0.02743,0.01292,0.00000,0.00000,0.129,0.107,0
104.6160,0.06004,-0.02848,0.01293,0.00000,0.00000,0.144,0.117,0
104.6680,0.06239,-0.02951,0.01290,0.00000,0.00000,0.160,0.128,0
104.7200,0.06475,-0.03055,0.01282,0.00000,0.00000,0.178,0.139,0
104.7720,0.06711,-0.03157,0.01271,0.00000,0.00000,0.196,0.151,0
104.8240,0.06947,-0.03258,0.01254,0.00000,0.00000,0.215,0.162,0
104.8760,0.07183,-0.03358,0.01234,0.00000,0.00000,0.235,0.174,0
104.9280,0.07417,-0.03456,0.01208,0.00000,0.00000,0.256,0.186,0
104.9800,0.07649,-0.03552,0.01178,0.00000,0.00000,0.278,0.198,0
105.0320,0.07879,-0.03646,0.01143,0.00000,0.00000,0.301,0.209,0
105.0840,0.08107,-0.03738,0.01104,0.00000,0.00000,0.325,0.221,0
105.1360,0.08332,-0.03829,0.01059,0.00000,0.00000,0.350,0.232,0
105.1880,0.08552,-0.03918,0.01010,0.00000,0.00000,0.376,0.243,0
105.2400,0.08769,-0.04003,0.00956,0.00000,0.00000,0.402,0.253,0
105.2920,0.08983,-0.04085,0.00897,0.00000,0.00000,0.429,0.263,0
105.3440,0.09195,-0.04164,0.00833,0.00000,0.00000,0.457,0.273,0
105.3960,0.09405,-0.04240,0.00765,0.00000,0.00000,0.485,0.281,0
105.4480,0.09613,-0.04312,0.00693,0.00000,0.00000,0.513,0.289,0
105.5000,0.09819,-0.04380,0.00616,0.00000,0.00000,0.541,0.296,0
105.5520,0.10024,-0.04445,0.00535,0.00000,0.00000,0.570,0.302,0
105.6040,0.10226,-0.04505,0.00449,0.00000,0.00000,0.598,0.307,0
105.6560,0.10424,-0.04560,0.00361,0.00000,0.00000,0.626,0.310,0
105.7080,0.10618,-0.04610,0.00268,0.00000,0.00000,0.653,0.313,0
105.7600,0.10805,-0.04656,0.00172,0.00000,0.00000,0.680,0.314,0
105.8120,0.10985,-0.04698,0.00074,0.00000,0.00000,0.707,0.314,0
105.8640,0.11157,-0.04735,-0.00028,0.00000,0.00000,0.733,0.313,0
105.9160,0.11317,-0.04767,-0.00132,0.00000,0.00000,0.759,0.310,0
105.9680,0.11465,-0.04795,-0.00238,0.00000,0.00000,0.784,0.306,0
106.0200,0.11598,-0.04819,-0.00345,0.00000,0.00000,0.808,0.301,0
106.0720,0.11713,-0.04837,-0.00454,0.00000,0.00000,0.831,0.294,0
106.1240,0.11808,-0.04849,-0.00564,0.00000,0.00000,0.853,0.287,0
106.1760,0.11881,-0.04856,-0.00675,0.00000,0.00000,0.874,0.278,0
106.2280,0.11928,-0.04856,-0.00785,0.00000,0.00000,0.893,0.268,0
106.2800,0.11946,-0.04850,-0.00896,0.00000,0.00000,0.911,0.257,0
106.3320,0.11932,-0.04836,-0.01005,0.00000,0.00000,0.927,0.245,0
106.3840,0.11883,-0.04817,-0.01113,0.00000,0.00000,0.943,0.232,0
106.4360,0.11798,-0.04791,-0.01220,0.00000,0.00000,0.957,0.218,0
106.4880,0.11676,-0.04760,-0.01325,0.00000,0.00000,0.969,0.203,0
106.5400,0.11521,-0.04720,-0.01427,0.00000,0.00000,0.981,0.187,0
106.5920,0.11334,-0.04674,-0.01526,0.00000,0.00000,0.990,0.171,0
106.6440,0.11118,-0.04623,-0.01622,0.00000,0.00000,0.998,0.153,0
106.6960,0.10876,-0.04566,-0.01715,0.00000,0.00000,1.003,0.135,0
106.7480,0.10609,-0.04505,-0.01803,0.00000,0.00000,1.007,0.116,0
106.8000,0.10317,-0.04437,-0.01887,0.00000,0.00000,1.008,0.097,0
106.8520,0.10003,-0.04363,-0.01966,0.00000,0.00000,1.007,0.078,0
106.9040,0.09667,-0.04284,-0.02040,0.00000,0.00000,1.003,0.058,0
106.9560,0.09310,-0.04200,-0.02108,0.00000,0.00000,0.998,0.038,0
107.0080,0.08934,-0.04110,-0.02171,0.00000,0.00000,0.989,0.019,0
107.0600,0.08539,-0.04014,-0.02228,0.00000,0.00000,0.978,-0.001,0
107.1120,0.08126,-0.03912,-0.02279,0.00000,0.00000,0.965,-0.020,0
107.1640,0.07698,-0.03805,-0.02324,0.00000,0.00000,0.950,-0.038,0
107.2160,0.07254,-0.03694,-0.02363,0.00000,0.00000,0.932,-0.056,0
107.2680,0.06797,-0.03579,-0.02395,0.00000,0.00000,0.913,-0.073,0
107.3200,0.06327,-0.03461,-0.02421,0.00000,0.00000,0.891,-0.090,0
107.3720,0.05847,-0.03339,-0.02441,0.00000,0.00000,0.868,-0.105,0
107.4240,0.05357,-0.03215,-0.02454,0.00000,0.00000,0.844,-0.119,0
107.4760,0.04860,-0.03088,-0.02460,0.00000,0.00000,0.818,-0.132,0
107.5280,0.04356,-0.02959,-0.02460,0.00000,0.00000,0.790,-0.143,0
107.5800,0.03849,-0.02828,-0.02453,0.00000,0.00000,0.762,-0.154,0
107.6320,0.03338,-0.02697,-0.02440,0.00000,0.00000,0.732,-0.163,0
107.6840,0.02826,-0.02564,-0.02421,0.00000,0.00000,0.702,-0.170,0
107.7360,0.02314,-0.02431,-0.02396,0.00000,0.00000,0.671,-0.176,0
107.7880,0.01804,-0.02297,-0.02365,0.00000,0.00000,0.639,-0.181,0
107.8400,0.01299,-0.02164,-0.02328,0.00000,0.00000,0.606,-0.184,0
107.8920,0.00799,-0.02030,-0.02286,0.00000,0.00000,0.574,-0.186,0
107.9440,0.00306,-0.01898,-0.02238,0.00000,0.00000,0.541,-0.187,0
107.9960,-0.00178,-0.01766,-0.02185,0.00000,0.00000,0.508,-0.186,0
108.0480,-0.00650,-0.01636,-0.02127,0.00000,0.00000,0.474,-0.184,0
108.1000,-0.01110,-0.01508,-0.02064,0.00000,0.00000,0.441,-0.180,0
108.1520,-0.01556,-0.01382,-0.01997,0.00000,0.00000,0.409,-0.176,0
108.2040,-0.01986,-0.01258,-0.01926,0.00000,0.00000,0.376,-0.170,0
108.2560,-0.02399,-0.01137,-0.01851,0.00000,0.00000,0.344,-0.163,0
108.3080,-0.02794,-0.01019,-0.01772,0.00000,0.00000,0.313,-0.156,0
108.3600,-0.03169,-0.00903,-0.01691,0.00000,0.00000,0.282,-0.147,0
108.4120,-0.03522,-0.00790,-0.01606,0.00000,0.00000,0.252,-0.138,0
108.4640,-0.03853,-0.00682,-0.01519,0.00000,0.00000,0.222,-0.128,0
108.5160,-0.04160,-0.00579,-0.01429,0.00000,0.00000,0.194,-0.118,0
108.5680,-0.04442,-0.00482,-0.01338,0.00000,0.00000,0.167,-0.108,0
108.6200,-0.04699,-0.00388,-0.01244,0.00000,0.00000,0.141,-0.097,0
108.6720,-0.04930,-0.00300,-0.01150,0.00000,0.00000,0.116,-0.085,0
108.7240,-0.05134,-0.00218,-0.01055,0.00000,0.00000,0.092,-0.074,0
108.7760,-0.05314,-0.00139,-0.00959,0.00000,0.00000,0.069,-0.063,0
108.8280,-0.05469,-0.00066,-0.00862,0.00000,0.00000,0.047,-0.052,0
108.8800,-0.05599,0.00003,-0.00766,0.00000,0.00000,0.027,-0.041,0
108.9320,-0.05706,0.00065,-0.00670,0.00000,0.00000,0.008,-0.030,0
108.9840,-0.05790,0.00121,-0.00575,0.00000,0.00000,-0.010,-0.020,0
109.0360,-0.05854,0.00171,-0.00481,0.00000,0.00000,-0.026,-0.010,0
109.0880,-0.05897,0.00215,-0.00387,0.00000,0.00000,-0.041,-0.001,0
109.1400,-0.05922,0.00252,-0.00296,0.00000,0.00000,-0.055,0.007,0
109.1920,-0.05930,0.00284,-0.00206,0.00000,0.00000,-0.067,0.015,0
109.2440,-0.05923,0.00310,-0.00117,0.00000,0.00000,-0.078,0.021,0
109.2960,-0.05901,0.00331,-0.00031,0.00000,0.00000,-0.088,0.028,0
109.3480,-0.05867,0.00346,0.00052,0.00000,0.00000,-0.097,0.033,0
109.4000,-0.05821,0.00356,0.00133,0.00000,0.00000,-0.105,0.037,0
109.4520,-0.05764,0.00362,0.00212,0.00000,0.00000,-0.112,0.041,0
109.5040,-0.05698,0.00361,0.00287,0.00000,0.00000,-0.118,0.044,0
109.5560,-0.05622,0.00355,0.00360,0.00000,0.00000,-0.123,0.046,0
109.6080,-0.05539,0.00345,0.00429,0.00000,0.00000,-0.127,0.047,0
109.6600,-0.05448,0.00330,0.00495,0.00000,0.00000,-0.131,0.048,0
109.7120,-0.05351,0.00310,0.00558,0.00000,0.00000,-0.134,0.048,0
109.7640,-0.05247,0.00285,0.00618,0.00000,0.00000,-0.136,0.047,0
109.8160,-0.05139,0.00257,0.00674,0.00000,0.00000,-0.138,0.046,0
109.8680,-0.05026,0.00225,0.00727,0.00000,0.00000,-0.140,0.044,0
109.9200,-0.04908,0.00190,0.00777,0.00000,0.00000,-0.141,0.041,0
109.9720,-0.04788,0.00152,0.00823,0.00000,0.00000,-0.142,0.038,0
110.0240,-0.04665,0.00113,0.00866,0.00000,0.00000,-0.142,0.035,0
110.0760,-0.04538,0.00069,0.00905,0.00000,0.00000,-0.143,0.031,0
110.1280,-0.04407,0.00022,0.00941,0.00000,0.00000,-0.143,0.027,0
110.1800,-0.04273,-0.00029,0.00974,0.00000,0.00000,-0.143,0.023,0
110.2320,-0.04136,-0.00085,0.01004,0.00000,0.00000,-0.143,0.018,0
110.2840,-0.03996,-0.00144,0.01031,0.00000,0.00000,-0.142,0.014,0
110.3360,-0.03853,-0.00206,0.01055,0.00000,0.00000,-0.142,0.009,0
110.3880,-0.03707,-0.00272,0.01076,0.00000,0.00000,-0.142,0.004,0
110.4400,-0.03559,-0.00342,0.01095,0.00000,0.00000,-0.142,-0.001,0
110.4920,-0.03407,-0.00414,0.01111,0.00000,0.00000,-0.142,-0.006,0
110.5440,-0.03254,-0.00488,0.01125,0.00000,0.00000,-0.142,-0.011,0
110.5960,-0.03099,-0.00565,0.01137,0.00000,0.00000,-0.142,-0.016,0
110.6480,-0.02941,-0.00643,0.01147,0.00000,0.00000,-0.142,-0.021,0
110.7000,-0.02782,-0.00723,0.01155,0.00000,0.00000,-0.142,-0.025,0
110.7520,-0.02620,-0.00806,0.01161,0.00000,0.00000,-0.142,-0.030,0
110.8040,-0.02456,-0.00890,0.01166,0.00000,0.00000,-0.142,-0.034,0
110.8560,-0.02289,-0.00977,0.01170,0.00000,0.00000,-0.142,-0.039,0
110.9080,-0.02120,-0.01067,0.01173,0.00000,0.00000,-0.142,-0.043,0
110.9600,-0.01949,-0.01159,0.01174,0.00000,0.00000,-0.143,-0.046,0
111.0120,-0.01775,-0.01253,0.01175,0.00000,0.00000,-0.143,-0.050,0
111.0640,-0.01598,-0.01349,0.01175,0.00000,0.00000,-0.143,-0.053,0
111.1160,-0.01420,-0.01447,0.01175,0.00000,0.00000,-0.143,-0.056,0
111.1680,-0.01239,-0.01546,0.01174,0.00000,0.00000,-0.143,-0.059,0
111.2200,-0.01057,-0.01646,0.01172,0.00000,0.00000,-0.143,-0.062,0
111.2720,-0.00872,-0.01747,0.01170,0.00000,0.00000,-0.142,-0.064,0
111.3240,-0.00685,-0.01850,0.01169,0.00000,0.00000,-0.142,-0.066,0
111.3760,-0.00497,-0.01953,0.01167,0.00000,0.00000,-0.141,-0.067,0
111.4280,-0.00306,-0.02058,0.01164,0.00000,0.00000,-0.140,-0.068,0
111.4800,-0.00114,-0.02163,0.01162,0.00000,0.00000,-0.139,-0.069,0
111.5320,0.00080,-0.02270,0.01160,0.00000,0.00000,-0.137,-0.070,0
111.5840,0.00276,-0.02377,0.01158,0.00000,0.00000,-0.136,-0.070,0
111.6360,0.00473,-0.02485,0.01156,0.00000,0.00000,-0.133,-0.070,0
111.6880,0.00672,-0.02595,0.01154,0.00000,0.00000,-0.131,-0.070,0
111.7400,0.00872,-0.02704,0.01152,0.00000,0.00000,-0.128,-0.069,0
111.7920,0.01072,-0.02812,0.01150,0.00000,0.00000,-0.124,-0.068,0
111.8440,0.01273,-0.02921,0.01149,0.00000,0.00000,-0.120,-0.067,0
111.8960,0.01474,-0.03031,0.01147,0.00000,0.00000,-0.115,-0.065,0
111.9480,0.01677,-0.03141,0.01144,0.00000,0.00000,-0.110,-0.063,0
112.0000,0.01879,-0.03253,0.01142,0.00000,0.00000,-0.104,-0.060,0
112.0520,0.02083,-0.03366,0.01140,0.00000,0.00000,-0.097,-0.057,0
112.1040,0.02286,-0.03480,0.01137,0.00000,0.00000,-0.089,-0.054,0
112.1560,0.02489,-0.03595,0.01134,0.00000,0.00000,-0.081,-0.050,0
112.2080,0.02690,-0.03709,0.01130,0.00000,0.00000,-0.071,-0.045,0
112.2600,0.02889,-0.03822,0.01126,0.00000,0.00000,-0.061,-0.041,0
112.3120,0.03085,-0.03934,0.01121,0.00000,0.00000,-0.050,-0.036,0
112.3640,0.03279,-0.04046,0.01115,0.00000,0.00000,-0.038,-0.031,0
112.4160,0.03471,-0.04158,0.01108,0.00000,0.00000,-0.025,-0.025,0
112.4680,0.03660,-0.04269,0.01100,0.00000,0.00000,-0.010,-0.019,0
112.5200,0.03846,-0.04380,0.01091,0.00000,0.00000,0.005,-0.012,0
112.5720,0.04029,-0.04490,0.01081,0.00000,0.00000,0.021,-0.005,0
112.6240,0.04210,-0.04599,0.01070,0.00000,0.00000,0.039,0.002,0
112.6760,0.04387,-0.04706,0.01057,0.00000,0.00000,0.058,0.010,0
112.7280,0.04562,-0.04810,0.01043,0.00000,0.00000,0.077,0.018,0
112.7800,0.04733,-0.04912,0.01027,0.00000,0.00000,0.098,0.026,0
112.8320,0.04902,-0.05010,0.01009,0.00000,0.00000,0.120,0.034,0
112.8840,0.05068,-0.05107,0.00989,0.00000,0.00000,0.143,0.043,0
112.9360,0.05232,-0.05199,0.00968,0.00000,0.00000,0.166,0.052,0
112.9880,0.05394,-0.05289,0.00945,0.00000,0.00000,0.191,0.061,0
113.0400,0.05554,-0.05377,0.00919,0.00000,0.00000,0.216,0.070,0
113.0920,0.05713,-0.05461,0.00892,0.00000,0.00000,0.242,0.079,0
113.1440,0.05870,-0.05541,0.00863,0.00000,0.00000,0.269,0.088,0
113.1960,0.06025,-0.05618,0.00831,0.00000,0.00000,0.297,0.097,0
113.2480,0.06180,-0.05691,0.00798,0.00000,0.00000,0.326,0.106,0
113.3000,0.06333,-0.05761,0.00762,0.00000,0.00000,0.355,0.115,0
113.3520,0.06484,-0.05827,0.00724,0.00000,0.00000,0.385,0.124,0
113.4040,0.06633,-0.05887,0.00684,0.00000,0.00000,0.415,0.132,0
113.4560,0.06781,-0.05942,0.00642,0.00000,0.00000,0.446,0.141,0
113.5080,0.06928,-0.05993,0.00597,0.00000,0.00000,0.477,0.149,0
113.5600,0.07071,-0.06038,0.00551,0.00000,0.00000,0.508,0.156,0
113.6120,0.07212,-0.06076,0.00503,0.00000,0.00000,0.539,0.164,0
113.6640,0.07351,-0.06109,0.00453,0.00000,0.00000,0.570,0.171,0
113.7160,0.07487,-0.06136,0.00402,0.00000,0.00000,0.601,0.177,0
113.7680,0.07620,-0.06157,0.00348,0.00000,0.00000,0.632,0.183,0
113.8200,0.07750,-0.06172,0.00293,0.00000,0.00000,0.662,0.189,0
113.8720,0.07876,-0.06179,0.00237,0.00000,0.00000,0.692,0.194,0
113.9240,0.07997,-0.06178,0.00179,0.00000,0.00000,0.722,0.198,0
113.9760,0.08115,-0.06171,0.00121,0.00000,0.00000,0.751,0.202,0
114.0280,0.08229,-0.06158,0.00061,0.00000,0.00000,0.779,0.205,0
114.0800,0.08337,-0.06138,0.00000,0.00000,0.00000,0.807,0.208,0
114.1320,0.08440,-0.06110,-0.00061,0.00000,0.00000,0.833,0.210,0
114.1840,0.08538,-0.06076,-0.00123,0.00000,0.00000,0.859,0.211,0
114.2360,0.08630,-0.06033,-0.00185,0.00000,0.00000,0.883,0.212,0
114.2880,0.08716,-0.05984,-0.00247,0.00000,0.00000,0.907,0.211,0
114.3400,0.08795,-0.05928,-0.00309,0.00000,0.00000,0.929,0.211,0
114.3920,0.08869,-0.05865,-0.00371,0.00000,0.00000,0.950,0.209,0
114.4440,0.08935,-0.05796,-0.00433,0.00000,0.00000,0.970,0.207,0
114.4960,0.08994,-0.05719,-0.00494,0.00000,0.00000,0.988,0.204,0
114.5480,0.09045,-0.05634,-0.00553,0.00000,0.00000,1.005,0.200,0
114.6000,0.09088,-0.05542,-0.00612,0.00000,0.00000,1.020,0.196,0
114.6520,0.09124,-0.05444,-0.00670,0.00000,0.00000,1.033,0.191,0
114.7040,0.09151,-0.05340,-0.00727,0.00000,0.00000,1.045,0.185,0
114.7560,0.09169,-0.05228,-0.00781,0.00000,0.00000,1.055,0.179,0
114.8080,0.09179,-0.05111,-0.00834,0.00000,0.00000,1.063,0.173,0
114.8600,0.09180,-0.04988,-0.00885,0.00000,0.00000,1.070,0.166,0
114.9120,0.09173,-0.04859,-0.00935,0.00000,0.00000,1.075,0.158,0
114.9640,0.09156,-0.04725,-0.00981,0.00000,0.00000,1.078,0.150,0
115.0160,0.09131,-0.04586,-0.01026,0.00000,0.00000,1.080,0.141,0
115.0680,0.09097,-0.04444,-0.01068,0.00000,0.00000,1.080,0.132,0
115.1200,0.09055,-0.04298,-0.01107,0.00000,0.00000,1.078,0.123,0
115.1720,0.09004,-0.04148,-0.01144,0.00000,0.00000,1.075,0.114,0
115.2240,0.08943,-0.03994,-0.01177,0.00000,0.00000,1.070,0.104,0
115.2760,0.08875,-0.03839,-0.01208,0.00000,0.00000,1.064,0.094,0
115.3280,0.08798,-0.03681,-0.01236,0.00000,0.00000,1.056,0.084,0
115.3800,0.08712,-0.03521,-0.01262,0.00000,0.00000,1.046,0.074,0
115.4320,0.08619,-0.03361,-0.01284,0.00000,0.00000,1.036,0.064,0
115.4840,0.08517,-0.03199,-0.01303,0.00000,0.00000,1.024,0.054,0
115.5360,0.08407,-0.03038,-0.01319,0.00000,0.00000,1.011,0.044,0
115.5880,0.08290,-0.02876,-0.01332,0.00000,0.00000,0.997,0.034,0
115.6400,0.08165,-0.02714,-0.01342,0.00000,0.00000,0.981,0.024,0
115.6920,0.08032,-0.02554,-0.01349,0.00000,0.00000,0.965,0.014,0
115.7440,0.07894,-0.02396,-0.01354,0.00000,0.00000,0.948,0.005,0
115.7960,0.07748,-0.02241,-0.01356,0.00000,0.00000,0.930,-0.004,0
115.8480,0.07596,-0.02086,-0.01355,0.00000,0.00000,0.911,-0.013,0
115.9000,0.07436,-0.01934,-0.01352,0.00000,0.00000,0.891,-0.022,0
115.9520,0.07270,-0.01784,-0.01347,0.00000,0.00000,0.870,-0.030,0
116.0040,0.07098,-0.01637,-0.01339,0.00000,0.00000,0.849,-0.038,0
116.0560,0.06920,-0.01493,-0.01330,0.00000,0.00000,0.827,-0.046,0
116.1080,0.06736,-0.01352,-0.01318,0.00000,0.00000,0.805,-0.053,0
116.1600,0.06546,-0.01214,-0.01305,0.00000,0.00000,0.782,-0.060,0
116.2120,0.06350,-0.01079,-0.01290,0.00000,0.00000,0.759,-0.066,0
116.2640,0.06149,-0.00949,-0.01274,0.00000,0.00000,0.735,-0.072,0
116.3160,0.05942,-0.00821,-0.01257,0.00000,0.00000,0.711,-0.078,0
116.3680,0.05731,-0.00699,-0.01238,0.00000,0.00000,0.687,-0.083,0
116.4200,0.05514,-0.00580,-0.01219,0.00000,0.00000,0.663,-0.088,0
116.4720,0.05294,-0.00467,-0.01199,0.00000,0.00000,0.638,-0.092,0
116.5240,0.05069,-0.00359,-0.01178,0.00000,0.00000,0.614,-0.096,0
116.5760,0.04841,-0.00258,-0.01158,0.00000,0.00000,0.590,-0.099,0
116.6280,0.04610,-0.00161,-0.01137,0.00000,0.00000,0.566,-0.102,0
116.6800,0.04374,-0.00068,-0.01116,0.00000,0.00000,0.542,-0.105,0
116.7320,0.04135,0.00019,-0.01095,0.00000,0.00000,0.519,-0.107,0
116.7840,0.03893,0.00101,-0.01074,0.00000,0.00000,0.496,-0.109,0
116.8360,0.03648,0.00178,-0.01053,0.00000,0.00000,0.473,-0.110,0
116.8880,0.03400,0.00250,-0.01034,0.00000,0.00000,0.451,-0.112,0
116.9400,0.03151,0.00315,-0.01014,0.00000,0.00000,0.429,-0.112,0
116.9920,0.02899,0.00375,-0.00996,0.00000,0.00000,0.407,-0.113,0
117.0440,0.02646,0.00430,-0.00978,0.00000,0.00000,0.386,-0.113,0
117.0960,0.02390,0.00480,-0.00961,0.00000,0.00000,0.366,-0.113,0
117.1480,0.02133,0.00525,-0.00946,0.00000,0.00000,0.346,-0.113,0
117.2000,0.01875,0.00565,-0.00931,0.00000,0.00000,0.327,-0.112,0
117.2520,0.01616,0.00601,-0.00917,0.00000,0.00000,0.308,-0.111,0
117.3040,0.01356,0.00632,-0.00904,0.00000,0.00000,0.290,-0.110,0
117.3560,0.01095,0.00659,-0.00892,0.00000,0.00000,0.273,-0.109,0
117.4080,0.00834,0.00683,-0.00881,0.00000,0.00000,0.256,-0.107,0
117.4600,0.00573,0.00703,-0.00871,0.00000,0.00000,0.240,-0.105,0
117.5120,0.00311,0.00720,-0.00862,0.00000,0.00000,0.224,-0.103,0
117.5640,0.00049,0.00736,-0.00854,0.00000,0.00000,0.209,-0.101,0
117.6160,-0.00213,0.00751,-0.00847,0.00000,0.00000,0.194,-0.099,0
117.6680,-0.00475,0.00763,-0.00841,0.00000,0.00000,0.179,-0.096,0
117.7200,-0.00735,0.00774,-0.00835,0.00000,0.00000,0.165,-0.093,0
117.7720,-0.00994,0.00783,-0.00830,0.00000,0.00000,0.152,-0.090,0
117.8240,-0.01251,0.00792,-0.00825,0.00000,0.00000,0.139,-0.087,0
117.8760,-0.01506,0.00799,-0.00821,0.00000,0.00000,0.127,-0.084,0
117.9280,-0.01758,0.00805,-0.00816,0.00000,0.00000,0.115,-0.080,0
117.9800,-0.02007,0.00809,-0.00812,0.00000,0.00000,0.104,-0.076,0
118.0320,-0.02251,0.00812,-0.00808,0.00000,0.00000,0.093,-0.072,0
118.0840,-0.02491,0.00814,-0.00803,0.00000,0.00000,0.083,-0.068,0
118.1360,-0.02726,0.00816,-0.00798,0.00000,0.00000,0.073,-0.064,0
118.1880,-0.02955,0.00817,-0.00792,0.00000,0.00000,0.064,-0.059,0
118.2400,-0.03178,0.00817,-0.00786,0.00000,0.00000,0.055,-0.055,0
118.2920,-0.03394,0.00817,-0.00779,0.00000,0.00000,0.047,-0.050,0
118.3440,-0.03601,0.00816,-0.00770,0.00000,0.00000,0.039,-0.045,0
118.3960,-0.03801,0.00815,-0.00761,0.00000,0.00000,0.032,-0.040,0
118.4480,-0.03992,0.00813,-0.00750,0.00000,0.00000,0.025,-0.034,0
118.5000,-0.04173,0.00811,-0.00737,0.00000,0.00000,0.018,-0.029,0
118.5520,-0.04345,0.00808,-0.00723,0.00000,0.00000,0.012,-0.024,0
118.6040,-0.04507,0.00804,-0.00707,0.00000,0.00000,0.007,-0.018,0
118.6560,-0.04658,0.00798,-0.00690,0.00000,0.00000,0.002,-0.012,0
118.7080,-0.04800,0.00792,-0.00670,0.00000,0.00000,-0.003,-0.007,0
118.7600,-0.04932,0.00785,-0.00648,0.00000,0.00000,-0.007,-0.001,0
118.8120,-0.05055,0.00778,-0.00623,0.00000,0.00000,-0.011,0.004,0
118.8640,-0.05169,0.00770,-0.00596,0.00000,0.00000,-0.014,0.010,0
118.9160,-0.05275,0.00761,-0.00567,0.00000,0.00000,-0.017,0.015,0
118.9680,-0.05371,0.00751,-0.00536,0.00000,0.00000,-0.020,0.021,0
119.0200,-0.05459,0.00738,-0.00502,0.00000,0.00000,-0.022,0.026,0
119.0720,-0.05538,0.00724,-0.00465,0.00000,0.00000,-0.024,0.030,0
119.1240,-0.05609,0.00707,-0.00426,0.00000,0.00000,-0.025,0.035,0
119.1760,-0.05671,0.00687,-0.00384,0.00000,0.00000,-0.026,0.039,0
119.2280,-0.05724,0.00663,-0.00339,0.00000,0.00000,-0.027,0.043,0
119.2800,-0.05769,0.00637,-0.00293,0.00000,0.00000,-0.028,0.047,0
119.3320,-0.05807,0.00609,-0.00243,0.00000,0.00000,-0.029,0.050,0
119.3840,-0.05837,0.00579,-0.00191,0.00000,0.00000,-0.030,0.053,0
119.4360,-0.05860,0.00548,-0.00137,0.00000,0.00000,-0.030,0.055,0
119.4880,-0.05875,0.00514,-0.00081,0.00000,0.00000,-0.030,0.057,0
119.5400,-0.05882,0.00477,-0.00023,0.00000,0.00000,-0.030,0.058,0
119.5920,-0.05880,0.00435,0.00038,0.00000,0.00000,-0.030,0.059,0
119.6440,-0.05870,0.00390,0.00100,0.00000,0.00000,-0.030,0.059,0
119.6960,-0.05850,0.00341,0.00164,0.00000,0.00000,-0.031,0.059,0
119.7480,-0.05821,0.00287,0.00229,0.00000,0.00000,-0.031,0.058,0
119.8000,-0.05782,0.00228,0.00295,0.00000,0.00000,-0.031,0.057,0
119.8520,-0.05733,0.00165,0.00363,0.00000,0.00000,-0.032,0.055,0
119.9040,-0.05674,0.00098,0.00431,0.00000,0.00000,-0.033,0.052,0
119.9560,-0.05606,0.00027,0.00500,0.00000,0.00000,-0.034,0.049,0
120.0080,-0.05527,-0.00048,0.00569,0.00000,0.00000,-0.036,0.045,0
120.0600,-0.05438,-0.00127,0.00638,0.00000,0.00000,-0.038,0.041,0
120.1120,-0.05338,-0.00209,0.00707,0.00000,0.00000,-0.040,0.036,0
120.1640,-0.05227,-0.00296,0.00776,0.00000,0.00000,-0.042,0.031,0
120.2160,-0.05106,-0.00386,0.00844,0.00000,0.00000,-0.045,0.025,0
120.2680,-0.04974,-0.00480,0.00910,0.00000,0.00000,-0.048,0.019,0
120.3200,-0.04831,-0.00577,0.00976,0.00000,0.00000,-0.051,0.013,0
120.3720,-0.04677,-0.00678,0.01040,0.00000,0.00000,-0.055,0.006,0
120.4240,-0.04511,-0.00783,0.01102,0.00000,0.00000,-0.059,-0.001,0
120.4760,-0.04335,-0.00890,0.01162,0.00000,0.00000,-0.063,-0.008,0
120.5280,-0.04149,-0.01000,0.01220,0.00000,0.00000,-0.067,-0.015,0
120.5800,-0.03952,-0.01113,0.01275,0.00000,0.00000,-0.072,-0.023,0
120.6320,-0.03745,-0.01228,0.01327,0.00000,0.00000,-0.077,-0.030,0
120.6840,-0.03528,-0.01346,0.01377,0.00000,0.00000,-0.082,-0.038,0
120.7360,-0.03302,-0.01464,0.01423,0.00000,0.00000,-0.087,-0.045,0
120.7880,-0.03067,-0.01583,0.01466,0.00000,0.00000,-0.092,-0.053,0
120.8400,-0.02823,-0.01704,0.01506,0.00000,0.00000,-0.098,-0.060,0
120.8920,-0.02572,-0.01826,0.01542,0.00000,0.00000,-0.103,-0.066,0
120.9440,-0.02312,-0.01949,0.01574,0.00000,0.00000,-0.108,-0.073,0
120.9960,-0.02046,-0.02072,0.01602,0.00000,0.00000,-0.113,-0.079,0
121.0480,-0.01774,-0.02195,0.01626,0.00000,0.00000,-0.117,-0.084,0
121.1000,-0.01496,-0.02320,0.01646,0.00000,0.00000,-0.122,-0.089,0
121.1520,-0.01212,-0.02445,0.01662,0.00000,0.00000,-0.125,-0.094,0
121.2040,-0.00924,-0.02568,0.01673,0.00000,0.00000,-0.129,-0.098,0
121.2560,-0.00633,-0.02691,0.01681,0.00000,0.00000,-0.132,-0.101,0
121.3080,-0.00340,-0.02812,0.01683,0.00000,0.00000,-0.134,-0.104,0
121.3600,-0.00046,-0.02931,0.01682,0.00000,0.00000,-0.136,-0.105,0
121.4120,0.00249,-0.03048,0.01676,0.00000,0.00000,-0.137,-0.107,0
121.4640,0.00544,-0.03164,0.01666,0.00000,0.00000,-0.137,-0.107,0
121.5160,0.00838,-0.03277,0.01652,0.00000,0.00000,-0.137,-0.107,0
121.5680,0.01129,-0.03389,0.01634,0.00000,0.00000,-0.135,-0.106,0
121.6200,0.01418,-0.03496,0.01612,0.00000,0.00000,-0.133,-0.104,0
121.6720,0.01701,-0.03600,0.01585,0.00000,0.00000,-0.129,-0.101,0
121.7240,0.01979,-0.03700,0.01555,0.00000,0.00000,-0.125,-0.098,0
121.7760,0.02251,-0.03796,0.01521,0.00000,0.00000,-0.119,-0.094,0
121.8280,0.02515,-0.03886,0.01484,0.00000,0.00000,-0.112,-0.090,0
121.8800,0.02771,-0.03971,0.01443,0.00000,0.00000,-0.105,-0.085,0
121.9320,0.03018,-0.04052,0.01399,0.00000,0.00000,-0.096,-0.079,0
121.9840,0.03255,-0.04128,0.01352,0.00000,0.00000,-0.086,-0.073,0
122.0360,0.03482,-0.04200,0.01302,0.00000,0.00000,-0.075,-0.066,0
122.0880,0.03698,-0.04267,0.01250,0.00000,0.00000,-0.063,-0.059,0
122.1400,0.03903,-0.04330,0.01195,0.00000,0.00000,-0.049,-0.051,0
122.1920,0.04095,-0.04388,0.01138,0.00000,0.00000,-0.035,-0.043,0
122.2440,0.04277,-0.04441,0.01079,0.00000,0.00000,-0.019,-0.035,0
122.2960,0.04446,-0.04490,0.01019,0.00000,0.00000,-0.002,-0.026,0
122.3480,0.04604,-0.04533,0.00957,0.00000,0.00000,0.015,-0.018,0
122.4000,0.04750,-0.04570,0.00894,0.00000,0.00000,0.034,-0.009,0
122.4520,0.04884,-0.04600,0.00830,0.00000,0.00000,0.053,-0.000,0
122.5040,0.05008,-0.04624,0.00765,0.00000,0.00000,0.073,0.009,0
122.5560,0.05122,-0.04643,0.00700,0.00000,0.00000,0.093,0.018,0
122.6080,0.05226,-0.04655,0.00635,0.00000,0.00000,0.114,0.026,0
122.6600,0.05322,-0.04661,0.00570,0.00000,0.00000,0.135,0.034,0
122.7120,0.05410,-0.04662,0.00506,0.00000,0.00000,0.156,0.043,0
122.7640,0.05491,-0.04658,0.00442,0.00000,0.00000,0.177,0.050,0
122.8160,0.05566,-0.04649,0.00378,0.00000,0.00000,0.199,0.058,0
122.8680,0.05635,-0.04634,0.00316,0.00000,0.00000,0.220,0.065,0
122.9200,0.05698,-0.04614,0.00256,0.00000,0.00000,0.241,0.072,0
122.9720,0.05757,-0.04589,0.00197,0.00000,0.00000,0.262,0.078,0
123.0240,0.05811,-0.04559,0.00139,0.00000,0.00000,0.283,0.084,0
123.0760,0.05862,-0.04525,0.00083,0.00000,0.00000,0.303,0.089,0
123.1280,0.05910,-0.04486,0.00030,0.00000,0.00000,0.323,0.094,0
123.1800,0.05955,-0.04444,-0.00021,0.00000,0.00000,0.343,0.098,0
123.2320,0.05998,-0.04398,-0.00070,0.00000,0.00000,0.362,0.102,0
123.2840,0.06039,-0.04348,-0.00117,0.00000,0.00000,0.380,0.106,0
123.3360,0.06079,-0.04295,-0.00161,0.00000,0.00000,0.398,0.109,0
123.3880,0.06117,-0.04239,-0.00202,0.00000,0.00000,0.415,0.112,0
123.4400,0.06155,-0.04180,-0.00240,0.00000,0.00000,0.432,0.114,0
123.4920,0.06191,-0.04119,-0.00276,0.00000,0.00000,0.448,0.116,0
123.5440,0.06228,-0.04057,-0.00309,0.00000,0.00000,0.463,0.118,0
123.5960,0.06264,-0.03994,-0.00338,0.00000,0.00000,0.477,0.119,0
123.6480,0.06301,-0.03930,-0.00365,0.00000,0.00000,0.491,0.120,0
123.7000,0.06338,-0.03866,-0.00390,0.00000,0.00000,0.504,0.120,0
123.7520,0.06376,-0.03803,-0.00411,0.00000,0.00000,0.517,0.121,0
123.8040,0.06414,-0.03740,-0.00429,0.00000,0.00000,0.529,0.121,0
123.8560,0.06453,-0.03678,-0.00445,0.00000,0.00000,0.541,0.121,0
123.9080,0.06493,-0.03618,-0.00458,0.00000,0.00000,0.552,0.120,0
123.9600,0.06533,-0.03560,-0.00469,0.00000,0.00000,0.562,0.120,0
124.0120,0.06575,-0.03504,-0.00477,0.00000,0.00000,0.572,0.119,0
124.0640,0.06617,-0.03450,-0.00483,0.00000,0.00000,0.582,0.119,0
124.1160,0.06659,-0.03398,-0.00487,0.00000,0.00000,0.591,0.118,0
124.1680,0.06702,-0.03350,-0.00489,0.00000,0.00000,0.599,0.117,0
124.2200,0.06744,-0.03304,-0.00489,0.00000,0.00000,0.607,0.116,0
124.2720,0.06787,-0.03261,-0.00487,0.00000,0.00000,0.615,0.115,0
124.3240,0.06830,-0.03222,-0.00484,0.00000,0.00000,0.622,0.114,0
124.3760,0.06873,-0.03188,-0.00480,0.00000,0.00000,0.629,0.113,0
124.4280,0.06916,-0.03159,-0.00474,0.00000,0.00000,0.635,0.112,0
124.4800,0.06959,-0.03133,-0.00467,0.00000,0.00000,0.642,0.111,0
124.5320,0.07000,-0.03112,-0.00460,0.00000,0.00000,0.648,0.110,0
124.5840,0.07040,-0.03095,-0.00452,0.00000,0.00000,0.654,0.109,0
124.6360,0.07080,-0.03084,-0.00444,0.00000,0.00000,0.660,0.109,0
124.6880,0.07118,-0.03078,-0.00436,0.00000,0.00000,0.666,0.108,0
124.7400,0.07154,-0.03075,-0.00427,0.00000,0.00000,0.671,0.107,0
124.7920,0.07188,-0.03079,-0.00419,0.00000,0.00000,0.676,0.106,0
124.8440,0.07220,-0.03089,-0.00412,0.00000,0.00000,0.682,0.105,0
124.8960,0.07249,-0.03103,-0.00405,0.00000,0.00000,0.687,0.104,0
124.9480,0.07276,-0.03122,-0.00399,0.00000,0.00000,0.693,0.103,0
125.0000,0.07298,-0.03147,-0.00393,0.00000,0.00000,0.698,0.102,0
125.0520,0.07318,-0.03176,-0.00389,0.00000,0.00000,0.704,0.101,0
125.1040,0.07333,-0.03212,-0.00386,0.00000,0.00000,0.710,0.100,0
125.1560,0.07344,-0.03251,-0.00384,0.00000,0.00000,0.715,0.099,0
125.2080,0.07350,-0.03294,-0.00384,0.00000,0.00000,0.721,0.098,0
125.2600,0.07351,-0.03342,-0.00386,0.00000,0.00000,0.727,0.097,0
125.3120,0.07347,-0.03395,-0.00389,0.00000,0.00000,0.733,0.095,0
125.3640,0.07337,-0.03452,-0.00394,0.00000,0.00000,0.739,0.094,0
125.4160,0.07320,-0.03511,-0.00400,0.00000,0.00000,0.745,0.092,0
125.4680,0.07297,-0.03574,-0.00409,0.00000,0.00000,0.751,0.090,0
125.5200,0.07267,-0.03640,-0.00419,0.00000,0.00000,0.757,0.088,0
125.5720,0.07230,-0.03708,-0.00431,0.00000,0.00000,0.763,0.086,0
125.6240,0.07184,-0.03777,-0.00445,0.00000,0.00000,0.769,0.084,0
125.6760,0.07130,-0.03847,-0.00461,0.00000,0.00000,0.774,0.081,0
125.7280,0.07068,-0.03919,-0.00478,0.00000,0.00000,0.779,0.078,0
125.7800,0.06997,-0.03991,-0.00498,0.00000,0.00000,0.785,0.075,0
125.8320,0.06918,-0.04065,-0.00518,0.00000,0.00000,0.790,0.072,0
125.8840,0.06830,-0.04139,-0.00541,0.00000,0.00000,0.794,0.068,0
125.9360,0.06733,-0.04212,-0.00565,0.00000,0.00000,0.799,0.064,0
125.9880,0.06627,-0.04285,-0.00590,0.00000,0.00000,0.803,0.060,0
126.0400,0.06512,-0.04358,-0.00616,0.00000,0.00000,0.806,0.056,0
126.0920,0.06389,-0.04431,-0.00643,0.00000,0.00000,0.810,0.051,0
126.1440,0.06257,-0.04502,-0.00671,0.00000,0.00000,0.813,0.047,0
126.1960,0.06115,-0.04570,-0.00700,0.00000,0.00000,0.815,0.042,0
126.2480,0.05963,-0.04634,-0.00729,0.00000,0.00000,0.817,0.037,0
126.3000,0.05803,-0.04696,-0.00759,0.00000,0.00000,0.818,0.032,0
126.3520,0.05634,-0.04753,-0.00788,0.00000,0.00000,0.818,0.026,0
126.4040,0.05456,-0.04808,-0.00818,0.00000,0.00000,0.817,0.021,0
126.4560,0.05270,-0.04858,-0.00847,0.00000,0.00000,0.816,0.015,0
126.5080,0.05076,-0.04904,-0.00876,0.00000,0.00000,0.814,0.010,0
126.5600,0.04874,-0.04944,-0.00904,0.00000,0.00000,0.811,0.004,0
126.6120,0.04666,-0.04981,-0.00931,0.00000,0.00000,0.807,-0.002,0
126.6640,0.04450,-0.05012,-0.00957,0.00000,0.00000,0.802,-0.007,0
126.7160,0.04229,-0.05037,-0.00982,0.00000,0.00000,0.796,-0.013,0
126.7680,0.04002,-0.05055,-0.01006,0.00000,0.00000,0.789,-0.018,0
126.8200,0.03769,-0.05067,-0.01028,0.00000,0.00000,0.781,-0.024,0
126.8720,0.03532,-0.05073,-0.01048,0.00000,0.00000,0.772,-0.029,0
126.9240,0.03291,-0.05072,-0.01066,0.00000,0.00000,0.762,-0.034,0
126.9760,0.03048,-0.05066,-0.01082,0.00000,0.00000,0.751,-0.038,0
127.0280,0.02802,-0.05052,-0.01095,0.00000,0.00000,0.740,-0.043,0
127.0800,0.02555,-0.05032,-0.01107,0.00000,0.00000,0.727,-0.047,0
127.1320,0.02307,-0.05004,-0.01115,0.00000,0.00000,0.713,-0.051,0
127.1840,0.02058,-0.04967,-0.01121,0.00000,0.00000,0.699,-0.054,0
127.2360,0.01811,-0.04923,-0.01125,0.00000,0.00000,0.683,-0.058,0
127.2880,0.01564,-0.04871,-0.01125,0.00000,0.00000,0.666,-0.061,0
127.3400,0.01320,-0.04810,-0.01123,0.00000,0.00000,0.648,-0.063,0
127.3920,0.01079,-0.04742,-0.01118,0.00000,0.00000,0.630,-0.065,0
127.4440,0.00841,-0.04665,-0.01110,0.00000,0.00000,0.611,-0.067,0
127.4960,0.00607,-0.04579,-0.01098,0.00000,0.00000,0.591,-0.068,0
127.5480,0.00380,-0.04486,-0.01084,0.00000,0.00000,0.570,-0.069,0
127.6000,0.00158,-0.04386,-0.01067,0.00000,0.00000,0.549,-0.070,0
127.6520,-0.00056,-0.04278,-0.01047,0.00000,0.00000,0.527,-0.070,0
127.7040,-0.00261,-0.04165,-0.01024,0.00000,0.00000,0.505,-0.070,0
127.7560,-0.00457,-0.04046,-0.00998,0.00000,0.00000,0.483,-0.069,0
127.8080,-0.00644,-0.03920,-0.00970,0.00000,0.00000,0.461,-0.068,0
127.8600,-0.00822,-0.03786,-0.00938,0.00000,0.00000,0.438,-0.067,0
127.9120,-0.00989,-0.03647,-0.00904,0.00000,0.00000,0.416,-0.066,0
127.9640,-0.01144,-0.03502,-0.00868,0.00000,0.00000,0.393,-0.064,0
128.0160,-0.01287,-0.03354,-0.00829,0.00000,0.00000,0.371,-0.062,0
128.0660,-0.01413,-0.03208,-0.00790,0.00000,0.00000,0.350,-0.060,0
128.1160,-0.01528,-0.03058,-0.00749,0.00000,0.00000,0.329,-0.057,0
128.1660,-0.01631,-0.02903,-0.00706,0.00000,0.00000,0.309,-0.055,0
128.2160,-0.01723,-0.02744,-0.00662,0.00000,0.00000,0.288,-0.052,0
128.2660,-0.01802,-0.02583,-0.00616,0.00000,0.00000,0.269,-0.050,0
128.3160,-0.01870,-0.02420,-0.00569,0.00000,0.00000,0.249,-0.047,0
128.3660,-0.01926,-0.02255,-0.00521,0.00000,0.00000,0.231,-0.044,0
128.4160,-0.01969,-0.02089,-0.00472,0.00000,0.00000,0.213,-0.041,0
128.4660,-0.02001,-0.01921,-0.00422,0.00000,0.00000,0.195,-0.038,0
128.5160,-0.02021,-0.01752,-0.00372,0.00000,0.00000,0.179,-0.035,0
128.5660,-0.02030,-0.01583,-0.00322,0.00000,0.00000,0.163,-0.032,0
128.6160,-0.02029,-0.01414,-0.00272,0.00000,0.00000,0.148,-0.030,0
128.6660,-0.02016,-0.01245,-0.00221,0.00000,0.00000,0.133,-0.027,0
128.7160,-0.01993,-0.01079,-0.00171,0.00000,0.00000,0.120,-0.024,0
128.7660,-0.01960,-0.00915,-0.00122,0.00000,0.00000,0.107,-0.022,0
128.8160,-0.01918,-0.00752,-0.00073,0.00000,0.00000,0.095,-0.019,0
128.8660,-0.01868,-0.00590,-0.00026,0.00000,0.00000,0.084,-0.017,0
128.9160,-0.01810,-0.00431,0.00021,0.00000,0.00000,0.074,-0.015,0
128.9660,-0.01744,-0.00276,0.00066,0.00000,0.00000,0.065,-0.013,0
129.0160,-0.01670,-0.00125,0.00110,0.00000,0.00000,0.057,-0.011,0
129.0660,-0.01590,0.00022,0.00152,0.00000,0.00000,0.049,-0.009,0
129.1160,-0.01505,0.00163,0.00193,0.00000,0.00000,0.042,-0.008,0
129.1660,-0.01414,0.00299,0.00231,0.00000,0.00000,0.036,-0.006,0
129.2160,-0.01318,0.00430,0.00268,0.00000,0.00000,0.031,-0.005,0
129.2660,-0.01219,0.00556,0.00302,0.00000,0.00000,0.026,-0.004,0
129.3160,-0.01117,0.00674,0.00333,0.00000,0.00000,0.022,-0.003,0
129.3660,-0.01012,0.00787,0.00363,0.00000,0.00000,0.018,-0.002,0
129.4160,-0.00906,0.00891,0.00389,0.00000,0.00000,0.015,-0.001,0
129.4660,-0.00797,0.00987,0.00413,0.00000,0.00000,0.013,-0.001,0
129.5160,-0.00688,0.01076,0.00435,0.00000,0.00000,0.011,0.000,0
129.5660,-0.00580,0.01157,0.00453,0.00000,0.00000,0.010,0.001,0
129.6160,-0.00472,0.01231,0.00469,0.00000,0.00000,0.009,0.001,0
129.6660,-0.00366,0.01298,0.00482,0.00000,0.00000,0.008,0.001,0
129.7160,-0.00263,0.01358,0.00492,0.00000,0.00000,0.007,0.002,0
129.7660,-0.00162,0.01410,0.00499,0.00000,0.00000,0.007,0.002,0
129.8160,-0.00065,0.01454,0.00504,0.00000,0.00000,0.007,0.002,0
129.8660,0.00029,0.01491,0.00505,0.00000,0.00000,0.007,0.003,0
129.9160,0.00119,0.01520,0.00504,0.00000,0.00000,0.007,0.003,0
129.9660,0.00205,0.01541,0.00500,0.00000,0.00000,0.007,0.003,0
130.0160,0.00285,0.01555,0.00494,0.00000,0.00000,0.008,0.003,0
130.0660,0.00360,0.01562,0.00485,0.00000,0.00000,0.008,0.004,0
130.1160,0.00430,0.01561,0.00474,0.00000,0.00000,0.008,0.004,0
130.1660,0.00494,0.01554,0.00461,0.00000,0.00000,0.009,0.004,0
130.2160,0.00551,0.01540,0.00445,0.00000,0.00000,0.009,0.004,0
130.2660,0.00603,0.01520,0.00427,0.00000,0.00000,0.010,0.005,0
130.3160,0.00647,0.01494,0.00408,0.00000,0.00000,0.010,0.005,0
130.3660,0.00686,0.01462,0.00386,0.00000,0.00000,0.010,0.005,0
130.4160,0.00718,0.01424,0.00363,0.00000,0.00000,0.010,0.005,0
130.4660,0.00743,0.01380,0.00339,0.00000,0.00000,0.011,0.005,0
130.5160,0.00763,0.01330,0.00313,0.00000,0.00000,0.011,0.006,0
130.5660,0.00776,0.01274,0.00286,0.00000,0.00000,0.011,0.006,0
130.6160,0.00782,0.01214,0.00259,0.00000,0.00000,0.011,0.006,0
130.6660,0.00782,0.01151,0.00230,0.00000,0.00000,0.011,0.006,0
130.7160,0.00776,0.01083,0.00201,0.00000,0.00000,0.011,0.006,0
130.7660,0.00763,0.01013,0.00171,0.00000,0.00000,0.011,0.007,0
130.8160,0.00743,0.00941,0.00141,0.00000,0.00000,0.011,0.007,0
130.8660,0.00718,0.00865,0.00111,0.00000,0.00000,0.011,0.007,0
130.9160,0.00688,0.00786,0.00081,0.00000,0.00000,0.011,0.007,0
130.9660,0.00652,0.00705,0.00051,0.00000,0.00000,0.011,0.007,0
131.0160,0.00612,0.00622,0.00022,0.00000,0.00000,0.011,0.007,0
131.0660,0.00566,0.00539,-0.00006,0.00000,0.00000,0.011,0.007,0
131.1160,0.00516,0.00454,-0.00034,0.00000,0.00000,0.011,0.007,0
131.1660,0.00461,0.00369,-0.00061,0.00000,0.00000,0.011,0.006,0
131.2160,0.00402,0.00285,-0.00087,0.00000,0.00000,0.011,0.006,0
131.2660,0.00340,0.00199,-0.00112,0.00000,0.00000,0.011,0.006,0
131.3160,0.00275,0.00114,-0.00135,0.00000,0.00000,0.011,0.006,0
131.3660,0.00207,0.00029,-0.00157,0.00000,0.00000,0.011,0.006,0
131.4160,0.00138,-0.00056,-0.00178,0.00000,0.00000,0.010,0.005,0
131.4660,0.00067,-0.00142,-0.00196,0.00000,0.00000,0.010,0.005,0
131.5160,-0.00005,-0.00228,-0.00213,0.00000,0.00000,0.010,0.005,0
131.5660,-0.00077,-0.00314,-0.00228,0.00000,0.00000,0.010,0.005,0
131.6160,-0.00148,-0.00401,-0.00241,0.00000,0.00000,0.010,0.004,0
131.6660,-0.00219,-0.00487,-0.00252,0.00000,0.00000,0.010,0.004,0
131.7160,-0.00289,-0.00572,-0.00262,0.00000,0.00000,0.010,0.004,0
131.7660,-0.00358,-0.00655,-0.00269,0.00000,0.00000,0.010,0.004,0
131.8160,-0.00425,-0.00738,-0.00273,0.00000,0.00000,0.009,0.003,0
131.8660,-0.00491,-0.00819,-0.00276,0.00000,0.00000,0.009,0.003,0
131.9160,-0.00555,-0.00897,-0.00277,0.00000,0.00000,0.009,0.003,0
131.9660,-0.00616,-0.00975,-0.00275,0.00000,0.00000,0.008,0.003,0
132.0160,-0.00673,-0.01051,-0.00272,0.00000,0.00000,0.008,0.002,0
132.0660,-0.00726,-0.01126,-0.00266,0.00000,0.00000,0.007,0.002,0
132.1160,-0.00776,-0.01198,-0.00258,0.00000,0.00000,0.006,0.002,0
132.1660,-0.00822,-0.01269,-0.00248,0.00000,0.00000,0.006,0.002,0
132.2160,-0.00862,-0.01340,-0.00237,0.00000,0.00000,0.005,0.002,0
132.2660,-0.00897,-0.01409,-0.00223,0.00000,0.00000,0.004,0.002,0
132.3160,-0.00927,-0.01476,-0.00208,0.00000,0.00000,0.003,0.001,0
132.3660,-0.00952,-0.01542,-0.00190,0.00000,0.00000,0.002,0.001,0
132.4160,-0.00971,-0.01607,-0.00172,0.00000,0.00000,0.001,0.001,0
132.4660,-0.00984,-0.01670,-0.00151,0.00000,0.00000,-0.000,0.001,0
132.5160,-0.00991,-0.01731,-0.00129,0.00000,0.00000,-0.001,0.001,0
132.5660,-0.00993,-0.01791,-0.00106,0.00000,0.00000,-0.003,0.001,0
132.6160,-0.00989,-0.01847,-0.00082,0.00000,0.00000,-0.004,0.001,0
132.6660,-0.00980,-0.01902,-0.00057,0.00000,0.00000,-0.005,0.001,0
132.7160,-0.00965,-0.01955,-0.00031,0.00000,0.00000,-0.007,0.000,0
132.7660,-0.00943,-0.02007,-0.00003,0.00000,0.00000,-0.008,0.000,0
132.8160,-0.00915,-0.02059,0.00024,0.00000,0.00000,-0.009,0.000,0
132.8660,-0.00882,-0.02108,0.00053,0.00000,0.00000,-0.011,-0.000,0
132.9160,-0.00844,-0.02156,0.00081,0.00000,0.00000,-0.012,-0.000,0
132.9660,-0.00799,-0.02202,0.00110,0.00000,0.00000,-0.013,-0.001,0
133.0160,-0.00749,-0.02248,0.00139,0.00000,0.00000,-0.014,-0.001,0
133.0660,-0.00694,-0.02291,0.00168,0.00000,0.00000,-0.015,-0.001,0
133.1160,-0.00634,-0.02333,0.00197,0.00000,0.00000,-0.016,-0.001,0
133.1660,-0.00569,-0.02374,0.00225,0.00000,0.00000,-0.017,-0.001,0
133.2160,-0.00500,-0.02415,0.00253,0.00000,0.00000,-0.018,-0.001,0
133.2660,-0.00425,-0.02455,0.00281,0.00000,0.00000,-0.018,-0.002,0
133.3160,-0.00345,-0.02495,0.00308,0.00000,0.00000,-0.018,-0.002,0
133.3660,-0.00262,-0.02534,0.00334,0.00000,0.00000,-0.018,-0.002,0
133.4160,-0.00175,-0.02572,0.00359,0.00000,0.00000,-0.018,-0.002,0
133.4660,-0.00084,-0.02610,0.00383,0.00000,0.00000,-0.018,-0.002,0
133.5160,0.00010,-0.02649,0.00406,0.00000,0.00000,-0.017,-0.002,0
133.5660,0.00108,-0.02686,0.00427,0.00000,0.00000,-0.016,-0.002,0
133.6160,0.00207,-0.02722,0.00447,0.00000,0.00000,-0.015,-0.002,0
133.6660,0.00309,-0.02758,0.00466,0.00000,0.00000,-0.013,-0.002,0
133.7160,0.00412,-0.02792,0.00484,0.00000,0.00000,-0.012,-0.001,0
133.7660,0.00517,-0.02827,0.00500,0.00000,0.00000,-0.009,-0.001,0
133.8160,0.00624,-0.02860,0.00514,0.00000,0.00000,-0.007,-0.000,0
133.8660,0.00731,-0.02893,0.00526,0.00000,0.00000,-0.004,0.000,0
133.9160,0.00838,-0.02926,0.00537,0.00000,0.00000,-0.001,0.001,0
133.9660,0.00946,-0.02958,0.00546,0.00000,0.00000,0.003,0.001,0
134.0160,0.01054,-0.02991,0.00554,0.00000,0.00000,0.006,0.002,0
134.0660,0.01162,-0.03023,0.00559,0.00000,0.00000,0.011,0.003,0
134.1160,0.01269,-0.03054,0.00563,0.00000,0.00000,0.015,0.004,0
134.1660,0.01376,-0.03086,0.00565,0.00000,0.00000,0.020,0.006,0
134.2160,0.01481,-0.03117,0.00565,0.00000,0.00000,0.026,0.007,0
134.2660,0.01585,-0.03148,0.00564,0.00000,0.00000,0.031,0.008,0
134.3160,0.01687,-0.03177,0.00560,0.00000,0.00000,0.037,0.010,0
134.3660,0.01788,-0.03206,0.00555,0.00000,0.00000,0.044,0.011,0
134.4160,0.01887,-0.03236,0.00548,0.00000,0.00000,0.050,0.013,0
134.4660,0.01984,-0.03265,0.00540,0.00000,0.00000,0.057,0.015,0
134.5160,0.02078,-0.03291,0.00529,0.00000,0.00000,0.065,0.017,0
134.5660,0.02170,-0.03317,0.00518,0.00000,0.00000,0.072,0.019,0
134.6160,0.02259,-0.03342,0.00504,0.00000,0.00000,0.080,0.021,0
134.6660,0.02345,-0.03365,0.00490,0.00000,0.00000,0.088,0.023,0
134.7160,0.02429,-0.03388,0.00474,0.00000,0.00000,0.096,0.025,0
134.7660,0.02509,-0.03407,0.00456,0.00000,0.00000,0.105,0.027,0
134.8160,0.02587,-0.03427,0.00437,0.00000,0.00000,0.113,0.029,0
134.8660,0.02661,-0.03445,0.00418,0.00000,0.00000,0.122,0.031,0
134.9160,0.02733,-0.03462,0.00397,0.00000,0.00000,0.131,0.034,0
134.9660,0.02802,-0.03478,0.00375,0.00000,0.00000,0.140,0.036,0
135.0160,0.02868,-0.03492,0.00352,0.00000,0.00000,0.149,0.038,0
135.0660,0.02932,-0.03506,0.00328,0.00000,0.00000,0.158,0.040,0
135.1160,0.02992,-0.03519,0.00304,0.00000,0.00000,0.168,0.042,0
135.1660,0.03051,-0.03532,0.00279,0.00000,0.00000,0.177,0.044,0
135.2160,0.03107,-0.03544,0.00253,0.00000,0.00000,0.187,0.046,0
135.2660,0.03160,-0.03554,0.00227,0.00000,0.00000,0.196,0.048,0
135.3160,0.03210,-0.03563,0.00201,0.00000,0.00000,0.206,0.050,0
135.3660,0.03258,-0.03570,0.00174,0.00000,0.00000,0.216,0.052,0
135.4160,0.03303,-0.03577,0.00147,0.00000,0.00000,0.225,0.053,0
135.4660,0.03346,-0.03582,0.00120,0.00000,0.00000,0.235,0.055,0
135.5160,0.03386,-0.03586,0.00094,0.00000,0.00000,0.244,0.056,0
135.5660,0.03423,-0.03588,0.00067,0.00000,0.00000,0.254,0.057,0
135.6160,0.03458,-0.03588,0.00040,0.00000,0.00000,0.263,0.059,0
135.6660,0.03490,-0.03585,0.00014,0.00000,0.00000,0.272,0.060,0
135.7160,0.03518,-0.03580,-0.00012,0.00000,0.00000,0.280,0.061,0
135.7660,0.03545,-0.03574,-0.00038,0.00000,0.00000,0.289,0.061,0
135.8160,0.03569,-0.03566,-0.00063,0.00000,0.00000,0.297,0.062,0
135.8660,0.03592,-0.03557,-0.00087,0.00000,0.00000,0.305,0.063,0
135.9160,0.03613,-0.03548,-0.00111,0.00000,0.00000,0.313,0.063,0
135.9660,0.03633,-0.03538,-0.00134,0.00000,0.00000,0.321,0.063,0
136.0160,0.03650,-0.03526,-0.00156,0.00000,0.00000,0.329,0.064,0
136.0660,0.03665,-0.03512,-0.00178,0.00000,0.00000,0.336,0.064,0
136.1160,0.03679,-0.03497,-0.00198,0.00000,0.00000,0.344,0.064,0
136.1660,0.03690,-0.03479,-0.00218,0.00000,0.00000,0.350,0.064,0
136.2160,0.03699,-0.03459,-0.00237,0.00000,0.00000,0.357,0.063,0
136.2660,0.03706,-0.03439,-0.00254,0.00000,0.00000,0.363,0.063,0
136.3160,0.03713,-0.03418,-0.00271,0.00000,0.00000,0.369,0.062,0
136.3660,0.03719,-0.03396,-0.00287,0.00000,0.00000,0.374,0.062,0
136.4160,0.03723,-0.03374,-0.00301,0.00000,0.00000,0.379,0.061,0
136.4660,0.03727,-0.03352,-0.00314,0.00000,0.00000,0.385,0.061,0
136.5160,0.03730,-0.03329,-0.00327,0.00000,0.00000,0.390,0.060,0
136.5660,0.03732,-0.03306,-0.00338,0.00000,0.00000,0.394,0.059,0
136.6160,0.03732,-0.03282,-0.00348,0.00000,0.00000,0.399,0.058,0
136.6660,0.03733,-0.03259,-0.00357,0.00000,0.00000,0.403,0.057,0
136.7160,0.03733,-0.03235,-0.00365,0.00000,0.00000,0.407,0.057,0
136.7660,0.03732,-0.03211,-0.00371,0.00000,0.00000,0.411,0.056,0
136.8160,0.03731,-0.03186,-0.00377,0.00000,0.00000,0.414,0.055,0
136.8660,0.03729,-0.03163,-0.00382,0.00000,0.00000,0.418,0.054,0
136.9160,0.03727,-0.03140,-0.00385,0.00000,0.00000,0.421,0.053,0
136.9660,0.03726,-0.03118,-0.00388,0.00000,0.00000,0.424,0.052,0
137.0160,0.03724,-0.03097,-0.00389,0.00000,0.00000,0.427,0.051,0
137.0660,0.03721,-0.03075,-0.00390,0.00000,0.00000,0.429,0.049,0
137.1160,0.03718,-0.03053,-0.00389,0.00000,0.00000,0.431,0.048,0
137.1660,0.03715,-0.03032,-0.00388,0.00000,0.00000,0.433,0.047,0
137.2160,0.03711,-0.03011,-0.00386,0.00000,0.00000,0.435,0.046,0
137.2660,0.03708,-0.02993,-0.00383,0.00000,0.00000,0.437,0.046,0
137.3160,0.03705,-0.02974,-0.00380,0.00000,0.00000,0.439,0.045,0
137.3660,0.03701,-0.02958,-0.00376,0.00000,0.00000,0.440,0.044,0
137.4160,0.03698,-0.02942,-0.00371,0.00000,0.00000,0.442,0.043,0
137.4660,0.03695,-0.02928,-0.00366,0.00000,0.00000,0.443,0.042,0
137.5160,0.03691,-0.02914,-0.00360,0.00000,0.00000,0.444,0.041,0
137.5660,0.03687,-0.02902,-0.00354,0.00000,0.00000,0.445,0.040,0
137.6160,0.03684,-0.02891,-0.00347,0.00000,0.00000,0.446,0.040,0
137.6660,0.03680,-0.02882,-0.00340,0.00000,0.00000,0.447,0.039,0
137.7160,0.03676,-0.02875,-0.00333,0.00000,0.00000,0.447,0.038,0
137.7660,0.03672,-0.02869,-0.00326,0.00000,0.00000,0.448,0.038,0
137.8160,0.03668,-0.02866,-0.00319,0.00000,0.00000,0.449,0.037,0
137.8660,0.03665,-0.02865,-0.00312,0.00000,0.00000,0.450,0.037,0
137.9160,0.03661,-0.02866,-0.00304,0.00000,0.00000,0.450,0.036,0
137.9660,0.03657,-0.02868,-0.00297,0.00000,0.00000,0.451,0.036,0
138.0160,0.03652,-0.02872,-0.00290,0.00000,0.00000,0.452,0.035,0
138.0660,0.03647,-0.02877,-0.00284,0.00000,0.00000,0.453,0.035,0
138.1160,0.03642,-0.02885,-0.00277,0.00000,0.00000,0.453,0.035,0
138.1660,0.03636,-0.02895,-0.00272,0.00000,0.00000,0.454,0.034,0
138.2160,0.03630,-0.02906,-0.00266,0.00000,0.00000,0.455,0.034,0
138.2660,0.03622,-0.02918,-0.00261,0.00000,0.00000,0.456,0.034,0
138.3160,0.03612,-0.02931,-0.00257,0.00000,0.00000,0.456,0.033,0
138.3660,0.03602,-0.02945,-0.00253,0.00000,0.00000,0.457,0.033,0
138.4160,0.03591,-0.02962,-0.00250,0.00000,0.00000,0.458,0.033,0
138.4660,0.03579,-0.02980,-0.00248,0.00000,0.00000,0.458,0.032,0
138.5160,0.03566,-0.03000,-0.00247,0.00000,0.00000,0.459,0.032,0
138.5660,0.03551,-0.03022,-0.00246,0.00000,0.00000,0.460,0.032,0
138.6160,0.03535,-0.03043,-0.00247,0.00000,0.00000,0.461,0.031,0
138.6660,0.03516,-0.03066,-0.00248,0.00000,0.00000,0.462,0.031,0
138.7160,0.03495,-0.03088,-0.00250,0.00000,0.00000,0.463,0.030,0
138.7660,0.03471,-0.03111,-0.00254,0.00000,0.00000,0.463,0.030,0
138.8160,0.03446,-0.03134,-0.00258,0.00000,0.00000,0.464,0.029,0
138.8660,0.03417,-0.03157,-0.00263,0.00000,0.00000,0.464,0.029,0
138.9160,0.03386,-0.03180,-0.00270,0.00000,0.00000,0.465,0.028,0
138.9660,0.03352,-0.03203,-0.00277,0.00000,0.00000,0.465,0.028,0
139.0160,0.03315,-0.03225,-0.00286,0.00000,0.00000,0.465,0.027,0
139.0660,0.03274,-0.03246,-0.00296,0.00000,0.00000,0.465,0.026,0
139.1160,0.03229,-0.03266,-0.00307,0.00000,0.00000,0.465,0.025,0
139.1660,0.03181,-0.03285,-0.00319,0.00000,0.00000,0.465,0.024,0
139.2160,0.03130,-0.03303,-0.00332,0.00000,0.00000,0.464,0.023,0
139.2660,0.03075,-0.03322,-0.00346,0.00000,0.00000,0.464,0.022,0
139.3160,0.03017,-0.03340,-0.00361,0.00000,0.00000,0.463,0.021,0
139.3660,0.02956,-0.03358,-0.00377,0.00000,0.00000,0.462,0.019,0
139.4160,0.02890,-0.03373,-0.00394,0.00000,0.00000,0.462,0.018,0
139.4660,0.02820,-0.03388,-0.00412,0.00000,0.00000,0.460,0.017,0
139.5160,0.02746,-0.03401,-0.00431,0.00000,0.00000,0.459,0.015,0
139.5660,0.02668,-0.03412,-0.00450,0.00000,0.00000,0.458,0.013,0
139.6160,0.02585,-0.03420,-0.00471,0.00000,0.00000,0.456,0.012,0
139.6660,0.02498,-0.03425,-0.00492,0.00000,0.00000,0.453,0.010,0
139.7160,0.02405,-0.03426,-0.00514,0.00000,0.00000,0.451,0.008,0
139.7660,0.02307,-0.03425,-0.00536,0.00000,0.00000,0.447,0.006,0
139.8160,0.02205,-0.03422,-0.00559,0.00000,0.00000,0.444,0.004,0
139.8660,0.02098,-0.03415,-0.00582,0.00000,0.00000,0.440,0.002,0
139.9160,0.01986,-0.03406,-0.00606,0.00000,0.00000,0.436,-0.000,0
139.9660,0.01869,-0.03391,-0.00629,0.00000,0.00000,0.431,-0.002,0
140.0160,0.01747,-0.03374,-0.00653,0.00000,0.00000,0.425,-0.004,0
140.0660,0.01620,-0.03353,-0.00677,0.00000,0.00000,0.420,-0.007,0
140.1160,0.01488,-0.03327,-0.00701,0.00000,0.00000,0.413,-0.009,0
140.1660,0.01351,-0.03297,-0.00725,0.00000,0.00000,0.406,-0.011,0
140.2160,0.01209,-0.03262,-0.00748,0.00000,0.00000,0.399,-0.013,0
140.2660,0.01063,-0.03223,-0.00771,0.00000,0.00000,0.390,-0.015,0
140.3160,0.00912,-0.03179,-0.00793,0.00000,0.00000,0.382,-0.017,0
140.3660,0.00757,-0.03131,-0.00815,0.00000,0.00000,0.372,-0.019,0
140.4160,0.00598,-0.03079,-0.00836,0.00000,0.00000,0.362,-0.021,0
140.4660,0.00437,-0.03024,-0.00856,0.00000,0.00000,0.352,-0.023,0
140.5160,0.00273,-0.02966,-0.00875,0.00000,0.00000,0.342,-0.024,0
140.5660,0.00106,-0.02907,-0.00893,0.00000,0.00000,0.331,-0.026,0
140.6160,-0.00062,-0.02844,-0.00910,0.00000,0.00000,0.319,-0.027,0
140.6660,-0.00232,-0.02778,-0.00925,0.00000,0.00000,0.308,-0.028,0
140.7160,-0.00405,-0.02708,-0.00939,0.00000,0.00000,0.295,-0.030,0
140.7660,-0.00579,-0.02635,-0.00951,0.00000,0.00000,0.283,-0.030,0
140.8160,-0.00753,-0.02558,-0.00961,0.00000,0.00000,0.270,-0.031,0
140.8660,-0.00927,-0.02480,-0.00970,0.00000,0.00000,0.256,-0.032,0
140.9160,-0.01101,-0.02399,-0.00977,0.00000,0.00000,0.243,-0.032,0
140.9660,-0.01274,-0.02316,-0.00981,0.00000,0.00000,0.229,-0.032,0
141.0160,-0.01446,-0.02231,-0.00984,0.00000,0.00000,0.215,-0.032,0
141.0660,-0.01615,-0.02144,-0.00984,0.00000,0.00000,0.201,-0.031,0
141.1160,-0.01783,-0.02056,-0.00982,0.00000,0.00000,0.186,-0.031,0
141.1660,-0.01946,-0.01966,-0.00977,0.00000,0.00000,0.172,-0.030,0
141.2160,-0.02107,-0.01875,-0.00970,0.00000,0.00000,0.157,-0.029,0
141.2660,-0.02263,-0.01781,-0.00960,0.00000,0.00000,0.142,-0.028,0
141.3160,-0.02415,-0.01687,-0.00948,0.00000,0.00000,0.128,-0.026,0
141.3660,-0.02562,-0.01591,-0.00933,0.00000,0.00000,0.113,-0.024,0
141.4160,-0.02702,-0.01495,-0.00915,0.00000,0.00000,0.098,-0.022,0
141.4660,-0.02836,-0.01400,-0.00894,0.00000,0.00000,0.084,-0.020,0
141.5160,-0.02962,-0.01306,-0.00871,0.00000,0.00000,0.070,-0.018,0
141.5660,-0.03079,-0.01213,-0.00844,0.00000,0.00000,0.056,-0.015,0
141.6160,-0.03188,-0.01122,-0.00815,0.00000,0.00000,0.042,-0.013,0
141.6660,-0.03288,-0.01032,-0.00783,0.00000,0.00000,0.029,-0.010,0
141.7160,-0.03380,-0.00944,-0.00748,0.00000,0.00000,0.016,-0.007,0
141.7660,-0.03462,-0.00858,-0.00710,0.00000,0.00000,0.003,-0.005,0
141.8160,-0.03535,-0.00774,-0.00670,0.00000,0.00000,-0.009,-0.002,0
141.8660,-0.03598,-0.00693,-0.00626,0.00000,0.00000,-0.020,0.001,0
141.9160,-0.03651,-0.00617,-0.00580,0.00000,0.00000,-0.031,0.004,0
141.9660,-0.03694,-0.00543,-0.00532,0.00000,0.00000,-0.041,0.006,0
142.0160,-0.03728,-0.00473,-0.00480,0.00000,0.00000,-0.051,0.009,0
142.0660,-0.03752,-0.00408,-0.00427,0.00000,0.00000,-0.060,0.011,0
142.1160,-0.03766,-0.00346,-0.00371,0.00000,0.00000,-0.068,0.014,0
142.1660,-0.03770,-0.00290,-0.00312,0.00000,0.00000,-0.076,0.016,0
142.2160,-0.03765,-0.00237,-0.00252,0.00000,0.00000,-0.083,0.018,0
142.2660,-0.03750,-0.00189,-0.00190,0.00000,0.00000,-0.089,0.019,0
142.3160,-0.03724,-0.00147,-0.00126,0.00000,0.00000,-0.095,0.020,0
142.3660,-0.03689,-0.00110,-0.00060,0.00000,0.00000,-0.100,0.022,0
142.4160,-0.03644,-0.00079,0.00007,0.00000,0.00000,-0.105,0.022,0
142.4660,-0.03588,-0.00053,0.00076,0.00000,0.00000,-0.109,0.023,0
142.5160,-0.03523,-0.00033,0.00146,0.00000,0.00000,-0.112,0.023,0
142.5660,-0.03448,-0.00018,0.00216,0.00000,0.00000,-0.115,0.023,0
142.6160,-0.03363,-0.00008,0.00287,0.00000,0.00000,-0.117,0.022,0
142.6660,-0.03268,-0.00005,0.00359,0.00000,0.00000,-0.119,0.021,0
142.7160,-0.03162,-0.00007,0.00431,0.00000,0.00000,-0.120,0.020,0
142.7660,-0.03048,-0.00015,0.00503,0.00000,0.00000,-0.121,0.018,0
142.8160,-0.02923,-0.00026,0.00575,0.00000,0.00000,-0.122,0.017,0
142.8660,-0.02789,-0.00043,0.00646,0.00000,0.00000,-0.122,0.014,0
142.9160,-0.02646,-0.00066,0.00716,0.00000,0.00000,-0.122,0.012,0
142.9660,-0.02492,-0.00094,0.00786,0.00000,0.00000,-0.121,0.009,0
143.0160,-0.02329,-0.00127,0.00854,0.00000,0.00000,-0.120,0.007,0
143.0660,-0.02156,-0.00165,0.00921,0.00000,0.00000,-0.119,0.004,0
143.1160,-0.01975,-0.00208,0.00986,0.00000,0.00000,-0.118,0.001,0
143.1660,-0.01785,-0.00254,0.01049,0.00000,0.00000,-0.116,-0.002,0
143.2160,-0.01586,-0.00305,0.01110,0.00000,0.00000,-0.114,-0.006,0
143.2660,-0.01379,-0.00360,0.01168,0.00000,0.00000,-0.112,-0.009,0
143.3160,-0.01165,-0.00417,0.01224,0.00000,0.00000,-0.109,-0.012,0
143.3660,-0.00943,-0.00477,0.01278,0.00000,0.00000,-0.107,-0.015,0
143.4160,-0.00715,-0.00541,0.01328,0.00000,0.00000,-0.104,-0.018,0
143.4660,-0.00480,-0.00607,0.01375,0.00000,0.00000,-0.100,-0.021,0
143.5160,-0.00239,-0.00676,0.01419,0.00000,0.00000,-0.097,-0.023,0
143.5660,0.00007,-0.00748,0.01459,0.00000,0.00000,-0.093,-0.026,0
143.6160,0.00258,-0.00821,0.01496,0.00000,0.00000,-0.089,-0.027,0
143.6660,0.00513,-0.00896,0.01529,0.00000,0.00000,-0.085,-0.029,0
143.7160,0.00771,-0.00972,0.01558,0.00000,0.00000,-0.081,-0.030,0
143.7660,0.01031,-0.01048,0.01583,0.00000,0.00000,-0.076,-0.031,0
143.8160,0.01292,-0.01124,0.01604,0.00000,0.00000,-0.070,-0.031,0
143.8660,0.01554,-0.01199,0.01621,0.00000,0.00000,-0.065,-0.031,0
143.9160,0.01815,-0.01274,0.01633,0.00000,0.00000,-0.059,-0.030,0
143.9660,0.02074,-0.01347,0.01641,0.00000,0.00000,-0.052,-0.029,0
144.0160,0.02332,-0.01420,0.01645,0.00000,0.00000,-0.046,-0.027,0
144.0660,0.02586,-0.01492,0.01644,0.00000,0.00000,-0.038,-0.024,0
144.1160,0.02837,-0.01562,0.01638,0.00000,0.00000,-0.031,-0.021,0
144.1660,0.03082,-0.01630,0.01629,0.00000,0.00000,-0.022,-0.017,0
144.2160,0.03323,-0.01699,0.01615,0.00000,0.00000,-0.013,-0.013,0
144.2660,0.03557,-0.01765,0.01596,0.00000,0.00000,-0.004,-0.008,0
144.3160,0.03785,-0.01827,0.01573,0.00000,0.00000,0.006,-0.002,0
144.3660,0.04005,-0.01887,0.01546,0.00000,0.00000,0.016,0.004,0
144.4160,0.04217,-0.01944,0.01514,0.00000,0.00000,0.027,0.010,0
144.4660,0.04422,-0.01997,0.01479,0.00000,0.00000,0.039,0.017,0
144.5160,0.04618,-0.02046,0.01439,0.00000,0.00000,0.051,0.025,0
144.5660,0.04806,-0.02090,0.01396,0.00000,0.00000,0.063,0.032,0
144.6160,0.04986,-0.02130,0.01348,0.00000,0.00000,0.076,0.040,0
144.6660,0.05157,-0.02166,0.01297,0.00000,0.00000,0.088,0.048,0
144.7160,0.05320,-0.02197,0.01243,0.00000,0.00000,0.102,0.056,0
144.7660,0.05475,-0.02224,0.01185,0.00000,0.00000,0.115,0.065,0
144.8160,0.05622,-0.02247,0.01124,0.00000,0.00000,0.129,0.073,0
144.8660,0.05761,-0.02265,0.01060,0.00000,0.00000,0.143,0.081,0
144.9160,0.05892,-0.02278,0.00993,0.00000,0.00000,0.157,0.089,0
144.9660,0.06016,-0.02287,0.00923,0.00000,0.00000,0.171,0.097,0
145.0160,0.06131,-0.02291,0.00852,0.00000,0.00000,0.185,0.105,0
145.0660,0.06239,-0.02291,0.00778,0.00000,0.00000,0.198,0.112,0
145.1160,0.06339,-0.02286,0.00702,0.00000,0.00000,0.212,0.119,0
145.1660,0.06431,-0.02276,0.00625,0.00000,0.00000,0.226,0.126,0
145.2160,0.06516,-0.02261,0.00547,0.00000,0.00000,0.239,0.132,0
145.2660,0.06592,-0.02242,0.00467,0.00000,0.00000,0.252,0.138,0
145.3160,0.06663,-0.02220,0.00387,0.00000,0.00000,0.265,0.143,0
145.3660,0.06726,-0.02196,0.00306,0.00000,0.00000,0.277,0.147,0
145.4160,0.06783,-0.02169,0.00225,0.00000,0.00000,0.289,0.151,0
145.4660,0.06832,-0.02138,0.00144,0.00000,0.00000,0.301,0.154,0
145.5160,0.06874,-0.02103,0.00063,0.00000,0.00000,0.312,0.157,0
145.5660,0.06908,-0.02064,-0.00017,0.00000,0.00000,0.323,0.158,0
145.6160,0.06934,-0.02022,-0.00097,0.00000,0.00000,0.332,0.159,0
145.6660,0.06953,-0.01976,-0.00175,0.00000,0.00000,0.342,0.160,0
145.7160,0.06964,-0.01927,-0.00252,0.00000,0.00000,0.350,0.160,0
145.7660,0.06968,-0.01875,-0.00327,0.00000,0.00000,0.358,0.159,0
145.8160,0.06964,-0.01821,-0.00401,0.00000,0.00000,0.364,0.157,0
145.8660,0.06953,-0.01765,-0.00472,0.00000,0.00000,0.371,0.155,0
145.9160,0.06934,-0.01707,-0.00541,0.00000,0.00000,0.376,0.152,0
145.9660,0.06908,-0.01646,-0.00607,0.00000,0.00000,0.380,0.149,0
146.0160,0.06874,-0.01584,-0.00670,0.00000,0.00000,0.384,0.145,0
146.0660,0.06834,-0.01521,-0.00731,0.00000,0.00000,0.387,0.140,0
146.1160,0.06787,-0.01459,-0.00788,0.00000,0.00000,0.389,0.136,0
146.1660,0.06733,-0.01396,-0.00842,0.00000,0.00000,0.390,0.130,0
146.2160,0.06673,-0.01334,-0.00892,0.00000,0.00000,0.391,0.124,0
146.2660,0.06608,-0.01273,-0.00939,0.00000,0.00000,0.391,0.118,0
146.3160,0.06536,-0.01212,-0.00981,0.00000,0.00000,0.391,0.112,0
146.3660,0.06459,-0.01154,-0.01020,0.00000,0.00000,0.390,0.105,0
146.4160,0.06375,-0.01096,-0.01055,0.00000,0.00000,0.388,0.099,0
146.4660,0.06287,-0.01038,-0.01086,0.00000,0.00000,0.385,0.092,0
146.5160,0.06192,-0.00982,-0.01113,0.00000,0.00000,0.382,0.085,0
146.5660,0.06093,-0.00927,-0.01135,0.00000,0.00000,0.378,0.077,0
146.6160,0.05989,-0.00875,-0.01154,0.00000,0.00000,0.374,0.070,0
146.6660,0.05882,-0.00827,-0.01168,0.00000,0.00000,0.370,0.063,0
146.7160,0.05773,-0.00783,-0.01178,0.00000,0.00000,0.365,0.056,0
146.7660,0.05661,-0.00744,-0.01184,0.00000,0.00000,0.360,0.049,0
146.8160,0.05546,-0.00709,-0.01186,0.00000,0.00000,0.354,0.043,0
146.8660,0.05430,-0.00678,-0.01185,0.00000,0.00000,0.349,0.036,0
146.9160,0.05312,-0.00653,-0.01179,0.00000,0.00000,0.344,0.030,0
146.9660,0.05194,-0.00632,-0.01170,0.00000,0.00000,0.338,0.024,0
147.0160,0.05075,-0.00617,-0.01157,0.00000,0.00000,0.333,0.018,0
147.0660,0.04955,-0.00606,-0.01141,0.00000,0.00000,0.327,0.012,0
147.1160,0.04834,-0.00599,-0.01122,0.00000,0.00000,0.322,0.007,0
147.1660,0.04714,-0.00596,-0.01100,0.00000,0.00000,0.316,0.002,0
147.2160,0.04593,-0.00597,-0.01075,0.00000,0.00000,0.311,-0.002,0
147.2660,0.04474,-0.00603,-0.01048,0.00000,0.00000,0.305,-0.007,0
147.3160,0.04355,-0.00613,-0.01018,0.00000,0.00000,0.300,-0.010,0
147.3660,0.04238,-0.00628,-0.00986,0.00000,0.00000,0.295,-0.014,0
147.4160,0.04122,-0.00648,-0.00952,0.00000,0.00000,0.290,-0.017,0
147.4660,0.04009,-0.00673,-0.00917,0.00000,0.00000,0.285,-0.020,0
147.5160,0.03898,-0.00702,-0.00880,0.00000,0.00000,0.280,-0.022,0
147.5660,0.03789,-0.00735,-0.00842,0.00000,0.00000,0.276,-0.024,0
147.6160,0.03681,-0.00772,-0.00803,0.00000,0.00000,0.272,-0.026,0
147.6660,0.03576,-0.00812,-0.00764,0.00000,0.00000,0.268,-0.027,0
147.7160,0.03474,-0.00857,-0.00724,0.00000,0.00000,0.265,-0.028,0
147.7660,0.03376,-0.00907,-0.00684,0.00000,0.00000,0.262,-0.029,0
147.8160,0.03279,-0.00959,-0.00644,0.00000,0.00000,0.259,-0.030,0
147.8660,0.03185,-0.01015,-0.00605,0.00000,0.00000,0.256,-0.030,0
147.9160,0.03095,-0.01074,-0.00566,0.00000,0.00000,0.254,-0.030,0
147.9660,0.03008,-0.01137,-0.00528,0.00000,0.00000,0.252,-0.030,0
148.0160,0.02923,-0.01204,-0.00492,0.00000,0.00000,0.250,-0.029,0
148.0660,0.02842,-0.01273,-0.00456,0.00000,0.00000,0.249,-0.029,0
148.1160,0.02762,-0.01344,-0.00422,0.00000,0.00000,0.248,-0.028,0
148.1660,0.02685,-0.01418,-0.00390,0.00000,0.00000,0.248,-0.027,0
148.2160,0.02610,-0.01494,-0.00359,0.00000,0.00000,0.247,-0.026,0
148.2660,0.02538,-0.01572,-0.00331,0.00000,0.00000,0.247,-0.025,0
148.3160,0.02466,-0.01649,-0.00304,0.00000,0.00000,0.247,-0.024,0
148.3660,0.02396,-0.01728,-0.00280,0.00000,0.00000,0.248,-0.023,0
148.4160,0.02327,-0.01806,-0.00259,0.00000,0.00000,0.248,-0.022,0
148.4660,0.02257,-0.01884,-0.00239,0.00000,0.00000,0.249,-0.020,0
148.5160,0.02189,-0.01963,-0.00223,0.00000,0.00000,0.250,-0.019,0
148.5660,0.02121,-0.02041,-0.00209,0.00000,0.00000,0.251,-0.018,0
148.6160,0.02052,-0.02118,-0.00197,0.00000,0.00000,0.251,-0.017,0
148.6660,0.01983,-0.02195,-0.00188,0.00000,0.00000,0.252,-0.016,0
148.7160,0.01913,-0.02270,-0.00182,0.00000,0.00000,0.254,-0.015,0
148.7660,0.01841,-0.02344,-0.00179,0.00000,0.00000,0.254,-0.014,0
148.8160,0.01768,-0.02416,-0.00178,0.00000,0.00000,0.255,-0.013,0
148.8660,0.01694,-0.02487,-0.00180,0.00000,0.00000,0.256,-0.012,0
148.9160,0.01617,-0.02555,-0.00184,0.00000,0.00000,0.257,-0.011,0
148.9660,0.01539,-0.02622,-0.00191,0.00000,0.00000,0.258,-0.011,0
149.0160,0.01457,-0.02687,-0.00199,0.00000,0.00000,0.259,-0.010,0
149.0660,0.01374,-0.02749,-0.00210,0.00000,0.00000,0.259,-0.010,0
149.1160,0.01287,-0.02809,-0.00224,0.00000,0.00000,0.259,-0.010,0
149.1660,0.01198,-0.02867,-0.00238,0.00000,0.00000,0.259,-0.009,0
149.2160,0.01105,-0.02922,-0.00255,0.00000,0.00000,0.259,-0.009,0
149.2660,0.01009,-0.02973,-0.00273,0.00000,0.00000,0.259,-0.009,0
149.3160,0.00909,-0.03022,-0.00293,0.00000,0.00000,0.258,-0.010,0
149.3660,0.00806,-0.03067,-0.00314,0.00000,0.00000,0.257,-0.010,0
149.4160,0.00698,-0.03109,-0.00335,0.00000,0.00000,0.256,-0.010,0
149.4660,0.00587,-0.03146,-0.00358,0.00000,0.00000,0.254,-0.010,0
149.5160,0.00472,-0.03180,-0.00381,0.00000,0.00000,0.251,-0.011,0
149.5660,0.00354,-0.03212,-0.00404,0.00000,0.00000,0.248,-0.011,0
149.6160,0.00233,-0.03240,-0.00428,0.00000,0.00000,0.245,-0.012,0
149.6660,0.00109,-0.03267,-0.00451,0.00000,0.00000,0.241,-0.013,0
149.7160,-0.00017,-0.03291,-0.00474,0.00000,0.00000,0.237,-0.013,0
149.7660,-0.00146,-0.03312,-0.00497,0.00000,0.00000,0.233,-0.014,0
149.8160,-0.00277,-0.03330,-0.00518,0.00000,0.00000,0.228,-0.014,0
149.8660,-0.00410,-0.03345,-0.00539,0.00000,0.00000,0.223,-0.015,0
149.9160,-0.00545,-0.03357,-0.00559,0.00000,0.00000,0.217,-0.015,0
149.9660,-0.00681,-0.03368,-0.00577,0.00000,0.00000,0.211,-0.016,0
150.0160,-0.00817,-0.03377,-0.00594,0.00000,0.00000,0.204,-0.016,0
150.0660,-0.00954,-0.03383,-0.00609,0.00000,0.00000,0.197,-0.016,0
150.1160,-0.01090,-0.03387,-0.00623,0.00000,0.00000,0.189,-0.016,0
150.1660,-0.01226,-0.03390,-0.00634,0.00000,0.00000,0.181,-0.016,0
150.2160,-0.01360,-0.03391,-0.00643,0.00000,0.00000,0.172,-0.016,0
150.2660,-0.01493,-0.03390,-0.00649,0.00000,0.00000,0.163,-0.016,0
150.3160,-0.01623,-0.03388,-0.00654,0.00000,0.00000,0.154,-0.016,0
150.3660,-0.01750,-0.03384,-0.00655,0.00000,0.00000,0.144,-0.016,0
150.4160,-0.01873,-0.03380,-0.00654,0.00000,0.00000,0.134,-0.015,0
150.4660,-0.01992,-0.03375,-0.00650,0.00000,0.00000,0.124,-0.014,0
150.5160,-0.02107,-0.03369,-0.00644,0.00000,0.00000,0.114,-0.014,0
150.5660,-0.02215,-0.03363,-0.00634,0.00000,0.00000,0.103,-0.013,0
150.6160,-0.02318,-0.03358,-0.00622,0.00000,0.00000,0.092,-0.012,0
150.6660,-0.02414,-0.03352,-0.00607,0.00000,0.00000,0.081,-0.011,0
150.7160,-0.02503,-0.03347,-0.00589,0.00000,0.00000,0.069,-0.009,0
150.7660,-0.02584,-0.03343,-0.00568,0.00000,0.00000,0.058,-0.008,0
150.8160,-0.02656,-0.03339,-0.00544,0.00000,0.00000,0.046,-0.007,0
150.8660,-0.02721,-0.03335,-0.00517,0.00000,0.00000,0.035,-0.006,0
150.9160,-0.02777,-0.03331,-0.00488,0.00000,0.00000,0.023,-0.004,0
150.9660,-0.02825,-0.03328,-0.00456,0.00000,0.00000,0.011,-0.003,0
151.0160,-0.02865,-0.03324,-0.00422,0.00000,0.00000,-0.000,-0.002,0
151.0660,-0.02897,-0.03319,-0.00385,0.00000,0.00000,-0.012,-0.000,0
151.1160,-0.02920,-0.03313,-0.00347,0.00000,0.00000,-0.024,0.001,0
151.1660,-0.02935,-0.03308,-0.00306,0.00000,0.00000,-0.035,0.002,0
151.2160,-0.02940,-0.03305,-0.00263,0.00000,0.00000,-0.046,0.003,0
151.2660,-0.02937,-0.03302,-0.00218,0.00000,0.00000,-0.057,0.005,0
151.3160,-0.02924,-0.03300,-0.00172,0.00000,0.00000,-0.068,0.005,0
151.3660,-0.02904,-0.03299,-0.00125,0.00000,0.00000,-0.078,0.006,0
151.4160,-0.02874,-0.03299,-0.00077,0.00000,0.00000,-0.087,0.007,0
151.4660,-0.02835,-0.03302,-0.00027,0.00000,0.00000,-0.097,0.007,0
151.5160,-0.02788,-0.03305,0.00023,0.00000,0.00000,-0.105,0.008,0
151.5660,-0.02733,-0.03311,0.00073,0.00000,0.00000,-0.114,0.008,0
151.6160,-0.02669,-0.03318,0.00123,0.00000,0.00000,-0.121,0.008,0
151.6660,-0.02597,-0.03326,0.00174,0.00000,0.00000,-0.129,0.008,0
151.7160,-0.02519,-0.03335,0.00224,0.00000,0.00000,-0.135,0.008,0
151.7660,-0.02433,-0.03345,0.00273,0.00000,0.00000,-0.142,0.007,0
151.8160,-0.02340,-0.03354,0.00322,0.00000,0.00000,-0.147,0.006,0
151.8660,-0.02242,-0.03364,0.00369,0.00000,0.00000,-0.152,0.006,0
151.9160,-0.02137,-0.03375,0.00415,0.00000,0.00000,-0.157,0.005,0
151.9660,-0.02026,-0.03386,0.00460,0.00000,0.00000,-0.160,0.004,0
152.0160,-0.01909,-0.03398,0.00502,0.00000,0.00000,-0.164,0.002,0
152.0660,-0.01787,-0.03411,0.00543,0.00000,0.00000,-0.166,0.001,0
152.1160,-0.01661,-0.03422,0.00581,0.00000,0.00000,-0.168,-0.000,0
152.1660,-0.01531,-0.03433,0.00617,0.00000,0.00000,-0.169,-0.002,0
152.2160,-0.01398,-0.03443,0.00650,0.00000,0.00000,-0.170,-0.003,0
152.2660,-0.01261,-0.03454,0.00681,0.00000,0.00000,-0.170,-0.005,0
152.3160,-0.01121,-0.03463,0.00708,0.00000,0.00000,-0.170,-0.006,0
152.3660,-0.00979,-0.03472,0.00732,0.00000,0.00000,-0.169,-0.007,0
152.4160,-0.00836,-0.03479,0.00753,0.00000,0.00000,-0.167,-0.009,0
152.4660,-0.00692,-0.03485,0.00771,0.00000,0.00000,-0.165,-0.010,0
152.5160,-0.00547,-0.03489,0.00785,0.00000,0.00000,-0.162,-0.011,0
152.5660,-0.00404,-0.03490,0.00796,0.00000,0.00000,-0.158,-0.013,0
152.6160,-0.00260,-0.03490,0.00803,0.00000,0.00000,-0.154,-0.014,0
152.6660,-0.00118,-0.03488,0.00806,0.00000,0.00000,-0.150,-0.015,0
152.7160,0.00021,-0.03482,0.00805,0.00000,0.00000,-0.145,-0.015,0
152.7660,0.00157,-0.03472,0.00801,0.00000,0.00000,-0.140,-0.016,0
152.8160,0.00290,-0.03461,0.00793,0.00000,0.00000,-0.134,-0.017,0
152.8660,0.00418,-0.03446,0.00782,0.00000,0.00000,-0.128,-0.017,0
152.9160,0.00543,-0.03427,0.00766,0.00000,0.00000,-0.121,-0.017,0
152.9660,0.00661,-0.03405,0.00747,0.00000,0.00000,-0.115,-0.017,0
153.0160,0.00775,-0.03380,0.00725,0.00000,0.00000,-0.108,-0.017,0
153.0660,0.00883,-0.03352,0.00699,0.00000,0.00000,-0.100,-0.017,0
153.1160,0.00984,-0.03321,0.00670,0.00000,0.00000,-0.093,-0.016,0
153.1660,0.01079,-0.03286,0.00638,0.00000,0.00000,-0.085,-0.016,0
153.2160,0.01166,-0.03249,0.00603,0.00000,0.00000,-0.077,-0.015,0
153.2660,0.01245,-0.03207,0.00565,0.00000,0.00000,-0.069,-0.014,0
153.3160,0.01316,-0.03162,0.00524,0.00000,0.00000,-0.061,-0.014,0
153.3660,0.01379,-0.03113,0.00481,0.00000,0.00000,-0.053,-0.013,0
153.4160,0.01433,-0.03062,0.00436,0.00000,0.00000,-0.045,-0.012,0
153.4660,0.01478,-0.03006,0.00388,0.00000,0.00000,-0.037,-0.011,0
153.5160,0.01514,-0.02947,0.00339,0.00000,0.00000,-0.029,-0.009,0
153.5660,0.01541,-0.02884,0.00288,0.00000,0.00000,-0.021,-0.008,0
153.6160,0.01560,-0.02818,0.00235,0.00000,0.00000,-0.014,-0.007,0
153.6660,0.01568,-0.02748,0.00182,0.00000,0.00000,-0.007,-0.006,0
153.7160,0.01568,-0.02675,0.00128,0.00000,0.00000,0.000,-0.005,0
153.7660,0.01559,-0.02599,0.00073,0.00000,0.00000,0.007,-0.004,0
153.8160,0.01541,-0.02519,0.00017,0.00000,0.00000,0.013,-0.003,0
153.8660,0.01515,-0.02436,-0.00038,0.00000,0.00000,0.019,-0.002,0
153.9160,0.01480,-0.02351,-0.00093,0.00000,0.00000,0.024,-0.001,0
153.9660,0.01439,-0.02263,-0.00147,0.00000,0.00000,0.029,-0.000,0
154.0160,0.01389,-0.02173,-0.00201,0.00000,0.00000,0.033,0.001,0
154.0660,0.01333,-0.02081,-0.00254,0.00000,0.00000,0.037,0.001,0
154.1160,0.01270,-0.01987,-0.00305,0.00000,0.00000,0.041,0.002,0
154.1660,0.01201,-0.01891,-0.00355,0.00000,0.00000,0.044,0.002,0
154.2160,0.01125,-0.01792,-0.00403,0.00000,0.00000,0.046,0.003,0
154.2660,0.01044,-0.01691,-0.00449,0.00000,0.00000,0.048,0.003,0
154.3160,0.00958,-0.01588,-0.00493,0.00000,0.00000,0.049,0.003,0
154.3660,0.00868,-0.01486,-0.00534,0.00000,0.00000,0.050,0.003,0
154.4160,0.00774,-0.01383,-0.00572,0.00000,0.00000,0.050,0.003,0
154.4660,0.00678,-0.01280,-0.00607,0.00000,0.00000,0.050,0.003,0
154.5160,0.00579,-0.01177,-0.00639,0.00000,0.00000,0.049,0.003,0
154.5660,0.00478,-0.01074,-0.00668,0.00000,0.00000,0.048,0.003,0
154.6160,0.00375,-0.00970,-0.00694,0.00000,0.00000,0.047,0.003,0
154.6660,0.00273,-0.00867,-0.00715,0.00000,0.00000,0.045,0.002,0
154.7160,0.00170,-0.00767,-0.00733,0.00000,0.00000,0.043,0.002,0
154.7660,0.00069,-0.00668,-0.00747,0.00000,0.00000,0.041,0.002,0
154.8160,-0.00031,-0.00571,-0.00757,0.00000,0.00000,0.038,0.002,0
154.8660,-0.00128,-0.00477,-0.00764,0.00000,0.00000,0.035,0.002,0
154.9160,-0.00222,-0.00386,-0.00766,0.00000,0.00000,0.033,0.001,0
154.9660,-0.00313,-0.00297,-0.00764,0.00000,0.00000,0.030,0.001,0
155.0160,-0.00400,-0.00211,-0.00758,0.00000,0.00000,0.026,0.001,0
155.0660,-0.00482,-0.00129,-0.00747,0.00000,0.00000,0.023,0.001,0
155.1160,-0.00558,-0.00051,-0.00733,0.00000,0.00000,0.020,0.001,0
155.1660,-0.00628,0.00023,-0.00715,0.00000,0.00000,0.017,0.001,0
155.2160,-0.00692,0.00094,-0.00693,0.00000,0.00000,0.014,0.001,0
155.2660,-0.00750,0.00161,-0.00667,0.00000,0.00000,0.010,0.001,0
155.3160,-0.00800,0.00225,-0.00637,0.00000,0.00000,0.007,0.001,0
155.3660,-0.00842,0.00283,-0.00604,0.00000,0.00000,0.004,0.001,0
155.4160,-0.00876,0.00337,-0.00567,0.00000,0.00000,0.001,0.001,0
155.4660,-0.00901,0.00385,-0.00527,0.00000,0.00000,-0.001,0.001,0
155.5160,-0.00917,0.00427,-0.00484,0.00000,0.00000,-0.004,0.001,0
155.5660,-0.00923,0.00464,-0.00438,0.00000,0.00000,-0.006,0.001,0
155.6160,-0.00920,0.00496,-0.00389,0.00000,0.00000,-0.008,0.002,0
155.6660,-0.00908,0.00524,-0.00337,0.00000,0.00000,-0.010,0.002,0
155.7160,-0.00886,0.00545,-0.00284,0.00000,0.00000,-0.011,0.002,0
155.7660,-0.00855,0.00562,-0.00228,0.00000,0.00000,-0.013,0.002,0
155.8160,-0.00813,0.00573,-0.00170,0.00000,0.00000,-0.014,0.002,0
155.8660,-0.00762,0.00578,-0.00111,0.00000,0.00000,-0.015,0.002,0
155.9160,-0.00701,0.00579,-0.00050,0.00000,0.00000,-0.016,0.002,0
155.9660,-0.00629,0.00574,0.00012,0.00000,0.00000,-0.016,0.002,0
156.0160,-0.00548,0.00563,0.00074,0.00000,0.00000,-0.016,0.002,0
156.0660,-0.00458,0.00546,0.00137,0.00000,0.00000,-0.016,0.002,0
156.1160,-0.00357,0.00525,0.00201,0.00000,0.00000,-0.016,0.002,0
156.1660,-0.00248,0.00499,0.00264,0.00000,0.00000,-0.016,0.002,0
156.2160,-0.00130,0.00468,0.00327,0.00000,0.00000,-0.015,0.002,0
156.2660,-0.00003,0.00432,0.00390,0.00000,0.00000,-0.014,0.002,0
156.3160,0.00132,0.00390,0.00451,0.00000,0.00000,-0.013,0.002,0
156.3660,0.00276,0.00344,0.00512,0.00000,0.00000,-0.012,0.002,0
156.4160,0.00427,0.00293,0.00571,0.00000,0.00000,-0.011,0.002,0
156.4660,0.00585,0.00239,0.00629,0.00000,0.00000,-0.009,0.003,0
156.5160,0.00749,0.00181,0.00686,0.00000,0.00000,-0.007,0.003,0
156.5660,0.00919,0.00120,0.00740,0.00000,0.00000,-0.005,0.004,0
156.6160,0.01095,0.00056,0.00792,0.00000,0.00000,-0.003,0.005,0
156.6660,0.01276,-0.00012,0.00841,0.00000,0.00000,-0.001,0.006,0
156.7160,0.01461,-0.00083,0.00889,0.00000,0.00000,0.002,0.007,0
156.7660,0.01650,-0.00156,0.00933,0.00000,0.00000,0.005,0.009,0
156.8160,0.01842,-0.00231,0.00975,0.00000,0.00000,0.008,0.011,0
156.8660,0.02037,-0.00309,0.01013,0.00000,0.00000,0.011,0.013,0
156.9160,0.02235,-0.00389,0.01048,0.00000,0.00000,0.015,0.015,0
156.9660,0.02435,-0.00472,0.01081,0.00000,0.00000,0.019,0.018,0
157.0160,0.02638,-0.00557,0.01109,0.00000,0.00000,0.023,0.021,0
157.0660,0.02842,-0.00645,0.01135,0.00000,0.00000,0.028,0.025,0
157.1160,0.03047,-0.00733,0.01156,0.00000,0.00000,0.033,0.029,0
157.1660,0.03252,-0.00822,0.01175,0.00000,0.00000,0.038,0.033,0
157.2160,0.03457,-0.00910,0.01189,0.00000,0.00000,0.044,0.038,0
157.2660,0.03661,-0.00998,0.01200,0.00000,0.00000,0.050,0.042,0
157.3160,0.03866,-0.01087,0.01207,0.00000,0.00000,0.057,0.048,0
157.3660,0.04069,-0.01177,0.01211,0.00000,0.00000,0.064,0.053,0
157.4160,0.04271,-0.01266,0.01211,0.00000,0.00000,0.071,0.060,0
157.4660,0.04472,-0.01355,0.01207,0.00000,0.00000,0.079,0.066,0
157.5160,0.04672,-0.01443,0.01200,0.00000,0.00000,0.087,0.072,0
157.5660,0.04871,-0.01532,0.01189,0.00000,0.00000,0.096,0.079,0
157.6160,0.05067,-0.01620,0.01175,0.00000,0.00000,0.106,0.086,0
157.6660,0.05261,-0.01707,0.01158,0.00000,0.00000,0.116,0.094,0
157.7160,0.05454,-0.01794,0.01137,0.00000,0.00000,0.127,0.101,0
157.7660,0.05644,-0.01879,0.01113,0.00000,0.00000,0.138,0.109,0
157.8160,0.05831,-0.01963,0.01086,0.00000,0.00000,0.149,0.116,0
157.8660,0.06016,-0.02046,0.01056,0.00000,0.00000,0.162,0.124,0
157.9160,0.06198,-0.02127,0.01023,0.00000,0.00000,0.175,0.132,0
157.9660,0.06377,-0.02207,0.00987,0.00000,0.00000,0.188,0.139,0
158.0160,0.06553,-0.02286,0.00949,0.00000,0.00000,0.202,0.147,0
158.0660,0.06726,-0.02364,0.00908,0.00000,0.00000,0.216,0.154,0
158.1160,0.06896,-0.02439,0.00865,0.00000,0.00000,0.231,0.162,0
158.1660,0.07062,-0.02513,0.00820,0.00000,0.00000,0.246,0.169,0
158.2160,0.07224,-0.02585,0.00773,0.00000,0.00000,0.262,0.175,0
158.2660,0.07382,-0.02655,0.00724,0.00000,0.00000,0.278,0.182,0
158.3160,0.07537,-0.02722,0.00673,0.00000,0.00000,0.295,0.188,0
158.3660,0.07687,-0.02787,0.00621,0.00000,0.00000,0.312,0.194,0
158.4160,0.07832,-0.02850,0.00567,0.00000,0.00000,0.329,0.199,0
158.4660,0.07973,-0.02910,0.00513,0.00000,0.00000,0.346,0.204,0
158.5160,0.08109,-0.02968,0.00457,0.00000,0.00000,0.364,0.209,0
158.5660,0.08240,-0.03023,0.00401,0.00000,0.00000,0.382,0.213,0
158.6160,0.08367,-0.03077,0.00343,0.00000,0.00000,0.400,0.216,0
158.6660,0.08489,-0.03129,0.00286,0.00000,0.00000,0.418,0.219,0
158.7160,0.08605,-0.03178,0.00227,0.00000,0.00000,0.436,0.222,0
158.7660,0.08716,-0.03224,0.00169,0.00000,0.00000,0.454,0.224,0
158.8160,0.08821,-0.03268,0.00111,0.00000,0.00000,0.472,0.225,0
158.8660,0.08921,-0.03310,0.00053,0.00000,0.00000,0.491,0.226,0
158.9160,0.09014,-0.03349,-0.00005,0.00000,0.00000,0.509,0.227,0
158.9660,0.09102,-0.03385,-0.00063,0.00000,0.00000,0.527,0.226,0
159.0160,0.09184,-0.03421,-0.00120,0.00000,0.00000,0.544,0.225,0
159.0660,0.09260,-0.03453,-0.00176,0.00000,0.00000,0.562,0.224,0
159.1160,0.09329,-0.03484,-0.00232,0.00000,0.00000,0.580,0.222,0
159.1660,0.09392,-0.03512,-0.00286,0.00000,0.00000,0.597,0.220,0
159.2160,0.09447,-0.03535,-0.00340,0.00000,0.00000,0.614,0.217,0
159.2660,0.09496,-0.03556,-0.00392,0.00000,0.00000,0.630,0.213,0
159.3160,0.09537,-0.03574,-0.00444,0.00000,0.00000,0.646,0.209,0
159.3660,0.09571,-0.03588,-0.00493,0.00000,0.00000,0.661,0.205,0
159.4160,0.09597,-0.03599,-0.00542,0.00000,0.00000,0.675,0.200,0
159.4660,0.09616,-0.03607,-0.00589,0.00000,0.00000,0.689,0.194,0
159.5160,0.09628,-0.03612,-0.00634,0.00000,0.00000,0.702,0.188,0
159.5660,0.09630,-0.03612,-0.00678,0.00000,0.00000,0.714,0.182,0
159.6160,0.09626,-0.03611,-0.00720,0.00000,0.00000,0.726,0.176,0
159.6660,0.09614,-0.03606,-0.00760,0.00000,0.00000,0.737,0.169,0
159.7160,0.09596,-0.03601,-0.00799,0.00000,0.00000,0.747,0.162,0
159.7660,0.09570,-0.03594,-0.00836,0.00000,0.00000,0.757,0.154,0
159.8160,0.09537,-0.03584,-0.00871,0.00000,0.00000,0.766,0.146,0
159.8660,0.09497,-0.03572,-0.00904,0.00000,0.00000,0.774,0.138,0
159.9160,0.09449,-0.03557,-0.00935,0.00000,0.00000,0.782,0.130,0
159.9660,0.09393,-0.03540,-0.00964,0.00000,0.00000,0.789,0.122,0
160.0160,0.09329,-0.03519,-0.00992,0.00000,0.00000,0.795,0.113,0
160.0660,0.09258,-0.03496,-0.01017,0.00000,0.00000,0.800,0.105,0
160.1160,0.09179,-0.03471,-0.01041,0.00000,0.00000,0.804,0.096,0
160.1660,0.09093,-0.03443,-0.01063,0.00000,0.00000,0.808,0.087,0
160.2160,0.09000,-0.03413,-0.01082,0.00000,0.00000,0.810,0.078,0
160.2660,0.08899,-0.03381,-0.01101,0.00000,0.00000,0.812,0.069,0
160.3160,0.08790,-0.03345,-0.01117,0.00000,0.00000,0.812,0.061,0
160.3660,0.08674,-0.03308,-0.01132,0.00000,0.00000,0.812,0.052,0
160.4160,0.08550,-0.03267,-0.01144,0.00000,0.00000,0.811,0.043,0
160.4660,0.08419,-0.03225,-0.01156,0.00000,0.00000,0.809,0.035,0
160.5160,0.08281,-0.03181,-0.01165,0.00000,0.00000,0.806,0.026,0
160.5660,0.08136,-0.03135,-0.01173,0.00000,0.00000,0.802,0.018,0
160.6160,0.07984,-0.03086,-0.01180,0.00000,0.00000,0.798,0.010,0
160.6660,0.07824,-0.03035,-0.01185,0.00000,0.00000,0.792,0.002,0
160.7160,0.07660,-0.02986,-0.01189,0.00000,0.00000,0.786,-0.006,0
160.7660,0.07489,-0.02936,-0.01191,0.00000,0.00000,0.779,-0.014,0
160.8160,0.07313,-0.02887,-0.01192,0.00000,0.00000,0.772,-0.021,0
160.8660,0.07131,-0.02837,-0.01192,0.00000,0.00000,0.764,-0.028,0
160.9160,0.06943,-0.02786,-0.01190,0.00000,0.00000,0.756,-0.035,0
160.9660,0.06749,-0.02735,-0.01188,0.00000,0.00000,0.747,-0.041,0
161.0160,0.06550,-0.02684,-0.01184,0.00000,0.00000,0.737,-0.048,0
161.0660,0.06346,-0.02632,-0.01179,0.00000,0.00000,0.727,-0.054,0
161.1160,0.06137,-0.02581,-0.01174,0.00000,0.00000,0.716,-0.059,0
161.1660,0.05923,-0.02531,-0.01167,0.00000,0.00000,0.705,-0.065,0
161.2160,0.05705,-0.02482,-0.01159,0.00000,0.00000,0.693,-0.070,0
161.2660,0.05481,-0.02432,-0.01151,0.00000,0.00000,0.681,-0.075,0
161.3160,0.05254,-0.02383,-0.01142,0.00000,0.00000,0.668,-0.079,0
161.3660,0.05022,-0.02335,-0.01132,0.00000,0.00000,0.655,-0.083,0
161.4160,0.04787,-0.02288,-0.01121,0.00000,0.00000,0.641,-0.087,0
161.4660,0.04548,-0.02242,-0.01109,0.00000,0.00000,0.627,-0.090,0
161.5160,0.04306,-0.02199,-0.01097,0.00000,0.00000,0.613,-0.093,0
161.5660,0.04062,-0.02158,-0.01084,0.00000,0.00000,0.599,-0.096,0
161.6160,0.03815,-0.02118,-0.01070,0.00000,0.00000,0.584,-0.098,0
161.6660,0.03565,-0.02081,-0.01056,0.00000,0.00000,0.569,-0.100,0
161.7160,0.03314,-0.02046,-0.01041,0.00000,0.00000,0.554,-0.102,0
161.7660,0.03061,-0.02013,-0.01025,0.00000,0.00000,0.539,-0.103,0
161.8160,0.02807,-0.01982,-0.01009,0.00000,0.00000,0.524,-0.104,0
161.8660,0.02552,-0.01954,-0.00992,0.00000,0.00000,0.509,-0.105,0
161.9160,0.02297,-0.01930,-0.00975,0.00000,0.00000,0.493,-0.105,0
161.9660,0.02041,-0.01909,-0.00957,0.00000,0.00000,0.478,-0.105,0
162.0160,0.01786,-0.01890,-0.00938,0.00000,0.00000,0.462,-0.105,0
162.0660,0.01532,-0.01875,-0.00919,0.00000,0.00000,0.447,-0.104,0
162.1160,0.01279,-0.01863,-0.00899,0.00000,0.00000,0.431,-0.103,0
162.1660,0.01028,-0.01855,-0.00879,0.00000,0.00000,0.416,-0.102,0
162.2160,0.00779,-0.01850,-0.00858,0.00000,0.00000,0.400,-0.100,0
162.2660,0.00532,-0.01850,-0.00836,0.00000,0.00000,0.385,-0.099,0
162.3160,0.00289,-0.01852,-0.00814,0.00000,0.00000,0.370,-0.097,0
162.3660,0.00049,-0.01859,-0.00792,0.00000,0.00000,0.355,-0.095,0
162.4160,-0.00187,-0.01869,-0.00768,0.00000,0.00000,0.340,-0.092,0
162.4660,-0.00419,-0.01883,-0.00745,0.00000,0.00000,0.325,-0.090,0
162.5160,-0.00647,-0.01899,-0.00721,0.00000,0.00000,0.311,-0.087,0
162.5660,-0.00869,-0.01918,-0.00696,0.00000,0.00000,0.296,-0.084,0
162.6160,-0.01087,-0.01939,-0.00671,0.00000,0.00000,0.281,-0.081,0
162.6660,-0.01299,-0.01964,-0.00645,0.00000,0.00000,0.267,-0.077,0
162.7160,-0.01505,-0.01991,-0.00620,0.00000,0.00000,0.252,-0.074,0
162.7660,-0.01703,-0.02021,-0.00593,0.00000,0.00000,0.237,-0.070,0
162.8160,-0.01895,-0.02054,-0.00567,0.00000,0.00000,0.223,-0.066,0
162.8660,-0.02079,-0.02089,-0.00540,0.00000,0.00000,0.209,-0.063,0
162.9160,-0.02256,-0.02126,-0.00512,0.00000,0.00000,0.195,-0.059,0
162.9660,-0.02424,-0.02165,-0.00485,0.00000,0.00000,0.180,-0.055,0
163.0160,-0.02585,-0.02205,-0.00457,0.00000,0.00000,0.166,-0.051,0
163.0660,-0.02737,-0.02246,-0.00429,0.00000,0.00000,0.152,-0.047,0
163.1160,-0.02880,-0.02288,-0.00401,0.00000,0.00000,0.138,-0.043,0
163.1660,-0.03013,-0.02332,-0.00373,0.00000,0.00000,0.124,-0.039,0
163.2160,-0.03137,-0.02378,-0.00344,0.00000,0.00000,0.110,-0.035,0
163.2660,-0.03251,-0.02424,-0.00316,0.00000,0.00000,0.096,-0.032,0
163.3160,-0.03355,-0.02471,-0.00288,0.00000,0.00000,0.082,-0.028,0
163.3660,-0.03448,-0.02519,-0.00260,0.00000,0.00000,0.068,-0.024,0
163.4160,-0.03532,-0.02566,-0.00232,0.00000,0.00000,0.054,-0.021,0
163.4660,-0.03606,-0.02613,-0.00204,0.00000,0.00000,0.041,-0.017,0
163.5160,-0.03670,-0.02660,-0.00177,0.00000,0.00000,0.027,-0.014,0
163.5660,-0.03725,-0.02705,-0.00150,0.00000,0.00000,0.013,-0.011,0
163.6160,-0.03770,-0.02750,-0.00123,0.00000,0.00000,-0.000,-0.008,0
163.6660,-0.03807,-0.02792,-0.00097,0.00000,0.00000,-0.014,-0.005,0
163.7160,-0.03837,-0.02832,-0.00071,0.00000,0.00000,-0.027,-0.003,0
163.7660,-0.03858,-0.02870,-0.00046,0.00000,0.00000,-0.040,-0.000,0
163.8160,-0.03873,-0.02906,-0.00021,0.00000,0.00000,-0.053,0.002,0
163.8660,-0.03880,-0.02938,0.00003,0.00000,0.00000,-0.066,0.004,0
163.9160,-0.03881,-0.02968,0.00026,0.00000,0.00000,-0.079,0.006,0
163.9660,-0.03876,-0.02995,0.00049,0.00000,0.00000,-0.091,0.007,0
164.0160,-0.03865,-0.03019,0.00071,0.00000,0.00000,-0.103,0.008,0
164.0660,-0.03848,-0.03039,0.00092,0.00000,0.00000,-0.115,0.010,0
164.1160,-0.03827,-0.03055,0.00112,0.00000,0.00000,-0.126,0.011,0
164.1660,-0.03801,-0.03069,0.00131,0.00000,0.00000,-0.138,0.011,0
164.2160,-0.03771,-0.03077,0.00150,0.00000,0.00000,-0.148,0.012,0
164.2660,-0.03737,-0.03081,0.00167,0.00000,0.00000,-0.159,0.012,0
164.3160,-0.03699,-0.03080,0.00184,0.00000,0.00000,-0.169,0.012,0
164.3660,-0.03659,-0.03074,0.00199,0.00000,0.00000,-0.178,0.012,0
164.4160,-0.03615,-0.03062,0.00214,0.00000,0.00000,-0.187,0.012,0
164.4660,-0.03568,-0.03046,0.00227,0.00000,0.00000,-0.196,0.012,0
164.5160,-0.03518,-0.03026,0.00240,0.00000,0.00000,-0.204,0.011,0
164.5660,-0.03466,-0.03001,0.00252,0.00000,0.00000,-0.212,0.011,0
164.6160,-0.03410,-0.02971,0.00262,0.00000,0.00000,-0.219,0.010,0
164.6660,-0.03352,-0.02938,0.00272,0.00000,0.00000,-0.225,0.009,0
164.7160,-0.03291,-0.02899,0.00280,0.00000,0.00000,-0.231,0.009,0
164.7660,-0.03229,-0.02854,0.00288,0.00000,0.00000,-0.237,0.008,0
164.8160,-0.03166,-0.02804,0.00295,0.00000,0.00000,-0.242,0.007,0
164.8660,-0.03100,-0.02749,0.00301,0.00000,0.00000,-0.246,0.005,0
164.9160,-0.03033,-0.02689,0.00306,0.00000,0.00000,-0.250,0.004,0
164.9660,-0.02964,-0.02625,0.00310,0.00000,0.00000,-0.253,0.003,0
165.0160,-0.02892,-0.02557,0.00313,0.00000,0.00000,-0.256,0.002,0
165.0660,-0.02820,-0.02485,0.00316,0.00000,0.00000,-0.258,0.001,0
165.1160,-0.02746,-0.02409,0.00318,0.00000,0.00000,-0.260,-0.001,0
165.1660,-0.02670,-0.02329,0.00319,0.00000,0.00000,-0.260,-0.002,0
165.2160,-0.02594,-0.02244,0.00320,0.00000,0.00000,-0.261,-0.003,0
165.2660,-0.02516,-0.02156,0.00320,0.00000,0.00000,-0.261,-0.005,0
165.3160,-0.02437,-0.02065,0.00320,0.00000,0.00000,-0.260,-0.006,0
165.3660,-0.02357,-0.01972,0.00319,0.00000,0.00000,-0.259,-0.007,0
165.4160,-0.02276,-0.01875,0.00317,0.00000,0.00000,-0.257,-0.009,0
165.4660,-0.02194,-0.01776,0.00316,0.00000,0.00000,-0.255,-0.010,0
165.5160,-0.02112,-0.01676,0.00314,0.00000,0.00000,-0.252,-0.011,0
165.5660,-0.02028,-0.01574,0.00312,0.00000,0.00000,-0.249,-0.012,0
165.6160,-0.01943,-0.01471,0.00309,0.00000,0.00000,-0.246,-0.013,0
165.6660,-0.01858,-0.01367,0.00307,0.00000,0.00000,-0.242,-0.015,0
165.7160,-0.01772,-0.01263,0.00304,0.00000,0.00000,-0.237,-0.016,0
165.7660,-0.01686,-0.01159,0.00302,0.00000,0.00000,-0.233,-0.017,0
165.8160,-0.01598,-0.01056,0.00299,0.00000,0.00000,-0.228,-0.018,0
165.8660,-0.01512,-0.00953,0.00296,0.00000,0.00000,-0.222,-0.019,0
165.9160,-0.01425,-0.00850,0.00294,0.00000,0.00000,-0.217,-0.019,0
165.9660,-0.01338,-0.00748,0.00292,0.00000,0.00000,-0.211,-0.020,0
166.0160,-0.01250,-0.00649,0.00289,0.00000,0.00000,-0.205,-0.021,0
166.0660,-0.01162,-0.00552,0.00287,0.00000,0.00000,-0.199,-0.022,0
166.1160,-0.01074,-0.00459,0.00285,0.00000,0.00000,-0.192,-0.022,0
166.1660,-0.00986,-0.00369,0.00284,0.00000,0.00000,-0.186,-0.023,0
166.2160,-0.00898,-0.00282,0.00282,0.00000,0.00000,-0.179,-0.024,0
166.2660,-0.00810,-0.00200,0.00281,0.00000,0.00000,-0.172,-0.024,0
166.3160,-0.00722,-0.00122,0.00280,0.00000,0.00000,-0.165,-0.025,0
166.3660,-0.00634,-0.00050,0.00280,0.00000,0.00000,-0.159,-0.025,0
166.4160,-0.00546,0.00018,0.00279,0.00000,0.00000,-0.152,-0.025,0
166.4660,-0.00459,0.00080,0.00279,0.00000,0.00000,-0.145,-0.026,0
166.5160,-0.00372,0.00137,0.00279,0.00000,0.00000,-0.138,-0.026,0
166.5660,-0.00286,0.00189,0.00280,0.00000,0.00000,-0.132,-0.026,0
166.6160,-0.00200,0.00234,0.00280,0.00000,0.00000,-0.125,-0.026,0
166.6660,-0.00116,0.00275,0.00281,0.00000,0.00000,-0.119,-0.026,0
166.7160,-0.00034,0.00312,0.00282,0.00000,0.00000,-0.113,-0.026,0
166.7660,0.00047,0.00343,0.00283,0.00000,0.00000,-0.107,-0.026,0
166.8160,0.00126,0.00370,0.00284,0.00000,0.00000,-0.101,-0.026,0
166.8660,0.00204,0.00390,0.00285,0.00000,0.00000,-0.095,-0.026,0
166.9160,0.00280,0.00405,0.00286,0.00000,0.00000,-0.089,-0.026,0
166.9660,0.00355,0.00414,0.00287,0.00000,0.00000,-0.084,-0.026,0
167.0160,0.00428,0.00417,0.00288,0.00000,0.00000,-0.079,-0.026,0
167.0660,0.00500,0.00413,0.00289,0.00000,0.00000,-0.074,-0.025,0
167.1160,0.00571,0.00402,0.00290,0.00000,0.00000,-0.069,-0.025,0
167.1660,0.00640,0.00385,0.00291,0.00000,0.00000,-0.064,-0.025,0
167.2160,0.00706,0.00364,0.00291,0.00000,0.00000,-0.060,-0.024,0
167.2660,0.00771,0.00336,0.00291,0.00000,0.00000,-0.056,-0.024,0
167.3160,0.00835,0.00303,0.00291,0.00000,0.00000,-0.052,-0.023,0
167.3660,0.00896,0.00264,0.00290,0.00000,0.00000,-0.048,-0.023,0
167.4160,0.00956,0.00219,0.00288,0.00000,0.00000,-0.045,-0.022,0
167.4660,0.01014,0.00169,0.00287,0.00000,0.00000,-0.041,-0.021,0
167.5160,0.01069,0.00114,0.00284,0.00000,0.00000,-0.038,-0.020,0
167.5660,0.01123,0.00055,0.00282,0.00000,0.00000,-0.035,-0.020,0
167.6160,0.01174,-0.00008,0.00278,0.00000,0.00000,-0.032,-0.019,0
167.6660,0.01222,-0.00075,0.00274,0.00000,0.00000,-0.029,-0.018,0
167.7160,0.01268,-0.00145,0.00269,0.00000,0.00000,-0.026,-0.017,0
167.7660,0.01312,-0.00218,0.00263,0.00000,0.00000,-0.024,-0.016,0
167.8160,0.01353,-0.00295,0.00257,0.00000,0.00000,-0.021,-0.015,0
167.8660,0.01392,-0.00373,0.00250,0.00000,0.00000,-0.019,-0.014,0
167.9160,0.01427,-0.00453,0.00242,0.00000,0.00000,-0.016,-0.013,0
167.9660,0.01460,-0.00534,0.00233,0.00000,0.00000,-0.014,-0.012,0
168.0160,0.01490,-0.00616,0.00224,0.00000,0.00000,-0.012,-0.010,0
168.0660,0.01517,-0.00700,0.00214,0.00000,0.00000,-0.009,-0.009,0
168.1160,0.01542,-0.00785,0.00203,0.00000,0.00000,-0.007,-0.008,0
168.1660,0.01564,-0.00870,0.00191,0.00000,0.00000,-0.005,-0.007,0
168.2160,0.01583,-0.00954,0.00178,0.00000,0.00000,-0.002,-0.006,0
168.2660,0.01600,-0.01037,0.00165,0.00000,0.00000,-0.000,-0.004,0
168.3160,0.01613,-0.01119,0.00151,0.00000,0.00000,0.002,-0.003,0
168.3660,0.01624,-0.01199,0.00136,0.00000,0.00000,0.005,-0.002,0
168.4160,0.01632,-0.01278,0.00121,0.00000,0.00000,0.007,-0.001,0
168.4660,0.01637,-0.01353,0.00105,0.00000,0.00000,0.010,0.000,0
168.5160,0.01640,-0.01427,0.00088,0.00000,0.00000,0.012,0.001,0
168.5660,0.01641,-0.01498,0.00071,0.00000,0.00000,0.015,0.002,0
168.6160,0.01639,-0.01565,0.00054,0.00000,0.00000,0.018,0.003,0
168.6660,0.01635,-0.01628,0.00036,0.00000,0.00000,0.021,0.005,0
168.7160,0.01629,-0.01688,0.00018,0.00000,0.00000,0.023,0.006,0
168.7660,0.01621,-0.01744,-0.00000,0.00000,0.00000,0.026,0.006,0
168.8160,0.01611,-0.01796,-0.00018,0.00000,0.00000,0.029,0.007,0
168.8660,0.01600,-0.01844,-0.00037,0.00000,0.00000,0.032,0.008,0
168.9160,0.01586,-0.01887,-0.00055,0.00000,0.00000,0.034,0.009,0
168.9660,0.01572,-0.01926,-0.00073,0.00000,0.00000,0.037,0.010,0
169.0160,0.01556,-0.01961,-0.00091,0.00000,0.00000,0.040,0.010,0
169.0660,0.01540,-0.01992,-0.00109,0.00000,0.00000,0.043,0.011,0
169.1160,0.01522,-0.02018,-0.00126,0.00000,0.00000,0.046,0.012,0
169.1660,0.01504,-0.02040,-0.00142,0.00000,0.00000,0.048,0.012,0
169.2160,0.01485,-0.02058,-0.00158,0.00000,0.00000,0.051,0.013,0
169.2660,0.01466,-0.02072,-0.00174,0.00000,0.00000,0.054,0.013,0
169.3160,0.01447,-0.02081,-0.00188,0.00000,0.00000,0.057,0.013,0
169.3660,0.01427,-0.02085,-0.00202,0.00000,0.00000,0.059,0.014,0
169.4160,0.01408,-0.02085,-0.00214,0.00000,0.00000,0.062,0.014,0
169.4660,0.01388,-0.02082,-0.00226,0.00000,0.00000,0.064,0.014,0
169.5160,0.01370,-0.02074,-0.00236,0.00000,0.00000,0.067,0.014,0
169.5660,0.01352,-0.02063,-0.00245,0.00000,0.00000,0.069,0.015,0
169.6160,0.01334,-0.02047,-0.00253,0.00000,0.00000,0.071,0.015,0
169.6660,0.01317,-0.02028,-0.00259,0.00000,0.00000,0.073,0.015,0
169.7160,0.01302,-0.02007,-0.00264,0.00000,0.00000,0.075,0.015,0
169.7660,0.01288,-0.01982,-0.00267,0.00000,0.00000,0.077,0.015,0
169.8160,0.01276,-0.01954,-0.00269,0.00000,0.00000,0.079,0.015,0
169.8660,0.01265,-0.01923,-0.00269,0.00000,0.00000,0.081,0.015,0
169.9160,0.01255,-0.01889,-0.00268,0.00000,0.00000,0.082,0.015,0
169.9660,0.01248,-0.01854,-0.00264,0.00000,0.00000,0.084,0.015,0
170.0160,0.01244,-0.01818,-0.00260,0.00000,0.00000,0.085,0.015,0
170.0660,0.01241,-0.01780,-0.00253,0.00000,0.00000,0.086,0.015,0
170.1160,0.01242,-0.01741,-0.00244,0.00000,0.00000,0.088,0.015,0
170.1660,0.01246,-0.01702,-0.00234,0.00000,0.00000,0.089,0.015,0
170.2160,0.01254,-0.01664,-0.00222,0.00000,0.00000,0.090,0.015,0
170.2660,0.01265,-0.01625,-0.00209,0.00000,0.00000,0.091,0.015,0
170.3160,0.01279,-0.01586,-0.00193,0.00000,0.00000,0.092,0.016,0
170.3660,0.01297,-0.01549,-0.00176,0.00000,0.00000,0.093,0.016,0
170.4160,0.01319,-0.01512,-0.00158,0.00000,0.00000,0.095,0.016,0
170.4660,0.01344,-0.01476,-0.00137,0.00000,0.00000,0.096,0.017,0
170.5160,0.01373,-0.01441,-0.00116,0.00000,0.00000,0.097,0.017,0
170.5660,0.01407,-0.01409,-0.00092,0.00000,0.00000,0.098,0.017,0
170.6160,0.01445,-0.01378,-0.00068,0.00000,0.00000,0.099,0.018,0
170.6660,0.01488,-0.01351,-0.00042,0.00000,0.00000,0.100,0.019,0
170.7160,0.01535,-0.01327,-0.00015,0.00000,0.00000,0.102,0.019,0
170.7660,0.01587,-0.01305,0.00013,0.00000,0.00000,0.103,0.020,0
170.8160,0.01643,-0.01287,0.00042,0.00000,0.00000,0.105,0.021,0
170.8660,0.01704,-0.01270,0.00072,0.00000,0.00000,0.107,0.022,0
170.9160,0.01769,-0.01258,0.00102,0.00000,0.00000,0.108,0.023,0
170.9660,0.01839,-0.01250,0.00134,0.00000,0.00000,0.110,0.024,0
171.0160,0.01914,-0.01245,0.00165,0.00000,0.00000,0.112,0.026,0
171.0660,0.01993,-0.01245,0.00197,0.00000,0.00000,0.114,0.027,0
171.1160,0.02077,-0.01248,0.00230,0.00000,0.00000,0.117,0.029,0
171.1660,0.02166,-0.01256,0.00262,0.00000,0.00000,0.119,0.030,0
171.2160,0.02259,-0.01269,0.00294,0.00000,0.00000,0.122,0.032,0
171.2660,0.02357,-0.01287,0.00327,0.00000,0.00000,0.125,0.034,0
171.3160,0.02459,-0.01308,0.00358,0.00000,0.00000,0.129,0.037,0
171.3660,0.02566,-0.01333,0.00390,0.00000,0.00000,0.132,0.039,0
171.4160,0.02677,-0.01364,0.00420,0.00000,0.00000,0.136,0.041,0
171.4660,0.02793,-0.01400,0.00450,0.00000,0.00000,0.140,0.044,0
171.5160,0.02913,-0.01441,0.00479,0.00000,0.00000,0.145,0.047,0
171.5660,0.03037,-0.01487,0.00507,0.00000,0.00000,0.150,0.050,0
171.6160,0.03164,-0.01537,0.00534,0.00000,0.00000,0.155,0.053,0
171.6660,0.03296,-0.01591,0.00559,0.00000,0.00000,0.161,0.057,0
171.7160,0.03430,-0.01648,0.00584,0.00000,0.00000,0.167,0.061,0
171.7660,0.03568,-0.01709,0.00606,0.00000,0.00000,0.174,0.064,0
171.8160,0.03709,-0.01774,0.00627,0.00000,0.00000,0.181,0.068,0
171.8660,0.03853,-0.01843,0.00647,0.00000,0.00000,0.188,0.073,0
171.9160,0.03999,-0.01916,0.00664,0.00000,0.00000,0.196,0.077,0
171.9660,0.04148,-0.01991,0.00679,0.00000,0.00000,0.205,0.081,0
172.0160,0.04299,-0.02068,0.00693,0.00000,0.00000,0.214,0.086,0
172.0660,0.04452,-0.02149,0.00704,0.00000,0.00000,0.223,0.091,0
172.1160,0.04607,-0.02231,0.00714,0.00000,0.00000,0.233,0.096,0
172.1660,0.04765,-0.02317,0.00721,0.00000,0.00000,0.244,0.101,0
172.2160,0.04923,-0.02405,0.00726,0.00000,0.00000,0.255,0.106,0
172.2660,0.05083,-0.02495,0.00728,0.00000,0.00000,0.267,0.111,0
172.3160,0.05245,-0.02588,0.00729,0.00000,0.00000,0.279,0.117,0
172.3660,0.05408,-0.02682,0.00727,0.00000,0.00000,0.292,0.122,0
172.4160,0.05571,-0.02778,0.00722,0.00000,0.00000,0.306,0.128,0
172.4660,0.05735,-0.02874,0.00716,0.00000,0.00000,0.320,0.133,0
172.5160,0.05900,-0.02971,0.00707,0.00000,0.00000,0.335,0.139,0
172.5660,0.06064,-0.03068,0.00695,0.00000,0.00000,0.351,0.144,0
172.6160,0.06227,-0.03164,0.00682,0.00000,0.00000,0.367,0.150,0
172.6660,0.06390,-0.03260,0.00666,0.00000,0.00000,0.384,0.155,0
172.7160,0.06552,-0.03356,0.00648,0.00000,0.00000,0.401,0.161,0
172.7660,0.06713,-0.03450,0.00628,0.00000,0.00000,0.419,0.166,0
172.8160,0.06872,-0.03543,0.00605,0.00000,0.00000,0.437,0.171,0
172.8660,0.07030,-0.03635,0.00581,0.00000,0.00000,0.455,0.176,0
172.9160,0.07185,-0.03725,0.00554,0.00000,0.00000,0.474,0.181,0
172.9660,0.07339,-0.03813,0.00526,0.00000,0.00000,0.494,0.185,0
173.0160,0.07490,-0.03899,0.00496,0.00000,0.00000,0.514,0.190,0
173.0660,0.07638,-0.03984,0.00464,0.00000,0.00000,0.534,0.194,0
173.1160,0.07785,-0.04067,0.00430,0.00000,0.00000,0.554,0.197,0
173.1660,0.07928,-0.04149,0.00395,0.00000,0.00000,0.575,0.201,0
173.2160,0.08069,-0.04229,0.00358,0.00000,0.00000,0.596,0.204,0
173.2660,0.08207,-0.04307,0.00320,0.00000,0.00000,0.618,0.207,0
173.3160,0.08342,-0.04383,0.00281,0.00000,0.00000,0.639,0.209,0
173.3660,0.08473,-0.04456,0.00241,0.00000,0.00000,0.661,0.212,0
173.4160,0.08599,-0.04526,0.00200,0.00000,0.00000,0.683,0.213,0
173.4660,0.08720,-0.04592,0.00157,0.00000,0.00000,0.705,0.215,0
173.5160,0.08838,-0.04657,0.00114,0.00000,0.00000,0.727,0.216,0
173.5660,0.08950,-0.04718,0.00071,0.00000,0.00000,0.749,0.216,0
173.6160,0.09058,-0.04776,0.00027,0.00000,0.00000,0.771,0.216,0
173.6660,0.09160,-0.04831,-0.00018,0.00000,0.00000,0.793,0.216,0
173.7160,0.09257,-0.04882,-0.00063,0.00000,0.00000,0.814,0.215,0
173.7660,0.09348,-0.04930,-0.00108,0.00000,0.00000,0.835,0.214,0
173.8160,0.09432,-0.04973,-0.00153,0.00000,0.00000,0.856,0.212,0
173.8660,0.09509,-0.05012,-0.00198,0.00000,0.00000,0.876,0.210,0
173.9160,0.09581,-0.05049,-0.00243,0.00000,0.00000,0.895,0.208,0
173.9660,0.09646,-0.05083,-0.00288,0.00000,0.00000,0.914,0.205,0
174.0160,0.09705,-0.05114,-0.00332,0.00000,0.00000,0.933,0.201,0
174.0660,0.09756,-0.05142,-0.00376,0.00000,0.00000,0.951,0.198,0
174.1160,0.09801,-0.05167,-0.00419,0.00000,0.00000,0.969,0.193,0
174.1660,0.09839,-0.05189,-0.00461,0.00000,0.00000,0.986,0.189,0
174.2160,0.09869,-0.05207,-0.00503,0.00000,0.00000,1.002,0.184,0
174.2660,0.09892,-0.05222,-0.00544,0.00000,0.00000,1.017,0.178,0
174.3160,0.09906,-0.05234,-0.00584,0.00000,0.00000,1.032,0.173,0
174.3660,0.09913,-0.05243,-0.00624,0.00000,0.00000,1.046,0.167,0
174.4160,0.09912,-0.05248,-0.00662,0.00000,0.00000,1.059,0.160,0
174.4660,0.09902,-0.05250,-0.00699,0.00000,0.00000,1.071,0.153,0
174.5160,0.09883,-0.05248,-0.00735,0.00000,0.00000,1.082,0.146,0
174.5660,0.09855,-0.05243,-0.00770,0.00000,0.00000,1.092,0.139,0
174.6160,0.09819,-0.05235,-0.00803,0.00000,0.00000,1.101,0.132,0
174.6660,0.09775,-0.05225,-0.00836,0.00000,0.00000,1.109,0.124,0
174.7160,0.09722,-0.05212,-0.00867,0.00000,0.00000,1.116,0.116,0
174.7660,0.09659,-0.05195,-0.00897,0.00000,0.00000,1.122,0.108,0
174.8160,0.09587,-0.05176,-0.00926,0.00000,0.00000,1.127,0.100,0
174.8660,0.09506,-0.05153,-0.00953,0.00000,0.00000,1.131,0.091,0
174.9160,0.09416,-0.05127,-0.00979,0.00000,0.00000,1.134,0.083,0
174.9660,0.09316,-0.05098,-0.01004,0.00000,0.00000,1.135,0.074,0
175.0160,0.09207,-0.05065,-0.01028,0.00000,0.00000,1.135,0.066,0
175.0660,0.09088,-0.05031,-0.01050,0.00000,0.00000,1.135,0.057,0
175.1160,0.08961,-0.04995,-0.01071,0.00000,0.00000,1.133,0.048,0
175.1660,0.08825,-0.04957,-0.01091,0.00000,0.00000,1.130,0.040,0
175.2160,0.08680,-0.04918,-0.01110,0.00000,0.00000,1.126,0.031,0
175.2660,0.08526,-0.04877,-0.01128,0.00000,0.00000,1.122,0.022,0
175.3160,0.08364,-0.04834,-0.01145,0.00000,0.00000,1.117,0.014,0
175.3660,0.08192,-0.04788,-0.01160,0.00000,0.00000,1.110,0.005,0
175.4160,0.08011,-0.04739,-0.01175,0.00000,0.00000,1.102,-0.003,0
175.4660,0.07820,-0.04688,-0.01189,0.00000,0.00000,1.094,-0.011,0
175.5160,0.07621,-0.04634,-0.01202,0.00000,0.00000,1.084,-0.020,0
175.5660,0.07413,-0.04577,-0.01214,0.00000,0.00000,1.073,-0.028,0
175.6160,0.07196,-0.04517,-0.01225,0.00000,0.00000,1.061,-0.035,0
175.6660,0.06970,-0.04455,-0.01236,0.00000,0.00000,1.048,-0.043,0
175.7160,0.06736,-0.04391,-0.01246,0.00000,0.00000,1.034,-0.050,0
175.7660,0.06494,-0.04324,-0.01256,0.00000,0.00000,1.019,-0.057,0
175.8160,0.06242,-0.04252,-0.01264,0.00000,0.00000,1.003,-0.064,0
175.8660,0.05982,-0.04177,-0.01273,0.00000,0.00000,0.986,-0.071,0
175.9160,0.05715,-0.04101,-0.01280,0.00000,0.00000,0.968,-0.077,0
175.9660,0.05440,-0.04023,-0.01288,0.00000,0.00000,0.949,-0.083,0
176.0160,0.05159,-0.03943,-0.01294,0.00000,0.00000,0.929,-0.088,0
176.0660,0.04871,-0.03861,-0.01301,0.00000,0.00000,0.909,-0.094,0
176.1160,0.04577,-0.03777,-0.01307,0.00000,0.00000,0.888,-0.099,0
176.1660,0.04277,-0.03691,-0.01312,0.00000,0.00000,0.866,-0.103,0
176.2160,0.03971,-0.03602,-0.01317,0.00000,0.00000,0.844,-0.108,0
176.2660,0.03660,-0.03510,-0.01322,0.00000,0.00000,0.821,-0.112,0
176.3160,0.03343,-0.03415,-0.01326,0.00000,0.00000,0.797,-0.115,0
176.3660,0.03021,-0.03316,-0.01330,0.00000,0.00000,0.772,-0.118,0
176.4160,0.02695,-0.03216,-0.01333,0.00000,0.00000,0.747,-0.121,0
176.4660,0.02366,-0.03114,-0.01335,0.00000,0.00000,0.721,-0.123,0
176.5160,0.02034,-0.03012,-0.01338,0.00000,0.00000,0.695,-0.125,0
176.5660,0.01700,-0.02906,-0.01339,0.00000,0.00000,0.669,-0.126,0
176.6160,0.01364,-0.02799,-0.01340,0.00000,0.00000,0.642,-0.127,0
176.6660,0.01027,-0.02689,-0.01340,0.00000,0.00000,0.615,-0.128,0
176.7160,0.00689,-0.02577,-0.01339,0.00000,0.00000,0.587,-0.128,0
176.7660,0.00351,-0.02463,-0.01338,0.00000,0.00000,0.560,-0.127,0
176.8160,0.00013,-0.02347,-0.01336,0.00000,0.00000,0.532,-0.126,0
176.8660,-0.00324,-0.02229,-0.01332,0.00000,0.00000,0.503,-0.125,0
176.9160,-0.00657,-0.02111,-0.01328,0.00000,0.00000,0.475,-0.123,0
176.9660,-0.00988,-0.01991,-0.01323,0.00000,0.00000,0.447,-0.121,0
177.0160,-0.01316,-0.01869,-0.01316,0.00000,0.00000,0.419,-0.118,0
177.0660,-0.01639,-0.01746,-0.01308,0.00000,0.00000,0.391,-0.115,0
177.1160,-0.01958,-0.01621,-0.01299,0.00000,0.00000,0.362,-0.111,0
177.1660,-0.02271,-0.01495,-0.01289,0.00000,0.00000,0.335,-0.107,0
177.2160,-0.02577,-0.01368,-0.01277,0.00000,0.00000,0.307,-0.102,0
177.2660,-0.02876,-0.01239,-0.01263,0.00000,0.00000,0.279,-0.097,0
177.3160,-0.03166,-0.01111,-0.01248,0.00000,0.00000,0.252,-0.092,0
177.3660,-0.03448,-0.00981,-0.01231,0.00000,0.00000,0.226,-0.086,0
177.4160,-0.03720,-0.00850,-0.01213,0.00000,0.00000,0.199,-0.080,0
177.4660,-0.03981,-0.00719,-0.01192,0.00000,0.00000,0.174,-0.073,0
177.5160,-0.04230,-0.00590,-0.01170,0.00000,0.00000,0.149,-0.066,0
177.5660,-0.04467,-0.00461,-0.01146,0.00000,0.00000,0.125,-0.059,0
177.6160,-0.04691,-0.00332,-0.01120,0.00000,0.00000,0.101,-0.051,0
177.6660,-0.04902,-0.00204,-0.01091,0.00000,0.00000,0.079,-0.043,0
177.7160,-0.05098,-0.00079,-0.01061,0.00000,0.00000,0.057,-0.035,0
177.7660,-0.05281,0.00045,-0.01029,0.00000,0.00000,0.036,-0.027,0
177.8160,-0.05449,0.00166,-0.00994,0.00000,0.00000,0.017,-0.019,0
177.8660,-0.05605,0.00284,-0.00958,0.00000,0.00000,-0.001,-0.010,0
177.9160,-0.05747,0.00399,-0.00919,0.00000,0.00000,-0.019,-0.002,0
177.9660,-0.05876,0.00509,-0.00879,0.00000,0.00000,-0.034,0.006,0
178.0160,-0.05992,0.00616,-0.00836,0.00000,0.00000,-0.049,0.014,0
178.0660,-0.06097,0.00719,-0.00791,0.00000,0.00000,-0.062,0.022,0
178.1160,-0.06191,0.00818,-0.00744,0.00000,0.00000,-0.074,0.030,0
178.1660,-0.06275,0.00912,-0.00696,0.00000,0.00000,-0.085,0.037,0
178.2160,-0.06348,0.01002,-0.00645,0.00000,0.00000,-0.094,0.044,0
178.2660,-0.06412,0.01088,-0.00592,0.00000,0.00000,-0.102,0.051,0
178.3160,-0.06466,0.01168,-0.00538,0.00000,0.00000,-0.109,0.057,0
178.3660,-0.06512,0.01242,-0.00482,0.00000,0.00000,-0.114,0.063,0
178.4160,-0.06548,0.01310,-0.00424,0.00000,0.00000,-0.118,0.069,0
178.4660,-0.06577,0.01373,-0.00365,0.00000,0.00000,-0.121,0.073,0
178.5160,-0.06597,0.01431,-0.00304,0.00000,0.00000,-0.123,0.078,0
178.5660,-0.06610,0.01483,-0.00242,0.00000,0.00000,-0.124,0.081,0
178.6160,-0.06616,0.01530,-0.00179,0.00000,0.00000,-0.124,0.085,0
178.6660,-0.06614,0.01571,-0.00115,0.00000,0.00000,-0.123,0.087,0
178.7160,-0.06604,0.01605,-0.00050,0.00000,0.00000,-0.122,0.089,0
178.7660,-0.06587,0.01633,0.00016,0.00000,0.00000,-0.119,0.090,0
178.8160,-0.06563,0.01656,0.00082,0.00000,0.00000,-0.116,0.091,0
178.8660,-0.06531,0.01672,0.00149,0.00000,0.00000,-0.112,0.091,0
178.9160,-0.06491,0.01681,0.00216,0.00000,0.00000,-0.108,0.090,0
178.9660,-0.06443,0.01683,0.00283,0.00000,0.00000,-0.103,0.089,0
179.0160,-0.06388,0.01679,0.00349,0.00000,0.00000,-0.098,0.087,0
179.0660,-0.06325,0.01670,0.00416,0.00000,0.00000,-0.093,0.084,0
179.1160,-0.06255,0.01654,0.00482,0.00000,0.00000,-0.087,0.081,0
179.1660,-0.06176,0.01632,0.00547,0.00000,0.00000,-0.082,0.077,0
179.2160,-0.06089,0.01604,0.00612,0.00000,0.00000,-0.076,0.073,0
179.2660,-0.05994,0.01568,0.00675,0.00000,0.00000,-0.070,0.068,0
179.3160,-0.05890,0.01527,0.00737,0.00000,0.00000,-0.065,0.063,0
179.3660,-0.05778,0.01480,0.00798,0.00000,0.00000,-0.059,0.057,0
179.4160,-0.05657,0.01427,0.00856,0.00000,0.00000,-0.054,0.051,0
179.4660,-0.05528,0.01369,0.00913,0.00000,0.00000,-0.049,0.045,0
179.5160,-0.05391,0.01305,0.00968,0.00000,0.00000,-0.045,0.038,0
179.5660,-0.05246,0.01237,0.01021,0.00000,0.00000,-0.040,0.031,0
179.6160,-0.05094,0.01165,0.01071,0.00000,0.00000,-0.036,0.023,0
179.6660,-0.04933,0.01089,0.01119,0.00000,0.00000,-0.033,0.016,0
179.7160,-0.04765,0.01008,0.01164,0.00000,0.00000,-0.029,0.008,0
179.7660,-0.04589,0.00922,0.01206,0.00000,0.00000,-0.027,-0.000,0
179.8160,-0.04405,0.00831,0.01246,0.00000,0.00000,-0.025,-0.008,0
179.8660,-0.04214,0.00739,0.01282,0.00000,0.00000,-0.023,-0.016,0
179.9160,-0.04017,0.00643,0.01315,0.00000,0.00000,-0.022,-0.024,0
179.9660,-0.03814,0.00546,0.01345,0.00000,0.00000,-0.021,-0.031,0
180.0160,-0.03606,0.00448,0.01372,0.00000,0.00000,-0.020,-0.039,0
180.0660,-0.03393,0.00346,0.01396,0.00000,0.00000,-0.020,-0.046,0
180.1160,-0.03174,0.00244,0.01416,0.00000,0.00000,-0.020,-0.053,0
180.1660,-0.02951,0.00140,0.01433,0.00000,0.00000,-0.021,-0.060,0
180.2160,-0.02724,0.00035,0.01447,0.00000,0.00000,-0.022,-0.066,0
180.2660,-0.02493,-0.00072,0.01457,0.00000,0.00000,-0.023,-0.072,0
180.3160,-0.02259,-0.00179,0.01464,0.00000,0.00000,-0.025,-0.078,0
180.3660,-0.02022,-0.00287,0.01467,0.00000,0.00000,-0.027,-0.083,0
180.4160,-0.01784,-0.00394,0.01468,0.00000,0.00000,-0.029,-0.088,0
180.4660,-0.01546,-0.00500,0.01465,0.00000,0.00000,-0.031,-0.092,0
180.5160,-0.01306,-0.00606,0.01459,0.00000,0.00000,-0.034,-0.095,0
180.5660,-0.01067,-0.00712,0.01450,0.00000,0.00000,-0.036,-0.099,0
180.6160,-0.00828,-0.00817,0.01438,0.00000,0.00000,-0.038,-0.101,0
180.6660,-0.00591,-0.00919,0.01423,0.00000,0.00000,-0.041,-0.103,0
180.7160,-0.00356,-0.01021,0.01405,0.00000,0.00000,-0.043,-0.105,0
180.7660,-0.00125,-0.01119,0.01384,0.00000,0.00000,-0.045,-0.106,0
180.8160,0.00104,-0.01216,0.01361,0.00000,0.00000,-0.048,-0.106,0
180.8660,0.00328,-0.01311,0.01335,0.00000,0.00000,-0.049,-0.106,0
180.9160,0.00548,-0.01404,0.01307,0.00000,0.00000,-0.051,-0.106,0
180.9660,0.00763,-0.01494,0.01277,0.00000,0.00000,-0.053,-0.105,0
181.0160,0.00972,-0.01580,0.01245,0.00000,0.00000,-0.054,-0.103,0
181.0660,0.01174,-0.01665,0.01210,0.00000,0.00000,-0.055,-0.101,0
181.1160,0.01370,-0.01748,0.01174,0.00000,0.00000,-0.055,-0.099,0
181.1660,0.01560,-0.01828,0.01137,0.00000,0.00000,-0.055,-0.096,0
181.2160,0.01741,-0.01906,0.01097,0.00000,0.00000,-0.055,-0.093,0
181.2660,0.01915,-0.01982,0.01057,0.00000,0.00000,-0.054,-0.089,0
181.3160,0.02080,-0.02055,0.01015,0.00000,0.00000,-0.053,-0.086,0
181.3660,0.02237,-0.02126,0.00973,0.00000,0.00000,-0.052,-0.081,0
181.4160,0.02386,-0.02195,0.00929,0.00000,0.00000,-0.050,-0.077,0
181.4660,0.02525,-0.02262,0.00885,0.00000,0.00000,-0.048,-0.072,0
181.5160,0.02656,-0.02326,0.00841,0.00000,0.00000,-0.045,-0.067,0
181.5660,0.02777,-0.02389,0.00796,0.00000,0.00000,-0.041,-0.062,0
181.6160,0.02888,-0.02450,0.00750,0.00000,0.00000,-0.038,-0.057,0
181.6660,0.02990,-0.02508,0.00705,0.00000,0.00000,-0.033,-0.052,0
181.7160,0.03081,-0.02563,0.00660,0.00000,0.00000,-0.029,-0.047,0
181.7660,0.03164,-0.02616,0.00616,0.00000,0.00000,-0.024,-0.041,0
181.8160,0.03236,-0.02668,0.00571,0.00000,0.00000,-0.018,-0.036,0
181.8660,0.03300,-0.02717,0.00527,0.00000,0.00000,-0.013,-0.030,0
181.9160,0.03355,-0.02765,0.00484,0.00000,0.00000,-0.006,-0.025,0
181.9660,0.03402,-0.02811,0.00442,0.00000,0.00000,0.000,-0.020,0
182.0160,0.03441,-0.02856,0.00401,0.00000,0.00000,0.007,-0.014,0
182.0660,0.03473,-0.02899,0.00361,0.00000,0.00000,0.014,-0.009,0
182.1160,0.03498,-0.02941,0.00322,0.00000,0.00000,0.021,-0.004,0
182.1660,0.03518,-0.02983,0.00284,0.00000,0.00000,0.029,0.000,0
182.2160,0.03532,-0.03024,0.00247,0.00000,0.00000,0.037,0.005,0
182.2660,0.03542,-0.03065,0.00212,0.00000,0.00000,0.045,0.010,0
182.3160,0.03546,-0.03103,0.00178,0.00000,0.00000,0.053,0.014,0
182.3660,0.03547,-0.03141,0.00146,0.00000,0.00000,0.062,0.018,0
182.4160,0.03543,-0.03179,0.00116,0.00000,0.00000,0.070,0.022,0
182.4660,0.03537,-0.03215,0.00087,0.00000,0.00000,0.079,0.026,0
182.5160,0.03529,-0.03252,0.00059,0.00000,0.00000,0.087,0.029,0
182.5660,0.03519,-0.03289,0.00033,0.00000,0.00000,0.096,0.033,0
182.6160,0.03508,-0.03327,0.00009,0.00000,0.00000,0.105,0.036,0
182.6660,0.03497,-0.03365,-0.00013,0.00000,0.00000,0.114,0.039,0
182.7160,0.03484,-0.03403,-0.00034,0.00000,0.00000,0.123,0.041,0
182.7660,0.03472,-0.03443,-0.00053,0.00000,0.00000,0.132,0.044,0
182.8160,0.03459,-0.03482,-0.00071,0.00000,0.00000,0.141,0.046,0
182.8660,0.03447,-0.03521,-0.00087,0.00000,0.00000,0.150,0.048,0
182.9160,0.03435,-0.03561,-0.00102,0.00000,0.00000,0.159,0.051,0
182.9660,0.03425,-0.03602,-0.00115,0.00000,0.00000,0.168,0.052,0
183.0160,0.03415,-0.03643,-0.00127,0.00000,0.00000,0.178,0.054,0
183.0660,0.03407,-0.03684,-0.00137,0.00000,0.00000,0.187,0.056,0
183.1160,0.03399,-0.03724,-0.00147,0.00000,0.00000,0.196,0.057,0
183.1660,0.03393,-0.03766,-0.00155,0.00000,0.00000,0.205,0.059,0
183.2160,0.03389,-0.03807,-0.00162,0.00000,0.00000,0.215,0.060,0
183.2660,0.03386,-0.03848,-0.00168,0.00000,0.00000,0.224,0.061,0
183.3160,0.03385,-0.03889,-0.00173,0.00000,0.00000,0.233,0.062,0
183.3660,0.03386,-0.03929,-0.00177,0.00000,0.00000,0.242,0.063,0
183.4160,0.03387,-0.03969,-0.00181,0.00000,0.00000,0.251,0.064,0
183.4660,0.03391,-0.04008,-0.00184,0.00000,0.00000,0.261,0.065,0
183.5160,0.03397,-0.04047,-0.00186,0.00000,0.00000,0.270,0.065,0
183.5660,0.03404,-0.04086,-0.00188,0.00000,0.00000,0.279,0.066,0
183.6160,0.03414,-0.04125,-0.00190,0.00000,0.00000,0.288,0.067,0
183.6660,0.03426,-0.04163,-0.00191,0.00000,0.00000,0.297,0.067,0
183.7160,0.03440,-0.04201,-0.00192,0.00000,0.00000,0.307,0.068,0
183.7660,0.03455,-0.04237,-0.00193,0.00000,0.00000,0.316,0.069,0
183.8160,0.03471,-0.04271,-0.00195,0.00000,0.00000,0.325,0.069,0
183.8660,0.03489,-0.04305,-0.00196,0.00000,0.00000,0.335,0.069,0
183.9160,0.03509,-0.04338,-0.00197,0.00000,0.00000,0.344,0.070,0
183.9660,0.03531,-0.04370,-0.00198,0.00000,0.00000,0.353,0.070,0
184.0160,0.03554,-0.04400,-0.00200,0.00000,0.00000,0.363,0.070,0
184.0660,0.03578,-0.04428,-0.00202,0.00000,0.00000,0.372,0.071,0
184.1160,0.03602,-0.04453,-0.00205,0.00000,0.00000,0.381,0.071,0
184.1660,0.03628,-0.04475,-0.00208,0.00000,0.00000,0.390,0.071,0
184.2160,0.03653,-0.04494,-0.00211,0.00000,0.00000,0.399,0.071,0
184.2660,0.03680,-0.04511,-0.00215,0.00000,0.00000,0.408,0.071,0
184.3160,0.03708,-0.04526,-0.00220,0.00000,0.00000,0.417,0.071,0
184.3660,0.03736,-0.04538,-0.00225,0.00000,0.00000,0.426,0.071,0
184.4160,0.03763,-0.04545,-0.00230,0.00000,0.00000,0.435,0.071,0
184.4660,0.03791,-0.04549,-0.00237,0.00000,0.00000,0.443,0.071,0
184.5160,0.03818,-0.04549,-0.00243,0.00000,0.00000,0.451,0.071,0
184.5660,0.03846,-0.04546,-0.00251,0.00000,0.00000,0.459,0.071,0
184.6160,0.03873,-0.04540,-0.00259,0.00000,0.00000,0.467,0.070,0
184.6660,0.03900,-0.04530,-0.00267,0.00000,0.00000,0.474,0.070,0
184.7160,0.03927,-0.04516,-0.00276,0.00000,0.00000,0.482,0.070,0
184.7660,0.03954,-0.04500,-0.00285,0.00000,0.00000,0.489,0.069,0
184.8160,0.03981,-0.04480,-0.00295,0.00000,0.00000,0.496,0.069,0
184.8660,0.04007,-0.04456,-0.00305,0.00000,0.00000,0.503,0.068,0
184.9160,0.04033,-0.04429,-0.00315,0.00000,0.00000,0.509,0.067,0
184.9660,0.04059,-0.04398,-0.00326,0.00000,0.00000,0.516,0.066,0
185.0160,0.04083,-0.04363,-0.00337,0.00000,0.00000,0.522,0.065,0
185.0660,0.04107,-0.04325,-0.00348,0.00000,0.00000,0.528,0.065,0
185.1160,0.04130,-0.04282,-0.00359,0.00000,0.00000,0.533,0.063,0
185.1660,0.04152,-0.04234,-0.00370,0.00000,0.00000,0.538,0.062,0
185.2160,0.04172,-0.04183,-0.00381,0.00000,0.00000,0.543,0.061,0
185.2660,0.04193,-0.04129,-0.00392,0.00000,0.00000,0.547,0.060,0
185.3160,0.04212,-0.04071,-0.00403,0.00000,0.00000,0.551,0.059,0
185.3660,0.04230,-0.04009,-0.00414,0.00000,0.00000,0.555,0.057,0
185.4160,0.04246,-0.03941,-0.00424,0.00000,0.00000,0.558,0.056,0
185.4660,0.04261,-0.03871,-0.00433,0.00000,0.00000,0.561,0.054,0
185.5160,0.04276,-0.03797,-0.00443,0.00000,0.00000,0.563,0.053,0
185.5660,0.04289,-0.03719,-0.00451,0.00000,0.00000,0.565,0.051,0
185.6160,0.04301,-0.03639,-0.00459,0.00000,0.00000,0.566,0.049,0
185.6660,0.04313,-0.03555,-0.00467,0.00000,0.00000,0.567,0.048,0
185.7160,0.04323,-0.03469,-0.00473,0.00000,0.00000,0.567,0.046,0
185.7660,0.04333,-0.03380,-0.00479,0.00000,0.00000,0.567,0.044,0
185.8160,0.04341,-0.03288,-0.00484,0.00000,0.00000,0.567,0.043,0
185.8660,0.04349,-0.03195,-0.00488,0.00000,0.00000,0.566,0.041,0
185.9160,0.04357,-0.03099,-0.00491,0.00000,0.00000,0.565,0.039,0
185.9660,0.04363,-0.03003,-0.00493,0.00000,0.00000,0.563,0.037,0
186.0160,0.04369,-0.02904,-0.00494,0.00000,0.00000,0.561,0.036,0
186.0660,0.04374,-0.02802,-0.00495,0.00000,0.00000,0.558,0.034,0
186.1160,0.04378,-0.02700,-0.00494,0.00000,0.00000,0.555,0.032,0
186.1660,0.04381,-0.02597,-0.00492,0.00000,0.00000,0.552,0.031,0
186.2160,0.04386,-0.02495,-0.00489,0.00000,0.00000,0.548,0.029,0
186.2660,0.04390,-0.02394,-0.00485,0.00000,0.00000,0.544,0.028,0
186.3160,0.04394,-0.02293,-0.00480,0.00000,0.00000,0.540,0.026,0
186.3660,0.04398,-0.02194,-0.00474,0.00000,0.00000,0.536,0.025,0
186.4160,0.04402,-0.02094,-0.00467,0.00000,0.00000,0.531,0.024,0
186.4660,0.04405,-0.01995,-0.00460,0.00000,0.00000,0.526,0.022,0
186.5160,0.04408,-0.01897,-0.00451,0.00000,0.00000,0.521,0.021,0
186.5660,0.04410,-0.01800,-0.00442,0.00000,0.00000,0.515,0.020,0
186.6160,0.04414,-0.01706,-0.00431,0.00000,0.00000,0.510,0.019,0
186.6660,0.04417,-0.01614,-0.00421,0.00000,0.00000,0.504,0.018,0
186.7160,0.04420,-0.01524,-0.00409,0.00000,0.00000,0.498,0.017,0
186.7660,0.04423,-0.01437,-0.00397,0.00000,0.00000,0.492,0.016,0
186.8160,0.04425,-0.01351,-0.00384,0.00000,0.00000,0.485,0.016,0
186.8660,0.04427,-0.01268,-0.00372,0.00000,0.00000,0.479,0.015,0
186.9160,0.04429,-0.01188,-0.00358,0.00000,0.00000,0.472,0.015,0
186.9660,0.04429,-0.01110,-0.00345,0.00000,0.00000,0.465,0.014,0
187.0160,0.04430,-0.01035,-0.00331,0.00000,0.00000,0.458,0.014,0
187.0660,0.04429,-0.00964,-0.00318,0.00000,0.00000,0.451,0.014,0
187.1160,0.04428,-0.00896,-0.00304,0.00000,0.00000,0.444,0.013,0
187.1660,0.04426,-0.00831,-0.00291,0.00000,0.00000,0.436,0.013,0
187.2160,0.04424,-0.00770,-0.00278,0.00000,0.00000,0.429,0.013,0
187.2660,0.04420,-0.00713,-0.00265,0.00000,0.00000,0.422,0.013,0
187.3160,0.04415,-0.00661,-0.00253,0.00000,0.00000,0.415,0.013,0
187.3660,0.04409,-0.00612,-0.00241,0.00000,0.00000,0.407,0.014,0
187.4160,0.04402,-0.00567,-0.00230,0.00000,0.00000,0.400,0.014,0
187.4660,0.04393,-0.00527,-0.00220,0.00000,0.00000,0.393,0.014,0
187.5160,0.04383,-0.00492,-0.00211,0.00000,0.00000,0.386,0.014,0
187.5660,0.04372,-0.00461,-0.00202,0.00000,0.00000,0.379,0.015,0
187.6160,0.04359,-0.00435,-0.00195,0.00000,0.00000,0.373,0.015,0
187.6660,0.04343,-0.00412,-0.00188,0.00000,0.00000,0.366,0.015,0
187.7160,0.04325,-0.00394,-0.00183,0.00000,0.00000,0.360,0.016,0
187.7660,0.04305,-0.00378,-0.00178,0.00000,0.00000,0.354,0.016,0
187.8160,0.04281,-0.00366,-0.00176,0.00000,0.00000,0.348,0.016,0
187.8660,0.04254,-0.00358,-0.00174,0.00000,0.00000,0.342,0.016,0
187.9160,0.04225,-0.00354,-0.00173,0.00000,0.00000,0.336,0.017,0
187.9660,0.04192,-0.00352,-0.00174,0.00000,0.00000,0.330,0.017,0
188.0160,0.04155,-0.00355,-0.00177,0.00000,0.00000,0.324,0.017,0
188.0660,0.04116,-0.00362,-0.00181,0.00000,0.00000,0.319,0.017,0
188.1160,0.04073,-0.00373,-0.00186,0.00000,0.00000,0.314,0.017,0
188.1660,0.04026,-0.00386,-0.00192,0.00000,0.00000,0.309,0.017,0
188.2160,0.03975,-0.00402,-0.00200,0.00000,0.00000,0.304,0.016,0
188.2660,0.03920,-0.00420,-0.00209,0.00000,0.00000,0.300,0.016,0
188.3160,0.03860,-0.00442,-0.00220,0.00000,0.00000,0.295,0.016,0
188.3660,0.03796,-0.00465,-0.00232,0.00000,0.00000,0.291,0.015,0
188.4160,0.03727,-0.00490,-0.00245,0.00000,0.00000,0.287,0.015,0
188.4660,0.03652,-0.00515,-0.00259,0.00000,0.00000,0.283,0.014,0
188.5160,0.03572,-0.00542,-0.00274,0.00000,0.00000,0.279,0.013,0
188.5660,0.03487,-0.00569,-0.00291,0.00000,0.00000,0.275,0.012,0
188.6160,0.03397,-0.00599,-0.00308,0.00000,0.00000,0.271,0.011,0
188.6660,0.03302,-0.00629,-0.00326,0.00000,0.00000,0.267,0.010,0
188.7160,0.03201,-0.00660,-0.00346,0.00000,0.00000,0.263,0.009,0
188.7660,0.03095,-0.00691,-0.00365,0.00000,0.00000,0.259,0.007,0
188.8160,0.02984,-0.00724,-0.00386,0.00000,0.00000,0.256,0.006,0
188.8660,0.02869,-0.00758,-0.00407,0.00000,0.00000,0.252,0.004,0
188.9160,0.02749,-0.00792,-0.00428,0.00000,0.00000,0.249,0.003,0
188.9660,0.02624,-0.00827,-0.00450,0.00000,0.00000,0.245,0.001,0
189.0160,0.02495,-0.00863,-0.00472,0.00000,0.00000,0.242,-0.001,0
189.0660,0.02361,-0.00898,-0.00494,0.00000,0.00000,0.239,-0.003,0
189.1160,0.02221,-0.00931,-0.00516,0.00000,0.00000,0.235,-0.005,0
189.1660,0.02077,-0.00962,-0.00537,0.00000,0.00000,0.232,-0.006,0
189.2160,0.01928,-0.00992,-0.00559,0.00000,0.00000,0.228,-0.008,0
189.2660,0.01774,-0.01021,-0.00580,0.00000,0.00000,0.224,-0.010,0
189.3160,0.01618,-0.01050,-0.00601,0.00000,0.00000,0.220,-0.012,0
189.3660,0.01458,-0.01077,-0.00621,0.00000,0.00000,0.216,-0.014,0
189.4160,0.01295,-0.01104,-0.00640,0.00000,0.00000,0.212,-0.016,0
189.4660,0.01128,-0.01129,-0.00658,0.00000,0.00000,0.208,-0.017,0
189.5160,0.00959,-0.01152,-0.00676,0.00000,0.00000,0.204,-0.019,0
189.5660,0.00787,-0.01172,-0.00692,0.00000,0.00000,0.199,-0.021,0
189.6160,0.00612,-0.01190,-0.00707,0.00000,0.00000,0.194,-0.022,0
189.6660,0.00437,-0.01207,-0.00721,0.00000,0.00000,0.189,-0.024,0
189.7160,0.00260,-0.01223,-0.00734,0.00000,0.00000,0.184,-0.025,0
189.7660,0.00082,-0.01237,-0.00745,0.00000,0.00000,0.178,-0.026,0
189.8160,-0.00095,-0.01250,-0.00755,0.00000,0.00000,0.173,-0.027,0
189.8660,-0.00272,-0.01261,-0.00763,0.00000,0.00000,0.167,-0.028,0
189.9160,-0.00448,-0.01270,-0.00770,0.00000,0.00000,0.162,-0.029,0
189.9660,-0.00623,-0.01278,-0.00775,0.00000,0.00000,0.156,-0.029,0
190.0160,-0.00797,-0.01285,-0.00778,0.00000,0.00000,0.149,-0.029,0
190.0660,-0.00967,-0.01291,-0.00780,0.00000,0.00000,0.143,-0.030,0
190.1160,-0.01135,-0.01295,-0.00779,0.00000,0.00000,0.137,-0.030,0
190.1660,-0.01301,-0.01297,-0.00778,0.00000,0.00000,0.130,-0.029,0
190.2160,-0.01462,-0.01297,-0.00774,0.00000,0.00000,0.123,-0.029,0
190.2660,-0.01620,-0.01296,-0.00768,0.00000,0.00000,0.116,-0.029,0
190.3160,-0.01773,-0.01294,-0.00761,0.00000,0.00000,0.109,-0.028,0
190.3660,-0.01921,-0.01289,-0.00752,0.00000,0.00000,0.102,-0.027,0
190.4160,-0.02065,-0.01282,-0.00741,0.00000,0.00000,0.095,-0.026,0
190.4660,-0.02203,-0.01273,-0.00728,0.00000,0.00000,0.087,-0.025,0
190.5160,-0.02335,-0.01263,-0.00714,0.00000,0.00000,0.079,-0.024,0
190.5660,-0.02461,-0.01251,-0.00698,0.00000,0.00000,0.072,-0.022,0
190.6160,-0.02580,-0.01237,-0.00680,0.00000,0.00000,0.064,-0.021,0
190.6660,-0.02692,-0.01222,-0.00661,0.00000,0.00000,0.056,-0.019,0
190.7160,-0.02796,-0.01205,-0.00640,0.00000,0.00000,0.048,-0.017,0
190.7660,-0.02893,-0.01187,-0.00618,0.00000,0.00000,0.041,-0.015,0
190.8160,-0.02982,-0.01168,-0.00594,0.00000,0.00000,0.033,-0.013,0
190.8660,-0.03063,-0.01148,-0.00569,0.00000,0.00000,0.025,-0.011,0
190.9160,-0.03136,-0.01127,-0.00543,0.00000,0.00000,0.018,-0.009,0
190.9660,-0.03200,-0.01107,-0.00516,0.00000,0.00000,0.010,-0.007,0
191.0160,-0.03256,-0.01086,-0.00488,0.00000,0.00000,0.003,-0.005,0
191.0660,-0.03303,-0.01067,-0.00458,0.00000,0.00000,-0.005,-0.003,0
191.1160,-0.03344,-0.01046,-0.00428,0.00000,0.00000,-0.012,-0.001,0
191.1660,-0.03376,-0.01026,-0.00397,0.00000,0.00000,-0.018,0.001,0
191.2160,-0.03402,-0.01005,-0.00366,0.00000,0.00000,-0.025,0.003,0
191.2660,-0.03422,-0.00984,-0.00334,0.00000,0.00000,-0.032,0.004,0
191.3160,-0.03434,-0.00964,-0.00301,0.00000,0.00000,-0.038,0.006,0
191.3660,-0.03441,-0.00943,-0.00268,0.00000,0.00000,-0.044,0.008,0
191.4160,-0.03441,-0.00923,-0.00235,0.00000,0.00000,-0.050,0.009,0
191.4660,-0.03436,-0.00903,-0.00202,0.00000,0.00000,-0.055,0.010,0
191.5160,-0.03426,-0.00884,-0.00168,0.00000,0.00000,-0.060,0.011,0
191.5660,-0.03410,-0.00864,-0.00134,0.00000,0.00000,-0.065,0.012,0
191.6160,-0.03390,-0.00845,-0.00101,0.00000,0.00000,-0.070,0.013,0
191.6660,-0.03366,-0.00827,-0.00067,0.00000,0.00000,-0.074,0.014,0
191.7160,-0.03337,-0.00809,-0.00034,0.00000,0.00000,-0.079,0.014,0
191.7660,-0.03304,-0.00793,-0.00001,0.00000,0.00000,-0.082,0.015,0
191.8160,-0.03267,-0.00777,0.00031,0.00000,0.00000,-0.086,0.015,0
191.8660,-0.03226,-0.00763,0.00063,0.00000,0.00000,-0.089,0.015,0
191.9160,-0.03181,-0.00750,0.00095,0.00000,0.00000,-0.092,0.015,0
191.9660,-0.03133,-0.00739,0.00126,0.00000,0.00000,-0.095,0.014,0
192.0160,-0.03081,-0.00729,0.00157,0.00000,0.00000,-0.098,0.014,0
192.0660,-0.03026,-0.00721,0.00187,0.00000,0.00000,-0.100,0.013,0
192.1160,-0.02968,-0.00715,0.00216,0.00000,0.00000,-0.102,0.012,0
192.1660,-0.02906,-0.00711,0.00244,0.00000,0.00000,-0.104,0.011,0
192.2160,-0.02842,-0.00707,0.00272,0.00000,0.00000,-0.105,0.010,0
192.2660,-0.02775,-0.00707,0.00300,0.00000,0.00000,-0.107,0.009,0
192.3160,-0.02704,-0.00709,0.00326,0.00000,0.00000,-0.108,0.008,0
192.3660,-0.02631,-0.00712,0.00352,0.00000,0.00000,-0.109,0.006,0
192.4160,-0.02555,-0.00719,0.00376,0.00000,0.00000,-0.110,0.005,0
192.4660,-0.02476,-0.00728,0.00401,0.00000,0.00000,-0.110,0.003,0
192.5160,-0.02394,-0.00739,0.00424,0.00000,0.00000,-0.111,0.001,0
192.5660,-0.02310,-0.00753,0.00447,0.00000,0.00000,-0.111,-0.000,0
192.6160,-0.02222,-0.00770,0.00469,0.00000,0.00000,-0.112,-0.002,0
192.6660,-0.02132,-0.00789,0.00490,0.00000,0.00000,-0.112,-0.004,0
192.7160,-0.02040,-0.00811,0.00511,0.00000,0.00000,-0.112,-0.006,0
192.7660,-0.01945,-0.00836,0.00531,0.00000,0.00000,-0.112,-0.008,0
192.8160,-0.01847,-0.00864,0.00550,0.00000,0.00000,-0.112,-0.010,0
192.8660,-0.01746,-0.00896,0.00569,0.00000,0.00000,-0.112,-0.012,0
192.9160,-0.01642,-0.00931,0.00588,0.00000,0.00000,-0.111,-0.013,0
192.9660,-0.01536,-0.00969,0.00606,0.00000,0.00000,-0.111,-0.015,0
193.0160,-0.01426,-0.01011,0.00623,0.00000,0.00000,-0.110,-0.017,0
193.0660,-0.01314,-0.01057,0.00640,0.00000,0.00000,-0.110,-0.019,0
193.1160,-0.01198,-0.01106,0.00657,0.00000,0.00000,-0.109,-0.021,0
193.1660,-0.01080,-0.01159,0.00674,0.00000,0.00000,-0.109,-0.023,0
193.2160,-0.00959,-0.01216,0.00690,0.00000,0.00000,-0.108,-0.024,0
193.2660,-0.00835,-0.01276,0.00706,0.00000,0.00000,-0.107,-0.026,0
193.3160,-0.00708,-0.01340,0.00721,0.00000,0.00000,-0.106,-0.027,0
193.3660,-0.00578,-0.01408,0.00737,0.00000,0.00000,-0.105,-0.029,0
193.4160,-0.00446,-0.01479,0.00752,0.00000,0.00000,-0.104,-0.030,0
193.4660,-0.00310,-0.01554,0.00767,0.00000,0.00000,-0.103,-0.031,0
193.5160,-0.00172,-0.01633,0.00782,0.00000,0.00000,-0.101,-0.032,0
193.5660,-0.00032,-0.01716,0.00797,0.00000,0.00000,-0.100,-0.033,0
193.6160,0.00112,-0.01802,0.00812,0.00000,0.00000,-0.098,-0.033,0
193.6660,0.00257,-0.01891,0.00826,0.00000,0.00000,-0.096,-0.034,0
193.7160,0.00405,-0.01983,0.00840,0.00000,0.00000,-0.094,-0.034,0
193.7660,0.00556,-0.02080,0.00855,0.00000,0.00000,-0.091,-0.034,0
193.8160,0.00709,-0.02181,0.00869,0.00000,0.00000,-0.089,-0.034,0
193.8660,0.00864,-0.02284,0.00882,0.00000,0.00000,-0.086,-0.034,0
193.9160,0.01021,-0.02391,0.00896,0.00000,0.00000,-0.082,-0.034,0
193.9660,0.01180,-0.02500,0.00909,0.00000,0.00000,-0.078,-0.033,0
194.0160,0.01340,-0.02613,0.00922,0.00000,0.00000,-0.074,-0.032,0
194.0660,0.01502,-0.02729,0.00934,0.00000,0.00000,-0.070,-0.031,0
194.1160,0.01665,-0.02847,0.00946,0.00000,0.00000,-0.064,-0.029,0
194.1660,0.01827,-0.02966,0.00958,0.00000,0.00000,-0.059,-0.027,0
194.2160,0.01990,-0.03086,0.00969,0.00000,0.00000,-0.053,-0.026,0
194.2660,0.02154,-0.03209,0.00979,0.00000,0.00000,-0.046,-0.023,0
194.3160,0.02317,-0.03334,0.00989,0.00000,0.00000,-0.039,-0.021,0
194.3660,0.02480,-0.03460,0.00997,0.00000,0.00000,-0.031,-0.018,0
194.4160,0.02643,-0.03589,0.01005,0.00000,0.00000,-0.022,-0.015,0
194.4660,0.02805,-0.03720,0.01012,0.00000,0.00000,-0.012,-0.011,0
194.5160,0.02967,-0.03853,0.01018,0.00000,0.00000,-0.002,-0.007,0
194.5660,0.03128,-0.03988,0.01023,0.00000,0.00000,0.010,-0.003,0
194.6160,0.03289,-0.04123,0.01026,0.00000,0.00000,0.022,0.001,0
194.6660,0.03447,-0.04258,0.01028,0.00000,0.00000,0.035,0.006,0
194.7160,0.03605,-0.04393,0.01029,0.00000,0.00000,0.049,0.011,0
194.7660,0.03761,-0.04527,0.01028,0.00000,0.00000,0.064,0.017,0
194.8160,0.03916,-0.04661,0.01025,0.00000,0.00000,0.080,0.022,0
194.8660,0.04070,-0.04795,0.01021,0.00000,0.00000,0.097,0.028,0
194.9160,0.04223,-0.04928,0.01015,0.00000,0.00000,0.115,0.035,0
194.9660,0.04375,-0.05060,0.01006,0.00000,0.00000,0.134,0.041,0
195.0160,0.04526,-0.05191,0.00996,0.00000,0.00000,0.154,0.048,0
195.0660,0.04675,-0.05320,0.00984,0.00000,0.00000,0.175,0.055,0
195.1160,0.04824,-0.05445,0.00970,0.00000,0.00000,0.196,0.062,0
195.1660,0.04970,-0.05569,0.00953,0.00000,0.00000,0.219,0.069,0
195.2160,0.05116,-0.05689,0.00934,0.00000,0.00000,0.242,0.076,0
195.2660,0.05260,-0.05807,0.00913,0.00000,0.00000,0.266,0.083,0
195.3160,0.05402,-0.05921,0.00889,0.00000,0.00000,0.291,0.091,0
195.3660,0.05544,-0.06031,0.00863,0.00000,0.00000,0.317,0.098,0
195.4160,0.05684,-0.06139,0.00835,0.00000,0.00000,0.344,0.106,0
195.4660,0.05821,-0.06242,0.00803,0.00000,0.00000,0.371,0.113,0
195.5160,0.05957,-0.06340,0.00769,0.00000,0.00000,0.399,0.120,0
195.5660,0.06090,-0.06432,0.00733,0.00000,0.00000,0.427,0.127,0
195.6160,0.06220,-0.06518,0.00694,0.00000,0.00000,0.455,0.134,0
195.6660,0.06348,-0.06600,0.00653,0.00000,0.00000,0.484,0.141,0
195.7160,0.06472,-0.06675,0.00609,0.00000,0.00000,0.514,0.147,0
195.7660,0.06593,-0.06744,0.00562,0.00000,0.00000,0.543,0.153,0
195.8160,0.06710,-0.06807,0.00513,0.00000,0.00000,0.572,0.159,0
195.8660,0.06824,-0.06864,0.00462,0.00000,0.00000,0.602,0.165,0
195.9160,0.06933,-0.06913,0.00408,0.00000,0.00000,0.631,0.170,0
195.9660,0.07038,-0.06955,0.00352,0.00000,0.00000,0.660,0.174,0
196.0160,0.07138,-0.06990,0.00294,0.00000,0.00000,0.689,0.178,0
196.0660,0.07232,-0.07018,0.00234,0.00000,0.00000,0.718,0.182,0
196.1160,0.07322,-0.07038,0.00172,0.00000,0.00000,0.746,0.185,0
196.1660,0.07405,-0.07050,0.00108,0.00000,0.00000,0.774,0.187,0
196.2160,0.07481,-0.07053,0.00043,0.00000,0.00000,0.801,0.189,0
196.2660,0.07551,-0.07049,-0.00024,0.00000,0.00000,0.827,0.190,0
196.3160,0.07615,-0.07037,-0.00092,0.00000,0.00000,0.852,0.191,0
196.3660,0.07671,-0.07016,-0.00161,0.00000,0.00000,0.876,0.191,0
196.4160,0.07720,-0.06987,-0.00231,0.00000,0.00000,0.900,0.190,0
196.4660,0.07760,-0.06948,-0.00302,0.00000,0.00000,0.922,0.188,0
196.5160,0.07791,-0.06900,-0.00373,0.00000,0.00000,0.943,0.186,0
196.5660,0.07814,-0.06842,-0.00445,0.00000,0.00000,0.962,0.183,0
196.6160,0.07827,-0.06775,-0.00517,0.00000,0.00000,0.980,0.180,0
196.6660,0.07831,-0.06699,-0.00588,0.00000,0.00000,0.996,0.176,0
196.7160,0.07825,-0.06613,-0.00659,0.00000,0.00000,1.011,0.171,0
196.7660,0.07810,-0.06518,-0.00730,0.00000,0.00000,1.024,0.165,0
196.8160,0.07784,-0.06414,-0.00799,0.00000,0.00000,1.035,0.159,0
196.8660,0.07748,-0.06300,-0.00867,0.00000,0.00000,1.044,0.152,0
196.9160,0.07701,-0.06177,-0.00934,0.00000,0.00000,1.052,0.145,0
196.9660,0.07643,-0.06045,-0.00999,0.00000,0.00000,1.057,0.137,0
197.0160,0.07575,-0.05904,-0.01062,0.00000,0.00000,1.060,0.129,0
197.0660,0.07497,-0.05754,-0.01123,0.00000,0.00000,1.062,0.120,0
197.1160,0.07408,-0.05597,-0.01182,0.00000,0.00000,1.061,0.111,0
197.1660,0.07308,-0.05432,-0.01238,0.00000,0.00000,1.059,0.101,0
197.2160,0.07199,-0.05259,-0.01291,0.00000,0.00000,1.055,0.091,0
197.2660,0.07080,-0.05080,-0.01341,0.00000,0.00000,1.049,0.081,0
197.3160,0.06950,-0.04895,-0.01387,0.00000,0.00000,1.041,0.071,0
197.3660,0.06812,-0.04704,-0.01430,0.00000,0.00000,1.031,0.060,0
197.4160,0.06665,-0.04509,-0.01469,0.00000,0.00000,1.020,0.050,0
197.4660,0.06509,-0.04308,-0.01504,0.00000,0.00000,1.007,0.039,0
197.5160,0.06344,-0.04103,-0.01536,0.00000,0.00000,0.993,0.029,0
197.5660,0.06172,-0.03894,-0.01563,0.00000,0.00000,0.977,0.018,0
197.6160,0.05991,-0.03681,-0.01586,0.00000,0.00000,0.960,0.008,0
197.6660,0.05805,-0.03467,-0.01604,0.00000,0.00000,0.941,-0.002,0
197.7160,0.05612,-0.03251,-0.01618,0.00000,0.00000,0.921,-0.012,0
197.7660,0.05413,-0.03034,-0.01628,0.00000,0.00000,0.900,-0.022,0
197.8160,0.05209,-0.02814,-0.01633,0.00000,0.00000,0.878,-0.031,0
197.8660,0.04999,-0.02593,-0.01633,0.00000,0.00000,0.854,-0.040,0
197.9160,0.04785,-0.02373,-0.01629,0.00000,0.00000,0.829,-0.048,0
197.9660,0.04569,-0.02154,-0.01621,0.00000,0.00000,0.804,-0.056,0
198.0160,0.04350,-0.01937,-0.01608,0.00000,0.00000,0.778,-0.063,0
198.0660,0.04128,-0.01722,-0.01590,0.00000,0.00000,0.751,-0.070,0
198.1160,0.03906,-0.01510,-0.01569,0.00000,0.00000,0.724,-0.076,0
198.1660,0.03684,-0.01303,-0.01543,0.00000,0.00000,0.697,-0.082,0
198.2160,0.03463,-0.01101,-0.01513,0.00000,0.00000,0.669,-0.087,0
198.2660,0.03243,-0.00904,-0.01479,0.00000,0.00000,0.642,-0.091,0
198.3160,0.03026,-0.00714,-0.01441,0.00000,0.00000,0.614,-0.095,0
198.3660,0.02812,-0.00529,-0.01400,0.00000,0.00000,0.587,-0.098,0
198.4160,0.02601,-0.00351,-0.01355,0.00000,0.00000,0.559,-0.100,0
198.4660,0.02394,-0.00181,-0.01306,0.00000,0.00000,0.532,-0.102,0
198.5160,0.02193,-0.00020,-0.01255,0.00000,0.00000,0.506,-0.104,0
198.5660,0.01997,0.00135,-0.01201,0.00000,0.00000,0.480,-0.105,0
198.6160,0.01807,0.00281,-0.01144,0.00000,0.00000,0.454,-0.105,0
198.6660,0.01623,0.00418,-0.01085,0.00000,0.00000,0.428,-0.105,0
198.7160,0.01448,0.00546,-0.01023,0.00000,0.00000,0.404,-0.104,0
198.7660,0.01280,0.00663,-0.00960,0.00000,0.00000,0.380,-0.103,0
198.8160,0.01119,0.00772,-0.00895,0.00000,0.00000,0.357,-0.101,0
198.8660,0.00967,0.00872,-0.00829,0.00000,0.00000,0.335,-0.099,0
198.9160,0.00824,0.00962,-0.00762,0.00000,0.00000,0.313,-0.096,0
198.9660,0.00690,0.01042,-0.00694,0.00000,0.00000,0.293,-0.094,0
199.0160,0.00565,0.01111,-0.00626,0.00000,0.00000,0.273,-0.091,0
199.0660,0.00449,0.01171,-0.00558,0.00000,0.00000,0.254,-0.087,0
199.1160,0.00343,0.01221,-0.00489,0.00000,0.00000,0.237,-0.084,0
199.1660,0.00246,0.01261,-0.00422,0.00000,0.00000,0.220,-0.080,0
199.2160,0.00158,0.01291,-0.00355,0.00000,0.00000,0.204,-0.076,0
199.2660,0.00081,0.01312,-0.00289,0.00000,0.00000,0.189,-0.072,0
199.3160,0.00012,0.01324,-0.00225,0.00000,0.00000,0.175,-0.068,0
199.3660,-0.00049,0.01327,-0.00163,0.00000,0.00000,0.162,-0.064,0
199.4160,-0.00100,0.01322,-0.00102,0.00000,0.00000,0.150,-0.060,0
199.4660,-0.00144,0.01309,-0.00044,0.00000,0.00000,0.138,-0.056,0
199.5160,-0.00179,0.01287,0.00011,0.00000,0.00000,0.128,-0.052,0
199.5660,-0.00207,0.01259,0.00064,0.00000,0.00000,0.118,-0.048,0
199.6160,-0.00228,0.01224,0.00114,0.00000,0.00000,0.110,-0.044,0
199.6660,-0.00242,0.01182,0.00160,0.00000,0.00000,0.102,-0.040,0
199.7160,-0.00251,0.01134,0.00203,0.00000,0.00000,0.094,-0.036,0
199.7660,-0.00253,0.01081,0.00242,0.00000,0.00000,0.088,-0.032,0
199.8160,-0.00252,0.01022,0.00277,0.00000,0.00000,0.082,-0.029,0
199.8660,-0.00246,0.00960,0.00308,0.00000,0.00000,0.077,-0.026,0
199.9160,-0.00237,0.00895,0.00335,0.00000,0.00000,0.072,-0.022,0
199.9660,-0.00225,0.00826,0.00358,0.00000,0.00000,0.068,-0.019,0
200.0160,-0.00211,0.00756,0.00376,0.00000,0.00000,0.064,-0.016,0
200.0660,-0.00197,0.00685,0.00390,0.00000,0.00000,0.061,-0.014,0
200.1160,-0.00183,0.00613,0.00399,0.00000,0.00000,0.058,-0.011,0
200.1660,-0.00168,0.00540,0.00403,0.00000,0.00000,0.055,-0.009,0
200.2160,-0.00154,0.00466,0.00403,0.00000,0.00000,0.053,-0.007,0
200.2660,-0.00142,0.00394,0.00399,0.00000,0.00000,0.051,-0.005,0
200.3160,-0.00131,0.00323,0.00390,0.00000,0.00000,0.049,-0.003,0
200.3660,-0.00123,0.00252,0.00376,0.00000,0.00000,0.048,-0.001,0
200.4160,-0.00118,0.00182,0.00358,0.00000,0.00000,0.047,0.000,0
200.4660,-0.00118,0.00115,0.00336,0.00000,0.00000,0.046,0.001,0
200.5160,-0.00122,0.00052,0.00310,0.00000,0.00000,0.045,0.002,0
200.5660,-0.00130,-0.00009,0.00280,0.00000,0.00000,0.044,0.003,0
200.6160,-0.00144,-0.00068,0.00245,0.00000,0.00000,0.043,0.004,0
200.6660,-0.00163,-0.00123,0.00208,0.00000,0.00000,0.043,0.004,0
200.7160,-0.00189,-0.00173,0.00167,0.00000,0.00000,0.042,0.005,0
200.7660,-0.00222,-0.00219,0.00122,0.00000,0.00000,0.041,0.005,0
200.8160,-0.00262,-0.00259,0.00075,0.00000,0.00000,0.041,0.005,0
200.8660,-0.00310,-0.00293,0.00025,0.00000,0.00000,0.040,0.005,0
200.9160,-0.00366,-0.00323,-0.00028,0.00000,0.00000,0.039,0.005,0
200.9660,-0.00430,-0.00345,-0.00083,0.00000,0.00000,0.039,0.005,0
201.0160,-0.00503,-0.00361,-0.00140,0.00000,0.00000,0.037,0.004,0
201.0660,-0.00585,-0.00369,-0.00198,0.00000,0.00000,0.036,0.004,0
201.1160,-0.00676,-0.00370,-0.00258,0.00000,0.00000,0.035,0.003,0
201.1660,-0.00775,-0.00366,-0.00319,0.00000,0.00000,0.033,0.003,0
201.2160,-0.00881,-0.00357,-0.00380,0.00000,0.00000,0.032,0.002,0
201.2660,-0.00995,-0.00343,-0.00442,0.00000,0.00000,0.030,0.001,0
201.3160,-0.01117,-0.00323,-0.00504,0.00000,0.00000,0.028,0.001,0
201.3660,-0.01246,-0.00298,-0.00565,0.00000,0.00000,0.026,0.000,0
201.4160,-0.01382,-0.00267,-0.00626,0.00000,0.00000,0.024,-0.000,0
201.4660,-0.01525,-0.00231,-0.00686,0.00000,0.00000,0.022,-0.001,0
201.5160,-0.01675,-0.00189,-0.00745,0.00000,0.00000,0.019,-0.001,0
201.5660,-0.01831,-0.00141,-0.00802,0.00000,0.00000,0.017,-0.001,0
201.6160,-0.01992,-0.00089,-0.00858,0.00000,0.00000,0.014,-0.001,0
201.6660,-0.02158,-0.00032,-0.00911,0.00000,0.00000,0.011,-0.000,0
201.7160,-0.02328,0.00030,-0.00962,0.00000,0.00000,0.009,0.000,0
201.7660,-0.02502,0.00096,-0.01010,0.00000,0.00000,0.006,0.001,0
201.8160,-0.02680,0.00166,-0.01055,0.00000,0.00000,0.003,0.002,0
201.8660,-0.02861,0.00241,-0.01097,0.00000,0.00000,0.000,0.003,0
201.9160,-0.03044,0.00320,-0.01135,0.00000,0.00000,-0.002,0.005,0
201.9660,-0.03228,0.00401,-0.01169,0.00000,0.00000,-0.005,0.007,0
202.0160,-0.03414,0.00486,-0.01200,0.00000,0.00000,-0.007,0.009,0
202.0660,-0.03601,0.00572,-0.01226,0.00000,0.00000,-0.009,0.012,0
202.1160,-0.03788,0.00660,-0.01248,0.00000,0.00000,-0.010,0.015,0
202.1660,-0.03973,0.00747,-0.01266,0.00000,0.00000,-0.012,0.019,0
202.2160,-0.04158,0.00835,-0.01279,0.00000,0.00000,-0.012,0.022,0
202.2660,-0.04341,0.00921,-0.01287,0.00000,0.00000,-0.013,0.026,0
202.3160,-0.04522,0.01008,-0.01290,0.00000,0.00000,-0.013,0.031,0
202.3660,-0.04700,0.01092,-0.01288,0.00000,0.00000,-0.012,0.035,0
202.4160,-0.04875,0.01175,-0.01281,0.00000,0.00000,-0.011,0.040,0
202.4660,-0.05047,0.01254,-0.01269,0.00000,0.00000,-0.010,0.045,0
202.5160,-0.05216,0.01333,-0.01251,0.00000,0.00000,-0.008,0.051,0
202.5660,-0.05380,0.01408,-0.01229,0.00000,0.00000,-0.005,0.056,0
202.6160,-0.05541,0.01480,-0.01201,0.00000,0.00000,-0.002,0.061,0
202.6660,-0.05696,0.01549,-0.01168,0.00000,0.00000,0.002,0.067,0
202.7160,-0.05846,0.01613,-0.01129,0.00000,0.00000,0.007,0.072,0
202.7660,-0.05990,0.01673,-0.01086,0.00000,0.00000,0.012,0.077,0
202.8160,-0.06127,0.01726,-0.01037,0.00000,0.00000,0.018,0.083,0
202.8660,-0.06256,0.01773,-0.00983,0.00000,0.00000,0.025,0.088,0
202.9160,-0.06377,0.01814,-0.00924,0.00000,0.00000,0.031,0.092,0
202.9660,-0.06490,0.01849,-0.00861,0.00000,0.00000,0.039,0.097,0
203.0160,-0.06595,0.01878,-0.00793,0.00000,0.00000,0.046,0.101,0
203.0660,-0.06690,0.01899,-0.00720,0.00000,0.00000,0.054,0.104,0
203.1160,-0.06776,0.01913,-0.00643,0.00000,0.00000,0.062,0.107,0
203.1660,-0.06850,0.01919,-0.00562,0.00000,0.00000,0.071,0.109,0
203.2160,-0.06913,0.01917,-0.00476,0.00000,0.00000,0.079,0.111,0
203.2660,-0.06963,0.01906,-0.00387,0.00000,0.00000,0.087,0.112,0
203.3160,-0.07002,0.01888,-0.00295,0.00000,0.00000,0.096,0.113,0
203.3660,-0.07028,0.01862,-0.00199,0.00000,0.00000,0.104,0.112,0
203.4160,-0.07041,0.01827,-0.00100,0.00000,0.00000,0.112,0.111,0
203.4660,-0.07039,0.01784,0.00002,0.00000,0.00000,0.119,0.109,0
203.5160,-0.07023,0.01732,0.00106,0.00000,0.00000,0.127,0.106,0
203.5660,-0.06992,0.01672,0.00212,0.00000,0.00000,0.133,0.102,0
203.6160,-0.06945,0.01604,0.00320,0.00000,0.00000,0.139,0.098,0
203.6660,-0.06883,0.01527,0.00430,0.00000,0.00000,0.145,0.092,0
203.7160,-0.06804,0.01442,0.00541,0.00000,0.00000,0.150,0.086,0
203.7660,-0.06707,0.01348,0.00652,0.00000,0.00000,0.154,0.079,0
203.8160,-0.06593,0.01244,0.00764,0.00000,0.00000,0.157,0.071,0
203.8660,-0.06460,0.01131,0.00877,0.00000,0.00000,0.159,0.063,0
203.9160,-0.06309,0.01008,0.00989,0.00000,0.00000,0.160,0.053,0
203.9660,-0.06139,0.00877,0.01100,0.00000,0.00000,0.160,0.043,0
204.0160,-0.05950,0.00737,0.01210,0.00000,0.00000,0.159,0.032,0
204.0660,-0.05742,0.00590,0.01320,0.00000,0.00000,0.157,0.021,0
204.1160,-0.05515,0.00435,0.01427,0.00000,0.00000,0.154,0.010,0
204.1660,-0.05270,0.00273,0.01533,0.00000,0.00000,0.150,-0.003,0
204.2160,-0.05004,0.00101,0.01636,0.00000,0.00000,0.145,-0.015,0
204.2660,-0.04719,-0.00079,0.01737,0.00000,0.00000,0.138,-0.027,0
204.3160,-0.04415,-0.00264,0.01835,0.00000,0.00000,0.131,-0.040,0
204.3660,-0.04093,-0.00456,0.01931,0.00000,0.00000,0.123,-0.052,0
204.4160,-0.03753,-0.00653,0.02022,0.00000,0.00000,0.114,-0.064,0
204.4660,-0.03395,-0.00856,0.02111,0.00000,0.00000,0.104,-0.076,0
204.5160,-0.03021,-0.01064,0.02195,0.00000,0.00000,0.094,-0.088,0
204.5660,-0.02629,-0.01277,0.02276,0.00000,0.00000,0.083,-0.099,0
204.6160,-0.02222,-0.01495,0.02352,0.00000,0.00000,0.071,-0.109,0
204.6660,-0.01799,-0.01717,0.02424,0.00000,0.00000,0.059,-0.119,0
204.7160,-0.01363,-0.01942,0.02492,0.00000,0.00000,0.048,-0.127,0
204.7660,-0.00914,-0.02169,0.02555,0.00000,0.00000,0.036,-0.135,0
204.8160,-0.00453,-0.02398,0.02613,0.00000,0.00000,0.024,-0.141,0
204.8660,0.00019,-0.02629,0.02667,0.00000,0.00000,0.013,-0.146,0
204.9160,0.00500,-0.02863,0.02715,0.00000,0.00000,0.002,-0.150,0
204.9660,0.00990,-0.03098,0.02758,0.00000,0.00000,-0.008,-0.153,0
205.0160,0.01487,-0.03336,0.02796,0.00000,0.00000,-0.017,-0.154,0
205.0660,0.01989,-0.03575,0.02829,0.00000,0.00000,-0.024,-0.153,0
205.1160,0.02494,-0.03813,0.02856,0.00000,0.00000,-0.030,-0.151,0
205.1660,0.03000,-0.04052,0.02878,0.00000,0.00000,-0.035,-0.146,0
205.2160,0.03505,-0.04289,0.02895,0.00000,0.00000,-0.038,-0.141,0
205.2660,0.04008,-0.04527,0.02906,0.00000,0.00000,-0.038,-0.133,0
205.3160,0.04507,-0.04763,0.02912,0.00000,0.00000,-0.036,-0.124,0
205.3660,0.04998,-0.04998,0.02913,0.00000,0.00000,-0.032,-0.112,0
205.4160,0.05482,-0.05232,0.02908,0.00000,0.00000,-0.025,-0.099,0
205.4660,0.05959,-0.05464,0.02898,0.00000,0.00000,-0.014,-0.084,0
205.5160,0.06431,-0.05694,0.02883,0.00000,0.00000,-0.001,-0.067,0
205.5660,0.06901,-0.05922,0.02862,0.00000,0.00000,0.017,-0.049,0
205.6160,0.07370,-0.06147,0.02836,0.00000,0.00000,0.038,-0.029,0
205.6660,0.07842,-0.06370,0.02805,0.00000,0.00000,0.063,-0.007,0
205.7160,0.08320,-0.06593,0.02770,0.00000,0.00000,0.093,0.017,0
205.7660,0.08806,-0.06814,0.02729,0.00000,0.00000,0.128,0.041,0
205.8160,0.09301,-0.07033,0.02683,0.00000,0.00000,0.168,0.068,0
205.8660,0.09809,-0.07250,0.02633,0.00000,0.00000,0.215,0.095,0
205.9160,0.10330,-0.07462,0.02578,0.00000,0.00000,0.268,0.125,0
205.9660,0.10868,-0.07672,0.02518,0.00000,0.00000,0.328,0.155,0
206.0160,0.11424,-0.07879,0.02454,0.00000,0.00000,0.396,0.186,0
206.0660,0.11999,-0.08084,0.02385,0.00000,0.00000,0.472,0.219,0
206.1160,0.12597,-0.08286,0.02313,0.00000,0.00000,0.557,0.253,0
206.1660,0.13219,-0.08487,0.02235,0.00000,0.00000,0.653,0.288,0
206.2160,0.13866,-0.08684,0.02154,0.00000,0.00000,0.760,0.324,0
206.2660,0.14539,-0.08877,0.02069,0.00000,0.00000,0.879,0.362,0
206.3160,0.15237,-0.09065,0.01980,0.00000,0.00000,1.011,0.400,0
206.3660,0.15961,-0.09246,0.01887,0.00000,0.00000,1.156,0.438,0
206.4160,0.16713,-0.09423,0.01790,0.00000,0.00000,1.315,0.478,0
206.4660,0.17492,-0.09595,0.01690,0.00000,0.00000,1.488,0.518,0
206.5160,0.18299,-0.09761,0.01585,0.00000,0.00000,1.678,0.558,0
206.5660,0.19134,-0.09921,0.01478,0.00000,0.00000,1.885,0.599,0
206.6160,0.19996,-0.10075,0.01366,0.00000,0.00000,2.110,0.639,0
206.6660,0.20884,-0.10222,0.01251,0.00000,0.00000,2.355,0.679,0
206.7160,0.21798,-0.10360,0.01133,0.00000,0.00000,2.619,0.719,0
206.7660,0.22736,-0.10489,0.01011,0.00000,0.00000,2.904,0.758,0
206.8160,0.23697,-0.10609,0.00886,0.00000,0.00000,3.211,0.795,0
206.8660,0.24680,-0.10719,0.00758,0.00000,0.00000,3.539,0.830,0
206.9160,0.25684,-0.10818,0.00626,0.00000,0.00000,3.890,0.864,0
206.9660,0.26705,-0.10904,0.00491,0.00000,0.00000,4.264,0.894,0
207.0160,0.27742,-0.10975,0.00353,0.00000,0.00000,4.661,0.921,0
207.0660,0.28792,-0.11031,0.00211,0.00000,0.00000,5.078,0.943,0
207.1160,0.29853,-0.11070,0.00067,0.00000,0.00000,5.515,0.960,0
207.1660,0.30922,-0.11092,-0.00081,0.00000,0.00000,5.970,0.970,0
207.2160,0.31998,-0.11095,-0.00232,0.00000,0.00000,6.441,0.973,0
207.2660,0.33075,-0.11075,-0.00385,0.00000,0.00000,6.930,0.967,0
207.3160,0.34152,-0.11032,-0.00542,0.00000,0.00000,7.428,0.951,0
207.3660,0.35223,-0.10963,-0.00701,0.00000,0.00000,7.931,0.923,0
207.4160,0.36287,-0.10867,-0.00862,0.00000,0.00000,8.431,0.881,0
207.4660,0.37337,-0.10740,-0.01025,0.00000,0.00000,8.920,0.824,0
207.5160,0.38370,-0.10581,-0.01190,0.00000,0.00000,9.388,0.749,0
207.5660,0.39383,-0.10389,-0.01356,0.00000,0.00000,9.821,0.656,0
207.6160,0.40371,-0.10163,-0.01522,0.00000,0.00000,10.210,0.542,0
207.6660,0.41330,-0.09902,-0.01688,0.00000,0.00000,10.543,0.407,0
207.7160,0.42255,-0.09605,-0.01853,0.00000,0.00000,10.807,0.250,0
207.7660,0.43143,-0.09272,-0.02016,0.00000,0.00000,10.990,0.071,0
207.8160,0.43988,-0.08900,-0.02176,0.00000,0.00000,11.077,-0.129,0
207.8660,0.44787,-0.08493,-0.02331,0.00000,0.00000,11.054,-0.348,0
207.9160,0.45537,-0.08052,-0.02479,0.00000,0.00000,10.909,-0.582,0
207.9660,0.46234,-0.07579,-0.02620,0.00000,0.00000,10.637,-0.826,0
208.0160,0.46875,-0.07076,-0.02750,0.00000,0.00000,10.239,-1.074,0
208.0660,0.47460,-0.06549,-0.02868,0.00000,0.00000,9.716,-1.318,0
208.1160,0.47987,-0.06002,-0.02971,0.00000,0.00000,9.078,-1.550,0
208.1660,0.48457,-0.05441,-0.03058,0.00000,0.00000,8.341,-1.760,0
208.2160,0.48869,-0.04870,-0.03125,0.00000,0.00000,7.526,-1.938,0
208.2660,0.49226,-0.04298,-0.03172,0.00000,0.00000,6.657,-2.076,0
208.3160,0.49528,-0.03731,-0.03197,0.00000,0.00000,5.761,-2.166,0
208.3660,0.49779,-0.03175,-0.03199,0.00000,0.00000,4.864,-2.202,0
208.4160,0.49980,-0.02637,-0.03177,0.00000,0.00000,3.995,-2.181,0
208.4660,0.50133,-0.02125,-0.03132,0.00000,0.00000,3.178,-2.102,0
208.5160,0.50240,-0.01645,-0.03064,0.00000,0.00000,2.432,-1.968,0
208.5660,0.50303,-0.01200,-0.02976,0.00000,0.00000,1.775,-1.784,0
208.6160,0.50322,-0.00796,-0.02869,0.00000,0.00000,1.217,-1.557,0
208.6660,0.50298,-0.00433,-0.02746,0.00000,0.00000,0.761,-1.297,0
208.7160,0.50229,-0.00113,-0.02611,0.00000,0.00000,0.408,-1.014,0
208.7660,0.50117,0.00164,-0.02467,0.00000,0.00000,0.153,-0.719,0
208.8160,0.49959,0.00396,-0.02317,0.00000,0.00000,-0.013,-0.423,0
208.8660,0.49755,0.00589,-0.02166,0.00000,0.00000,-0.099,-0.138,0
208.9160,0.49503,0.00745,-0.02017,0.00000,0.00000,-0.115,0.127,0
208.9660,0.49201,0.00868,-0.01873,0.00000,0.00000,-0.076,0.365,0
209.0160,0.48846,0.00964,-0.01737,0.00000,0.00000,0.003,0.567,0
209.0660,0.48437,0.01037,-0.01610,0.00000,0.00000,0.111,0.731,0
209.1160,0.47969,0.01092,-0.01495,0.00000,0.00000,0.234,0.855,0
209.1660,0.47442,0.01133,-0.01392,0.00000,0.00000,0.361,0.938,0
209.2160,0.46854,0.01164,-0.01301,0.00000,0.00000,0.485,0.983,0
209.2660,0.46201,0.01190,-0.01223,0.00000,0.00000,0.601,0.994,0
209.3160,0.45482,0.01213,-0.01157,0.00000,0.00000,0.704,0.975,0
209.3660,0.44696,0.01234,-0.01102,0.00000,0.00000,0.792,0.932,0
209.4160,0.43841,0.01257,-0.01057,0.00000,0.00000,0.866,0.871,0
209.4660,0.42917,0.01283,-0.01021,0.00000,0.00000,0.924,0.797,0
209.5160,0.41921,0.01311,-0.00991,0.00000,0.00000,0.969,0.713,0
209.5660,0.40855,0.01342,-0.00968,0.00000,0.00000,1.003,0.626,0
209.6160,0.39715,0.01379,-0.00949,0.00000,0.00000,1.027,0.537,0
209.6660,0.38503,0.01421,-0.00933,0.00000,0.00000,1.043,0.449,0
209.7160,0.37217,0.01468,-0.00920,0.00000,0.00000,1.053,0.365,0
209.7660,0.35858,0.01519,-0.00908,0.00000,0.00000,1.057,0.286,0
209.8160,0.34426,0.01574,-0.00897,0.00000,0.00000,1.057,0.212,0
209.8660,0.32919,0.01633,-0.00885,0.00000,0.00000,1.054,0.144,0
209.9160,0.31340,0.01695,-0.00873,0.00000,0.00000,1.048,0.083,0
209.9660,0.29687,0.01761,-0.00860,0.00000,0.00000,1.038,0.028,0
210.0160,0.27968,0.01828,-0.00846,0.00000,0.00000,1.024,-0.019,0
210.0660,0.26204,0.01899,-0.00830,0.00000,0.00000,1.004,-0.060,0
210.1160,0.24414,0.01972,-0.00813,0.00000,0.00000,0.979,-0.095,0
210.1660,0.22618,0.02046,-0.00793,0.00000,0.00000,0.949,-0.123,0
210.2160,0.20831,0.02121,-0.00772,0.00000,0.00000,0.914,-0.147,0
210.2660,0.19066,0.02197,-0.00748,0.00000,0.00000,0.875,-0.165,0
210.3160,0.17334,0.02273,-0.00723,0.00000,0.00000,0.833,-0.179,0
210.3660,0.15643,0.02348,-0.00695,0.00000,0.00000,0.788,-0.190,0
210.4160,0.14001,0.02421,-0.00666,0.00000,0.00000,0.741,-0.196,0
210.4660,0.12416,0.02491,-0.00634,0.00000,0.00000,0.694,-0.200,0
210.5160,0.10893,0.02557,-0.00601,0.00000,0.00000,0.646,-0.202,0
210.5660,0.09434,0.02620,-0.00567,0.00000,0.00000,0.599,-0.201,0
210.6160,0.08044,0.02678,-0.00531,0.00000,0.00000,0.552,-0.198,0
210.6660,0.06724,0.02731,-0.00494,0.00000,0.00000,0.506,-0.194,0
210.7160,0.05476,0.02779,-0.00456,0.00000,0.00000,0.462,-0.188,0
210.7660,0.04301,0.02821,-0.00417,0.00000,0.00000,0.419,-0.180,0
210.8160,0.03200,0.02857,-0.00378,0.00000,0.00000,0.378,-0.172,0
210.8660,0.02173,0.02886,-0.00338,0.00000,0.00000,0.339,-0.163,0
210.9160,0.01219,0.02909,-0.00298,0.00000,0.00000,0.302,-0.153,0
210.9660,0.00337,0.02924,-0.00258,0.00000,0.00000,0.267,-0.143,0
211.0160,-0.00475,0.02934,-0.00219,0.00000,0.00000,0.235,-0.132,0
211.0660,-0.01218,0.02937,-0.00180,0.00000,0.00000,0.204,-0.122,0
211.1160,-0.01893,0.02934,-0.00141,0.00000,0.00000,0.176,-0.111,0
211.1660,-0.02504,0.02925,-0.00104,0.00000,0.00000,0.151,-0.100,0
211.2160,-0.03051,0.02909,-0.00067,0.00000,0.00000,0.128,-0.089,0
211.2660,-0.03538,0.02885,-0.00031,0.00000,0.00000,0.107,-0.078,0
211.3160,-0.03967,0.02856,0.00003,0.00000,0.00000,0.089,-0.067,0
211.3660,-0.04341,0.02821,0.00036,0.00000,0.00000,0.073,-0.057,0
211.4160,-0.04663,0.02781,0.00068,0.00000,0.00000,0.058,-0.047,0
211.4660,-0.04937,0.02734,0.00097,0.00000,0.00000,0.046,-0.038,0
211.5160,-0.05167,0.02683,0.00126,0.00000,0.00000,0.036,-0.029,0
211.5660,-0.05356,0.02627,0.00152,0.00000,0.00000,0.028,-0.020,0
211.6160,-0.05509,0.02566,0.00177,0.00000,0.00000,0.021,-0.012,0
211.6660,-0.05629,0.02502,0.00200,0.00000,0.00000,0.016,-0.005,0
211.7160,-0.05721,0.02434,0.00221,0.00000,0.00000,0.012,0.001,0
211.7660,-0.05787,0.02363,0.00240,0.00000,0.00000,0.010,0.007,0
211.8160,-0.05831,0.02289,0.00257,0.00000,0.00000,0.008,0.012,0
211.8660,-0.05857,0.02212,0.00273,0.00000,0.00000,0.008,0.017,0
211.9160,-0.05866,0.02133,0.00286,0.00000,0.00000,0.008,0.021,0
211.9660,-0.05862,0.02052,0.00298,0.00000,0.00000,0.010,0.025,0
212.0160,-0.05847,0.01968,0.00308,0.00000,0.00000,0.011,0.028,0
212.0660,-0.05823,0.01884,0.00316,0.00000,0.00000,0.013,0.030,0
212.1160,-0.05793,0.01798,0.00323,0.00000,0.00000,0.016,0.032,0
212.1660,-0.05758,0.01712,0.00328,0.00000,0.00000,0.018,0.034,0
212.2160,-0.05719,0.01627,0.00332,0.00000,0.00000,0.021,0.035,0
212.2660,-0.05678,0.01541,0.00334,0.00000,0.00000,0.023,0.036,0
212.3160,-0.05636,0.01455,0.00335,0.00000,0.00000,0.026,0.037,0
212.3660,-0.05593,0.01370,0.00334,0.00000,0.00000,0.029,0.037,0
212.4160,-0.05551,0.01284,0.00333,0.00000,0.00000,0.032,0.037,0
212.4660,-0.05510,0.01199,0.00330,0.00000,0.00000,0.034,0.037,0
212.5160,-0.05470,0.01114,0.00327,0.00000,0.00000,0.036,0.036,0
212.5660,-0.05432,0.01029,0.00322,0.00000,0.00000,0.038,0.036,0
212.6160,-0.05395,0.00945,0.00317,0.00000,0.00000,0.040,0.035,0
212.6660,-0.05361,0.00861,0.00312,0.00000,0.00000,0.041,0.034,0
212.7160,-0.05330,0.00779,0.00306,0.00000,0.00000,0.043,0.033,0
212.7660,-0.05301,0.00698,0.00299,0.00000,0.00000,0.043,0.032,0
212.8160,-0.05275,0.00618,0.00293,0.00000,0.00000,0.044,0.031,0
212.8660,-0.05252,0.00540,0.00286,0.00000,0.00000,0.044,0.030,0
212.9160,-0.05231,0.00464,0.00279,0.00000,0.00000,0.044,0.029,0
212.9660,-0.05213,0.00389,0.00272,0.00000,0.00000,0.044,0.027,0
213.0160,-0.05197,0.00316,0.00266,0.00000,0.00000,0.043,0.026,0
213.0660,-0.05184,0.00245,0.00259,0.00000,0.00000,0.043,0.025,0
213.1160,-0.05173,0.00176,0.00253,0.00000,0.00000,0.042,0.023,0
213.1660,-0.05163,0.00109,0.00248,0.00000,0.00000,0.040,0.022,0
213.2160,-0.05154,0.00043,0.00243,0.00000,0.00000,0.039,0.020,0
213.2660,-0.05147,-0.00020,0.00239,0.00000,0.00000,0.037,0.019,0
213.3160,-0.05140,-0.00082,0.00235,0.00000,0.00000,0.035,0.017,0
213.3660,-0.05133,-0.00144,0.00232,0.00000,0.00000,0.033,0.016,0
213.4160,-0.05126,-0.00205,0.00231,0.00000,0.00000,0.031,0.014,0
213.4660,-0.05119,-0.00263,0.00230,0.00000,0.00000,0.028,0.013,0
213.5160,-0.05111,-0.00321,0.00230,0.00000,0.00000,0.026,0.011,0
213.5660,-0.05102,-0.00378,0.00231,0.00000,0.00000,0.023,0.009,0
213.6160,-0.05091,-0.00435,0.00233,0.00000,0.00000,0.019,0.008,0
213.6660,-0.05079,-0.00490,0.00236,0.00000,0.00000,0.016,0.006,0
213.7160,-0.05065,-0.00544,0.00240,0.00000,0.00000,0.012,0.004,0
213.7660,-0.05048,-0.00598,0.00246,0.00000,0.00000,0.008,0.002,0
213.8160,-0.05029,-0.00650,0.00252,0.00000,0.00000,0.004,0.000,0
213.8660,-0.05008,-0.00701,0.00260,0.00000,0.00000,-0.000,-0.002,0
213.9160,-0.04983,-0.00752,0.00269,0.00000,0.00000,-0.005,-0.004,0
213.9660,-0.04954,-0.00802,0.00279,0.00000,0.00000,-0.009,-0.006,0
214.0160,-0.04922,-0.00852,0.00290,0.00000,0.00000,-0.014,-0.009,0
214.0660,-0.04886,-0.00901,0.00303,0.00000,0.00000,-0.019,-0.011,0
214.1160,-0.04845,-0.00949,0.00316,0.00000,0.00000,-0.024,-0.014,0
214.1660,-0.04800,-0.00997,0.00330,0.00000,0.00000,-0.029,-0.016,0
214.2160,-0.04751,-0.01044,0.00346,0.00000,0.00000,-0.034,-0.019,0
214.2660,-0.04696,-0.01090,0.00362,0.00000,0.00000,-0.039,-0.022,0
214.3160,-0.04637,-0.01136,0.00380,0.00000,0.00000,-0.044,-0.024,0
214.3660,-0.04573,-0.01180,0.00398,0.00000,0.00000,-0.049,-0.027,0
214.4160,-0.04503,-0.01224,0.00417,0.00000,0.00000,-0.055,-0.030,0
214.4660,-0.04428,-0.01267,0.00436,0.00000,0.00000,-0.060,-0.033,0
214.5160,-0.04348,-0.01309,0.00457,0.00000,0.00000,-0.065,-0.037,0
214.5660,-0.04262,-0.01350,0.00478,0.00000,0.00000,-0.071,-0.040,0
214.6160,-0.04170,-0.01391,0.00499,0.00000,0.00000,-0.076,-0.043,0
214.6660,-0.04071,-0.01432,0.00521,0.00000,0.00000,-0.081,-0.046,0
214.7160,-0.03965,-0.01475,0.00544,0.00000,0.00000,-0.086,-0.050,0
214.7660,-0.03852,-0.01518,0.00566,0.00000,0.00000,-0.092,-0.053,0
214.8160,-0.03733,-0.01561,0.00589,0.00000,0.00000,-0.097,-0.056,0
214.8660,-0.03607,-0.01603,0.00612,0.00000,0.00000,-0.102,-0.060,0
214.9160,-0.03474,-0.01645,0.00636,0.00000,0.00000,-0.107,-0.063,0
214.9660,-0.03335,-0.01686,0.00659,0.00000,0.00000,-0.112,-0.066,0
215.0160,-0.03189,-0.01727,0.00682,0.00000,0.00000,-0.117,-0.069,0
215.0660,-0.03037,-0.01767,0.00705,0.00000,0.00000,-0.121,-0.073,0
215.1160,-0.02879,-0.01806,0.00728,0.00000,0.00000,-0.125,-0.076,0
215.1660,-0.02715,-0.01844,0.00750,0.00000,0.00000,-0.129,-0.079,0
215.2160,-0.02544,-0.01881,0.00773,0.00000,0.00000,-0.133,-0.082,0
215.2660,-0.02367,-0.01916,0.00794,0.00000,0.00000,-0.137,-0.084,0
215.3160,-0.02185,-0.01950,0.00816,0.00000,0.00000,-0.140,-0.087,0
215.3660,-0.01996,-0.01985,0.00837,0.00000,0.00000,-0.143,-0.089,0
215.4160,-0.01801,-0.02018,0.00857,0.00000,0.00000,-0.145,-0.092,0
215.4660,-0.01601,-0.02051,0.00877,0.00000,0.00000,-0.147,-0.094,0
215.5160,-0.01395,-0.02082,0.00896,0.00000,0.00000,-0.149,-0.096,0
215.5660,-0.01185,-0.02110,0.00914,0.00000,0.00000,-0.150,-0.097,0
215.6160,-0.00971,-0.02137,0.00932,0.00000,0.00000,-0.151,-0.098,0
215.6660,-0.00752,-0.02163,0.00949,0.00000,0.00000,-0.152,-0.100,0
215.7160,-0.00528,-0.02189,0.00965,0.00000,0.00000,-0.151,-0.100,0
215.7660,-0.00300,-0.02212,0.00980,0.00000,0.00000,-0.151,-0.101,0
215.8160,-0.00068,-0.02235,0.00995,0.00000,0.00000,-0.150,-0.101,0
215.8660,0.00167,-0.02256,0.01008,0.00000,0.00000,-0.148,-0.101,0
215.9160,0.00404,-0.02276,0.01021,0.00000,0.00000,-0.146,-0.100,0
215.9660,0.00645,-0.02294,0.01033,0.00000,0.00000,-0.143,-0.099,0
216.0160,0.00887,-0.02310,0.01044,0.00000,0.00000,-0.140,-0.098,0
216.0660,0.01132,-0.02326,0.01054,0.00000,0.00000,-0.136,-0.096,0
216.1160,0.01378,-0.02341,0.01063,0.00000,0.00000,-0.132,-0.094,0
216.1660,0.01626,-0.02355,0.01071,0.00000,0.00000,-0.127,-0.092,0
216.2160,0.01874,-0.02369,0.01078,0.00000,0.00000,-0.121,-0.089,0
216.2660,0.02122,-0.02381,0.01085,0.00000,0.00000,-0.115,-0.085,0
216.3160,0.02370,-0.02393,0.01091,0.00000,0.00000,-0.108,-0.081,0
216.3660,0.02618,-0.02404,0.01095,0.00000,0.00000,-0.101,-0.077,0
216.4160,0.02864,-0.02414,0.01099,0.00000,0.00000,-0.093,-0.072,0
216.4660,0.03108,-0.02423,0.01102,0.00000,0.00000,-0.084,-0.067,0
216.5160,0.03349,-0.02431,0.01105,0.00000,0.00000,-0.075,-0.062,0
216.5660,0.03587,-0.02439,0.01106,0.00000,0.00000,-0.065,-0.056,0
216.6160,0.03822,-0.02446,0.01107,0.00000,0.00000,-0.054,-0.049,0
216.6660,0.04053,-0.02452,0.01107,0.00000,0.00000,-0.043,-0.042,0
216.7160,0.04279,-0.02459,0.01106,0.00000,0.00000,-0.031,-0.035,0
216.7660,0.04502,-0.02466,0.01105,0.00000,0.00000,-0.019,-0.027,0
216.8160,0.04720,-0.02472,0.01102,0.00000,0.00000,-0.006,-0.019,0
216.8660,0.04934,-0.02479,0.01100,0.00000,0.00000,0.008,-0.010,0
216.9160,0.05144,-0.02485,0.01096,0.00000,0.00000,0.022,-0.001,0
216.9660,0.05350,-0.02492,0.01092,0.00000,0.00000,0.036,0.009,0
217.0160,0.05553,-0.02498,0.01087,0.00000,0.00000,0.051,0.019,0
217.0660,0.05753,-0.02505,0.01081,0.00000,0.00000,0.067,0.029,0
217.1160,0.05951,-0.02513,0.01075,0.00000,0.00000,0.082,0.039,0
217.1660,0.06148,-0.02523,0.01068,0.00000,0.00000,0.099,0.050,0
217.2160,0.06344,-0.02537,0.01061,0.00000,0.00000,0.115,0.061,0
217.2660,0.06541,-0.02553,0.01052,0.00000,0.00000,0.133,0.073,0
217.3160,0.06737,-0.02569,0.01044,0.00000,0.00000,0.150,0.085,0
217.3660,0.06933,-0.02587,0.01034,0.00000,0.00000,0.168,0.097,0
217.4160,0.07130,-0.02608,0.01024,0.00000,0.00000,0.187,0.109,0
217.4660,0.07328,-0.02631,0.01013,0.00000,0.00000,0.205,0.121,0
217.5160,0.07528,-0.02657,0.01001,0.00000,0.00000,0.225,0.133,0
217.5660,0.07730,-0.02684,0.00989,0.00000,0.00000,0.244,0.146,0
217.6160,0.07934,-0.02716,0.00975,0.00000,0.00000,0.264,0.158,0
217.6660,0.08140,-0.02748,0.00961,0.00000,0.00000,0.284,0.171,0
217.7160,0.08348,-0.02783,0.00946,0.00000,0.00000,0.305,0.183,0
217.7660,0.08560,-0.02822,0.00930,0.00000,0.00000,0.326,0.196,0
217.8160,0.08774,-0.02862,0.00914,0.00000,0.00000,0.347,0.209,0
217.8660,0.08995,-0.02905,0.00896,0.00000,0.00000,0.369,0.221,0
217.9160,0.09224,-0.02952,0.00877,0.00000,0.00000,0.391,0.234,0
217.9660,0.09464,-0.03001,0.00857,0.00000,0.00000,0.413,0.246,0
218.0160,0.09717,-0.03054,0.00836,0.00000,0.00000,0.435,0.258,0
218.0660,0.09984,-0.03108,0.00813,0.00000,0.00000,0.458,0.270,0
218.1160,0.10267,-0.03166,0.00789,0.00000,0.00000,0.481,0.282,0
218.1660,0.10569,-0.03227,0.00764,0.00000,0.00000,0.505,0.293,0
218.2160,0.10890,-0.03290,0.00737,0.00000,0.00000,0.530,0.305,0
218.2660,0.11231,-0.03357,0.00709,0.00000,0.00000,0.555,0.316,0
218.3160,0.11593,-0.03425,0.00679,0.00000,0.00000,0.582,0.328,0
218.3660,0.11978,-0.03497,0.00648,0.00000,0.00000,0.611,0.340,0
218.4160,0.12386,-0.03571,0.00615,0.00000,0.00000,0.641,0.351,0
218.4660,0.12818,-0.03648,0.00580,0.00000,0.00000,0.674,0.363,0
218.5160,0.13273,-0.03727,0.00543,0.00000,0.00000,0.709,0.376,0
218.5660,0.13753,-0.03807,0.00505,0.00000,0.00000,0.747,0.389,0
218.6160,0.14256,-0.03890,0.00465,0.00000,0.00000,0.789,0.402,0
218.6660,0.14783,-0.03975,0.00422,0.00000,0.00000,0.835,0.416,0
218.7160,0.15334,-0.04061,0.00378,0.00000,0.00000,0.884,0.431,0
218.7660,0.15908,-0.04148,0.00332,0.00000,0.00000,0.939,0.447,0
218.8160,0.16504,-0.04237,0.00284,0.00000,0.00000,0.999,0.463,0
218.8660,0.17120,-0.04324,0.00234,0.00000,0.00000,1.063,0.480,0
218.9160,0.17757,-0.04412,0.00181,0.00000,0.00000,1.134,0.497,0
218.9660,0.18414,-0.04499,0.00127,0.00000,0.00000,1.209,0.515,0
219.0160,0.19088,-0.04585,0.00071,0.00000,0.00000,1.290,0.534,0
219.0660,0.19779,-0.04671,0.00012,0.00000,0.00000,1.376,0.552,0
219.1160,0.20485,-0.04756,-0.00049,0.00000,0.00000,1.469,0.571,0
219.1660,0.21204,-0.04838,-0.00111,0.00000,0.00000,1.567,0.590,0
219.2160,0.21935,-0.04919,-0.00176,0.00000,0.00000,1.672,0.609,0
219.2660,0.22677,-0.04997,-0.00243,0.00000,0.00000,1.783,0.627,0
219.3160,0.23426,-0.05072,-0.00312,0.00000,0.00000,1.899,0.645,0
219.3660,0.24182,-0.05143,-0.00383,0.00000,0.00000,2.019,0.662,0
219.4160,0.24941,-0.05210,-0.00456,0.00000,0.00000,2.145,0.677,0
219.4660,0.25702,-0.05273,-0.00531,0.00000,0.00000,2.273,0.691,0
219.5160,0.26462,-0.05329,-0.00608,0.00000,0.00000,2.405,0.703,0
219.5660,0.27219,-0.05379,-0.00686,0.00000,0.00000,2.537,0.712,0
219.6160,0.27969,-0.05421,-0.00767,0.00000,0.00000,2.668,0.719,0
219.6660,0.28712,-0.05457,-0.00848,0.00000,0.00000,2.797,0.722,0
219.7160,0.29444,-0.05485,-0.00932,0.00000,0.00000,2.922,0.722,0
219.7660,0.30163,-0.05506,-0.01016,0.00000,0.00000,3.043,0.718,0
219.8160,0.30866,-0.05519,-0.01102,0.00000,0.00000,3.159,0.710,0
219.8660,0.31552,-0.05524,-0.01188,0.00000,0.00000,3.267,0.698,0
219.9160,0.32218,-0.05522,-0.01276,0.00000,0.00000,3.365,0.682,0
219.9660,0.32860,-0.05511,-0.01363,0.00000,0.00000,3.454,0.661,0
220.0160,0.33477,-0.05490,-0.01451,0.00000,0.00000,3.530,0.636,0
220.0660,0.34065,-0.05459,-0.01538,0.00000,0.00000,3.591,0.606,0
220.1160,0.34621,-0.05418,-0.01624,0.00000,0.00000,3.636,0.573,0
220.1660,0.35143,-0.05367,-0.01710,0.00000,0.00000,3.662,0.536,0
220.2160,0.35628,-0.05306,-0.01794,0.00000,0.00000,3.668,0.496,0
220.2660,0.36075,-0.05238,-0.01876,0.00000,0.00000,3.653,0.453,0
220.3160,0.36481,-0.05161,-0.01956,0.00000,0.00000,3.619,0.409,0
220.3660,0.36843,-0.05076,-0.02033,0.00000,0.00000,3.568,0.365,0
220.4160,0.37159,-0.04985,-0.02107,0.00000,0.00000,3.501,0.320,0
220.4660,0.37427,-0.04886,-0.02176,0.00000,0.00000,3.418,0.277,0
220.5160,0.37645,-0.04782,-0.02242,0.00000,0.00000,3.323,0.235,0
220.5660,0.37812,-0.04674,-0.02303,0.00000,0.00000,3.217,0.196,0
220.6160,0.37925,-0.04562,-0.02360,0.00000,0.00000,3.102,0.160,0
220.6660,0.37982,-0.04447,-0.02411,0.00000,0.00000,2.983,0.128,0
220.7160,0.37981,-0.04330,-0.02457,0.00000,0.00000,2.861,0.099,0
220.7660,0.37921,-0.04210,-0.02498,0.00000,0.00000,2.739,0.074,0
220.8160,0.37800,-0.04091,-0.02533,0.00000,0.00000,2.617,0.052,0
220.8660,0.37617,-0.03971,-0.02563,0.00000,0.00000,2.498,0.033,0
220.9160,0.37370,-0.03851,-0.02587,0.00000,0.00000,2.383,0.017,0
220.9660,0.37057,-0.03731,-0.02606,0.00000,0.00000,2.273,0.003,0
221.0160,0.36678,-0.03613,-0.02619,0.00000,0.00000,2.168,-0.010,0
221.0660,0.36231,-0.03496,-0.02628,0.00000,0.00000,2.068,-0.022,0
221.1160,0.35714,-0.03379,-0.02632,0.00000,0.00000,1.974,-0.034,0
221.1660,0.35127,-0.03264,-0.02631,0.00000,0.00000,1.887,-0.045,0
221.2160,0.34469,-0.03151,-0.02625,0.00000,0.00000,1.805,-0.057,0
221.2660,0.33739,-0.03039,-0.02615,0.00000,0.00000,1.729,-0.069,0
221.3160,0.32935,-0.02929,-0.02601,0.00000,0.00000,1.659,-0.082,0
221.3660,0.32056,-0.02818,-0.02583,0.00000,0.00000,1.593,-0.095,0
221.4160,0.31102,-0.02708,-0.02561,0.00000,0.00000,1.533,-0.108,0
221.4660,0.30071,-0.02599,-0.02535,0.00000,0.00000,1.477,-0.123,0
221.5160,0.28964,-0.02489,-0.02506,0.00000,0.00000,1.425,-0.137,0
221.5660,0.27779,-0.02378,-0.02473,0.00000,0.00000,1.377,-0.151,0
221.6160,0.26515,-0.02267,-0.02438,0.00000,0.00000,1.333,-0.166,0
221.6660,0.25173,-0.02155,-0.02399,0.00000,0.00000,1.292,-0.180,0
221.7160,0.23768,-0.02041,-0.02358,0.00000,0.00000,1.255,-0.193,0
221.7660,0.22320,-0.01927,-0.02313,0.00000,0.00000,1.218,-0.205,0
221.8160,0.20845,-0.01811,-0.02266,0.00000,0.00000,1.182,-0.216,0
221.8660,0.19357,-0.01693,-0.02217,0.00000,0.00000,1.144,-0.226,0
221.9160,0.17869,-0.01575,-0.02165,0.00000,0.00000,1.105,-0.234,0
221.9660,0.16391,-0.01454,-0.02110,0.00000,0.00000,1.064,-0.240,0
222.0160,0.14931,-0.01333,-0.02053,0.00000,0.00000,1.021,-0.245,0
222.0660,0.13496,-0.01210,-0.01994,0.00000,0.00000,0.977,-0.249,0
222.1160,0.12094,-0.01088,-0.01933,0.00000,0.00000,0.931,-0.251,0
222.1660,0.10730,-0.00967,-0.01870,0.00000,0.00000,0.885,-0.251,0
222.2160,0.09409,-0.00849,-0.01805,0.00000,0.00000,0.838,-0.250,0
222.2660,0.08134,-0.00731,-0.01739,0.00000,0.00000,0.790,-0.247,0
222.3160,0.06906,-0.00614,-0.01671,0.00000,0.00000,0.743,-0.244,0
222.3660,0.05730,-0.00499,-0.01602,0.00000,0.00000,0.695,-0.239,0
222.4160,0.04608,-0.00388,-0.01532,0.00000,0.00000,0.647,-0.232,0
222.4660,0.03540,-0.00279,-0.01462,0.00000,0.00000,0.600,-0.225,0
222.5160,0.02527,-0.00175,-0.01390,0.00000,0.00000,0.554,-0.217,0
222.5660,0.01572,-0.00075,-0.01318,0.00000,0.00000,0.509,-0.207,0
222.6160,0.00673,0.00020,-0.01246,0.00000,0.00000,0.465,-0.197,0
222.6660,-0.00169,0.00111,-0.01174,0.00000,0.00000,0.422,-0.186,0
222.7160,-0.00954,0.00196,-0.01102,0.00000,0.00000,0.381,-0.175,0
222.7660,-0.01682,0.00276,-0.01030,0.00000,0.00000,0.341,-0.163,0
222.8160,-0.02355,0.00349,-0.00958,0.00000,0.00000,0.302,-0.150,0
222.8660,-0.02973,0.00418,-0.00887,0.00000,0.00000,0.266,-0.138,0
222.9160,-0.03537,0.00481,-0.00817,0.00000,0.00000,0.230,-0.125,0
222.9660,-0.04049,0.00537,-0.00748,0.00000,0.00000,0.197,-0.112,0
223.0160,-0.04509,0.00586,-0.00680,0.00000,0.00000,0.165,-0.098,0
223.0660,-0.04919,0.00629,-0.00614,0.00000,0.00000,0.135,-0.085,0
223.1160,-0.05281,0.00665,-0.00549,0.00000,0.00000,0.106,-0.072,0
223.1660,-0.05597,0.00694,-0.00485,0.00000,0.00000,0.080,-0.059,0
223.2160,-0.05872,0.00718,-0.00423,0.00000,0.00000,0.055,-0.047,0
223.2660,-0.06108,0.00735,-0.00363,0.00000,0.00000,0.032,-0.035,0
223.3160,-0.06307,0.00746,-0.00305,0.00000,0.00000,0.011,-0.023,0
223.3660,-0.06474,0.00751,-0.00249,0.00000,0.00000,-0.009,-0.012,0
223.4160,-0.06612,0.00752,-0.00195,0.00000,0.00000,-0.027,-0.002,0
223.4660,-0.06725,0.00747,-0.00144,0.00000,0.00000,-0.043,0.007,0
223.5160,-0.06814,0.00737,-0.00094,0.00000,0.00000,-0.058,0.016,0
223.5660,-0.06882,0.00721,-0.00047,0.00000,0.00000,-0.071,0.024,0
223.6160,-0.06933,0.00702,-0.00002,0.00000,0.00000,-0.083,0.032,0
223.6660,-0.06968,0.00677,0.00041,0.00000,0.00000,-0.094,0.039,0
223.7160,-0.06991,0.00647,0.00081,0.00000,0.00000,-0.103,0.044,0
223.7660,-0.07003,0.00616,0.00120,0.00000,0.00000,-0.112,0.050,0
223.8160,-0.07006,0.00580,0.00155,0.00000,0.00000,-0.119,0.054,0
223.8660,-0.07001,0.00540,0.00189,0.00000,0.00000,-0.126,0.058,0
223.9160,-0.06991,0.00499,0.00220,0.00000,0.00000,-0.132,0.061,0
223.9660,-0.06975,0.00455,0.00250,0.00000,0.00000,-0.137,0.063,0
224.0160,-0.06956,0.00408,0.00277,0.00000,0.00000,-0.142,0.065,0
224.0660,-0.06933,0.00359,0.00302,0.00000,0.00000,-0.146,0.067,0
224.1160,-0.06908,0.00307,0.00325,0.00000,0.00000,-0.150,0.068,0
224.1660,-0.06881,0.00255,0.00346,0.00000,0.00000,-0.154,0.068,0
224.2160,-0.06853,0.00203,0.00365,0.00000,0.00000,-0.157,0.068,0
224.2660,-0.06824,0.00150,0.00382,0.00000,0.00000,-0.160,0.067,0
224.3160,-0.06796,0.00098,0.00398,0.00000,0.00000,-0.163,0.067,0
224.3660,-0.06768,0.00049,0.00412,0.00000,0.00000,-0.166,0.065,0
224.4160,-0.06741,0.00002,0.00425,0.00000,0.00000,-0.169,0.064,0
224.4660,-0.06715,-0.00043,0.00436,0.00000,0.00000,-0.171,0.062,0
224.5160,-0.06688,-0.00087,0.00446,0.00000,0.00000,-0.174,0.060,0
224.5660,-0.06661,-0.00131,0.00455,0.00000,0.00000,-0.176,0.058,0
224.6160,-0.06632,-0.00173,0.00463,0.00000,0.00000,-0.178,0.056,0
224.6660,-0.06603,-0.00214,0.00470,0.00000,0.00000,-0.180,0.053,0
224.7160,-0.06574,-0.00252,0.00476,0.00000,0.00000,-0.182,0.050,0
224.7660,-0.06543,-0.00287,0.00482,0.00000,0.00000,-0.184,0.047,0
224.8160,-0.06511,-0.00320,0.00487,0.00000,0.00000,-0.186,0.044,0
224.8660,-0.06478,-0.00349,0.00491,0.00000,0.00000,-0.188,0.041,0
224.9160,-0.06444,-0.00375,0.00495,0.00000,0.00000,-0.190,0.038,0
224.9660,-0.06408,-0.00397,0.00499,0.00000,0.00000,-0.192,0.035,0
225.0160,-0.06369,-0.00416,0.00503,0.00000,0.00000,-0.194,0.031,0
225.0660,-0.06328,-0.00430,0.00506,0.00000,0.00000,-0.195,0.028,0
225.1160,-0.06285,-0.00441,0.00510,0.00000,0.00000,-0.196,0.024,0
225.1660,-0.06239,-0.00448,0.00514,0.00000,0.00000,-0.197,0.021,0
225.2160,-0.06189,-0.00451,0.00518,0.00000,0.00000,-0.198,0.017,0
225.2660,-0.06135,-0.00451,0.00522,0.00000,0.00000,-0.199,0.013,0
225.3160,-0.06077,-0.00448,0.00527,0.00000,0.00000,-0.199,0.009,0
225.3660,-0.06015,-0.00440,0.00532,0.00000,0.00000,-0.199,0.006,0
225.4160,-0.05949,-0.00429,0.00537,0.00000,0.00000,-0.199,0.002,0
225.4660,-0.05878,-0.00413,0.00543,0.00000,0.00000,-0.199,-0.002,0
225.5160,-0.05803,-0.00393,0.00550,0.00000,0.00000,-0.198,-0.006,0
225.5660,-0.05722,-0.00370,0.00557,0.00000,0.00000,-0.197,-0.010,0
225.6160,-0.05636,-0.00345,0.00565,0.00000,0.00000,-0.195,-0.014,0
225.6660,-0.05544,-0.00317,0.00574,0.00000,0.00000,-0.193,-0.018,0
225.7160,-0.05447,-0.00285,0.00583,0.00000,0.00000,-0.191,-0.022,0
225.7660,-0.05344,-0.00250,0.00593,0.00000,0.00000,-0.188,-0.026,0
225.8160,-0.05235,-0.00213,0.00604,0.00000,0.00000,-0.185,-0.030,0
225.8660,-0.05120,-0.00174,0.00615,0.00000,0.00000,-0.182,-0.034,0
225.9160,-0.04998,-0.00134,0.00627,0.00000,0.00000,-0.178,-0.038,0
225.9660,-0.04869,-0.00092,0.00640,0.00000,0.00000,-0.174,-0.042,0
226.0160,-0.04734,-0.00051,0.00654,0.00000,0.00000,-0.170,-0.047,0
226.0660,-0.04591,-0.00010,0.00668,0.00000,0.00000,-0.165,-0.051,0
226.1160,-0.04441,0.00032,0.00683,0.00000,0.00000,-0.160,-0.054,0
226.1660,-0.04285,0.00074,0.00699,0.00000,0.00000,-0.155,-0.058,0
226.2160,-0.04121,0.00115,0.00714,0.00000,0.00000,-0.150,-0.062,0
226.2660,-0.03950,0.00154,0.00731,0.00000,0.00000,-0.145,-0.066,0
226.3160,-0.03773,0.00193,0.00748,0.00000,0.00000,-0.140,-0.070,0
226.3660,-0.03589,0.00230,0.00765,0.00000,0.00000,-0.134,-0.073,0
226.4160,-0.03398,0.00265,0.00782,0.00000,0.00000,-0.128,-0.077,0
226.4660,-0.03200,0.00298,0.00800,0.00000,0.00000,-0.123,-0.080,0
226.5160,-0.02996,0.00328,0.00818,0.00000,0.00000,-0.117,-0.084,0
226.5660,-0.02786,0.00354,0.00836,0.00000,0.00000,-0.111,-0.087,0
226.6160,-0.02570,0.00378,0.00854,0.00000,0.00000,-0.106,-0.090,0
226.6660,-0.02347,0.00397,0.00872,0.00000,0.00000,-0.100,-0.092,0
226.7160,-0.02120,0.00414,0.00890,0.00000,0.00000,-0.094,-0.095,0
226.7660,-0.01888,0.00427,0.00907,0.00000,0.00000,-0.089,-0.097,0
226.8160,-0.01651,0.00437,0.00924,0.00000,0.00000,-0.084,-0.099,0
226.8660,-0.01410,0.00442,0.00941,0.00000,0.00000,-0.079,-0.101,0
226.9160,-0.01165,0.00443,0.00958,0.00000,0.00000,-0.074,-0.103,0
226.9660,-0.00917,0.00441,0.00974,0.00000,0.00000,-0.069,-0.104,0
227.0160,-0.00666,0.00434,0.00989,0.00000,0.00000,-0.064,-0.105,0
227.0660,-0.00412,0.00421,0.01004,0.00000,0.00000,-0.060,-0.105,0
227.1160,-0.00156,0.00403,0.01018,0.00000,0.00000,-0.055,-0.106,0
227.1660,0.00102,0.00380,0.01031,0.00000,0.00000,-0.052,-0.105,0
227.2160,0.00362,0.00350,0.01044,0.00000,0.00000,-0.048,-0.105,0
227.2660,0.00623,0.00314,0.01055,0.00000,0.00000,-0.045,-0.104,0
227.3160,0.00884,0.00273,0.01066,0.00000,0.00000,-0.041,-0.103,0
227.3660,0.01145,0.00227,0.01076,0.00000,0.00000,-0.038,-0.101,0
227.4160,0.01404,0.00175,0.01084,0.00000,0.00000,-0.036,-0.099,0
227.4660,0.01663,0.00117,0.01092,0.00000,0.00000,-0.033,-0.097,0
227.5160,0.01918,0.00055,0.01098,0.00000,0.00000,-0.031,-0.094,0
227.5660,0.02172,-0.00012,0.01104,0.00000,0.00000,-0.028,-0.090,0
227.6160,0.02422,-0.00084,0.01108,0.00000,0.00000,-0.026,-0.086,0
227.6660,0.02667,-0.00161,0.01111,0.00000,0.00000,-0.024,-0.082,0
227.7160,0.02908,-0.00242,0.01113,0.00000,0.00000,-0.022,-0.078,0
227.7660,0.03143,-0.00326,0.01114,0.00000,0.00000,-0.020,-0.072,0
227.8160,0.03373,-0.00416,0.01114,0.00000,0.00000,-0.017,-0.067,0
227.8660,0.03596,-0.00509,0.01113,0.00000,0.00000,-0.015,-0.061,0
227.9160,0.03813,-0.00607,0.01110,0.00000,0.00000,-0.013,-0.055,0
227.9660,0.04023,-0.00709,0.01107,0.00000,0.00000,-0.010,-0.048,0
228.0160,0.04226,-0.00816,0.01102,0.00000,0.00000,-0.007,-0.041,0
228.0660,0.04422,-0.00927,0.01096,0.00000,0.00000,-0.004,-0.033,0
228.1160,0.04610,-0.01041,0.01089,0.00000,0.00000,0.000,-0.025,0
228.1660,0.04790,-0.01157,0.01081,0.00000,0.00000,0.004,-0.017,0
228.2160,0.04964,-0.01276,0.01072,0.00000,0.00000,0.009,-0.008,0
228.2660,0.05131,-0.01398,0.01062,0.00000,0.00000,0.014,0.000,0
228.3160,0.05292,-0.01522,0.01052,0.00000,0.00000,0.020,0.010,0
228.3660,0.05448,-0.01650,0.01040,0.00000,0.00000,0.026,0.019,0
228.4160,0.05599,-0.01779,0.01027,0.00000,0.00000,0.033,0.029,0
228.4660,0.05747,-0.01911,0.01014,0.00000,0.00000,0.041,0.039,0
228.5160,0.05891,-0.02047,0.01000,0.00000,0.00000,0.050,0.049,0
228.5660,0.06034,-0.02184,0.00985,0.00000,0.00000,0.059,0.059,0
228.6160,0.06173,-0.02323,0.00970,0.00000,0.00000,0.070,0.069,0
228.6660,0.06312,-0.02465,0.00953,0.00000,0.00000,0.082,0.079,0
228.7160,0.06450,-0.02608,0.00937,0.00000,0.00000,0.094,0.090,0
228.7660,0.06588,-0.02752,0.00919,0.00000,0.00000,0.108,0.100,0
228.8160,0.06725,-0.02895,0.00901,0.00000,0.00000,0.123,0.111,0
228.8660,0.06863,-0.03039,0.00883,0.00000,0.00000,0.139,0.121,0
228.9160,0.07001,-0.03183,0.00864,0.00000,0.00000,0.155,0.132,0
228.9660,0.07140,-0.03327,0.00845,0.00000,0.00000,0.173,0.142,0
229.0160,0.07281,-0.03470,0.00825,0.00000,0.00000,0.192,0.152,0
229.0660,0.07424,-0.03612,0.00805,0.00000,0.00000,0.212,0.163,0
229.1160,0.07569,-0.03753,0.00785,0.00000,0.00000,0.234,0.173,0
229.1660,0.07715,-0.03892,0.00764,0.00000,0.00000,0.256,0.182,0
229.2160,0.07864,-0.04029,0.00743,0.00000,0.00000,0.279,0.192,0
229.2660,0.08015,-0.04164,0.00721,0.00000,0.00000,0.303,0.202,0
229.3160,0.08169,-0.04299,0.00700,0.00000,0.00000,0.328,0.211,0
229.3660,0.08326,-0.04432,0.00677,0.00000,0.00000,0.354,0.220,0
229.4160,0.08486,-0.04563,0.00655,0.00000,0.00000,0.381,0.229,0
229.4660,0.08649,-0.04692,0.00632,0.00000,0.00000,0.409,0.238,0
229.5160,0.08814,-0.04819,0.00609,0.00000,0.00000,0.438,0.246,0
229.5660,0.08983,-0.04943,0.00586,0.00000,0.00000,0.468,0.255,0
229.6160,0.09154,-0.05065,0.00562,0.00000,0.00000,0.499,0.263,0
229.6660,0.09330,-0.05185,0.00538,0.00000,0.00000,0.530,0.271,0
229.7160,0.09511,-0.05301,0.00513,0.00000,0.00000,0.562,0.278,0
229.7660,0.09701,-0.05415,0.00488,0.00000,0.00000,0.595,0.286,0
229.8160,0.09900,-0.05526,0.00462,0.00000,0.00000,0.629,0.293,0
229.8660,0.10111,-0.05635,0.00436,0.00000,0.00000,0.663,0.300,0
229.9160,0.10334,-0.05740,0.00409,0.00000,0.00000,0.698,0.306,0
229.9660,0.10571,-0.05842,0.00381,0.00000,0.00000,0.733,0.312,0
230.0160,0.10821,-0.05940,0.00353,0.00000,0.00000,0.769,0.318,0
230.0660,0.11088,-0.06035,0.00324,0.00000,0.00000,0.805,0.323,0
230.1160,0.11371,-0.06126,0.00294,0.00000,0.00000,0.842,0.329,0
230.1660,0.11671,-0.06215,0.00264,0.00000,0.00000,0.881,0.334,0
230.2160,0.11989,-0.06300,0.00232,0.00000,0.00000,0.921,0.339,0
230.2660,0.12325,-0.06381,0.00200,0.00000,0.00000,0.962,0.344,0
230.3160,0.12678,-0.06457,0.00166,0.00000,0.00000,1.005,0.348,0
230.3660,0.13049,-0.06529,0.00132,0.00000,0.00000,1.049,0.353,0
230.4160,0.13439,-0.06595,0.00096,0.00000,0.00000,1.095,0.358,0
230.4660,0.13845,-0.06658,0.00060,0.00000,0.00000,1.143,0.363,0
230.5160,0.14269,-0.06716,0.00022,0.00000,0.00000,1.193,0.368,0
230.5660,0.14711,-0.06770,-0.00017,0.00000,0.00000,1.245,0.374,0
230.6160,0.15167,-0.06817,-0.00057,0.00000,0.00000,1.299,0.379,0
230.6660,0.15639,-0.06860,-0.00099,0.00000,0.00000,1.354,0.385,0
230.7160,0.16126,-0.06899,-0.00141,0.00000,0.00000,1.411,0.390,0
230.7660,0.16627,-0.06932,-0.00185,0.00000,0.00000,1.471,0.396,0
230.8160,0.17141,-0.06961,-0.00230,0.00000,0.00000,1.532,0.402,0
230.8660,0.17666,-0.06984,-0.00277,0.00000,0.00000,1.594,0.408,0
230.9160,0.18200,-0.07001,-0.00325,0.00000,0.00000,1.658,0.414,0
230.9660,0.18744,-0.07014,-0.00374,0.00000,0.00000,1.723,0.420,0
231.0160,0.19295,-0.07021,-0.00424,0.00000,0.00000,1.788,0.426,0
231.0660,0.19852,-0.07023,-0.00476,0.00000,0.00000,1.853,0.431,0
231.1160,0.20414,-0.07020,-0.00528,0.00000,0.00000,1.919,0.436,0
231.1660,0.20978,-0.07013,-0.00582,0.00000,0.00000,1.984,0.440,0
231.2160,0.21543,-0.07001,-0.00637,0.00000,0.00000,2.049,0.444,0
231.2660,0.22107,-0.06983,-0.00694,0.00000,0.00000,2.112,0.446,0
231.3160,0.22667,-0.06957,-0.00751,0.00000,0.00000,2.174,0.448,0
231.3660,0.23221,-0.06926,-0.00809,0.00000,0.00000,2.232,0.448,0
231.4160,0.23767,-0.06889,-0.00868,0.00000,0.00000,2.287,0.447,0
231.4660,0.24304,-0.06846,-0.00928,0.00000,0.00000,2.336,0.444,0
231.5160,0.24828,-0.06797,-0.00989,0.00000,0.00000,2.380,0.439,0
231.5660,0.25337,-0.06743,-0.01050,0.00000,0.00000,2.421,0.433,0
231.6160,0.25830,-0.06684,-0.01112,0.00000,0.00000,2.454,0.425,0
231.6660,0.26304,-0.06619,-0.01173,0.00000,0.00000,2.482,0.415,0
231.7160,0.26756,-0.06549,-0.01236,0.00000,0.00000,2.503,0.403,0
231.7660,0.27184,-0.06474,-0.01298,0.00000,0.00000,2.517,0.390,0
231.8160,0.27585,-0.06394,-0.01359,0.00000,0.00000,2.523,0.374,0
231.8660,0.27958,-0.06311,-0.01421,0.00000,0.00000,2.522,0.357,0
231.9160,0.28300,-0.06224,-0.01482,0.00000,0.00000,2.514,0.338,0
231.9660,0.28607,-0.06134,-0.01542,0.00000,0.00000,2.499,0.317,0
232.0160,0.28879,-0.06039,-0.01600,0.00000,0.00000,2.478,0.295,0
232.0660,0.29110,-0.05940,-0.01658,0.00000,0.00000,2.449,0.272,0
232.1160,0.29301,-0.05839,-0.01714,0.00000,0.00000,2.414,0.249,0
232.1660,0.29448,-0.05736,-0.01769,0.00000,0.00000,2.373,0.225,0
232.2160,0.29548,-0.05631,-0.01821,0.00000,0.00000,2.327,0.200,0
232.2660,0.29600,-0.05525,-0.01871,0.00000,0.00000,2.277,0.176,0
232.3160,0.29601,-0.05418,-0.01919,0.00000,0.00000,2.224,0.151,0
232.3660,0.29549,-0.05310,-0.01965,0.00000,0.00000,2.169,0.127,0
232.4160,0.29440,-0.05201,-0.02008,0.00000,0.00000,2.113,0.104,0
232.4660,0.29274,-0.05092,-0.02048,0.00000,0.00000,2.054,0.080,0
232.5160,0.29047,-0.04983,-0.02086,0.00000,0.00000,1.996,0.058,0
232.5660,0.28757,-0.04873,-0.02120,0.00000,0.00000,1.936,0.036,0
232.6160,0.28401,-0.04763,-0.02152,0.00000,0.00000,1.877,0.015,0
232.6660,0.27977,-0.04652,-0.02181,0.00000,0.00000,1.819,-0.006,0
232.7160,0.27484,-0.04542,-0.02206,0.00000,0.00000,1.761,-0.026,0
232.7660,0.26920,-0.04431,-0.02228,0.00000,0.00000,1.704,-0.046,0
232.8160,0.26281,-0.04322,-0.02248,0.00000,0.00000,1.650,-0.065,0
232.8660,0.25567,-0.04213,-0.02264,0.00000,0.00000,1.597,-0.083,0
232.9160,0.24776,-0.04104,-0.02277,0.00000,0.00000,1.548,-0.101,0
232.9660,0.23905,-0.03995,-0.02287,0.00000,0.00000,1.501,-0.118,0
233.0160,0.22953,-0.03887,-0.02294,0.00000,0.00000,1.457,-0.135,0
233.0660,0.21921,-0.03779,-0.02298,0.00000,0.00000,1.418,-0.151,0
233.1160,0.20819,-0.03672,-0.02300,0.00000,0.00000,1.381,-0.167,0
233.1660,0.19665,-0.03562,-0.02298,0.00000,0.00000,1.347,-0.182,0
233.2160,0.18473,-0.03452,-0.02293,0.00000,0.00000,1.314,-0.196,0
233.2660,0.17254,-0.03340,-0.02285,0.00000,0.00000,1.279,-0.209,0
233.3160,0.16019,-0.03225,-0.02274,0.00000,0.00000,1.243,-0.221,0
233.3660,0.14776,-0.03108,-0.02260,0.00000,0.00000,1.205,-0.231,0
233.4160,0.13533,-0.02990,-0.02243,0.00000,0.00000,1.165,-0.240,0
233.4660,0.12297,-0.02870,-0.02223,0.00000,0.00000,1.123,-0.247,0
233.5160,0.11074,-0.02748,-0.02200,0.00000,0.00000,1.079,-0.253,0
233.5660,0.09868,-0.02625,-0.02175,0.00000,0.00000,1.034,-0.257,0
233.6160,0.08683,-0.02499,-0.02146,0.00000,0.00000,0.987,-0.260,0
233.6660,0.07523,-0.02370,-0.02115,0.00000,0.00000,0.938,-0.261,0
233.7160,0.06390,-0.02238,-0.02080,0.00000,0.00000,0.888,-0.260,0
233.7660,0.05289,-0.02105,-0.02044,0.00000,0.00000,0.838,-0.258,0
233.8160,0.04222,-0.01970,-0.02004,0.00000,0.00000,0.787,-0.254,0
233.8660,0.03191,-0.01832,-0.01962,0.00000,0.00000,0.735,-0.249,0
233.9160,0.02198,-0.01693,-0.01918,0.00000,0.00000,0.683,-0.242,0
233.9660,0.01246,-0.01553,-0.01872,0.00000,0.00000,0.632,-0.234,0
234.0160,0.00335,-0.01412,-0.01823,0.00000,0.00000,0.581,-0.225,0
234.0660,-0.00532,-0.01271,-0.01772,0.00000,0.00000,0.531,-0.215,0
234.1160,-0.01355,-0.01129,-0.01720,0.00000,0.00000,0.482,-0.204,0
234.1660,-0.02134,-0.00988,-0.01665,0.00000,0.00000,0.433,-0.192,0
234.2160,-0.02871,-0.00845,-0.01609,0.00000,0.00000,0.386,-0.178,0
234.2660,-0.03567,-0.00702,-0.01552,0.00000,0.00000,0.340,-0.165,0
234.3160,-0.04224,-0.00559,-0.01493,0.00000,0.00000,0.296,-0.151,0
234.3660,-0.04841,-0.00416,-0.01434,0.00000,0.00000,0.253,-0.136,0
234.4160,-0.05418,-0.00273,-0.01373,0.00000,0.00000,0.213,-0.121,0
234.4660,-0.05957,-0.00129,-0.01311,0.00000,0.00000,0.174,-0.106,0
234.5160,-0.06456,0.00015,-0.01248,0.00000,0.00000,0.137,-0.090,0
234.5660,-0.06917,0.00158,-0.01185,0.00000,0.00000,0.102,-0.075,0
234.6160,-0.07340,0.00302,-0.01122,0.00000,0.00000,0.069,-0.059,0
234.6660,-0.07725,0.00446,-0.01058,0.00000,0.00000,0.038,-0.043,0
234.7160,-0.08073,0.00589,-0.00993,0.00000,0.00000,0.009,-0.028,0
234.7660,-0.08384,0.00730,-0.00929,0.00000,0.00000,-0.018,-0.012,0
234.8160,-0.08660,0.00869,-0.00865,0.00000,0.00000,-0.042,0.003,0
234.8660,-0.08901,0.01008,-0.00801,0.00000,0.00000,-0.064,0.018,0
234.9160,-0.09109,0.01144,-0.00737,0.00000,0.00000,-0.084,0.033,0
234.9660,-0.09284,0.01279,-0.00673,0.00000,0.00000,-0.102,0.047,0
235.0160,-0.09428,0.01411,-0.00610,0.00000,0.00000,-0.117,0.060,0
235.0660,-0.09542,0.01539,-0.00548,0.00000,0.00000,-0.131,0.073,0
235.1160,-0.09628,0.01665,-0.00486,0.00000,0.00000,-0.141,0.085,0
235.1660,-0.09689,0.01787,-0.00424,0.00000,0.00000,-0.150,0.097,0
235.2160,-0.09729,0.01904,-0.00364,0.00000,0.00000,-0.156,0.107,0
235.2660,-0.09751,0.02018,-0.00304,0.00000,0.00000,-0.160,0.116,0
235.3160,-0.09759,0.02129,-0.00245,0.00000,0.00000,-0.161,0.124,0
235.3660,-0.09754,0.02237,-0.00187,0.00000,0.00000,-0.160,0.132,0
235.4160,-0.09739,0.02342,-0.00130,0.00000,0.00000,-0.158,0.138,0
235.4660,-0.09715,0.02442,-0.00073,0.00000,0.00000,-0.153,0.143,0
235.5160,-0.09684,0.02538,-0.00018,0.00000,0.00000,-0.146,0.147,0
235.5660,-0.09645,0.02629,0.00037,0.00000,0.00000,-0.138,0.151,0
235.6160,-0.09602,0.02717,0.00090,0.00000,0.00000,-0.128,0.153,0
235.6660,-0.09555,0.02799,0.00143,0.00000,0.00000,-0.117,0.154,0
235.7160,-0.09503,0.02878,0.00195,0.00000,0.00000,-0.104,0.155,0
235.7660,-0.09448,0.02951,0.00245,0.00000,0.00000,-0.090,0.155,0
235.8160,-0.09389,0.03019,0.00295,0.00000,0.00000,-0.075,0.153,0
235.8660,-0.09327,0.03081,0.00344,0.00000,0.00000,-0.059,0.152,0
235.9160,-0.09262,0.03139,0.00392,0.00000,0.00000,-0.042,0.149,0
235.9660,-0.09194,0.03191,0.00440,0.00000,0.00000,-0.025,0.146,0
236.0160,-0.09123,0.03237,0.00486,0.00000,0.00000,-0.007,0.142,0
236.0660,-0.09047,0.03277,0.00532,0.00000,0.00000,0.011,0.137,0
236.1160,-0.08969,0.03313,0.00577,0.00000,0.00000,0.030,0.132,0
236.1660,-0.08886,0.03341,0.00621,0.00000,0.00000,0.049,0.126,0
236.2160,-0.08799,0.03363,0.00664,0.00000,0.00000,0.067,0.120,0
236.2660,-0.08707,0.03379,0.00707,0.00000,0.00000,0.086,0.113,0
236.3160,-0.08610,0.03389,0.00749,0.00000,0.00000,0.104,0.106,0
236.3660,-0.08508,0.03394,0.00790,0.00000,0.00000,0.123,0.099,0
236.4160,-0.08400,0.03393,0.00830,0.00000,0.00000,0.140,0.091,0
236.4660,-0.08287,0.03385,0.00870,0.00000,0.00000,0.158,0.082,0
236.5160,-0.08167,0.03371,0.00910,0.00000,0.00000,0.175,0.074,0
236.5660,-0.08040,0.03350,0.00949,0.00000,0.00000,0.191,0.065,0
236.6160,-0.07907,0.03323,0.00987,0.00000,0.00000,0.206,0.055,0
236.6660,-0.07765,0.03289,0.01024,0.00000,0.00000,0.221,0.046,0
236.7160,-0.07617,0.03250,0.01062,0.00000,0.00000,0.235,0.036,0
236.7660,-0.07461,0.03204,0.01098,0.00000,0.00000,0.248,0.026,0
236.8160,-0.07297,0.03152,0.01134,0.00000,0.00000,0.260,0.016,0
236.8660,-0.07125,0.03094,0.01170,0.00000,0.00000,0.271,0.006,0
236.9160,-0.06944,0.03029,0.01205,0.00000,0.00000,0.281,-0.004,0
236.9660,-0.06754,0.02957,0.01240,0.00000,0.00000,0.289,-0.014,0
237.0160,-0.06556,0.02879,0.01274,0.00000,0.00000,0.297,-0.024,0
237.0660,-0.06349,0.02796,0.01308,0.00000,0.00000,0.303,-0.034,0
237.1160,-0.06133,0.02706,0.01341,0.00000,0.00000,0.309,-0.045,0
237.1660,-0.05908,0.02610,0.01374,0.00000,0.00000,0.313,-0.055,0
237.2160,-0.05674,0.02508,0.01406,0.00000,0.00000,0.316,-0.064,0
237.2660,-0.05431,0.02399,0.01438,0.00000,0.00000,0.318,-0.074,0
237.3160,-0.05178,0.02283,0.01470,0.00000,0.00000,0.318,-0.084,0
237.3660,-0.04916,0.02160,0.01500,0.00000,0.00000,0.317,-0.093,0
237.4160,-0.04643,0.02029,0.01530,0.00000,0.00000,0.315,-0.102,0
237.4660,-0.04362,0.01892,0.01560,0.00000,0.00000,0.312,-0.110,0
237.5160,-0.04072,0.01750,0.01588,0.00000,0.00000,0.307,-0.118,0
237.5660,-0.03775,0.01602,0.01616,0.00000,0.00000,0.301,-0.126,0
237.6160,-0.03468,0.01448,0.01643,0.00000,0.00000,0.295,-0.133,0
237.6660,-0.03154,0.01289,0.01669,0.00000,0.00000,0.287,-0.140,0
237.7160,-0.02833,0.01126,0.01694,0.00000,0.00000,0.278,-0.146,0
237.7660,-0.02504,0.00958,0.01718,0.00000,0.00000,0.268,-0.152,0
237.8160,-0.02169,0.00784,0.01741,0.00000,0.00000,0.258,-0.157,0
237.8660,-0.01828,0.00606,0.01763,0.00000,0.00000,0.247,-0.161,0
237.9160,-0.01481,0.00424,0.01783,0.00000,0.00000,0.235,-0.165,0
237.9660,-0.01129,0.00238,0.01801,0.00000,0.00000,0.222,-0.168,0
238.0160,-0.00771,0.00047,0.01818,0.00000,0.00000,0.209,-0.170,0
238.0660,-0.00409,-0.00149,0.01834,0.00000,0.00000,0.196,-0.172,0
238.1160,-0.00043,-0.00349,0.01848,0.00000,0.00000,0.182,-0.172,0
238.1660,0.00325,-0.00551,0.01859,0.00000,0.00000,0.167,-0.172,0
238.2160,0.00695,-0.00756,0.01869,0.00000,0.00000,0.153,-0.171,0
238.2660,0.01066,-0.00964,0.01877,0.00000,0.00000,0.139,-0.169,0
238.3160,0.01438,-0.01173,0.01882,0.00000,0.00000,0.125,-0.166,0
238.3660,0.01808,-0.01384,0.01886,0.00000,0.00000,0.111,-0.162,0
238.4160,0.02176,-0.01594,0.01887,0.00000,0.00000,0.098,-0.158,0
238.4660,0.02541,-0.01804,0.01885,0.00000,0.00000,0.085,-0.152,0
238.5160,0.02902,-0.02013,0.01881,0.00000,0.00000,0.073,-0.146,0
238.5660,0.03257,-0.02220,0.01874,0.00000,0.00000,0.062,-0.139,0
238.6160,0.03605,-0.02426,0.01865,0.00000,0.00000,0.052,-0.130,0
238.6660,0.03946,-0.02629,0.01852,0.00000,0.00000,0.043,-0.121,0
238.7160,0.04278,-0.02828,0.01837,0.00000,0.00000,0.036,-0.111,0
238.7660,0.04600,-0.03023,0.01819,0.00000,0.00000,0.030,-0.100,0
238.8160,0.04910,-0.03214,0.01798,0.00000,0.00000,0.025,-0.089,0
238.8660,0.05208,-0.03400,0.01774,0.00000,0.00000,0.022,-0.077,0
238.9160,0.05492,-0.03581,0.01747,0.00000,0.00000,0.021,-0.063,0
238.9660,0.05765,-0.03757,0.01716,0.00000,0.00000,0.021,-0.050,0
239.0160,0.06025,-0.03931,0.01683,0.00000,0.00000,0.024,-0.035,0
239.0660,0.06274,-0.04100,0.01646,0.00000,0.00000,0.028,-0.020,0
239.1160,0.06510,-0.04264,0.01607,0.00000,0.00000,0.035,-0.005,0
239.1660,0.06733,-0.04423,0.01564,0.00000,0.00000,0.044,0.011,0
239.2160,0.06946,-0.04576,0.01518,0.00000,0.00000,0.055,0.027,0
239.2660,0.07147,-0.04724,0.01469,0.00000,0.00000,0.068,0.043,0
239.3160,0.07338,-0.04866,0.01418,0.00000,0.00000,0.083,0.060,0
239.3660,0.07520,-0.05002,0.01363,0.00000,0.00000,0.100,0.076,0
239.4160,0.07693,-0.05134,0.01305,0.00000,0.00000,0.119,0.092,0
239.4660,0.07857,-0.05261,0.01245,0.00000,0.00000,0.140,0.108,0
239.5160,0.08015,-0.05383,0.01182,0.00000,0.00000,0.162,0.124,0
239.5660,0.08165,-0.05500,0.01116,0.00000,0.00000,0.187,0.140,0
239.6160,0.08308,-0.05612,0.01048,0.00000,0.00000,0.213,0.155,0
239.6660,0.08445,-0.05719,0.00977,0.00000,0.00000,0.241,0.169,0
239.7160,0.08575,-0.05819,0.00905,0.00000,0.00000,0.270,0.183,0
239.7660,0.08699,-0.05913,0.00830,0.00000,0.00000,0.300,0.196,0
239.8160,0.08817,-0.06002,0.00753,0.00000,0.00000,0.331,0.209,0
239.8660,0.08929,-0.06084,0.00674,0.00000,0.00000,0.363,0.220,0
239.9160,0.09035,-0.06160,0.00594,0.00000,0.00000,0.396,0.231,0
239.9660,0.09135,-0.06230,0.00513,0.00000,0.00000,0.430,0.241,0
240.0160,0.09230,-0.06294,0.00430,0.00000,0.00000,0.463,0.250,0
240.0660,0.09318,-0.06353,0.00346,0.00000,0.00000,0.497,0.258,0
240.1160,0.09401,-0.06405,0.00262,0.00000,0.00000,0.531,0.264,0
240.1660,0.09477,-0.06452,0.00177,0.00000,0.00000,0.566,0.270,0
240.2160,0.09547,-0.06493,0.00091,0.00000,0.00000,0.600,0.275,0
240.2660,0.09610,-0.06529,0.00005,0.00000,0.00000,0.633,0.278,0
240.3160,0.09668,-0.06560,-0.00080,0.00000,0.00000,0.667,0.281,0
240.3660,0.09719,-0.06585,-0.00165,0.00000,0.00000,0.700,0.283,0
240.4160,0.09762,-0.06604,-0.00250,0.00000,0.00000,0.733,0.283,0
240.4660,0.09798,-0.06618,-0.00334,0.00000,0.00000,0.764,0.282,0
240.5160,0.09826,-0.06626,-0.00416,0.00000,0.00000,0.795,0.281,0
240.5660,0.09846,-0.06627,-0.00497,0.00000,0.00000,0.825,0.278,0
240.6160,0.09858,-0.06623,-0.00577,0.00000,0.00000,0.854,0.274,0
240.6660,0.09862,-0.06614,-0.00655,0.00000,0.00000,0.881,0.270,0
240.7160,0.09858,-0.06600,-0.00731,0.00000,0.00000,0.907,0.264,0
240.7660,0.09845,-0.06581,-0.00805,0.00000,0.00000,0.932,0.258,0
240.8160,0.09823,-0.06555,-0.00876,0.00000,0.00000,0.956,0.251,0
240.8660,0.09793,-0.06526,-0.00944,0.00000,0.00000,0.978,0.243,0
240.9160,0.09755,-0.06492,-0.01009,0.00000,0.00000,0.998,0.235,0
240.9660,0.09707,-0.06453,-0.01071,0.00000,0.00000,1.017,0.225,0
241.0160,0.09651,-0.06409,-0.01130,0.00000,0.00000,1.035,0.216,0
241.0660,0.09587,-0.06361,-0.01185,0.00000,0.00000,1.050,0.205,0
241.1160,0.09514,-0.06310,-0.01237,0.00000,0.00000,1.065,0.194,0
241.1660,0.09433,-0.06254,-0.01284,0.00000,0.00000,1.077,0.183,0
241.2160,0.09343,-0.06196,-0.01328,0.00000,0.00000,1.089,0.172,0
241.2660,0.09246,-0.06132,-0.01367,0.00000,0.00000,1.098,0.160,0
241.3160,0.09140,-0.06064,-0.01402,0.00000,0.00000,1.105,0.148,0
241.3660,0.09026,-0.05994,-0.01433,0.00000,0.00000,1.111,0.136,0
241.4160,0.08906,-0.05921,-0.01459,0.00000,0.00000,1.116,0.124,0
241.4660,0.08779,-0.05845,-0.01481,0.00000,0.00000,1.119,0.112,0
241.5160,0.08644,-0.05766,-0.01498,0.00000,0.00000,1.120,0.100,0
241.5660,0.08503,-0.05684,-0.01511,0.00000,0.00000,1.119,0.088,0
241.6160,0.08357,-0.05602,-0.01519,0.00000,0.00000,1.117,0.076,0
241.6660,0.08206,-0.05519,-0.01522,0.00000,0.00000,1.114,0.065,0
241.7160,0.08051,-0.05436,-0.01521,0.00000,0.00000,1.110,0.054,0
241.7660,0.07892,-0.05352,-0.01516,0.00000,0.00000,1.104,0.043,0
241.8160,0.07730,-0.05268,-0.01506,0.00000,0.00000,1.098,0.033,0
241.8660,0.07564,-0.05184,-0.01492,0.00000,0.00000,1.090,0.023,0
241.9160,0.07396,-0.05101,-0.01474,0.00000,0.00000,1.082,0.013,0
241.9660,0.07227,-0.05019,-0.01452,0.00000,0.00000,1.073,0.004,0
242.0160,0.07056,-0.04939,-0.01427,0.00000,0.00000,1.063,-0.004,0
242.0660,0.06885,-0.04860,-0.01397,0.00000,0.00000,1.052,-0.012,0
242.1160,0.06714,-0.04782,-0.01364,0.00000,0.00000,1.040,-0.020,0
242.1660,0.06542,-0.04706,-0.01328,0.00000,0.00000,1.028,-0.026,0
242.2160,0.06371,-0.04632,-0.01289,0.00000,0.00000,1.015,-0.032,0
242.2660,0.06202,-0.04560,-0.01247,0.00000,0.00000,1.002,-0.038,0
242.3160,0.06033,-0.04489,-0.01202,0.00000,0.00000,0.988,-0.043,0
242.3660,0.05866,-0.04421,-0.01155,0.00000,0.00000,0.973,-0.047,0
242.4160,0.05702,-0.04355,-0.01106,0.00000,0.00000,0.958,-0.051,0
242.4660,0.05541,-0.04293,-0.01055,0.00000,0.00000,0.944,-0.054,0
242.5160,0.05383,-0.04236,-0.01003,0.00000,0.00000,0.929,-0.057,0
242.5660,0.05230,-0.04182,-0.00949,0.00000,0.00000,0.914,-0.059,0
242.6160,0.05081,-0.04132,-0.00894,0.00000,0.00000,0.899,-0.060,0
242.6660,0.04937,-0.04086,-0.00838,0.00000,0.00000,0.884,-0.061,0
242.7160,0.04797,-0.04045,-0.00782,0.00000,0.00000,0.869,-0.062,0
242.7660,0.04663,-0.04008,-0.00725,0.00000,0.00000,0.855,-0.062,0
242.8160,0.04535,-0.03978,-0.00668,0.00000,0.00000,0.841,-0.061,0
242.8660,0.04412,-0.03950,-0.00612,0.00000,0.00000,0.827,-0.061,0
242.9160,0.04295,-0.03928,-0.00556,0.00000,0.00000,0.814,-0.060,0
242.9660,0.04183,-0.03909,-0.00500,0.00000,0.00000,0.801,-0.058,0
243.0160,0.04076,-0.03894,-0.00446,0.00000,0.00000,0.788,-0.056,0
243.0660,0.03975,-0.03883,-0.00393,0.00000,0.00000,0.775,-0.054,0
243.1160,0.03879,-0.03877,-0.00341,0.00000,0.00000,0.763,-0.052,0
243.1660,0.03789,-0.03875,-0.00292,0.00000,0.00000,0.752,-0.049,0
243.2160,0.03704,-0.03877,-0.00243,0.00000,0.00000,0.740,-0.046,0
243.2660,0.03624,-0.03883,-0.00198,0.00000,0.00000,0.730,-0.043,0
243.3160,0.03550,-0.03894,-0.00154,0.00000,0.00000,0.719,-0.040,0
243.3660,0.03481,-0.03908,-0.00113,0.00000,0.00000,0.710,-0.037,0
243.4160,0.03417,-0.03927,-0.00074,0.00000,0.00000,0.701,-0.034,0
243.4660,0.03357,-0.03950,-0.00038,0.00000,0.00000,0.693,-0.031,0
243.5160,0.03302,-0.03976,-0.00005,0.00000,0.00000,0.685,-0.027,0
243.5660,0.03250,-0.04004,0.00025,0.00000,0.00000,0.677,-0.024,0
243.6160,0.03201,-0.04035,0.00052,0.00000,0.00000,0.670,-0.021,0
243.6660,0.03154,-0.04067,0.00076,0.00000,0.00000,0.663,-0.017,0
243.7160,0.03110,-0.04100,0.00096,0.00000,0.00000,0.657,-0.014,0
243.7660,0.03069,-0.04136,0.00114,0.00000,0.00000,0.651,-0.011,0
243.8160,0.03030,-0.04174,0.00128,0.00000,0.00000,0.646,-0.008,0
243.8660,0.02993,-0.04215,0.00139,0.00000,0.00000,0.641,-0.005,0
243.9160,0.02957,-0.04255,0.00146,0.00000,0.00000,0.636,-0.002,0
243.9660,0.02922,-0.04298,0.00151,0.00000,0.00000,0.632,0.000,0
244.0160,0.02887,-0.04339,0.00152,0.00000,0.00000,0.628,0.003,0
244.0660,0.02852,-0.04381,0.00150,0.00000,0.00000,0.624,0.005,0
244.1160,0.02818,-0.04423,0.00145,0.00000,0.00000,0.620,0.007,0
244.1660,0.02782,-0.04465,0.00137,0.00000,0.00000,0.617,0.009,0
244.2160,0.02747,-0.04508,0.00126,0.00000,0.00000,0.614,0.010,0
244.2660,0.02711,-0.04550,0.00112,0.00000,0.00000,0.612,0.012,0
244.3160,0.02673,-0.04590,0.00096,0.00000,0.00000,0.609,0.013,0
244.3660,0.02632,-0.04628,0.00078,0.00000,0.00000,0.606,0.014,0
244.4160,0.02590,-0.04664,0.00057,0.00000,0.00000,0.604,0.015,0
244.4660,0.02545,-0.04697,0.00034,0.00000,0.00000,0.601,0.016,0
244.5160,0.02497,-0.04727,0.00009,0.00000,0.00000,0.598,0.016,0
244.5660,0.02446,-0.04754,-0.00018,0.00000,0.00000,0.595,0.016,0
244.6160,0.02393,-0.04778,-0.00047,0.00000,0.00000,0.592,0.016,0
244.6660,0.02336,-0.04799,-0.00076,0.00000,0.00000,0.589,0.016,0
244.7160,0.02275,-0.04815,-0.00108,0.00000,0.00000,0.585,0.015,0
244.7660,0.02211,-0.04827,-0.00140,0.00000,0.00000,0.581,0.015,0
244.8160,0.02143,-0.04834,-0.00173,0.00000,0.00000,0.577,0.014,0
244.8660,0.02072,-0.04837,-0.00206,0.00000,0.00000,0.572,0.013,0
244.9160,0.01998,-0.04836,-0.00240,0.00000,0.00000,0.567,0.012,0
244.9660,0.01919,-0.04830,-0.00274,0.00000,0.00000,0.562,0.011,0
245.0160,0.01838,-0.04819,-0.00308,0.00000,0.00000,0.556,0.009,0
245.0660,0.01753,-0.04803,-0.00342,0.00000,0.00000,0.550,0.008,0
245.1160,0.01665,-0.04782,-0.00376,0.00000,0.00000,0.544,0.006,0
245.1660,0.01574,-0.04757,-0.00408,0.00000,0.00000,0.537,0.004,0
245.2160,0.01481,-0.04727,-0.00440,0.00000,0.00000,0.530,0.003,0
245.2660,0.01386,-0.04692,-0.00472,0.00000,0.00000,0.522,0.001,0
245.3160,0.01288,-0.04653,-0.00501,0.00000,0.00000,0.514,-0.001,0
245.3660,0.01188,-0.04607,-0.00530,0.00000,0.00000,0.506,-0.003,0
245.4160,0.01086,-0.04556,-0.00557,0.00000,0.00000,0.497,-0.005,0
245.4660,0.00982,-0.04498,-0.00583,0.00000,0.00000,0.487,-0.006,0
245.5160,0.00876,-0.04435,-0.00606,0.00000,0.00000,0.477,-0.008,0
245.5660,0.00769,-0.04365,-0.00628,0.00000,0.00000,0.466,-0.010,0
245.6160,0.00661,-0.04290,-0.00648,0.00000,0.00000,0.455,-0.012,0
245.6660,0.00553,-0.04210,-0.00665,0.00000,0.00000,0.444,-0.013,0
245.7160,0.00445,-0.04125,-0.00681,0.00000,0.00000,0.432,-0.015,0
245.7660,0.00337,-0.04034,-0.00694,0.00000,0.00000,0.420,-0.016,0
245.8160,0.00231,-0.03940,-0.00704,0.00000,0.00000,0.407,-0.018,0
245.8660,0.00126,-0.03840,-0.00713,0.00000,0.00000,0.395,-0.019,0
245.9160,0.00022,-0.03735,-0.00718,0.00000,0.00000,0.382,-0.020,0
245.9660,-0.00079,-0.03627,-0.00721,0.00000,0.00000,0.369,-0.021,0
246.0160,-0.00178,-0.03516,-0.00722,0.00000,0.00000,0.355,-0.022,0
246.0660,-0.00273,-0.03401,-0.00720,0.00000,0.00000,0.342,-0.023,0
246.1160,-0.00365,-0.03282,-0.00716,0.00000,0.00000,0.329,-0.023,0
246.1660,-0.00454,-0.03159,-0.00709,0.00000,0.00000,0.315,-0.024,0
246.2160,-0.00539,-0.03034,-0.00699,0.00000,0.00000,0.301,-0.024,0
246.2660,-0.00619,-0.02907,-0.00687,0.00000,0.00000,0.288,-0.024,0
246.3160,-0.00694,-0.02777,-0.00673,0.00000,0.00000,0.274,-0.024,0
246.3660,-0.00765,-0.02644,-0.00656,0.00000,0.00000,0.261,-0.024,0
246.4160,-0.00830,-0.02510,-0.00637,0.00000,0.00000,0.248,-0.024,0
246.4660,-0.00891,-0.02373,-0.00616,0.00000,0.00000,0.235,-0.023,0
246.5160,-0.00946,-0.02235,-0.00593,0.00000,0.00000,0.222,-0.023,0
246.5660,-0.00995,-0.02095,-0.00568,0.00000,0.00000,0.209,-0.022,0
246.6160,-0.01039,-0.01954,-0.00542,0.00000,0.00000,0.196,-0.022,0
246.6660,-0.01076,-0.01813,-0.00513,0.00000,0.00000,0.184,-0.021,0
246.7160,-0.01107,-0.01673,-0.00483,0.00000,0.00000,0.172,-0.020,0
246.7660,-0.01133,-0.01532,-0.00452,0.00000,0.00000,0.161,-0.019,0
246.8160,-0.01152,-0.01391,-0.00419,0.00000,0.00000,0.150,-0.018,0
246.8660,-0.01164,-0.01253,-0.00385,0.00000,0.00000,0.139,-0.017,0
246.9160,-0.01170,-0.01116,-0.00351,0.00000,0.00000,0.129,-0.016,0
246.9660,-0.01170,-0.00980,-0.00315,0.00000,0.00000,0.119,-0.015,0
247.0160,-0.01163,-0.00848,-0.00280,0.00000,0.00000,0.110,-0.014,0
247.0660,-0.01151,-0.00719,-0.00243,0.00000,0.00000,0.101,-0.013,0
247.1160,-0.01133,-0.00591,-0.00207,0.00000,0.00000,0.093,-0.012,0
247.1660,-0.01109,-0.00467,-0.00171,0.00000,0.00000,0.085,-0.011,0
247.2160,-0.01080,-0.00347,-0.00134,0.00000,0.00000,0.078,-0.010,0
247.2660,-0.01045,-0.00230,-0.00099,0.00000,0.00000,0.072,-0.009,0
247.3160,-0.01006,-0.00118,-0.00063,0.00000,0.00000,0.065,-0.008,0
247.3660,-0.00963,-0.00009,-0.00029,0.00000,0.00000,0.060,-0.007,0
247.4160,-0.00915,0.00097,0.00005,0.00000,0.00000,0.055,-0.006,0
247.4660,-0.00864,0.00197,0.00037,0.00000,0.00000,0.050,-0.005,0
247.5160,-0.00810,0.00293,0.00068,0.00000,0.00000,0.045,-0.005,0
247.5660,-0.00753,0.00385,0.00098,0.00000,0.00000,0.042,-0.004,0
247.6160,-0.00694,0.00472,0.00126,0.00000,0.00000,0.038,-0.003,0
247.6660,-0.00633,0.00555,0.00153,0.00000,0.00000,0.035,-0.003,0
247.7160,-0.00571,0.00633,0.00177,0.00000,0.00000,0.032,-0.002,0
247.7660,-0.00508,0.00707,0.00200,0.00000,0.00000,0.030,-0.001,0
247.8160,-0.00444,0.00777,0.00220,0.00000,0.00000,0.027,-0.001,0
247.8660,-0.00380,0.00840,0.00239,0.00000,0.00000,0.025,-0.000,0
247.9160,-0.00316,0.00898,0.00254,0.00000,0.00000,0.024,-0.000,0
247.9660,-0.00253,0.00952,0.00268,0.00000,0.00000,0.022,0.000,0
248.0160,-0.00192,0.01002,0.00279,0.00000,0.00000,0.021,0.001,0
248.0660,-0.00133,0.01048,0.00287,0.00000,0.00000,0.020,0.001,0
248.1160,-0.00076,0.01089,0.00293,0.00000,0.00000,0.019,0.001,0
248.1660,-0.00021,0.01125,0.00296,0.00000,0.00000,0.018,0.002,0
248.2160,0.00031,0.01155,0.00296,0.00000,0.00000,0.018,0.002,0
248.2660,0.00080,0.01181,0.00293,0.00000,0.00000,0.017,0.002,0
248.3160,0.00126,0.01203,0.00288,0.00000,0.00000,0.017,0.002,0
248.3660,0.00167,0.01221,0.00280,0.00000,0.00000,0.016,0.003,0
248.4160,0.00203,0.01236,0.00270,0.00000,0.00000,0.016,0.003,0
248.4660,0.00235,0.01247,0.00256,0.00000,0.00000,0.016,0.003,0
248.5160,0.00261,0.01256,0.00241,0.00000,0.00000,0.015,0.003,0
248.5660,0.00281,0.01262,0.00222,0.00000,0.00000,0.015,0.003,0
248.6160,0.00295,0.01266,0.00201,0.00000,0.00000,0.014,0.003,0
248.6660,0.00303,0.01268,0.00178,0.00000,0.00000,0.014,0.003,0
248.7160,0.00305,0.01268,0.00153,0.00000,0.00000,0.014,0.003,0
248.7660,0.00300,0.01266,0.00125,0.00000,0.00000,0.013,0.003,0
248.8160,0.00289,0.01261,0.00095,0.00000,0.00000,0.013,0.003,0
248.8660,0.00272,0.01254,0.00063,0.00000,0.00000,0.012,0.003,0
248.9160,0.00248,0.01245,0.00030,0.00000,0.00000,0.012,0.003,0
248.9660,0.00218,0.01235,-0.00006,0.00000,0.00000,0.011,0.003,0
249.0160,0.00180,0.01225,-0.00043,0.00000,0.00000,0.011,0.003,0
249.0660,0.00135,0.01215,-0.00081,0.00000,0.00000,0.010,0.003,0
249.1160,0.00082,0.01205,-0.00120,0.00000,0.00000,0.009,0.003,0
249.1660,0.00023,0.01195,-0.00161,0.00000,0.00000,0.009,0.002,0
249.2160,-0.00043,0.01185,-0.00202,0.00000,0.00000,0.008,0.002,0
249.2660,-0.00116,0.01176,-0.00244,0.00000,0.00000,0.007,0.002,0
249.3160,-0.00196,0.01167,-0.00287,0.00000,0.00000,0.007,0.002,0
249.3660,-0.00282,0.01160,-0.00330,0.00000,0.00000,0.006,0.001,0
249.4160,-0.00375,0.01153,-0.00373,0.00000,0.00000,0.005,0.001,0
249.4660,-0.00473,0.01146,-0.00416,0.00000,0.00000,0.004,0.001,0
249.5160,-0.00577,0.01140,-0.00458,0.00000,0.00000,0.004,0.001,0
249.5660,-0.00686,0.01136,-0.00501,0.00000,0.00000,0.003,0.000,0
249.6160,-0.00800,0.01132,-0.00542,0.00000,0.00000,0.003,0.000,0
249.6660,-0.00919,0.01130,-0.00583,0.00000,0.00000,0.002,0.000,0
249.7160,-0.01042,0.01129,-0.00622,0.00000,0.00000,0.002,0.000,0
249.7660,-0.01169,0.01131,-0.00660,0.00000,0.00000,0.002,0.000,0
249.8160,-0.01300,0.01133,-0.00697,0.00000,0.00000,0.001,0.000,0
249.8660,-0.01433,0.01136,-0.00732,0.00000,0.00000,0.001,0.001,0
249.9160,-0.01569,0.01140,-0.00766,0.00000,0.00000,0.001,0.001,0
249.9660,-0.01707,0.01146,-0.00797,0.00000,0.00000,0.001,0.002,0
250.0160,-0.01847,0.01153,-0.00826,0.00000,0.00000,0.002,0.002,0
250.0660,-0.01988,0.01162,-0.00853,0.00000,0.00000,0.002,0.003,0
250.1160,-0.02131,0.01173,-0.00878,0.00000,0.00000,0.003,0.004,0
250.1660,-0.02274,0.01184,-0.00900,0.00000,0.00000,0.004,0.005,0
250.2160,-0.02417,0.01197,-0.00919,0.00000,0.00000,0.005,0.006,0
250.2660,-0.02561,0.01211,-0.00935,0.00000,0.00000,0.006,0.008,0
250.3160,-0.02704,0.01227,-0.00949,0.00000,0.00000,0.007,0.010,0
250.3660,-0.02847,0.01245,-0.00959,0.00000,0.00000,0.009,0.011,0
250.4160,-0.02989,0.01265,-0.00966,0.00000,0.00000,0.011,0.013,0
250.4660,-0.03129,0.01285,-0.00970,0.00000,0.00000,0.013,0.015,0
250.5160,-0.03268,0.01306,-0.00971,0.00000,0.00000,0.016,0.018,0
250.5660,-0.03404,0.01327,-0.00968,0.00000,0.00000,0.019,0.020,0
250.6160,-0.03537,0.01348,-0.00962,0.00000,0.00000,0.022,0.023,0
250.6660,-0.03668,0.01369,-0.00952,0.00000,0.00000,0.025,0.025,0
250.7160,-0.03795,0.01390,-0.00939,0.00000,0.00000,0.029,0.028,0
250.7660,-0.03917,0.01410,-0.00922,0.00000,0.00000,0.033,0.031,0
250.8160,-0.04036,0.01429,-0.00902,0.00000,0.00000,0.037,0.033,0
250.8660,-0.04149,0.01446,-0.00878,0.00000,0.00000,0.041,0.036,0
250.9160,-0.04257,0.01461,-0.00850,0.00000,0.00000,0.046,0.039,0
250.9660,-0.04360,0.01474,-0.00819,0.00000,0.00000,0.051,0.042,0
251.0160,-0.04458,0.01487,-0.00785,0.00000,0.00000,0.056,0.044,0
251.0660,-0.04549,0.01497,-0.00747,0.00000,0.00000,0.061,0.047,0
251.1160,-0.04635,0.01506,-0.00706,0.00000,0.00000,0.066,0.049,0
251.1660,-0.04714,0.01513,-0.00661,0.00000,0.00000,0.071,0.051,0
251.2160,-0.04786,0.01516,-0.00613,0.00000,0.00000,0.077,0.053,0
251.2660,-0.04850,0.01517,-0.00562,0.00000,0.00000,0.083,0.055,0
251.3160,-0.04906,0.01514,-0.00508,0.00000,0.00000,0.088,0.056,0
251.3660,-0.04954,0.01507,-0.00451,0.00000,0.00000,0.094,0.057,0
251.4160,-0.04994,0.01497,-0.00391,0.00000,0.00000,0.100,0.058,0
251.4660,-0.05025,0.01484,-0.00328,0.00000,0.00000,0.105,0.059,0
251.5160,-0.05046,0.01465,-0.00263,0.00000,0.00000,0.111,0.059,0
251.5660,-0.05057,0.01442,-0.00196,0.00000,0.00000,0.116,0.058,0
251.6160,-0.05059,0.01414,-0.00126,0.00000,0.00000,0.121,0.057,0
251.6660,-0.05050,0.01380,-0.00055,0.00000,0.00000,0.126,0.056,0
251.7160,-0.05030,0.01342,0.00019,0.00000,0.00000,0.130,0.055,0
251.7660,-0.04999,0.01298,0.00094,0.00000,0.00000,0.134,0.052,0
251.8160,-0.04957,0.01248,0.00171,0.00000,0.00000,0.138,0.050,0
251.8660,-0.04903,0.01193,0.00249,0.00000,0.00000,0.141,0.047,0
251.9160,-0.04838,0.01133,0.00328,0.00000,0.00000,0.144,0.043,0
251.9660,-0.04761,0.01068,0.00408,0.00000,0.00000,0.146,0.039,0
252.0160,-0.04672,0.00997,0.00488,0.00000,0.00000,0.148,0.035,0
252.0660,-0.04571,0.00920,0.00569,0.00000,0.00000,0.149,0.030,0
252.1160,-0.04457,0.00837,0.00650,0.00000,0.00000,0.150,0.024,0
252.1660,-0.04330,0.00748,0.00731,0.00000,0.00000,0.150,0.019,0
252.2160,-0.04191,0.00653,0.00812,0.00000,0.00000,0.149,0.013,0
252.2660,-0.04038,0.00551,0.00892,0.00000,0.00000,0.148,0.006,0
252.3160,-0.03873,0.00443,0.00971,0.00000,0.00000,0.146,-0.000,0
252.3660,-0.03694,0.00329,0.01049,0.00000,0.00000,0.143,-0.007,0
252.4160,-0.03502,0.00207,0.01127,0.00000,0.00000,0.139,-0.014,0
252.4660,-0.03297,0.00078,0.01202,0.00000,0.00000,0.135,-0.021,0
252.5160,-0.03078,-0.00057,0.01277,0.00000,0.00000,0.130,-0.029,0
252.5660,-0.02847,-0.00198,0.01349,0.00000,0.00000,0.124,-0.036,0
252.6160,-0.02604,-0.00344,0.01420,0.00000,0.00000,0.118,-0.043,0
252.6660,-0.02350,-0.00495,0.01488,0.00000,0.00000,0.112,-0.050,0
252.7160,-0.02085,-0.00650,0.01554,0.00000,0.00000,0.104,-0.057,0
252.7660,-0.01808,-0.00811,0.01618,0.00000,0.00000,0.097,-0.063,0
252.8160,-0.01520,-0.00977,0.01679,0.00000,0.00000,0.089,-0.070,0
252.8660,-0.01221,-0.01149,0.01737,0.00000,0.00000,0.080,-0.075,0
252.9160,-0.00913,-0.01326,0.01793,0.00000,0.00000,0.072,-0.081,0
252.9660,-0.00596,-0.01506,0.01845,0.00000,0.00000,0.063,-0.086,0
253.0160,-0.00270,-0.01689,0.01894,0.00000,0.00000,0.054,-0.090,0
253.0660,0.00062,-0.01875,0.01940,0.00000,0.00000,0.045,-0.093,0
253.1160,0.00402,-0.02065,0.01983,0.00000,0.00000,0.036,-0.096,0
253.1660,0.00747,-0.02257,0.02022,0.00000,0.00000,0.028,-0.098,0
253.2160,0.01097,-0.02451,0.02057,0.00000,0.00000,0.020,-0.099,0
253.2660,0.01450,-0.02646,0.02089,0.00000,0.00000,0.012,-0.100,0
253.3160,0.01807,-0.02843,0.02118,0.00000,0.00000,0.006,-0.099,0
253.3660,0.02166,-0.03042,0.02142,0.00000,0.00000,-0.000,-0.097,0
253.4160,0.02525,-0.03242,0.02163,0.00000,0.00000,-0.005,-0.095,0
253.4660,0.02883,-0.03443,0.02179,0.00000,0.00000,-0.009,-0.091,0
253.5160,0.03240,-0.03644,0.02192,0.00000,0.00000,-0.011,-0.086,0
253.5660,0.03594,-0.03846,0.02201,0.00000,0.00000,-0.012,-0.080,0
253.6160,0.03943,-0.04047,0.02207,0.00000,0.00000,-0.012,-0.073,0
253.6660,0.04286,-0.04246,0.02208,0.00000,0.00000,-0.009,-0.065,0
253.7160,0.04623,-0.04446,0.02205,0.00000,0.00000,-0.005,-0.056,0
253.7660,0.04951,-0.04644,0.02199,0.00000,0.00000,0.001,-0.046,0
253.8160,0.05271,-0.04842,0.02189,0.00000,0.00000,0.009,-0.035,0
253.8660,0.05582,-0.05038,0.02175,0.00000,0.00000,0.020,-0.022,0
253.9160,0.05885,-0.05233,0.02157,0.00000,0.00000,0.032,-0.009,0
253.9660,0.06179,-0.05428,0.02135,0.00000,0.00000,0.048,0.006,0
254.0160,0.06465,-0.05621,0.02110,0.00000,0.00000,0.065,0.021,0
254.0660,0.06742,-0.05813,0.02082,0.00000,0.00000,0.085,0.037,0
254.1160,0.07012,-0.06003,0.02050,0.00000,0.00000,0.108,0.053,0
254.1660,0.07274,-0.06193,0.02014,0.00000,0.00000,0.134,0.071,0
254.2160,0.07530,-0.06380,0.01975,0.00000,0.00000,0.161,0.089,0
254.2660,0.07780,-0.06566,0.01933,0.00000,0.00000,0.192,0.107,0
254.3160,0.08023,-0.06750,0.01888,0.00000,0.00000,0.225,0.126,0
254.3660,0.08262,-0.06931,0.01840,0.00000,0.00000,0.260,0.144,0
254.4160,0.08497,-0.07110,0.01789,0.00000,0.00000,0.297,0.163,0
254.4660,0.08730,-0.07287,0.01735,0.00000,0.00000,0.337,0.182,0
254.5160,0.08966,-0.07463,0.01678,0.00000,0.00000,0.379,0.201,0
254.5660,0.09204,-0.07636,0.01619,0.00000,0.00000,0.423,0.220,0
254.6160,0.09447,-0.07807,0.01557,0.00000,0.00000,0.469,0.238,0
254.6660,0.09695,-0.07974,0.01493,0.00000,0.00000,0.516,0.256,0
254.7160,0.09952,-0.08138,0.01426,0.00000,0.00000,0.564,0.273,0
254.7660,0.10217,-0.08298,0.01358,0.00000,0.00000,0.615,0.289,0
254.8160,0.10493,-0.08455,0.01287,0.00000,0.00000,0.667,0.305,0
254.8660,0.10780,-0.08610,0.01215,0.00000,0.00000,0.720,0.320,0
254.9160,0.11079,-0.08760,0.01141,0.00000,0.00000,0.775,0.334,0
254.9660,0.11392,-0.08906,0.01065,0.00000,0.00000,0.832,0.348,0
255.0160,0.11718,-0.09049,0.00987,0.00000,0.00000,0.892,0.361,0
255.0660,0.12058,-0.09187,0.00909,0.00000,0.00000,0.953,0.372,0
255.1160,0.12413,-0.09322,0.00829,0.00000,0.00000,1.017,0.383,0
255.1660,0.12782,-0.09451,0.00748,0.00000,0.00000,1.084,0.394,0
255.2160,0.13165,-0.09574,0.00666,0.00000,0.00000,1.153,0.403,0
255.2660,0.13562,-0.09692,0.00583,0.00000,0.00000,1.224,0.411,0
255.3160,0.13973,-0.09805,0.00500,0.00000,0.00000,1.298,0.419,0
255.3660,0.14399,-0.09913,0.00416,0.00000,0.00000,1.375,0.425,0
255.4160,0.14837,-0.10016,0.00331,0.00000,0.00000,1.454,0.431,0
255.4660,0.15288,-0.10113,0.00247,0.00000,0.00000,1.537,0.436,0
255.5160,0.15751,-0.10206,0.00162,0.00000,0.00000,1.622,0.440,0
255.5660,0.16226,-0.10293,0.00077,0.00000,0.00000,1.709,0.444,0
255.6160,0.16712,-0.10373,-0.00007,0.00000,0.00000,1.800,0.446,0
255.6660,0.17207,-0.10447,-0.00091,0.00000,0.00000,1.893,0.448,0
255.7160,0.17710,-0.10515,-0.00175,0.00000,0.00000,1.987,0.449,0
255.7660,0.18220,-0.10576,-0.00258,0.00000,0.00000,2.083,0.449,0
255.8160,0.18736,-0.10629,-0.00341,0.00000,0.00000,2.181,0.448,0
255.8660,0.19257,-0.10675,-0.00422,0.00000,0.00000,2.278,0.447,0
255.9160,0.19781,-0.10713,-0.00503,0.00000,0.00000,2.375,0.444,0
255.9660,0.20306,-0.10742,-0.00582,0.00000,0.00000,2.472,0.441,0
256.0160,0.20832,-0.10763,-0.00660,0.00000,0.00000,2.567,0.437,0
256.0660,0.21356,-0.10775,-0.00737,0.00000,0.00000,2.659,0.433,0
256.1160,0.21877,-0.10780,-0.00812,0.00000,0.00000,2.749,0.428,0
256.1660,0.22394,-0.10775,-0.00886,0.00000,0.00000,2.835,0.422,0
256.2160,0.22906,-0.10762,-0.00958,0.00000,0.00000,2.918,0.416,0
256.2660,0.23410,-0.10741,-0.01028,0.00000,0.00000,2.996,0.409,0
256.3160,0.23906,-0.10711,-0.01096,0.00000,0.00000,3.069,0.401,0
256.3660,0.24392,-0.10671,-0.01162,0.00000,0.00000,3.137,0.394,0
256.4160,0.24865,-0.10624,-0.01226,0.00000,0.00000,3.198,0.386,0
256.4660,0.25325,-0.10565,-0.01288,0.00000,0.00000,3.252,0.377,0
256.5160,0.25769,-0.10497,-0.01347,0.00000,0.00000,3.298,0.369,0
256.5660,0.26198,-0.10421,-0.01404,0.00000,0.00000,3.334,0.360,0
256.6160,0.26608,-0.10336,-0.01458,0.00000,0.00000,3.362,0.351,0
256.6660,0.26998,-0.10241,-0.01510,0.00000,0.00000,3.380,0.342,0
256.7160,0.27368,-0.10138,-0.01559,0.00000,0.00000,3.390,0.332,0
256.7660,0.27716,-0.10027,-0.01605,0.00000,0.00000,3.391,0.323,0
256.8160,0.28040,-0.09908,-0.01649,0.00000,0.00000,3.383,0.314,0
256.8660,0.28339,-0.09780,-0.01690,0.00000,0.00000,3.366,0.304,0
256.9160,0.28612,-0.09645,-0.01728,0.00000,0.00000,3.340,0.294,0
256.9660,0.28858,-0.09503,-0.01764,0.00000,0.00000,3.306,0.285,0
257.0160,0.29075,-0.09355,-0.01796,0.00000,0.00000,3.265,0.275,0
257.0660,0.29264,-0.09201,-0.01826,0.00000,0.00000,3.217,0.265,0
257.1160,0.29421,-0.09040,-0.01854,0.00000,0.00000,3.163,0.255,0
257.1660,0.29547,-0.08873,-0.01878,0.00000,0.00000,3.104,0.244,0
257.2160,0.29640,-0.08701,-0.01900,0.00000,0.00000,3.039,0.233,0
257.2660,0.29698,-0.08523,-0.01919,0.00000,0.00000,2.970,0.222,0
257.3160,0.29722,-0.08341,-0.01936,0.00000,0.00000,2.898,0.210,0
257.3660,0.29709,-0.08155,-0.01950,0.00000,0.00000,2.823,0.198,0
257.4160,0.29659,-0.07964,-0.01962,0.00000,0.00000,2.746,0.185,0
257.4660,0.29572,-0.07770,-0.01972,0.00000,0.00000,2.668,0.172,0
257.5160,0.29445,-0.07573,-0.01979,0.00000,0.00000,2.589,0.158,0
257.5660,0.29278,-0.07372,-0.01985,0.00000,0.00000,2.510,0.143,0
257.6160,0.29070,-0.07169,-0.01988,0.00000,0.00000,2.432,0.127,0
257.6660,0.28820,-0.06965,-0.01990,0.00000,0.00000,2.355,0.111,0
257.7160,0.28528,-0.06759,-0.01990,0.00000,0.00000,2.280,0.094,0
257.7660,0.28192,-0.06552,-0.01988,0.00000,0.00000,2.207,0.077,0
257.8160,0.27811,-0.06343,-0.01985,0.00000,0.00000,2.136,0.059,0
257.8660,0.27385,-0.06133,-0.01980,0.00000,0.00000,2.068,0.041,0
257.9160,0.26912,-0.05922,-0.01973,0.00000,0.00000,2.002,0.022,0
257.9660,0.26391,-0.05710,-0.01966,0.00000,0.00000,1.939,0.003,0
258.0160,0.25821,-0.05496,-0.01957,0.00000,0.00000,1.880,-0.016,0
258.0660,0.25201,-0.05281,-0.01947,0.00000,0.00000,1.823,-0.035,0
258.1160,0.24530,-0.05066,-0.01936,0.00000,0.00000,1.769,-0.053,0
258.1660,0.23807,-0.04849,-0.01923,0.00000,0.00000,1.719,-0.072,0
258.2160,0.23031,-0.04633,-0.01910,0.00000,0.00000,1.671,-0.090,0
258.2660,0.22201,-0.04416,-0.01896,0.00000,0.00000,1.627,-0.108,0
258.3160,0.21316,-0.04200,-0.01882,0.00000,0.00000,1.586,-0.125,0
258.3660,0.20382,-0.03983,-0.01866,0.00000,0.00000,1.548,-0.141,0
258.4160,0.19410,-0.03767,-0.01850,0.00000,0.00000,1.511,-0.156,0
258.4660,0.18413,-0.03551,-0.01833,0.00000,0.00000,1.474,-0.170,0
258.5160,0.17400,-0.03335,-0.01815,0.00000,0.00000,1.437,-0.183,0
258.5660,0.16380,-0.03118,-0.01797,0.00000,0.00000,1.399,-0.195,0
258.6160,0.15359,-0.02901,-0.01777,0.00000,0.00000,1.358,-0.205,0
258.6660,0.14343,-0.02684,-0.01757,0.00000,0.00000,1.316,-0.215,0
258.7160,0.13337,-0.02468,-0.01736,0.00000,0.00000,1.272,-0.223,0
258.7660,0.12345,-0.02252,-0.01715,0.00000,0.00000,1.226,-0.230,0
258.8160,0.11370,-0.02037,-0.01692,0.00000,0.00000,1.178,-0.236,0
258.8660,0.10416,-0.01825,-0.01668,0.00000,0.00000,1.130,-0.240,0
258.9160,0.09484,-0.01615,-0.01644,0.00000,0.00000,1.081,-0.244,0
258.9660,0.08577,-0.01407,-0.01618,0.00000,0.00000,1.031,-0.246,0
259.0160,0.07694,-0.01202,-0.01592,0.00000,0.00000,0.980,-0.247,0
259.0660,0.06838,-0.00999,-0.01565,0.00000,0.00000,0.929,-0.247,0
259.1160,0.06009,-0.00799,-0.01536,0.00000,0.00000,0.878,-0.246,0
259.1660,0.05207,-0.00602,-0.01507,0.00000,0.00000,0.828,-0.244,0
259.2160,0.04434,-0.00408,-0.01476,0.00000,0.00000,0.777,-0.241,0
259.2660,0.03689,-0.00219,-0.01445,0.00000,0.00000,0.727,-0.237,0
259.3160,0.02974,-0.00037,-0.01412,0.00000,0.00000,0.679,-0.232,0
259.3660,0.02289,0.00141,-0.01378,0.00000,0.00000,0.631,-0.227,0
259.4160,0.01632,0.00314,-0.01343,0.00000,0.00000,0.585,-0.220,0
259.4660,0.01004,0.00481,-0.01307,0.00000,0.00000,0.539,-0.213,0
259.5160,0.00406,0.00641,-0.01270,0.00000,0.00000,0.495,-0.205,0
259.5660,-0.00162,0.00794,-0.01231,0.00000,0.00000,0.453,-0.197,0
259.6160,-0.00702,0.00941,-0.01191,0.00000,0.00000,0.412,-0.188,0
259.6660,-0.01212,0.01080,-0.01150,0.00000,0.00000,0.373,-0.178,0
259.7160,-0.01694,0.01211,-0.01108,0.00000,0.00000,0.336,-0.169,0
259.7660,-0.02147,0.01336,-0.01065,0.00000,0.00000,0.300,-0.158,0
259.8160,-0.02571,0.01452,-0.01021,0.00000,0.00000,0.267,-0.148,0
259.8660,-0.02967,0.01560,-0.00975,0.00000,0.00000,0.235,-0.137,0
259.9160,-0.03335,0.01659,-0.00929,0.00000,0.00000,0.205,-0.126,0
259.9660,-0.03675,0.01750,-0.00881,0.00000,0.00000,0.177,-0.115,0
260.0160,-0.03988,0.01833,-0.00833,0.00000,0.00000,0.151,-0.104,0
260.0660,-0.04273,0.01906,-0.00783,0.00000,0.00000,0.127,-0.093,0
260.1160,-0.04531,0.01971,-0.00732,0.00000,0.00000,0.105,-0.082,0
260.1660,-0.04764,0.02028,-0.00681,0.00000,0.00000,0.084,-0.071,0
260.2160,-0.04971,0.02078,-0.00629,0.00000,0.00000,0.066,-0.060,0
260.2660,-0.05154,0.02119,-0.00576,0.00000,0.00000,0.049,-0.049,0
260.3160,-0.05314,0.02152,-0.00523,0.00000,0.00000,0.034,-0.039,0
260.3660,-0.05452,0.02177,-0.00469,0.00000,0.00000,0.021,-0.029,0
260.4160,-0.05570,0.02194,-0.00414,0.00000,0.00000,0.009,-0.019,0
260.4660,-0.05668,0.02204,-0.00359,0.00000,0.00000,-0.001,-0.010,0
260.5160,-0.05749,0.02206,-0.00304,0.00000,0.00000,-0.009,-0.001,0
260.5660,-0.05814,0.02202,-0.00249,0.00000,0.00000,-0.016,0.007,0
260.6160,-0.05864,0.02191,-0.00193,0.00000,0.00000,-0.022,0.014,0
260.6660,-0.05900,0.02172,-0.00138,0.00000,0.00000,-0.026,0.021,0
260.7160,-0.05922,0.02146,-0.00083,0.00000,0.00000,-0.029,0.028,0
260.7660,-0.05933,0.02112,-0.00028,0.00000,0.00000,-0.032,0.033,0
260.8160,-0.05933,0.02071,0.00027,0.00000,0.00000,-0.033,0.038,0
260.8660,-0.05923,0.02024,0.00081,0.00000,0.00000,-0.034,0.043,0
260.9160,-0.05904,0.01971,0.00135,0.00000,0.00000,-0.034,0.047,0
260.9660,-0.05877,0.01912,0.00188,0.00000,0.00000,-0.033,0.050,0
261.0160,-0.05842,0.01849,0.00240,0.00000,0.00000,-0.032,0.052,0
261.0660,-0.05800,0.01781,0.00291,0.00000,0.00000,-0.031,0.054,0
261.1160,-0.05752,0.01708,0.00341,0.00000,0.00000,-0.030,0.055,0
261.1660,-0.05699,0.01634,0.00390,0.00000,0.00000,-0.028,0.056,0
261.2160,-0.05640,0.01556,0.00437,0.00000,0.00000,-0.026,0.056,0
261.2660,-0.05577,0.01477,0.00483,0.00000,0.00000,-0.025,0.056,0
261.3160,-0.05510,0.01397,0.00528,0.00000,0.00000,-0.023,0.055,0
261.3660,-0.05438,0.01314,0.00571,0.00000,0.00000,-0.021,0.053,0
261.4160,-0.05362,0.01231,0.00612,0.00000,0.00000,-0.019,0.051,0
261.4660,-0.05282,0.01147,0.00652,0.00000,0.00000,-0.017,0.049,0
261.5160,-0.05199,0.01063,0.00689,0.00000,0.00000,-0.015,0.046,0
261.5660,-0.05112,0.00980,0.00725,0.00000,0.00000,-0.014,0.043,0
261.6160,-0.05022,0.00897,0.00758,0.00000,0.00000,-0.012,0.040,0
261.6660,-0.04928,0.00814,0.00789,0.00000,0.00000,-0.011,0.036,0
261.7160,-0.04831,0.00732,0.00818,0.00000,0.00000,-0.010,0.032,0
261.7660,-0.04730,0.00653,0.00845,0.00000,0.00000,-0.009,0.028,0
261.8160,-0.04627,0.00574,0.00869,0.00000,0.00000,-0.009,0.023,0
261.8660,-0.04520,0.00497,0.00891,0.00000,0.00000,-0.009,0.019,0
261.9160,-0.04410,0.00421,0.00910,0.00000,0.00000,-0.009,0.014,0
261.9660,-0.04297,0.00348,0.00927,0.00000,0.00000,-0.009,0.009,0
262.0160,-0.04181,0.00279,0.00942,0.00000,0.00000,-0.009,0.004,0
262.0660,-0.04064,0.00213,0.00954,0.00000,0.00000,-0.010,-0.001,0
262.1160,-0.03943,0.00149,0.00964,0.00000,0.00000,-0.010,-0.005,0
262.1660,-0.03820,0.00088,0.00971,0.00000,0.00000,-0.011,-0.010,0
262.2160,-0.03695,0.00030,0.00977,0.00000,0.00000,-0.012,-0.015,0
262.2660,-0.03567,-0.00024,0.00979,0.00000,0.00000,-0.013,-0.020,0
262.3160,-0.03437,-0.00075,0.00980,0.00000,0.00000,-0.014,-0.024,0
262.3660,-0.03306,-0.00123,0.00978,0.00000,0.00000,-0.016,-0.029,0
262.4160,-0.03172,-0.00167,0.00975,0.00000,0.00000,-0.017,-0.033,0
262.4660,-0.03037,-0.00209,0.00969,0.00000,0.00000,-0.018,-0.037,0
262.5160,-0.02900,-0.00247,0.00961,0.00000,0.00000,-0.020,-0.041,0
262.5660,-0.02762,-0.00282,0.00952,0.00000,0.00000,-0.021,-0.044,0
262.6160,-0.02623,-0.00313,0.00941,0.00000,0.00000,-0.023,-0.048,0
262.6660,-0.02483,-0.00341,0.00928,0.00000,0.00000,-0.024,-0.051,0
262.7160,-0.02343,-0.00365,0.00913,0.00000,0.00000,-0.026,-0.054,0
262.7660,-0.02203,-0.00384,0.00898,0.00000,0.00000,-0.027,-0.057,0
262.8160,-0.02063,-0.00400,0.00881,0.00000,0.00000,-0.028,-0.059,0
262.8660,-0.01923,-0.00412,0.00862,0.00000,0.00000,-0.029,-0.062,0
262.9160,-0.01783,-0.00422,0.00843,0.00000,0.00000,-0.030,-0.063,0
262.9660,-0.01644,-0.00428,0.00823,0.00000,0.00000,-0.031,-0.065,0
263.0160,-0.01505,-0.00432,0.00801,0.00000,0.00000,-0.032,-0.067,0
263.0660,-0.01367,-0.00433,0.00780,0.00000,0.00000,-0.032,-0.068,0
263.1160,-0.01230,-0.00432,0.00757,0.00000,0.00000,-0.033,-0.069,0
263.1660,-0.01094,-0.00429,0.00735,0.00000,0.00000,-0.033,-0.070,0
263.2160,-0.00959,-0.00423,0.00711,0.00000,0.00000,-0.034,-0.070,0
263.2660,-0.00826,-0.00415,0.00688,0.00000,0.00000,-0.034,-0.070,0
263.3160,-0.00696,-0.00403,0.00665,0.00000,0.00000,-0.034,-0.070,0
263.3660,-0.00567,-0.00391,0.00642,0.00000,0.00000,-0.033,-0.070,0
263.4160,-0.00439,-0.00377,0.00619,0.00000,0.00000,-0.033,-0.070,0
263.4660,-0.00314,-0.00362,0.00596,0.00000,0.00000,-0.033,-0.069,0
263.5160,-0.00191,-0.00346,0.00574,0.00000,0.00000,-0.032,-0.069,0
263.5660,-0.00070,-0.00329,0.00552,0.00000,0.00000,-0.032,-0.068,0
263.6160,0.00049,-0.00312,0.00531,0.00000,0.00000,-0.031,-0.067,0
263.6660,0.00166,-0.00294,0.00510,0.00000,0.00000,-0.030,-0.066,0
263.7160,0.00280,-0.00277,0.00490,0.00000,0.00000,-0.029,-0.064,0
263.7660,0.00393,-0.00260,0.00471,0.00000,0.00000,-0.028,-0.063,0
263.8160,0.00503,-0.00244,0.00454,0.00000,0.00000,-0.027,-0.062,0
263.8660,0.00611,-0.00228,0.00437,0.00000,0.00000,-0.026,-0.060,0
263.9160,0.00716,-0.00212,0.00421,0.00000,0.00000,-0.025,-0.058,0
263.9660,0.00819,-0.00198,0.00406,0.00000,0.00000,-0.024,-0.056,0
264.0160,0.00920,-0.00186,0.00393,0.00000,0.00000,-0.023,-0.055,0
264.0660,0.01020,-0.00177,0.00380,0.00000,0.00000,-0.021,-0.053,0
264.1160,0.01117,-0.00168,0.00369,0.00000,0.00000,-0.020,-0.051,0
264.1660,0.01211,-0.00161,0.00359,0.00000,0.00000,-0.019,-0.049,0
264.2160,0.01304,-0.00156,0.00350,0.00000,0.00000,-0.018,-0.046,0
264.2660,0.01395,-0.00154,0.00343,0.00000,0.00000,-0.017,-0.044,0
264.3160,0.01485,-0.00156,0.00336,0.00000,0.00000,-0.016,-0.042,0
264.3660,0.01573,-0.00160,0.00331,0.00000,0.00000,-0.015,-0.040,0
264.4160,0.01660,-0.00169,0.00327,0.00000,0.00000,-0.013,-0.037,0
264.4660,0.01746,-0.00181,0.00324,0.00000,0.00000,-0.012,-0.035,0
264.5160,0.01831,-0.00197,0.00322,0.00000,0.00000,-0.011,-0.033,0
264.5660,0.01914,-0.00215,0.00321,0.00000,0.00000,-0.010,-0.030,0
264.6160,0.01995,-0.00238,0.00321,0.00000,0.00000,-0.009,-0.028,0
264.6660,0.02075,-0.00262,0.00322,0.00000,0.00000,-0.008,-0.025,0
264.7160,0.02153,-0.00291,0.00324,0.00000,0.00000,-0.007,-0.023,0
264.7660,0.02229,-0.00321,0.00327,0.00000,0.00000,-0.006,-0.020,0
264.8160,0.02304,-0.00355,0.00330,0.00000,0.00000,-0.005,-0.017,0
264.8660,0.02377,-0.00393,0.00333,0.00000,0.00000,-0.004,-0.015,0
264.9160,0.02449,-0.00433,0.00338,0.00000,0.00000,-0.002,-0.012,0
264.9660,0.02520,-0.00475,0.00342,0.00000,0.00000,-0.001,-0.009,0
265.0160,0.02588,-0.00519,0.00347,0.00000,0.00000,0.000,-0.006,0
265.0660,0.02655,-0.00566,0.00352,0.00000,0.00000,0.002,-0.003,0
265.1160,0.02721,-0.00615,0.00357,0.00000,0.00000,0.003,-0.001,0
265.1660,0.02787,-0.00667,0.00361,0.00000,0.00000,0.005,0.002,0
265.2160,0.02851,-0.00722,0.00366,0.00000,0.00000,0.007,0.005,0
265.2660,0.02916,-0.00780,0.00371,0.00000,0.00000,0.008,0.008,0
265.3160,0.02980,-0.00841,0.00375,0.00000,0.00000,0.011,0.012,0
265.3660,0.03044,-0.00904,0.00378,0.00000,0.00000,0.013,0.015,0
265.4160,0.03107,-0.00969,0.00381,0.00000,0.00000,0.015,0.018,0
265.4660,0.03171,-0.01037,0.00384,0.00000,0.00000,0.018,0.021,0
265.5160,0.03234,-0.01106,0.00385,0.00000,0.00000,0.021,0.025,0
265.5660,0.03296,-0.01176,0.00386,0.00000,0.00000,0.024,0.028,0
265.6160,0.03358,-0.01248,0.00386,0.00000,0.00000,0.028,0.031,0
265.6660,0.03421,-0.01322,0.00385,0.00000,0.00000,0.031,0.035,0
265.7160,0.03483,-0.01398,0.00382,0.00000,0.00000,0.035,0.038,0
265.7660,0.03545,-0.01475,0.00379,0.00000,0.00000,0.040,0.042,0
265.8160,0.03607,-0.01552,0.00374,0.00000,0.00000,0.045,0.045,0
265.8660,0.03668,-0.01630,0.00368,0.00000,0.00000,0.050,0.049,0
265.9160,0.03728,-0.01708,0.00361,0.00000,0.00000,0.055,0.052,0
265.9660,0.03787,-0.01787,0.00352,0.00000,0.00000,0.061,0.055,0
266.0160,0.03846,-0.01865,0.00343,0.00000,0.00000,0.067,0.059,0
266.0660,0.03903,-0.01943,0.00331,0.00000,0.00000,0.073,0.062,0
266.1160,0.03959,-0.02020,0.00318,0.00000,0.00000,0.080,0.065,0
266.1660,0.04014,-0.02096,0.00304,0.00000,0.00000,0.087,0.068,0
266.2160,0.04067,-0.02171,0.00289,0.00000,0.00000,0.094,0.072,0
266.2660,0.04118,-0.02245,0.00272,0.00000,0.00000,0.102,0.074,0
266.3160,0.04167,-0.02318,0.00253,0.00000,0.00000,0.110,0.077,0
266.3660,0.04214,-0.02390,0.00234,0.00000,0.00000,0.118,0.080,0
266.4160,0.04258,-0.02460,0.00213,0.00000,0.00000,0.127,0.083,0
266.4660,0.04301,-0.02530,0.00191,0.00000,0.00000,0.135,0.085,0
266.5160,0.04341,-0.02599,0.00167,0.00000,0.00000,0.145,0.087,0
266.5660,0.04379,-0.02666,0.00143,0.00000,0.00000,0.154,0.090,0
266.6160,0.04413,-0.02730,0.00117,0.00000,0.00000,0.164,0.092,0
266.6660,0.04444,-0.02793,0.00091,0.00000,0.00000,0.173,0.093,0
266.7160,0.04472,-0.02854,0.00063,0.00000,0.00000,0.183,0.095,0
266.7660,0.04495,-0.02913,0.00035,0.00000,0.00000,0.193,0.096,0
266.8160,0.04515,-0.02969,0.00006,0.00000,0.00000,0.203,0.097,0
266.8660,0.04532,-0.03024,-0.00023,0.00000,0.00000,0.213,0.098,0
266.9160,0.04544,-0.03077,-0.00053,0.00000,0.00000,0.223,0.099,0
266.9660,0.04553,-0.03128,-0.00083,0.00000,0.00000,0.233,0.099,0
267.0160,0.04558,-0.03178,-0.00114,0.00000,0.00000,0.243,0.099,0
267.0660,0.04558,-0.03225,-0.00144,0.00000,0.00000,0.254,0.099,0
267.1160,0.04555,-0.03272,-0.00175,0.00000,0.00000,0.264,0.099,0
267.1660,0.04548,-0.03317,-0.00205,0.00000,0.00000,0.274,0.099,0
267.2160,0.04537,-0.03363,-0.00235,0.00000,0.00000,0.284,0.098,0
267.2660,0.04523,-0.03408,-0.00265,0.00000,0.00000,0.294,0.097,0
267.3160,0.04505,-0.03454,-0.00294,0.00000,0.00000,0.304,0.096,0
267.3660,0.04482,-0.03497,-0.00322,0.00000,0.00000,0.314,0.095,0
267.4160,0.04455,-0.03539,-0.00350,0.00000,0.00000,0.324,0.093,0
267.4660,0.04425,-0.03580,-0.00377,0.00000,0.00000,0.333,0.091,0
267.5160,0.04390,-0.03620,-0.00402,0.00000,0.00000,0.342,0.090,0
267.5660,0.04351,-0.03659,-0.00427,0.00000,0.00000,0.351,0.088,0
267.6160,0.04308,-0.03699,-0.00450,0.00000,0.00000,0.360,0.085,0
267.6660,0.04263,-0.03738,-0.00473,0.00000,0.00000,0.369,0.083,0
267.7160,0.04213,-0.03776,-0.00493,0.00000,0.00000,0.377,0.081,0
267.7660,0.04160,-0.03814,-0.00512,0.00000,0.00000,0.385,0.078,0
267.8160,0.04103,-0.03852,-0.00530,0.00000,0.00000,0.393,0.075,0
267.8660,0.04043,-0.03889,-0.00546,0.00000,0.00000,0.400,0.073,0
267.9160,0.03980,-0.03926,-0.00560,0.00000,0.00000,0.407,0.070,0
267.9660,0.03915,-0.03963,-0.00573,0.00000,0.00000,0.413,0.067,0
268.0160,0.03847,-0.04001,-0.00583,0.00000,0.00000,0.420,0.064,0
268.0660,0.03776,-0.04038,-0.00592,0.00000,0.00000,0.425,0.061,0
268.1160,0.03703,-0.04074,-0.00599,0.00000,0.00000,0.431,0.059,0
268.1660,0.03627,-0.04111,-0.00604,0.00000,0.00000,0.436,0.056,0
268.2160,0.03551,-0.04149,-0.00607,0.00000,0.00000,0.440,0.053,0
268.2660,0.03473,-0.04188,-0.00608,0.00000,0.00000,0.445,0.050,0
268.3160,0.03395,-0.04227,-0.00608,0.00000,0.00000,0.449,0.048,0
268.3660,0.03316,-0.04269,-0.00605,0.00000,0.00000,0.452,0.045,0
268.4160,0.03237,-0.04311,-0.00601,0.00000,0.00000,0.456,0.043,0
268.4660,0.03158,-0.04354,-0.00595,0.00000,0.00000,0.459,0.040,0
268.5160,0.03079,-0.04398,-0.00588,0.00000,0.00000,0.462,0.038,0
268.5660,0.03001,-0.04444,-0.00579,0.00000,0.00000,0.465,0.036,0
268.6160,0.02924,-0.04491,-0.00568,0.00000,0.00000,0.467,0.034,0
268.6660,0.02847,-0.04538,-0.00556,0.00000,0.00000,0.470,0.032,0
268.7160,0.02772,-0.04587,-0.00542,0.00000,0.00000,0.472,0.030,0
268.7660,0.02699,-0.04636,-0.00527,0.00000,0.00000,0.474,0.028,0
268.8160,0.02627,-0.04687,-0.00511,0.00000,0.00000,0.475,0.027,0
268.8660,0.02558,-0.04738,-0.00494,0.00000,0.00000,0.477,0.025,0
268.9160,0.02490,-0.04790,-0.00476,0.00000,0.00000,0.478,0.024,0
268.9660,0.02424,-0.04841,-0.00458,0.00000,0.00000,0.479,0.023,0
269.0160,0.02361,-0.04893,-0.00438,0.00000,0.00000,0.480,0.022,0
269.0660,0.02301,-0.04945,-0.00419,0.00000,0.00000,0.481,0.021,0
269.1160,0.02242,-0.04996,-0.00399,0.00000,0.00000,0.481,0.020,0
269.1660,0.02187,-0.05048,-0.00378,0.00000,0.00000,0.481,0.019,0
269.2160,0.02135,-0.05100,-0.00358,0.00000,0.00000,0.482,0.019,0
269.2660,0.02087,-0.05153,-0.00338,0.00000,0.00000,0.482,0.018,0
269.3160,0.02042,-0.05205,-0.00317,0.00000,0.00000,0.482,0.018,0
269.3660,0.02000,-0.05258,-0.00298,0.00000,0.00000,0.483,0.018,0
269.4160,0.01963,-0.05311,-0.00278,0.00000,0.00000,0.483,0.018,0
269.4660,0.01928,-0.05363,-0.00260,0.00000,0.00000,0.484,0.018,0
269.5160,0.01896,-0.05412,-0.00242,0.00000,0.00000,0.485,0.018,0
269.5660,0.01867,-0.05459,-0.00225,0.00000,0.00000,0.485,0.018,0
269.6160,0.01840,-0.05504,-0.00209,0.00000,0.00000,0.485,0.018,0
269.6660,0.01817,-0.05548,-0.00194,0.00000,0.00000,0.485,0.018,0
269.7160,0.01796,-0.05589,-0.00180,0.00000,0.00000,0.485,0.018,0
269.7660,0.01778,-0.05629,-0.00167,0.00000,0.00000,0.486,0.019,0
269.8160,0.01762,-0.05665,-0.00156,0.00000,0.00000,0.486,0.019,0
269.8660,0.01749,-0.05699,-0.00147,0.00000,0.00000,0.486,0.019,0
269.9160,0.01738,-0.05729,-0.00139,0.00000,0.00000,0.487,0.019,0
269.9660,0.01729,-0.05755,-0.00132,0.00000,0.00000,0.487,0.020,0
270.0160,0.01721,-0.05778,-0.00127,0.00000,0.00000,0.487,0.020,0
270.0660,0.01714,-0.05795,-0.00124,0.00000,0.00000,0.487,0.020,0
270.1160,0.01708,-0.05809,-0.00122,0.00000,0.00000,0.487,0.020,0
270.1660,0.01703,-0.05818,-0.00122,0.00000,0.00000,0.487,0.020,0
270.2160,0.01699,-0.05822,-0.00124,0.00000,0.00000,0.487,0.021,0
270.2660,0.01696,-0.05822,-0.00127,0.00000,0.00000,0.487,0.021,0
270.3160,0.01694,-0.05818,-0.00133,0.00000,0.00000,0.486,0.021,0
270.3660,0.01691,-0.05808,-0.00139,0.00000,0.00000,0.486,0.021,0
270.4160,0.01688,-0.05792,-0.00148,0.00000,0.00000,0.486,0.021,0
270.4660,0.01684,-0.05770,-0.00157,0.00000,0.00000,0.485,0.020,0
270.5160,0.01680,-0.05742,-0.00169,0.00000,0.00000,0.484,0.020,0
270.5660,0.01675,-0.05710,-0.00181,0.00000,0.00000,0.483,0.020,0
270.6160,0.01669,-0.05672,-0.00195,0.00000,0.00000,0.482,0.020,0
270.6660,0.01663,-0.05629,-0.00210,0.00000,0.00000,0.481,0.019,0
270.7160,0.01655,-0.05580,-0.00226,0.00000,0.00000,0.479,0.019,0
270.7660,0.01645,-0.05524,-0.00243,0.00000,0.00000,0.478,0.018,0
270.8160,0.01633,-0.05461,-0.00261,0.00000,0.00000,0.475,0.017,0
270.8660,0.01620,-0.05393,-0.00279,0.00000,0.00000,0.473,0.017,0
270.9160,0.01604,-0.05318,-0.00299,0.00000,0.00000,0.470,0.016,0
270.9660,0.01587,-0.05238,-0.00318,0.00000,0.00000,0.467,0.015,0
271.0160,0.01568,-0.05153,-0.00338,0.00000,0.00000,0.464,0.014,0
271.0660,0.01546,-0.05062,-0.00358,0.00000,0.00000,0.460,0.013,0
271.1160,0.01523,-0.04966,-0.00378,0.00000,0.00000,0.456,0.012,0
271.1660,0.01498,-0.04865,-0.00397,0.00000,0.00000,0.452,0.011,0
271.2160,0.01470,-0.04759,-0.00417,0.00000,0.00000,0.448,0.010,0
271.2660,0.01441,-0.04649,-0.00436,0.00000,0.00000,0.443,0.008,0
271.3160,0.01409,-0.04534,-0.00454,0.00000,0.00000,0.438,0.007,0
271.3660,0.01376,-0.04414,-0.00471,0.00000,0.00000,0.432,0.006,0
271.4160,0.01341,-0.04291,-0.00488,0.00000,0.00000,0.426,0.005,0
271.4660,0.01304,-0.04165,-0.00503,0.00000,0.00000,0.420,0.003,0
271.5160,0.01266,-0.04035,-0.00518,0.00000,0.00000,0.414,0.002,0
271.5660,0.01226,-0.03903,-0.00531,0.00000,0.00000,0.407,0.001,0
271.6160,0.01184,-0.03766,-0.00542,0.00000,0.00000,0.400,-0.001,0
271.6660,0.01142,-0.03628,-0.00552,0.00000,0.00000,0.392,-0.002,0
271.7160,0.01099,-0.03489,-0.00560,0.00000,0.00000,0.385,-0.003,0
271.7660,0.01054,-0.03347,-0.00566,0.00000,0.00000,0.377,-0.004,0
271.8160,0.01009,-0.03204,-0.00571,0.00000,0.00000,0.368,-0.006,0
271.8660,0.00964,-0.03061,-0.00573,0.00000,0.00000,0.360,-0.007,0
271.9160,0.00920,-0.02919,-0.00574,0.00000,0.00000,0.351,-0.008,0
271.9660,0.00876,-0.02778,-0.00572,0.00000,0.00000,0.343,-0.009,0
272.0160,0.00833,-0.02639,-0.00568,0.00000,0.00000,0.334,-0.009,0
272.0660,0.00792,-0.02501,-0.00562,0.00000,0.00000,0.325,-0.010,0
272.1160,0.00751,-0.02366,-0.00554,0.00000,0.00000,0.316,-0.011,0
272.1660,0.00713,-0.02233,-0.00543,0.00000,0.00000,0.307,-0.012,0
272.2160,0.00676,-0.02104,-0.00531,0.00000,0.00000,0.299,-0.012,0
272.2660,0.00641,-0.01977,-0.00516,0.00000,0.00000,0.290,-0.013,0
272.3160,0.00609,-0.01854,-0.00499,0.00000,0.00000,0.281,-0.013,0
272.3660,0.00579,-0.01736,-0.00479,0.00000,0.00000,0.272,-0.013,0
272.4160,0.00552,-0.01621,-0.00458,0.00000,0.00000,0.264,-0.013,0
272.4660,0.00528,-0.01511,-0.00434,0.00000,0.00000,0.255,-0.013,0
272.5160,0.00507,-0.01405,-0.00409,0.00000,0.00000,0.247,-0.013,0
272.5660,0.00489,-0.01306,-0.00382,0.00000,0.00000,0.238,-0.013,0
272.6160,0.00476,-0.01212,-0.00353,0.00000,0.00000,0.230,-0.013,0
272.6660,0.00466,-0.01125,-0.00322,0.00000,0.00000,0.223,-0.013,0
272.7160,0.00461,-0.01045,-0.00290,0.00000,0.00000,0.215,-0.012,0
272.7660,0.00460,-0.00971,-0.00257,0.00000,0.00000,0.208,-0.012,0
272.8160,0.00463,-0.00903,-0.00222,0.00000,0.00000,0.201,-0.011,0
272.8660,0.00471,-0.00842,-0.00186,0.00000,0.00000,0.195,-0.011,0
272.9160,0.00483,-0.00788,-0.00150,0.00000,0.00000,0.188,-0.010,0
272.9660,0.00499,-0.00740,-0.00112,0.00000,0.00000,0.182,-0.009,0
273.0160,0.00520,-0.00700,-0.00075,0.00000,0.00000,0.177,-0.008,0
273.0660,0.00547,-0.00668,-0.00036,0.00000,0.00000,0.172,-0.007,0
273.1160,0.00578,-0.00643,0.00002,0.00000,0.00000,0.167,-0.006,0
273.1660,0.00613,-0.00625,0.00041,0.00000,0.00000,0.162,-0.005,0
273.2160,0.00654,-0.00616,0.00079,0.00000,0.00000,0.158,-0.004,0
273.2660,0.00699,-0.00615,0.00117,0.00000,0.00000,0.155,-0.002,0
273.3160,0.00750,-0.00620,0.00154,0.00000,0.00000,0.152,-0.001,0
273.3660,0.00804,-0.00634,0.00190,0.00000,0.00000,0.149,0.000,0
273.4160,0.00863,-0.00653,0.00226,0.00000,0.00000,0.147,0.002,0
273.4660,0.00925,-0.00679,0.00260,0.00000,0.00000,0.146,0.003,0
273.5160,0.00991,-0.00711,0.00293,0.00000,0.00000,0.144,0.005,0
273.5660,0.01060,-0.00748,0.00325,0.00000,0.00000,0.143,0.007,0
273.6160,0.01132,-0.00789,0.00355,0.00000,0.00000,0.143,0.008,0
273.6660,0.01206,-0.00835,0.00383,0.00000,0.00000,0.143,0.010,0
273.7160,0.01282,-0.00885,0.00409,0.00000,0.00000,0.143,0.012,0
273.7660,0.01361,-0.00939,0.00432,0.00000,0.00000,0.144,0.013,0
273.8160,0.01441,-0.00996,0.00454,0.00000,0.00000,0.145,0.015,0
273.8660,0.01523,-0.01058,0.00473,0.00000,0.00000,0.146,0.017,0
273.9160,0.01606,-0.01123,0.00490,0.00000,0.00000,0.148,0.019,0
273.9660,0.01691,-0.01190,0.00504,0.00000,0.00000,0.150,0.021,0
274.0160,0.01776,-0.01260,0.00515,0.00000,0.00000,0.152,0.023,0
274.0660,0.01861,-0.01331,0.00524,0.00000,0.00000,0.155,0.025,0
274.1160,0.01946,-0.01403,0.00530,0.00000,0.00000,0.159,0.027,0
274.1660,0.02029,-0.01476,0.00533,0.00000,0.00000,0.162,0.029,0
274.2160,0.02112,-0.01548,0.00533,0.00000,0.00000,0.166,0.031,0
274.2660,0.02193,-0.01620,0.00530,0.00000,0.00000,0.170,0.033,0
274.3160,0.02273,-0.01691,0.00524,0.00000,0.00000,0.175,0.035,0
274.3660,0.02350,-0.01761,0.00515,0.00000,0.00000,0.179,0.037,0
274.4160,0.02424,-0.01829,0.00504,0.00000,0.00000,0.184,0.039,0
274.4660,0.02496,-0.01894,0.00489,0.00000,0.00000,0.189,0.041,0
274.5160,0.02565,-0.01958,0.00472,0.00000,0.00000,0.195,0.042,0
274.5660,0.02630,-0.02018,0.00452,0.00000,0.00000,0.200,0.044,0
274.6160,0.02691,-0.02075,0.00429,0.00000,0.00000,0.205,0.046,0
274.6660,0.02748,-0.02128,0.00404,0.00000,0.00000,0.211,0.047,0
274.7160,0.02800,-0.02178,0.00376,0.00000,0.00000,0.217,0.048,0
274.7660,0.02848,-0.02223,0.00346,0.00000,0.00000,0.222,0.050,0
274.8160,0.02892,-0.02265,0.00314,0.00000,0.00000,0.228,0.051,0
274.8660,0.02929,-0.02300,0.00279,0.00000,0.00000,0.234,0.052,0
274.9160,0.02961,-0.02331,0.00243,0.00000,0.00000,0.239,0.052,0
274.9660,0.02989,-0.02357,0.00205,0.00000,0.00000,0.244,0.053,0
275.0160,0.03010,-0.02378,0.00165,0.00000,0.00000,0.249,0.054,0
275.0660,0.03025,-0.02393,0.00123,0.00000,0.00000,0.254,0.054,0
275.1160,0.03034,-0.02403,0.00081,0.00000,0.00000,0.259,0.054,0
275.1660,0.03038,-0.02408,0.00037,0.00000,0.00000,0.264,0.054,0
275.2160,0.03035,-0.02406,-0.00007,0.00000,0.00000,0.268,0.053,0
275.2660,0.03025,-0.02398,-0.00052,0.00000,0.00000,0.272,0.053,0
275.3160,0.03009,-0.02385,-0.00098,0.00000,0.00000,0.275,0.052,0
275.3660,0.02987,-0.02365,-0.00144,0.00000,0.00000,0.278,0.051,0
275.4160,0.02958,-0.02340,-0.00190,0.00000,0.00000,0.281,0.050,0
275.4660,0.02923,-0.02309,-0.00236,0.00000,0.00000,0.283,0.048,0
275.5160,0.02882,-0.02273,-0.00282,0.00000,0.00000,0.285,0.047,0
275.5660,0.02834,-0.02231,-0.00327,0.00000,0.00000,0.286,0.045,0
275.6160,0.02781,-0.02185,-0.00371,0.00000,0.00000,0.287,0.043,0
275.6660,0.02722,-0.02134,-0.00414,0.00000,0.00000,0.287,0.041,0
275.7160,0.02658,-0.02078,-0.00456,0.00000,0.00000,0.287,0.038,0
275.7660,0.02588,-0.02018,-0.00497,0.00000,0.00000,0.287,0.036,0
275.8160,0.02512,-0.01953,-0.00536,0.00000,0.00000,0.285,0.034,0
275.8660,0.02431,-0.01883,-0.00574,0.00000,0.00000,0.284,0.031,0
275.9160,0.02346,-0.01810,-0.00610,0.00000,0.00000,0.281,0.028,0
275.9660,0.02256,-0.01733,-0.00643,0.00000,0.00000,0.279,0.025,0
276.0160,0.02161,-0.01653,-0.00674,0.00000,0.00000,0.275,0.023,0
276.0660,0.02063,-0.01570,-0.00703,0.00000,0.00000,0.271,0.020,0
276.1160,0.01961,-0.01484,-0.00730,0.00000,0.00000,0.267,0.017,0
276.1660,0.01855,-0.01395,-0.00754,0.00000,0.00000,0.262,0.014,0
276.2160,0.01747,-0.01303,-0.00775,0.00000,0.00000,0.257,0.011,0
276.2660,0.01635,-0.01210,-0.00794,0.00000,0.00000,0.251,0.009,0
276.3160,0.01521,-0.01114,-0.00809,0.00000,0.00000,0.245,0.006,0
276.3660,0.01405,-0.01017,-0.00822,0.00000,0.00000,0.239,0.003,0
276.4160,0.01288,-0.00918,-0.00832,0.00000,0.00000,0.232,0.001,0
276.4660,0.01170,-0.00820,-0.00839,0.00000,0.00000,0.225,-0.002,0
276.5160,0.01051,-0.00721,-0.00843,0.00000,0.00000,0.217,-0.004,0
276.5660,0.00932,-0.00622,-0.00844,0.00000,0.00000,0.210,-0.006,0
276.6160,0.00814,-0.00525,-0.00842,0.00000,0.00000,0.202,-0.008,0
276.6660,0.00698,-0.00429,-0.00837,0.00000,0.00000,0.194,-0.010,0
276.7160,0.00583,-0.00336,-0.00829,0.00000,0.00000,0.186,-0.012,0
276.7660,0.00470,-0.00244,-0.00819,0.00000,0.00000,0.178,-0.013,0
276.8160,0.00359,-0.00155,-0.00806,0.00000,0.00000,0.170,-0.014,0
276.8660,0.00252,-0.00069,-0.00790,0.00000,0.00000,0.161,-0.015,0
276.9160,0.00148,0.00013,-0.00771,0.00000,0.00000,0.153,-0.016,0
276.9660,0.00047,0.00092,-0.00750,0.00000,0.00000,0.146,-0.017,0
277.0160,-0.00050,0.00168,-0.00727,0.00000,0.00000,0.138,-0.018,0
277.0660,-0.00143,0.00242,-0.00702,0.00000,0.00000,0.130,-0.018,0
277.1160,-0.00232,0.00312,-0.00675,0.00000,0.00000,0.122,-0.019,0
277.1660,-0.00317,0.00378,-0.00645,0.00000,0.00000,0.115,-0.019,0
277.2160,-0.00397,0.00441,-0.00614,0.00000,0.00000,0.107,-0.019,0
277.2660,-0.00471,0.00500,-0.00582,0.00000,0.00000,0.100,-0.019,0
277.3160,-0.00541,0.00554,-0.00548,0.00000,0.00000,0.093,-0.018,0
277.3660,-0.00604,0.00603,-0.00513,0.00000,0.00000,0.087,-0.018,0
277.4160,-0.00662,0.00648,-0.00477,0.00000,0.00000,0.081,-0.017,0
277.4660,-0.00714,0.00688,-0.00440,0.00000,0.00000,0.074,-0.017,0
277.5160,-0.00760,0.00723,-0.00402,0.00000,0.00000,0.069,-0.016,0
277.5660,-0.00801,0.00755,-0.00364,0.00000,0.00000,0.063,-0.015,0
277.6160,-0.00836,0.00781,-0.00326,0.00000,0.00000,0.058,-0.014,0
277.6660,-0.00866,0.00804,-0.00287,0.00000,0.00000,0.053,-0.014,0
277.7160,-0.00890,0.00822,-0.00249,0.00000,0.00000,0.048,-0.013,0
277.7660,-0.00909,0.00836,-0.00211,0.00000,0.00000,0.044,-0.012,0
277.8160,-0.00921,0.00844,-0.00174,0.00000,0.00000,0.040,-0.011,0
277.8660,-0.00929,0.00848,-0.00137,0.00000,0.00000,0.036,-0.010,0
277.9160,-0.00931,0.00848,-0.00101,0.00000,0.00000,0.033,-0.009,0
277.9660,-0.00929,0.00844,-0.00066,0.00000,0.00000,0.030,-0.008,0
278.0160,-0.00923,0.00837,-0.00032,0.00000,0.00000,0.027,-0.007,0
278.0660,-0.00913,0.00828,0.00001,0.00000,0.00000,0.024,-0.006,0
278.1160,-0.00898,0.00814,0.00032,0.00000,0.00000,0.022,-0.005,0
278.1660,-0.00880,0.00797,0.00062,0.00000,0.00000,0.019,-0.004,0
278.2160,-0.00858,0.00775,0.00090,0.00000,0.00000,0.017,-0.004,0
278.2660,-0.00832,0.00751,0.00116,0.00000,0.00000,0.016,-0.003,0
278.3160,-0.00803,0.00722,0.00141,0.00000,0.00000,0.014,-0.002,0
278.3660,-0.00772,0.00691,0.00163,0.00000,0.00000,0.013,-0.001,0
278.4160,-0.00739,0.00658,0.00184,0.00000,0.00000,0.011,-0.001,0
278.4660,-0.00704,0.00622,0.00202,0.00000,0.00000,0.010,-0.000,0
278.5160,-0.00667,0.00585,0.00218,0.00000,0.00000,0.009,0.000,0
278.5660,-0.00630,0.00545,0.00232,0.00000,0.00000,0.009,0.001,0
278.6160,-0.00591,0.00503,0.00244,0.00000,0.00000,0.008,0.001,0
278.6660,-0.00552,0.00460,0.00254,0.00000,0.00000,0.007,0.002,0
278.7160,-0.00514,0.00417,0.00262,0.00000,0.00000,0.007,0.002,0
278.7660,-0.00476,0.00372,0.00267,0.00000,0.00000,0.006,0.002,0
278.8160,-0.00438,0.00327,0.00271,0.00000,0.00000,0.006,0.003,0
278.8660,-0.00402,0.00281,0.00272,0.00000,0.00000,0.006,0.003,0
278.9160,-0.00366,0.00233,0.00271,0.00000,0.00000,0.006,0.003,0
278.9660,-0.00332,0.00186,0.00269,0.00000,0.00000,0.005,0.003,0
279.0160,-0.00299,0.00139,0.00264,0.00000,0.00000,0.005,0.004,0
279.0660,-0.00269,0.00092,0.00258,0.00000,0.00000,0.005,0.004,0
279.1160,-0.00241,0.00045,0.00250,0.00000,0.00000,0.005,0.004,0
279.1660,-0.00214,-0.00004,0.00241,0.00000,0.00000,0.005,0.004,0
279.2160,-0.00189,-0.00053,0.00230,0.00000,0.00000,0.005,0.004,0
279.2660,-0.00167,-0.00102,0.00218,0.00000,0.00000,0.005,0.004,0
279.3160,-0.00148,-0.00151,0.00204,0.00000,0.00000,0.005,0.004,0
279.3660,-0.00131,-0.00199,0.00190,0.00000,0.00000,0.006,0.004,0
279.4160,-0.00118,-0.00246,0.00174,0.00000,0.00000,0.006,0.004,0
279.4660,-0.00107,-0.00293,0.00158,0.00000,0.00000,0.006,0.004,0
279.5160,-0.00099,-0.00340,0.00141,0.00000,0.00000,0.006,0.004,0
279.5660,-0.00094,-0.00386,0.00123,0.00000,0.00000,0.006,0.004,0
279.6160,-0.00092,-0.00431,0.00105,0.00000,0.00000,0.006,0.004,0
279.6660,-0.00093,-0.00477,0.00087,0.00000,0.00000,0.006,0.004,0
279.7160,-0.00096,-0.00523,0.00069,0.00000,0.00000,0.006,0.004,0
279.7660,-0.00101,-0.00569,0.00050,0.00000,0.00000,0.006,0.004,0
279.8160,-0.00109,-0.00615,0.00032,0.00000,0.00000,0.007,0.004,0
279.8660,-0.00119,-0.00661,0.00014,0.00000,0.00000,0.007,0.004,0
279.9160,-0.00131,-0.00708,-0.00004,0.00000,0.00000,0.007,0.004,0
279.9660,-0.00146,-0.00754,-0.00021,0.00000,0.00000,0.007,0.003,0
280.0160,-0.00161,-0.00803,-0.00038,0.00000,0.00000,0.007,0.003,0
280.0660,-0.00178,-0.00851,-0.00053,0.00000,0.00000,0.007,0.003,0
280.1160,-0.00196,-0.00900,-0.00068,0.00000,0.00000,0.007,0.003,0
280.1660,-0.00215,-0.00949,-0.00083,0.00000,0.00000,0.007,0.003,0
280.2160,-0.00236,-0.00999,-0.00096,0.00000,0.00000,0.007,0.003,0
280.2660,-0.00257,-0.01050,-0.00107,0.00000,0.00000,0.007,0.003,0
280.3160,-0.00279,-0.01100,-0.00118,0.00000,0.00000,0.007,0.003,0
280.3660,-0.00301,-0.01152,-0.00128,0.00000,0.00000,0.006,0.002,0
280.4160,-0.00324,-0.01204,-0.00136,0.00000,0.00000,0.006,0.002,0
280.4660,-0.00347,-0.01256,-0.00143,0.00000,0.00000,0.006,0.002,0
280.5160,-0.00369,-0.01309,-0.00148,0.00000,0.00000,0.006,0.002,0
280.5660,-0.00391,-0.01362,-0.00153,0.00000,0.00000,0.005,0.002,0
280.6160,-0.00411,-0.01418,-0.00155,0.00000,0.00000,0.005,0.002,0
280.6660,-0.00430,-0.01475,-0.00157,0.00000,0.00000,0.004,0.002,0
280.7160,-0.00448,-0.01533,-0.00157,0.00000,0.00000,0.004,0.001,0
280.7660,-0.00464,-0.01592,-0.00155,0.00000,0.00000,0.003,0.001,0
280.8160,-0.00478,-0.01651,-0.00152,0.00000,0.00000,0.003,0.001,0
280.8660,-0.00491,-0.01712,-0.00148,0.00000,0.00000,0.002,0.001,0
280.9160,-0.00501,-0.01773,-0.00143,0.00000,0.00000,0.002,0.001,0
280.9660,-0.00509,-0.01836,-0.00136,0.00000,0.00000,0.001,0.001,0
281.0160,-0.00515,-0.01900,-0.00128,0.00000,0.00000,0.000,0.001,0
281.0660,-0.00518,-0.01964,-0.00119,0.00000,0.00000,-0.001,0.001,0
281.1160,-0.00519,-0.02028,-0.00108,0.00000,0.00000,-0.001,0.000,0
281.1660,-0.00517,-0.02093,-0.00097,0.00000,0.00000,-0.002,0.000,0
281.2160,-0.00512,-0.02160,-0.00085,0.00000,0.00000,-0.003,0.000,0
281.2660,-0.00503,-0.02229,-0.00072,0.00000,0.00000,-0.004,0.000,0
281.3160,-0.00491,-0.02297,-0.00058,0.00000,0.00000,-0.005,0.000,0
281.3660,-0.00476,-0.02367,-0.00044,0.00000,0.00000,-0.005,-0.000,0
281.4160,-0.00458,-0.02437,-0.00029,0.00000,0.00000,-0.006,-0.000,0
281.4660,-0.00436,-0.02508,-0.00014,0.00000,0.00000,-0.007,-0.000,0
281.5160,-0.00411,-0.02580,0.00002,0.00000,0.00000,-0.008,-0.000,0
281.5660,-0.00382,-0.02653,0.00018,0.00000,0.00000,-0.008,-0.000,0
281.6160,-0.00351,-0.02725,0.00034,0.00000,0.00000,-0.009,-0.000,0
281.6660,-0.00316,-0.02798,0.00050,0.00000,0.00000,-0.009,-0.001,0
281.7160,-0.00278,-0.02871,0.00066,0.00000,0.00000,-0.010,-0.001,0
281.7660,-0.00237,-0.02944,0.00082,0.00000,0.00000,-0.010,-0.001,0
281.8160,-0.00194,-0.03015,0.00098,0.00000,0.00000,-0.010,-0.001,0
281.8660,-0.00148,-0.03086,0.00113,0.00000,0.00000,-0.010,-0.001,0
281.9160,-0.00099,-0.03156,0.00128,0.00000,0.00000,-0.010,-0.001,0
281.9660,-0.00047,-0.03227,0.00142,0.00000,0.00000,-0.010,-0.001,0
282.0160,0.00007,-0.03298,0.00156,0.00000,0.00000,-0.009,-0.001,0
282.0660,0.00065,-0.03368,0.00169,0.00000,0.00000,-0.009,-0.001,0
282.1160,0.00124,-0.03437,0.00181,0.00000,0.00000,-0.008,-0.000,0
282.1660,0.00186,-0.03506,0.00192,0.00000,0.00000,-0.007,-0.000,0
282.2160,0.00248,-0.03573,0.00202,0.00000,0.00000,-0.005,-0.000,0
282.2660,0.00312,-0.03637,0.00211,0.00000,0.00000,-0.004,0.000,0
282.3160,0.00377,-0.03700,0.00220,0.00000,0.00000,-0.002,0.000,0
282.3660,0.00444,-0.03761,0.00227,0.00000,0.00000,0.000,0.001,0
282.4160,0.00511,-0.03819,0.00233,0.00000,0.00000,0.003,0.001,0
282.4660,0.00579,-0.03876,0.00238,0.00000,0.00000,0.005,0.001,0
282.5160,0.00647,-0.03930,0.00242,0.00000,0.00000,0.008,0.002,0
282.5660,0.00715,-0.03981,0.00245,0.00000,0.00000,0.012,0.002,0
282.6160,0.00784,-0.04031,0.00246,0.00000,0.00000,0.015,0.003,0
282.6660,0.00853,-0.04078,0.00247,0.00000,0.00000,0.019,0.003,0
282.7160,0.00921,-0.04122,0.00246,0.00000,0.00000,0.023,0.004,0
282.7660,0.00989,-0.04163,0.00244,0.00000,0.00000,0.028,0.004,0
282.8160,0.01056,-0.04200,0.00241,0.00000,0.00000,0.032,0.005,0
282.8660,0.01122,-0.04234,0.00238,0.00000,0.00000,0.037,0.006,0
282.9160,0.01186,-0.04263,0.00233,0.00000,0.00000,0.042,0.006,0
282.9660,0.01250,-0.04290,0.00227,0.00000,0.00000,0.048,0.007,0
283.0160,0.01313,-0.04314,0.00220,0.00000,0.00000,0.054,0.008,0
283.0660,0.01375,-0.04335,0.00213,0.00000,0.00000,0.059,0.009,0
283.1160,0.01435,-0.04352,0.00205,0.00000,0.00000,0.065,0.010,0
283.1660,0.01495,-0.04367,0.00196,0.00000,0.00000,0.072,0.011,0
283.2160,0.01553,-0.04379,0.00186,0.00000,0.00000,0.078,0.011,0
283.2660,0.01610,-0.04386,0.00176,0.00000,0.00000,0.085,0.012,0
283.3160,0.01665,-0.04391,0.00166,0.00000,0.00000,0.092,0.013,0
283.3660,0.01718,-0.04392,0.00155,0.00000,0.00000,0.099,0.014,0
283.4160,0.01770,-0.04389,0.00144,0.00000,0.00000,0.106,0.015,0
283.4660,0.01820,-0.04384,0.00132,0.00000,0.00000,0.113,0.016,0
283.5160,0.01869,-0.04376,0.00121,0.00000,0.00000,0.120,0.017,0
283.5660,0.01917,-0.04366,0.00109,0.00000,0.00000,0.128,0.018,0
283.6160,0.01964,-0.04353,0.00098,0.00000,0.00000,0.135,0.019,0
283.6660,0.02009,-0.04337,0.00086,0.00000,0.00000,0.143,0.020,0
283.7160,0.02053,-0.04318,0.00075,0.00000,0.00000,0.150,0.021,0
283.7660,0.02095,-0.04297,0.00064,0.00000,0.00000,0.157,0.022,0
283.8160,0.02136,-0.04274,0.00053,0.00000,0.00000,0.165,0.023,0
283.8660,0.02177,-0.04250,0.00043,0.00000,0.00000,0.172,0.024,0
283.9160,0.02217,-0.04224,0.00033,0.00000,0.00000,0.180,0.024,0
283.9660,0.02256,-0.04197,0.00024,0.00000,0.00000,0.187,0.025,0
284.0160,0.02294,-0.04168,0.00015,0.00000,0.00000,0.194,0.026,0
284.0660,0.02331,-0.04136,0.00007,0.00000,0.00000,0.202,0.027,0
284.1160,0.02367,-0.04104,-0.00000,0.00000,0.00000,0.209,0.028,0
284.1660,0.02403,-0.04071,-0.00007,0.00000,0.00000,0.216,0.029,0
284.2160,0.02438,-0.04038,-0.00013,0.00000,0.00000,0.223,0.029,0
284.2660,0.02474,-0.04005,-0.00019,0.00000,0.00000,0.230,0.030,0
284.3160,0.02510,-0.03972,-0.00023,0.00000,0.00000,0.237,0.031,0
284.3660,0.02546,-0.03938,-0.00027,0.00000,0.00000,0.244,0.032,0
284.4160,0.02581,-0.03905,-0.00030,0.00000,0.00000,0.251,0.033,0
284.4660,0.02616,-0.03871,-0.00032,0.00000,0.00000,0.258,0.033,0
284.5160,0.02651,-0.03837,-0.00034,0.00000,0.00000,0.264,0.034,0
284.5660,0.02686,-0.03803,-0.00035,0.00000,0.00000,0.271,0.035,0
284.6160,0.02721,-0.03768,-0.00035,0.00000,0.00000,0.277,0.036,0
284.6660,0.02756,-0.03734,-0.00035,0.00000,0.00000,0.283,0.037,0
284.7160,0.02791,-0.03701,-0.00034,0.00000,0.00000,0.289,0.037,0
284.7660,0.02827,-0.03669,-0.00033,0.00000,0.00000,0.295,0.038,0
284.8160,0.02863,-0.03637,-0.00031,0.00000,0.00000,0.301,0.039,0
284.8660,0.02900,-0.03608,-0.00028,0.00000,0.00000,0.307,0.040,0
284.9160,0.02937,-0.03579,-0.00026,0.00000,0.00000,0.313,0.041,0
284.9660,0.02975,-0.03551,-0.00023,0.00000,0.00000,0.319,0.042,0
285.0160,0.03012,-0.03524,-0.00019,0.00000,0.00000,0.325,0.042,0
285.0660,0.03050,-0.03497,-0.00016,0.00000,0.00000,0.330,0.043,0
285.1160,0.03088,-0.03471,-0.00013,0.00000,0.00000,0.336,0.044,0
285.1660,0.03126,-0.03447,-0.00009,0.00000,0.00000,0.341,0.045,0
285.2160,0.03165,-0.03424,-0.00006,0.00000,0.00000,0.347,0.046,0
285.2660,0.03205,-0.03403,-0.00003,0.00000,0.00000,0.352,0.047,0
285.3160,0.03244,-0.03384,-0.00000,0.00000,0.00000,0.358,0.048,0
285.3660,0.03284,-0.03365,0.00002,0.00000,0.00000,0.363,0.049,0
285.4160,0.03324,-0.03348,0.00004,0.00000,0.00000,0.369,0.050,0
285.4660,0.03364,-0.03332,0.00005,0.00000,0.00000,0.374,0.051,0
285.5160,0.03403,-0.03316,0.00006,0.00000,0.00000,0.379,0.052,0
285.5660,0.03441,-0.03301,0.00006,0.00000,0.00000,0.385,0.053,0
285.6160,0.03479,-0.03286,0.00005,0.00000,0.00000,0.390,0.054,0
285.6660,0.03516,-0.03272,0.00003,0.00000,0.00000,0.395,0.055,0
285.7160,0.03552,-0.03256,0.00001,0.00000,0.00000,0.400,0.055,0
285.7660,0.03586,-0.03239,-0.00003,0.00000,0.00000,0.405,0.056,0
285.8160,0.03619,-0.03223,-0.00008,0.00000,0.00000,0.409,0.057,0
285.8660,0.03651,-0.03208,-0.00014,0.00000,0.00000,0.414,0.058,0
285.9160,0.03680,-0.03191,-0.00020,0.00000,0.00000,0.418,0.058,0
285.9660,0.03709,-0.03174,-0.00029,0.00000,0.00000,0.422,0.059,0
286.0160,0.03735,-0.03157,-0.00038,0.00000,0.00000,0.426,0.060,0
286.0660,0.03759,-0.03139,-0.00048,0.00000,0.00000,0.430,0.060,0
286.1160,0.03782,-0.03121,-0.00060,0.00000,0.00000,0.434,0.060,0
286.1660,0.03801,-0.03102,-0.00073,0.00000,0.00000,0.438,0.061,0
286.2160,0.03818,-0.03081,-0.00087,0.00000,0.00000,0.442,0.061,0
286.2660,0.03833,-0.03059,-0.00103,0.00000,0.00000,0.445,0.061,0
286.3160,0.03844,-0.03035,-0.00119,0.00000,0.00000,0.448,0.061,0
286.3660,0.03851,-0.03010,-0.00137,0.00000,0.00000,0.451,0.061,0
286.4160,0.03856,-0.02982,-0.00156,0.00000,0.00000,0.453,0.060,0
286.4660,0.03857,-0.02954,-0.00176,0.00000,0.00000,0.456,0.060,0
286.5160,0.03854,-0.02923,-0.00197,0.00000,0.00000,0.458,0.059,0
286.5660,0.03848,-0.02891,-0.00219,0.00000,0.00000,0.459,0.058,0
286.6160,0.03838,-0.02857,-0.00241,0.00000,0.00000,0.461,0.057,0
286.6660,0.03823,-0.02820,-0.00265,0.00000,0.00000,0.462,0.056,0
286.7160,0.03805,-0.02782,-0.00289,0.00000,0.00000,0.463,0.055,0
286.7660,0.03783,-0.02741,-0.00314,0.00000,0.00000,0.463,0.054,0
286.8160,0.03755,-0.02696,-0.00339,0.00000,0.00000,0.463,0.052,0
286.8660,0.03722,-0.02648,-0.00365,0.00000,0.00000,0.463,0.051,0
286.9160,0.03685,-0.02597,-0.00391,0.00000,0.00000,0.461,0.049,0
286.9660,0.03644,-0.02545,-0.00417,0.00000,0.00000,0.460,0.047,0
287.0160,0.03598,-0.02491,-0.00443,0.00000,0.00000,0.458,0.045,0
287.0660,0.03548,-0.02434,-0.00468,0.00000,0.00000,0.456,0.043,0
287.1160,0.03493,-0.02375,-0.00494,0.00000,0.00000,0.453,0.040,0
287.1660,0.03434,-0.02314,-0.00519,0.00000,0.00000,0.450,0.038,0
287.2160,0.03371,-0.02251,-0.00544,0.00000,0.00000,0.446,0.035,0
287.2660,0.03303,-0.02187,-0.00568,0.00000,0.00000,0.442,0.033,0
287.3160,0.03232,-0.02121,-0.00591,0.00000,0.00000,0.438,0.030,0
287.3660,0.03157,-0.02055,-0.00614,0.00000,0.00000,0.434,0.027,0
287.4160,0.03078,-0.01986,-0.00635,0.00000,0.00000,0.428,0.024,0
287.4660,0.02995,-0.01915,-0.00655,0.00000,0.00000,0.423,0.021,0
287.5160,0.02909,-0.01843,-0.00673,0.00000,0.00000,0.417,0.019,0
287.5660,0.02819,-0.01770,-0.00691,0.00000,0.00000,0.410,0.016,0
287.6160,0.02726,-0.01696,-0.00706,0.00000,0.00000,0.404,0.013,0
287.6660,0.02630,-0.01621,-0.00720,0.00000,0.00000,0.396,0.010,0
287.7160,0.02532,-0.01546,-0.00732,0.00000,0.00000,0.389,0.007,0
287.7660,0.02431,-0.01471,-0.00742,0.00000,0.00000,0.381,0.004,0
287.8160,0.02328,-0.01396,-0.00751,0.00000,0.00000,0.373,0.002,0
287.8660,0.02223,-0.01320,-0.00757,0.00000,0.00000,0.365,-0.001,0
287.9160,0.02116,-0.01243,-0.00761,0.00000,0.00000,0.356,-0.003,0
287.9660,0.02008,-0.01166,-0.00763,0.00000,0.00000,0.347,-0.006,0
288.0160,0.01898,-0.01089,-0.00763,0.00000,0.00000,0.337,-0.008,0
288.0660,0.01787,-0.01013,-0.00761,0.00000,0.00000,0.328,-0.010,0
288.1160,0.01678,-0.00940,-0.00756,0.00000,0.00000,0.318,-0.012,0
288.1660,0.01568,-0.00869,-0.00749,0.00000,0.00000,0.308,-0.014,0
288.2160,0.01460,-0.00799,-0.00740,0.00000,0.00000,0.298,-0.016,0
288.2660,0.01352,-0.00731,-0.00728,0.00000,0.00000,0.288,-0.017,0
288.3160,0.01246,-0.00666,-0.00715,0.00000,0.00000,0.278,-0.019,0
288.3660,0.01142,-0.00605,-0.00699,0.00000,0.00000,0.268,-0.020,0
288.4160,0.01040,-0.00546,-0.00681,0.00000,0.00000,0.259,-0.021,0
288.4660,0.00941,-0.00490,-0.00660,0.00000,0.00000,0.249,-0.022,0
288.5160,0.00845,-0.00438,-0.00638,0.00000,0.00000,0.239,-0.022,0
288.5660,0.00753,-0.00391,-0.00614,0.00000,0.00000,0.230,-0.023,0
288.6160,0.00664,-0.00347,-0.00588,0.00000,0.00000,0.221,-0.023,0
288.6660,0.00580,-0.00307,-0.00560,0.00000,0.00000,0.212,-0.023,0
288.7160,0.00499,-0.00272,-0.00531,0.00000,0.00000,0.203,-0.023,0
288.7660,0.00424,-0.00241,-0.00500,0.00000,0.00000,0.194,-0.023,0
288.8160,0.00352,-0.00213,-0.00467,0.00000,0.00000,0.186,-0.023,0
288.8660,0.00287,-0.00193,-0.00433,0.00000,0.00000,0.178,-0.022,0
288.9160,0.00228,-0.00177,-0.00399,0.00000,0.00000,0.170,-0.022,0
288.9660,0.00173,-0.00166,-0.00363,0.00000,0.00000,0.163,-0.021,0
289.0160,0.00125,-0.00161,-0.00326,0.00000,0.00000,0.156,-0.020,0
289.0660,0.00082,-0.00159,-0.00289,0.00000,0.00000,0.149,-0.019,0
289.1160,0.00044,-0.00162,-0.00251,0.00000,0.00000,0.143,-0.018,0
289.1660,0.00012,-0.00170,-0.00213,0.00000,0.00000,0.137,-0.017,0
289.2160,-0.00013,-0.00182,-0.00175,0.00000,0.00000,0.131,-0.016,0
289.2660,-0.00033,-0.00200,-0.00137,0.00000,0.00000,0.126,-0.015,0
289.3160,-0.00047,-0.00222,-0.00098,0.00000,0.00000,0.121,-0.013,0
289.3660,-0.00056,-0.00248,-0.00061,0.00000,0.00000,0.116,-0.012,0
289.4160,-0.00058,-0.00279,-0.00024,0.00000,0.00000,0.112,-0.011,0
289.4660,-0.00056,-0.00313,0.00013,0.00000,0.00000,0.108,-0.009,0
289.5160,-0.00048,-0.00351,0.00048,0.00000,0.00000,0.104,-0.008,0
289.5660,-0.00036,-0.00392,0.00082,0.00000,0.00000,0.101,-0.006,0
289.6160,-0.00019,-0.00436,0.00116,0.00000,0.00000,0.098,-0.005,0
289.6660,0.00003,-0.00484,0.00148,0.00000,0.00000,0.095,-0.004,0
289.7160,0.00030,-0.00535,0.00178,0.00000,0.00000,0.093,-0.002,0
289.7660,0.00060,-0.00589,0.00207,0.00000,0.00000,0.091,-0.001,0
289.8160,0.00094,-0.00644,0.00234,0.00000,0.00000,0.089,0.001,0
289.8660,0.00131,-0.00701,0.00259,0.00000,0.00000,0.088,0.002,0
289.9160,0.00172,-0.00761,0.00282,0.00000,0.00000,0.087,0.003,0
289.9660,0.00216,-0.00822,0.00303,0.00000,0.00000,0.086,0.005,0
290.0160,0.00262,-0.00885,0.00322,0.00000,0.00000,0.085,0.006,0
290.0660,0.00311,-0.00950,0.00338,0.00000,0.00000,0.085,0.007,0
290.1160,0.00362,-0.01015,0.00353,0.00000,0.00000,0.085,0.009,0
290.1660,0.00414,-0.01081,0.00365,0.00000,0.00000,0.085,0.010,0
290.2160,0.00467,-0.01147,0.00375,0.00000,0.00000,0.086,0.011,0
290.2660,0.00521,-0.01213,0.00382,0.00000,0.00000,0.086,0.012,0
290.3160,0.00576,-0.01278,0.00387,0.00000,0.00000,0.087,0.013,0
290.3660,0.00631,-0.01343,0.00390,0.00000,0.00000,0.088,0.014,0
290.4160,0.00685,-0.01407,0.00390,0.00000,0.00000,0.089,0.016,0
290.4660,0.00739,-0.01471,0.00388,0.00000,0.00000,0.091,0.017,0
290.5160,0.00793,-0.01533,0.00384,0.00000,0.00000,0.092,0.018,0
290.5660,0.00844,-0.01593,0.00377,0.00000,0.00000,0.094,0.018,0
290.6160,0.00895,-0.01651,0.00369,0.00000,0.00000,0.096,0.019,0
290.6660,0.00943,-0.01707,0.00358,0.00000,0.00000,0.098,0.020,0
290.7160,0.00990,-0.01761,0.00346,0.00000,0.00000,0.100,0.021,0
290.7660,0.01035,-0.01814,0.00331,0.00000,0.00000,0.102,0.022,0
290.8160,0.01079,-0.01864,0.00315,0.00000,0.00000,0.104,0.022,0
290.8660,0.01119,-0.01912,0.00298,0.00000,0.00000,0.107,0.023,0
290.9160,0.01157,-0.01958,0.00279,0.00000,0.00000,0.109,0.024,0
290.9660,0.01192,-0.02001,0.00258,0.00000,0.00000,0.112,0.024,0
291.0160,0.01225,-0.02042,0.00236,0.00000,0.00000,0.115,0.025,0
291.0660,0.01255,-0.02081,0.00213,0.00000,0.00000,0.117,0.025,0
291.1160,0.01282,-0.02117,0.00190,0.00000,0.00000,0.120,0.025,0
291.1660,0.01306,-0.02149,0.00165,0.00000,0.00000,0.123,0.026,0
291.2160,0.01326,-0.02178,0.00140,0.00000,0.00000,0.125,0.026,0
291.2660,0.01343,-0.02204,0.00115,0.00000,0.00000,0.128,0.026,0
291.3160,0.01358,-0.02229,0.00089,0.00000,0.00000,0.130,0.026,0
291.3660,0.01369,-0.02250,0.00064,0.00000,0.00000,0.133,0.026,0
291.4160,0.01378,-0.02269,0.00038,0.00000,0.00000,0.135,0.026,0
291.4660,0.01384,-0.02285,0.00013,0.00000,0.00000,0.138,0.026,0
291.5160,0.01387,-0.02299,-0.00012,0.00000,0.00000,0.140,0.026,0
291.5660,0.01388,-0.02312,-0.00036,0.00000,0.00000,0.142,0.025,0
291.6160,0.01386,-0.02321,-0.00060,0.00000,0.00000,0.144,0.025,0
291.6660,0.01382,-0.02329,-0.00083,0.00000,0.00000,0.146,0.025,0
291.7160,0.01376,-0.02336,-0.00104,0.00000,0.00000,0.148,0.024,0
291.7660,0.01369,-0.02341,-0.00125,0.00000,0.00000,0.150,0.024,0
291.8160,0.01359,-0.02344,-0.00144,0.00000,0.00000,0.152,0.023,0
291.8660,0.01348,-0.02345,-0.00162,0.00000,0.00000,0.154,0.023,0
291.9160,0.01337,-0.02347,-0.00178,0.00000,0.00000,0.155,0.022,0
291.9660,0.01324,-0.02347,-0.00192,0.00000,0.00000,0.156,0.022,0
292.0160,0.01311,-0.02346,-0.00205,0.00000,0.00000,0.158,0.021,0
292.0660,0.01298,-0.02346,-0.00216,0.00000,0.00000,0.159,0.021,0
292.1160,0.01285,-0.02346,-0.00225,0.00000,0.00000,0.160,0.020,0
292.1660,0.01272,-0.02345,-0.00233,0.00000,0.00000,0.161,0.020,0
292.2160,0.01258,-0.02343,-0.00238,0.00000,0.00000,0.162,0.019,0
292.2660,0.01246,-0.02341,-0.00241,0.00000,0.00000,0.163,0.019,0
292.3160,0.01234,-0.02340,-0.00242,0.00000,0.00000,0.164,0.018,0
292.3660,0.01222,-0.02337,-0.00242,0.00000,0.00000,0.164,0.018,0
292.4160,0.01213,-0.02336,-0.00239,0.00000,0.00000,0.165,0.018,0
292.4660,0.01205,-0.02336,-0.00234,0.00000,0.00000,0.165,0.017,0
292.5160,0.01199,-0.02337,-0.00228,0.00000,0.00000,0.166,0.017,0
292.5660,0.01195,-0.02340,-0.00219,0.00000,0.00000,0.166,0.017,0
292.6160,0.01195,-0.02346,-0.00209,0.00000,0.00000,0.167,0.016,0
292.6660,0.01198,-0.02355,-0.00197,0.00000,0.00000,0.167,0.016,0
292.7160,0.01204,-0.02365,-0.00183,0.00000,0.00000,0.168,0.016,0
292.7660,0.01212,-0.02377,-0.00168,0.00000,0.00000,0.169,0.016,0
292.8160,0.01224,-0.02391,-0.00152,0.00000,0.00000,0.170,0.016,0
292.8660,0.01238,-0.02406,-0.00134,0.00000,0.00000,0.171,0.016,0
292.9160,0.01256,-0.02424,-0.00115,0.00000,0.00000,0.172,0.017,0
292.9660,0.01278,-0.02444,-0.00095,0.00000,0.00000,0.173,0.017,0
293.0160,0.01303,-0.02467,-0.00075,0.00000,0.00000,0.175,0.017,0
293.0660,0.01331,-0.02491,-0.00053,0.00000,0.00000,0.176,0.018,0
293.1160,0.01363,-0.02517,-0.00031,0.00000,0.00000,0.178,0.018,0
293.1660,0.01398,-0.02545,-0.00009,0.00000,0.00000,0.180,0.019,0
293.2160,0.01435,-0.02574,0.00013,0.00000,0.00000,0.182,0.019,0
293.2660,0.01477,-0.02606,0.00035,0.00000,0.00000,0.184,0.020,0
293.3160,0.01521,-0.02640,0.00058,0.00000,0.00000,0.187,0.021,0
293.3660,0.01568,-0.02674,0.00079,0.00000,0.00000,0.189,0.022,0
293.4160,0.01617,-0.02709,0.00100,0.00000,0.00000,0.192,0.023,0
293.4660,0.01669,-0.02745,0.00120,0.00000,0.00000,0.195,0.024,0
293.5160,0.01723,-0.02783,0.00139,0.00000,0.00000,0.199,0.025,0
293.5660,0.01780,-0.02822,0.00157,0.00000,0.00000,0.202,0.026,0
293.6160,0.01838,-0.02861,0.00174,0.00000,0.00000,0.206,0.027,0
293.6660,0.01898,-0.02900,0.00189,0.00000,0.00000,0.210,0.028,0
293.7160,0.01958,-0.02940,0.00202,0.00000,0.00000,0.214,0.030,0
293.7660,0.02020,-0.02979,0.00214,0.00000,0.00000,0.219,0.031,0
293.8160,0.02082,-0.03019,0.00223,0.00000,0.00000,0.224,0.032,0
293.8660,0.02144,-0.03057,0.00231,0.00000,0.00000,0.229,0.034,0
293.9160,0.02206,-0.03094,0.00236,0.00000,0.00000,0.234,0.035,0
293.9660,0.02267,-0.03130,0.00238,0.00000,0.00000,0.239,0.037,0
294.0160,0.02328,-0.03164,0.00238,0.00000,0.00000,0.245,0.038,0
294.0660,0.02387,-0.03198,0.00236,0.00000,0.00000,0.250,0.039,0
294.1160,0.02444,-0.03229,0.00231,0.00000,0.00000,0.256,0.041,0
294.1660,0.02499,-0.03258,0.00223,0.00000,0.00000,0.262,0.042,0
294.2160,0.02551,-0.03284,0.00212,0.00000,0.00000,0.268,0.043,0
294.2660,0.02600,-0.03306,0.00198,0.00000,0.00000,0.274,0.044,0
294.3160,0.02646,-0.03325,0.00182,0.00000,0.00000,0.280,0.045,0
294.3660,0.02687,-0.03341,0.00163,0.00000,0.00000,0.286,0.046,0
294.4160,0.02724,-0.03353,0.00141,0.00000,0.00000,0.291,0.047,0
294.4660,0.02756,-0.03360,0.00116,0.00000,0.00000,0.297,0.048,0
294.5160,0.02783,-0.03362,0.00088,0.00000,0.00000,0.303,0.048,0
294.5660,0.02804,-0.03360,0.00057,0.00000,0.00000,0.308,0.049,0
294.6160,0.02820,-0.03354,0.00024,0.00000,0.00000,0.313,0.049,0
294.6660,0.02829,-0.03343,-0.00011,0.00000,0.00000,0.318,0.049,0
294.7160,0.02832,-0.03327,-0.00049,0.00000,0.00000,0.323,0.049,0
294.7660,0.02829,-0.03307,-0.00089,0.00000,0.00000,0.327,0.048,0
294.8160,0.02819,-0.03281,-0.00132,0.00000,0.00000,0.331,0.048,0
294.8660,0.02801,-0.03250,-0.00176,0.00000,0.00000,0.334,0.047,0
294.9160,0.02775,-0.03213,-0.00223,0.00000,0.00000,0.338,0.046,0
294.9660,0.02742,-0.03171,-0.00270,0.00000,0.00000,0.340,0.044,0
295.0160,0.02700,-0.03122,-0.00320,0.00000,0.00000,0.342,0.043,0
295.0660,0.02650,-0.03067,-0.00370,0.00000,0.00000,0.344,0.041,0
295.1160,0.02590,-0.03005,-0.00422,0.00000,0.00000,0.344,0.039,0
295.1660,0.02523,-0.02937,-0.00475,0.00000,0.00000,0.344,0.037,0
295.2160,0.02446,-0.02863,-0.00527,0.00000,0.00000,0.344,0.034,0
295.2660,0.02361,-0.02783,-0.00581,0.00000,0.00000,0.342,0.032,0
295.3160,0.02267,-0.02699,-0.00634,0.00000,0.00000,0.340,0.029,0
295.3660,0.02165,-0.02609,-0.00687,0.00000,0.00000,0.338,0.026,0
295.4160,0.02055,-0.02514,-0.00740,0.00000,0.00000,0.334,0.023,0
295.4660,0.01936,-0.02413,-0.00792,0.00000,0.00000,0.330,0.020,0
295.5160,0.01808,-0.02306,-0.00843,0.00000,0.00000,0.325,0.016,0
295.5660,0.01671,-0.02193,-0.00892,0.00000,0.00000,0.319,0.013,0
295.6160,0.01528,-0.02077,-0.00940,0.00000,0.00000,0.313,0.009,0
295.6660,0.01377,-0.01958,-0.00986,0.00000,0.00000,0.306,0.006,0
295.7160,0.01221,-0.01836,-0.01031,0.00000,0.00000,0.298,0.002,0
295.7660,0.01058,-0.01712,-0.01073,0.00000,0.00000,0.290,-0.001,0
295.8160,0.00889,-0.01584,-0.01112,0.00000,0.00000,0.282,-0.004,0
295.8660,0.00714,-0.01453,-0.01149,0.00000,0.00000,0.273,-0.008,0
295.9160,0.00533,-0.01319,-0.01182,0.00000,0.00000,0.263,-0.011,0
295.9660,0.00348,-0.01182,-0.01213,0.00000,0.00000,0.252,-0.014,0
296.0160,0.00158,-0.01044,-0.01240,0.00000,0.00000,0.241,-0.017,0
296.0660,-0.00035,-0.00903,-0.01264,0.00000,0.00000,0.230,-0.019,0
296.1160,-0.00230,-0.00763,-0.01284,0.00000,0.00000,0.218,-0.022,0
296.1660,-0.00428,-0.00621,-0.01300,0.00000,0.00000,0.206,-0.024,0
296.2160,-0.00627,-0.00479,-0.01312,0.00000,0.00000,0.194,-0.025,0
296.2660,-0.00826,-0.00339,-0.01321,0.00000,0.00000,0.181,-0.027,0
296.3160,-0.01025,-0.00199,-0.01325,0.00000,0.00000,0.169,-0.028,0
296.3660,-0.01223,-0.00060,-0.01325,0.00000,0.00000,0.156,-0.029,0
296.4160,-0.01419,0.00076,-0.01320,0.00000,0.00000,0.144,-0.029,0
296.4660,-0.01612,0.00210,-0.01312,0.00000,0.00000,0.131,-0.029,0
296.5160,-0.01801,0.00342,-0.01299,0.00000,0.00000,0.119,-0.029,0
296.5660,-0.01985,0.00470,-0.01281,0.00000,0.00000,0.107,-0.029,0
296.6160,-0.02164,0.00593,-0.01260,0.00000,0.00000,0.095,-0.028,0
296.6660,-0.02335,0.00711,-0.01234,0.00000,0.00000,0.084,-0.026,0
296.7160,-0.02500,0.00824,-0.01204,0.00000,0.00000,0.073,-0.025,0
296.7660,-0.02655,0.00931,-0.01169,0.00000,0.00000,0.062,-0.023,0
296.8160,-0.02802,0.01032,-0.01131,0.00000,0.00000,0.052,-0.021,0
296.8660,-0.02939,0.01127,-0.01089,0.00000,0.00000,0.042,-0.018,0
296.9160,-0.03067,0.01216,-0.01043,0.00000,0.00000,0.033,-0.016,0
296.9660,-0.03183,0.01298,-0.00993,0.00000,0.00000,0.025,-0.013,0
297.0160,-0.03288,0.01372,-0.00939,0.00000,0.00000,0.017,-0.010,0
297.0660,-0.03381,0.01437,-0.00883,0.00000,0.00000,0.011,-0.007,0
297.1160,-0.03462,0.01494,-0.00823,0.00000,0.00000,0.004,-0.004,0
297.1660,-0.03531,0.01543,-0.00760,0.00000,0.00000,-0.001,-0.001,0
297.2160,-0.03588,0.01582,-0.00694,0.00000,0.00000,-0.006,0.002,0
297.2660,-0.03632,0.01611,-0.00626,0.00000,0.00000,-0.010,0.005,0
297.3160,-0.03664,0.01630,-0.00556,0.00000,0.00000,-0.014,0.007,0
297.3660,-0.03685,0.01641,-0.00483,0.00000,0.00000,-0.017,0.010,0
297.4160,-0.03693,0.01642,-0.00409,0.00000,0.00000,-0.019,0.012,0
297.4660,-0.03690,0.01634,-0.00334,0.00000,0.00000,-0.021,0.015,0
297.5160,-0.03676,0.01617,-0.00257,0.00000,0.00000,-0.023,0.016,0
297.5660,-0.03652,0.01592,-0.00180,0.00000,0.00000,-0.024,0.018,0
297.6160,-0.03616,0.01558,-0.00102,0.00000,0.00000,-0.024,0.019,0
297.6660,-0.03570,0.01515,-0.00024,0.00000,0.00000,-0.025,0.020,0
297.7160,-0.03514,0.01465,0.00054,0.00000,0.00000,-0.025,0.021,0
297.7660,-0.03449,0.01408,0.00132,0.00000,0.00000,-0.024,0.021,0
297.8160,-0.03374,0.01344,0.00209,0.00000,0.00000,-0.024,0.021,0
297.8660,-0.03290,0.01272,0.00285,0.00000,0.00000,-0.023,0.021,0
297.9160,-0.03197,0.01192,0.00360,0.00000,0.00000,-0.023,0.020,0
297.9660,-0.03095,0.01105,0.00433,0.00000,0.00000,-0.022,0.019,0
298.0160,-0.02984,0.01012,0.00504,0.00000,0.00000,-0.022,0.018,0
298.0660,-0.02866,0.00913,0.00573,0.00000,0.00000,-0.021,0.016,0
298.1160,-0.02741,0.00810,0.00640,0.00000,0.00000,-0.021,0.014,0
298.1660,-0.02609,0.00702,0.00704,0.00000,0.00000,-0.020,0.012,0
298.2160,-0.02471,0.00591,0.00764,0.00000,0.00000,-0.020,0.010,0
298.2660,-0.02326,0.00476,0.00822,0.00000,0.00000,-0.020,0.007,0
298.3160,-0.02176,0.00358,0.00876,0.00000,0.00000,-0.020,0.005,0
298.3660,-0.02021,0.00236,0.00926,0.00000,0.00000,-0.020,0.002,0
298.4160,-0.01861,0.00112,0.00973,0.00000,0.00000,-0.020,-0.001,0
298.4660,-0.01697,-0.00014,0.01016,0.00000,0.00000,-0.021,-0.004,0
298.5160,-0.01529,-0.00141,0.01054,0.00000,0.00000,-0.021,-0.007,0
298.5660,-0.01358,-0.00270,0.01089,0.00000,0.00000,-0.022,-0.010,0
298.6160,-0.01184,-0.00399,0.01119,0.00000,0.00000,-0.023,-0.012,0
298.6660,-0.01009,-0.00529,0.01144,0.00000,0.00000,-0.024,-0.015,0
298.7160,-0.00832,-0.00657,0.01166,0.00000,0.00000,-0.025,-0.018,0
298.7660,-0.00655,-0.00785,0.01182,0.00000,0.00000,-0.026,-0.020,0
298.8160,-0.00478,-0.00911,0.01195,0.00000,0.00000,-0.027,-0.022,0
298.8660,-0.00302,-0.01034,0.01202,0.00000,0.00000,-0.028,-0.024,0
298.9160,-0.00126,-0.01157,0.01206,0.00000,0.00000,-0.029,-0.026,0
298.9660,0.00047,-0.01277,0.01205,0.00000,0.00000,-0.030,-0.028,0
299.0160,0.00219,-0.01395,0.01199,0.00000,0.00000,-0.031,-0.029,0
299.0660,0.00388,-0.01511,0.01190,0.00000,0.00000,-0.032,-0.030,0
299.1160,0.00553,-0.01623,0.01176,0.00000,0.00000,-0.032,-0.031,0
299.1660,0.00715,-0.01734,0.01158,0.00000,0.00000,-0.032,-0.031,0
299.2160,0.00873,-0.01841,0.01137,0.00000,0.00000,-0.032,-0.031,0
299.2660,0.01025,-0.01943,0.01111,0.00000,0.00000,-0.032,-0.031,0
299.3160,0.01170,-0.02040,0.01083,0.00000,0.00000,-0.031,-0.031,0
299.3660,0.01309,-0.02131,0.01050,0.00000,0.00000,-0.030,-0.030,0
299.4160,0.01441,-0.02220,0.01015,0.00000,0.00000,-0.029,-0.029,0
299.4660,0.01566,-0.02304,0.00977,0.00000,0.00000,-0.028,-0.028,0
299.5160,0.01684,-0.02383,0.00936,0.00000,0.00000,-0.026,-0.026,0
299.5660,0.01794,-0.02457,0.00892,0.00000,0.00000,-0.023,-0.025,0
299.6160,0.01896,-0.02527,0.00846,0.00000,0.00000,-0.021,-0.023,0
299.6660,0.01989,-0.02593,0.00799,0.00000,0.00000,-0.018,-0.021,0
299.7160,0.02074,-0.02654,0.00749,0.00000,0.00000,-0.014,-0.019,0
299.7660,0.02150,-0.02709,0.00698,0.00000,0.00000,-0.011,-0.017,0
299.8160,0.02218,-0.02760,0.00646,0.00000,0.00000,-0.007,-0.014,0
299.8660,0.02277,-0.02807,0.00593,0.00000,0.00000,-0.002,-0.012,0
299.9160,0.02328,-0.02850,0.00539,0.00000,0.00000,0.002,-0.009,0
299.9660,0.02370,-0.02888,0.00485,0.00000,0.00000,0.007,-0.007,0
300.0160,0.02405,-0.02923,0.00431,0.00000,0.00000,0.012,-0.004,0
300.0660,0.02433,-0.02954,0.00377,0.00000,0.00000,0.017,-0.002,0
300.1160,0.02454,-0.02982,0.00323,0.00000,0.00000,0.023,0.001,0
300.1660,0.02467,-0.03006,0.00270,0.00000,0.00000,0.029,0.003,0
300.2160,0.02474,-0.03026,0.00219,0.00000,0.00000,0.035,0.005,0
300.2660,0.02476,-0.03043,0.00168,0.00000,0.00000,0.041,0.008,0
300.3160,0.02471,-0.03057,0.00119,0.00000,0.00000,0.046,0.010,0
300.3660,0.02462,-0.03069,0.00072,0.00000,0.00000,0.053,0.012,0
300.4160,0.02449,-0.03078,0.00027,0.00000,0.00000,0.059,0.013,0
300.4660,0.02431,-0.03085,-0.00016,0.00000,0.00000,0.065,0.015,0
300.5160,0.02410,-0.03090,-0.00056,0.00000,0.00000,0.070,0.017,0
300.5660,0.02386,-0.03092,-0.00094,0.00000,0.00000,0.076,0.018,0
300.6160,0.02359,-0.03092,-0.00129,0.00000,0.00000,0.082,0.019,0
300.6660,0.02331,-0.03091,-0.00161,0.00000,0.00000,0.088,0.021,0
300.7160,0.02301,-0.03090,-0.00189,0.00000,0.00000,0.093,0.022,0
300.7660,0.02271,-0.03088,-0.00215,0.00000,0.00000,0.098,0.022,0
300.8160,0.02240,-0.03085,-0.00237,0.00000,0.00000,0.104,0.023,0
300.8660,0.02209,-0.03081,-0.00255,0.00000,0.00000,0.109,0.024,0
300.9160,0.02179,-0.03078,-0.00270,0.00000,0.00000,0.113,0.024,0
300.9660,0.02151,-0.03076,-0.00281,0.00000,0.00000,0.118,0.025,0
301.0160,0.02125,-0.03074,-0.00289,0.00000,0.00000,0.123,0.025,0
301.0660,0.02101,-0.03074,-0.00292,0.00000,0.00000,0.127,0.026,0
301.1160,0.02081,-0.03075,-0.00293,0.00000,0.00000,0.132,0.026,0
301.1660,0.02063,-0.03077,-0.00289,0.00000,0.00000,0.136,0.026,0
301.2160,0.02050,-0.03081,-0.00282,0.00000,0.00000,0.140,0.027,0
301.2660,0.02041,-0.03087,-0.00271,0.00000,0.00000,0.145,0.027,0
301.3160,0.02037,-0.03096,-0.00256,0.00000,0.00000,0.149,0.027,0
301.3660,0.02039,-0.03109,-0.00238,0.00000,0.00000,0.153,0.028,0
301.4160,0.02046,-0.03125,-0.00217,0.00000,0.00000,0.158,0.028,0
301.4660,0.02060,-0.03144,-0.00193,0.00000,0.00000,0.162,0.029,0
301.5160,0.02079,-0.03166,-0.00165,0.00000,0.00000,0.167,0.029,0
301.5660,0.02106,-0.03193,-0.00135,0.00000,0.00000,0.172,0.030,0
301.6160,0.02140,-0.03224,-0.00102,0.00000,0.00000,0.177,0.031,0
301.6660,0.02182,-0.03259,-0.00067,0.00000,0.00000,0.182,0.032,0
301.7160,0.02230,-0.03298,-0.00029,0.00000,0.00000,0.188,0.033,0
301.7660,0.02285,-0.03340,0.00011,0.00000,0.00000,0.194,0.034,0
301.8160,0.02349,-0.03386,0.00053,0.00000,0.00000,0.200,0.036,0
301.8660,0.02420,-0.03437,0.00096,0.00000,0.00000,0.207,0.038,0
301.9160,0.02499,-0.03492,0.00141,0.00000,0.00000,0.214,0.039,0
301.9660,0.02585,-0.03551,0.00187,0.00000,0.00000,0.221,0.041,0
302.0160,0.02679,-0.03613,0.00233,0.00000,0.00000,0.229,0.044,0
302.0660,0.02781,-0.03680,0.00280,0.00000,0.00000,0.238,0.046,0
302.1160,0.02892,-0.03752,0.00328,0.00000,0.00000,0.247,0.049,0
302.1660,0.03009,-0.03829,0.00375,0.00000,0.00000,0.257,0.052,0
302.2160,0.03134,-0.03908,0.00422,0.00000,0.00000,0.267,0.055,0
302.2660,0.03266,-0.03989,0.00468,0.00000,0.00000,0.279,0.059,0
302.3160,0.03404,-0.04074,0.00514,0.00000,0.00000,0.290,0.063,0
302.3660,0.03549,-0.04162,0.00558,0.00000,0.00000,0.303,0.067,0
302.4160,0.03700,-0.04253,0.00601,0.00000,0.00000,0.316,0.071,0
302.4660,0.03858,-0.04347,0.00643,0.00000,0.00000,0.330,0.076,0
302.5160,0.04021,-0.04443,0.00682,0.00000,0.00000,0.345,0.081,0
302.5660,0.04190,-0.04543,0.00719,0.00000,0.00000,0.361,0.086,0
302.6160,0.04364,-0.04644,0.00754,0.00000,0.00000,0.378,0.092,0
302.6660,0.04542,-0.04746,0.00786,0.00000,0.00000,0.395,0.098,0
302.7160,0.04725,-0.04850,0.00815,0.00000,0.00000,0.413,0.104,0
302.7660,0.04912,-0.04956,0.00841,0.00000,0.00000,0.433,0.111,0
302.8160,0.05102,-0.05062,0.00863,0.00000,0.00000,0.453,0.117,0
302.8660,0.05295,-0.05170,0.00882,0.00000,0.00000,0.474,0.124,0
302.9160,0.05491,-0.05279,0.00898,0.00000,0.00000,0.496,0.131,0
302.9660,0.05689,-0.05387,0.00909,0.00000,0.00000,0.519,0.139,0
303.0160,0.05889,-0.05495,0.00917,0.00000,0.00000,0.543,0.146,0
303.0660,0.06090,-0.05602,0.00920,0.00000,0.00000,0.567,0.154,0
303.1160,0.06291,-0.05709,0.00919,0.00000,0.00000,0.593,0.161,0
303.1660,0.06492,-0.05815,0.00914,0.00000,0.00000,0.619,0.169,0
303.2160,0.06693,-0.05920,0.00905,0.00000,0.00000,0.646,0.177,0
303.2660,0.06893,-0.06023,0.00891,0.00000,0.00000,0.674,0.184,0
303.3160,0.07091,-0.06123,0.00872,0.00000,0.00000,0.702,0.192,0
303.3660,0.07286,-0.06220,0.00849,0.00000,0.00000,0.731,0.199,0
303.4160,0.07478,-0.06315,0.00822,0.00000,0.00000,0.760,0.207,0
303.4660,0.07666,-0.06406,0.00790,0.00000,0.00000,0.790,0.213,0
303.5160,0.07851,-0.06492,0.00754,0.00000,0.00000,0.820,0.220,0
303.5660,0.08030,-0.06576,0.00713,0.00000,0.00000,0.850,0.226,0
303.6160,0.08204,-0.06654,0.00668,0.00000,0.00000,0.880,0.232,0
303.6660,0.08371,-0.06727,0.00619,0.00000,0.00000,0.910,0.238,0
303.7160,0.08531,-0.06794,0.00565,0.00000,0.00000,0.940,0.242,0
303.7660,0.08684,-0.06856,0.00508,0.00000,0.00000,0.970,0.247,0
303.8160,0.08829,-0.06913,0.00447,0.00000,0.00000,0.999,0.250,0
303.8660,0.08965,-0.06963,0.00381,0.00000,0.00000,1.028,0.253,0
303.9160,0.09093,-0.07008,0.00313,0.00000,0.00000,1.056,0.255,0
303.9660,0.09210,-0.07047,0.00241,0.00000,0.00000,1.084,0.257,0
304.0160,0.09317,-0.07078,0.00166,0.00000,0.00000,1.111,0.257,0
304.0660,0.09413,-0.07103,0.00088,0.00000,0.00000,1.137,0.257,0
304.1160,0.09496,-0.07119,0.00007,0.00000,0.00000,1.162,0.256,0
304.1660,0.09568,-0.07128,-0.00077,0.00000,0.00000,1.186,0.254,0
304.2160,0.09626,-0.07129,-0.00162,0.00000,0.00000,1.208,0.251,0
304.2660,0.09670,-0.07121,-0.00250,0.00000,0.00000,1.229,0.247,0
304.3160,0.09701,-0.07106,-0.00339,0.00000,0.00000,1.249,0.242,0
304.3660,0.09718,-0.07083,-0.00429,0.00000,0.00000,1.267,0.236,0
304.4160,0.09720,-0.07051,-0.00520,0.00000,0.00000,1.283,0.229,0
304.4660,0.09707,-0.07011,-0.00613,0.00000,0.00000,1.297,0.222,0
304.5160,0.09678,-0.06962,-0.00705,0.00000,0.00000,1.310,0.213,0
304.5660,0.09634,-0.06905,-0.00798,0.00000,0.00000,1.320,0.204,0
304.6160,0.09573,-0.06839,-0.00890,0.00000,0.00000,1.329,0.193,0
304.6660,0.09496,-0.06765,-0.00982,0.00000,0.00000,1.335,0.182,0
304.7160,0.09402,-0.06681,-0.01073,0.00000,0.00000,1.340,0.170,0
304.7660,0.09291,-0.06588,-0.01162,0.00000,0.00000,1.342,0.157,0
304.8160,0.09163,-0.06487,-0.01250,0.00000,0.00000,1.342,0.144,0
304.8660,0.09018,-0.06377,-0.01336,0.00000,0.00000,1.339,0.130,0
304.9160,0.08856,-0.06258,-0.01419,0.00000,0.00000,1.335,0.116,0
304.9660,0.08677,-0.06132,-0.01500,0.00000,0.00000,1.328,0.101,0
305.0160,0.08482,-0.05998,-0.01578,0.00000,0.00000,1.319,0.086,0
305.0660,0.08270,-0.05855,-0.01652,0.00000,0.00000,1.308,0.070,0
305.1160,0.08040,-0.05703,-0.01723,0.00000,0.00000,1.294,0.054,0
305.1660,0.07795,-0.05542,-0.01791,0.00000,0.00000,1.278,0.038,0
305.2160,0.07533,-0.05374,-0.01854,0.00000,0.00000,1.259,0.022,0
305.2660,0.07257,-0.05200,-0.01913,0.00000,0.00000,1.239,0.007,0
305.3160,0.06965,-0.05019,-0.01967,0.00000,0.00000,1.217,-0.009,0
305.3660,0.06660,-0.04830,-0.02017,0.00000,0.00000,1.192,-0.024,0
305.4160,0.06341,-0.04635,-0.02062,0.00000,0.00000,1.166,-0.040,0
305.4660,0.06008,-0.04433,-0.02102,0.00000,0.00000,1.138,-0.054,0
305.5160,0.05664,-0.04227,-0.02137,0.00000,0.00000,1.108,-0.068,0
305.5660,0.05309,-0.04015,-0.02167,0.00000,0.00000,1.077,-0.081,0
305.6160,0.04944,-0.03801,-0.02192,0.00000,0.00000,1.044,-0.094,0
305.6660,0.04571,-0.03583,-0.02211,0.00000,0.00000,1.010,-0.106,0
305.7160,0.04191,-0.03363,-0.02225,0.00000,0.00000,0.975,-0.117,0
305.7660,0.03804,-0.03140,-0.02234,0.00000,0.00000,0.940,-0.127,0
305.8160,0.03412,-0.02915,-0.02237,0.00000,0.00000,0.903,-0.136,0
305.8660,0.03016,-0.02689,-0.02235,0.00000,0.00000,0.865,-0.144,0
305.9160,0.02617,-0.02462,-0.02228,0.00000,0.00000,0.827,-0.151,0
305.9660,0.02216,-0.02232,-0.02216,0.00000,0.00000,0.789,-0.157,0
306.0160,0.01814,-0.02003,-0.02198,0.00000,0.00000,0.750,-0.162,0
306.0660,0.01414,-0.01776,-0.02175,0.00000,0.00000,0.710,-0.166,0
306.1160,0.01016,-0.01550,-0.02147,0.00000,0.00000,0.671,-0.169,0
306.1660,0.00623,-0.01326,-0.02114,0.00000,0.00000,0.632,-0.171,0
306.2160,0.00234,-0.01104,-0.02076,0.00000,0.00000,0.594,-0.171,0
306.2660,-0.00147,-0.00885,-0.02033,0.00000,0.00000,0.555,-0.171,0
306.3160,-0.00521,-0.00670,-0.01986,0.00000,0.00000,0.517,-0.169,0
306.3660,-0.00886,-0.00458,-0.01935,0.00000,0.00000,0.480,-0.167,0
306.4160,-0.01240,-0.00251,-0.01879,0.00000,0.00000,0.443,-0.164,0
306.4660,-0.01582,-0.00051,-0.01819,0.00000,0.00000,0.408,-0.160,0
306.5160,-0.01909,0.00143,-0.01756,0.00000,0.00000,0.373,-0.155,0
306.5660,-0.02223,0.00331,-0.01688,0.00000,0.00000,0.340,-0.149,0
306.6160,-0.02520,0.00512,-0.01618,0.00000,0.00000,0.308,-0.143,0
306.6660,-0.02802,0.00685,-0.01543,0.00000,0.00000,0.276,-0.136,0
306.7160,-0.03065,0.00851,-0.01466,0.00000,0.00000,0.247,-0.128,0
306.7660,-0.03311,0.01009,-0.01387,0.00000,0.00000,0.218,-0.120,0
306.8160,-0.03537,0.01159,-0.01304,0.00000,0.00000,0.192,-0.112,0
306.8660,-0.03743,0.01299,-0.01219,0.00000,0.00000,0.166,-0.103,0
306.9160,-0.03929,0.01431,-0.01133,0.00000,0.00000,0.143,-0.095,0
306.9660,-0.04094,0.01554,-0.01044,0.00000,0.00000,0.120,-0.086,0
307.0160,-0.04238,0.01668,-0.00954,0.00000,0.00000,0.100,-0.077,0
307.0660,-0.04361,0.01772,-0.00863,0.00000,0.00000,0.081,-0.068,0
307.1160,-0.04462,0.01867,-0.00771,0.00000,0.00000,0.063,-0.059,0
307.1660,-0.04543,0.01952,-0.00678,0.00000,0.00000,0.048,-0.050,0
307.2160,-0.04603,0.02027,-0.00585,0.00000,0.00000,0.034,-0.041,0
307.2660,-0.04644,0.02093,-0.00491,0.00000,0.00000,0.021,-0.033,0
307.3160,-0.04665,0.02149,-0.00398,0.00000,0.00000,0.010,-0.025,0
307.3660,-0.04669,0.02196,-0.00305,0.00000,0.00000,0.000,-0.018,0
307.4160,-0.04655,0.02233,-0.00213,0.00000,0.00000,-0.008,-0.011,0
307.4660,-0.04625,0.02262,-0.00121,0.00000,0.00000,-0.015,-0.005,0
307.5160,-0.04580,0.02282,-0.00031,0.00000,0.00000,-0.020,0.001,0
307.5660,-0.04521,0.02292,0.00058,0.00000,0.00000,-0.025,0.006,0
307.6160,-0.04448,0.02294,0.00145,0.00000,0.00000,-0.028,0.011,0
307.6660,-0.04362,0.02286,0.00230,0.00000,0.00000,-0.030,0.014,0
307.7160,-0.04264,0.02270,0.00313,0.00000,0.00000,-0.032,0.018,0
307.7660,-0.04156,0.02245,0.00393,0.00000,0.00000,-0.032,0.020,0
307.8160,-0.04038,0.02212,0.00471,0.00000,0.00000,-0.032,0.022,0
307.8660,-0.03910,0.02171,0.00546,0.00000,0.00000,-0.032,0.024,0
307.9160,-0.03773,0.02123,0.00619,0.00000,0.00000,-0.031,0.024,0
307.9660,-0.03628,0.02067,0.00688,0.00000,0.00000,-0.029,0.025,0
308.0160,-0.03477,0.02004,0.00753,0.00000,0.00000,-0.027,0.025,0
308.0660,-0.03320,0.01936,0.00815,0.00000,0.00000,-0.026,0.024,0
308.1160,-0.03157,0.01862,0.00874,0.00000,0.00000,-0.023,0.023,0
308.1660,-0.02989,0.01784,0.00929,0.00000,0.00000,-0.021,0.021,0
308.2160,-0.02817,0.01700,0.00979,0.00000,0.00000,-0.019,0.019,0
308.2660,-0.02641,0.01611,0.01026,0.00000,0.00000,-0.017,0.017,0
308.3160,-0.02462,0.01518,0.01069,0.00000,0.00000,-0.015,0.015,0
308.3660,-0.02280,0.01422,0.01107,0.00000,0.00000,-0.013,0.012,0
308.4160,-0.02097,0.01321,0.01142,0.00000,0.00000,-0.011,0.010,0
308.4660,-0.01911,0.01218,0.01172,0.00000,0.00000,-0.009,0.007,0
308.5160,-0.01725,0.01112,0.01198,0.00000,0.00000,-0.008,0.004,0
308.5660,-0.01538,0.01004,0.01219,0.00000,0.00000,-0.006,0.001,0
308.6160,-0.01351,0.00894,0.01237,0.00000,0.00000,-0.005,-0.002,0
308.6660,-0.01165,0.00782,0.01250,0.00000,0.00000,-0.004,-0.004,0
308.7160,-0.00979,0.00669,0.01259,0.00000,0.00000,-0.004,-0.007,0
308.7660,-0.00796,0.00557,0.01264,0.00000,0.00000,-0.003,-0.010,0
308.8160,-0.00615,0.00445,0.01265,0.00000,0.00000,-0.003,-0.012,0
308.8660,-0.00437,0.00333,0.01262,0.00000,0.00000,-0.003,-0.014,0
308.9160,-0.00262,0.00221,0.01255,0.00000,0.00000,-0.003,-0.016,0
308.9660,-0.00090,0.00111,0.01245,0.00000,0.00000,-0.003,-0.018,0
309.0160,0.00077,0.00003,0.01231,0.00000,0.00000,-0.003,-0.020,0
309.0660,0.00239,-0.00103,0.01213,0.00000,0.00000,-0.003,-0.021,0
309.1160,0.00396,-0.00207,0.01192,0.00000,0.00000,-0.004,-0.022,0
309.1660,0.00548,-0.00309,0.01168,0.00000,0.00000,-0.004,-0.023,0
309.2160,0.00694,-0.00409,0.01141,0.00000,0.00000,-0.005,-0.023,0
309.2660,0.00834,-0.00506,0.01111,0.00000,0.00000,-0.005,-0.024,0
309.3160,0.00968,-0.00600,0.01078,0.00000,0.00000,-0.005,-0.024,0
309.3660,0.01094,-0.00691,0.01042,0.00000,0.00000,-0.005,-0.024,0
309.4160,0.01213,-0.00777,0.01004,0.00000,0.00000,-0.006,-0.023,0
309.4660,0.01324,-0.00860,0.00964,0.00000,0.00000,-0.006,-0.023,0
309.5160,0.01427,-0.00938,0.00921,0.00000,0.00000,-0.006,-0.022,0
309.5660,0.01522,-0.01013,0.00876,0.00000,0.00000,-0.005,-0.021,0
309.6160,0.01609,-0.01084,0.00830,0.00000,0.00000,-0.005,-0.020,0
309.6660,0.01688,-0.01151,0.00782,0.00000,0.00000,-0.005,-0.018,0
309.7160,0.01758,-0.01214,0.00732,0.00000,0.00000,-0.004,-0.017,0
309.7660,0.01820,-0.01274,0.00681,0.00000,0.00000,-0.003,-0.015,0
309.8160,0.01873,-0.01328,0.00629,0.00000,0.00000,-0.002,-0.014,0
309.8660,0.01917,-0.01378,0.00575,0.00000,0.00000,-0.001,-0.012,0
309.9160,0.01952,-0.01422,0.00522,0.00000,0.00000,0.001,-0.010,0
309.9660,0.01978,-0.01463,0.00467,0.00000,0.00000,0.002,-0.008,0
310.0160,0.01997,-0.01499,0.00412,0.00000,0.00000,0.004,-0.007,0
310.0660,0.02007,-0.01531,0.00357,0.00000,0.00000,0.005,-0.005,0
310.1160,0.02010,-0.01559,0.00301,0.00000,0.00000,0.007,-0.003,0
310.1660,0.02005,-0.01584,0.00246,0.00000,0.00000,0.009,-0.001,0
310.2160,0.01993,-0.01604,0.00190,0.00000,0.00000,0.011,0.000,0
310.2660,0.01973,-0.01620,0.00136,0.00000,0.00000,0.013,0.002,0
310.3160,0.01947,-0.01631,0.00081,0.00000,0.00000,0.016,0.003,0
310.3660,0.01913,-0.01639,0.00028,0.00000,0.00000,0.018,0.005,0
310.4160,0.01874,-0.01642,-0.00025,0.00000,0.00000,0.020,0.006,0
310.4660,0.01828,-0.01643,-0.00077,0.00000,0.00000,0.022,0.007,0
310.5160,0.01777,-0.01640,-0.00128,0.00000,0.00000,0.024,0.008,0
310.5660,0.01719,-0.01633,-0.00177,0.00000,0.00000,0.026,0.009,0
310.6160,0.01656,-0.01621,-0.00225,0.00000,0.00000,0.028,0.009,0
310.6660,0.01588,-0.01606,-0.00272,0.00000,0.00000,0.030,0.010,0
310.7160,0.01516,-0.01589,-0.00317,0.00000,0.00000,0.031,0.010,0
310.7660,0.01439,-0.01569,-0.00360,0.00000,0.00000,0.033,0.010,0
310.8160,0.01358,-0.01546,-0.00401,0.00000,0.00000,0.034,0.011,0
310.8660,0.01273,-0.01520,-0.00440,0.00000,0.00000,0.036,0.011,0
310.9160,0.01184,-0.01491,-0.00478,0.00000,0.00000,0.037,0.011,0
310.9660,0.01092,-0.01460,-0.00513,0.00000,0.00000,0.037,0.010,0
311.0160,0.00998,-0.01427,-0.00546,0.00000,0.00000,0.038,0.010,0
311.0660,0.00900,-0.01393,-0.00576,0.00000,0.00000,0.038,0.010,0
311.1160,0.00801,-0.01357,-0.00604,0.00000,0.00000,0.039,0.009,0
311.1660,0.00700,-0.01321,-0.00630,0.00000,0.00000,0.039,0.009,0
311.2160,0.00598,-0.01283,-0.00653,0.00000,0.00000,0.038,0.008,0
311.2660,0.00494,-0.01245,-0.00673,0.00000,0.00000,0.038,0.008,0
311.3160,0.00391,-0.01208,-0.00691,0.00000,0.00000,0.038,0.007,0
311.3660,0.00287,-0.01170,-0.00706,0.00000,0.00000,0.037,0.006,0
311.4160,0.00184,-0.01134,-0.00719,0.00000,0.00000,0.036,0.006,0
311.4660,0.00081,-0.01099,-0.00728,0.00000,0.00000,0.035,0.005,0
311.5160,-0.00020,-0.01065,-0.00735,0.00000,0.00000,0.034,0.005,0
311.5660,-0.00121,-0.01033,-0.00739,0.00000,0.00000,0.033,0.004,0
311.6160,-0.00219,-0.01002,-0.00741,0.00000,0.00000,0.031,0.003,0
311.6660,-0.00316,-0.00973,-0.00739,0.00000,0.00000,0.030,0.003,0
311.7160,-0.00410,-0.00946,-0.00735,0.00000,0.00000,0.028,0.002,0
311.7660,-0.00502,-0.00921,-0.00728,0.00000,0.00000,0.026,0.002,0
311.8160,-0.00592,-0.00897,-0.00718,0.00000,0.00000,0.024,0.002,0
311.8660,-0.00677,-0.00875,-0.00706,0.00000,0.00000,0.022,0.001,0
311.9160,-0.00759,-0.00857,-0.00691,0.00000,0.00000,0.020,0.001,0
311.9660,-0.00837,-0.00842,-0.00673,0.00000,0.00000,0.018,0.001,0
312.0160,-0.00911,-0.00830,-0.00652,0.00000,0.00000,0.016,0.000,0
312.0660,-0.00979,-0.00822,-0.00629,0.00000,0.00000,0.014,0.000,0
312.1160,-0.01042,-0.00819,-0.00603,0.00000,0.00000,0.012,0.000,0
312.1660,-0.01099,-0.00819,-0.00575,0.00000,0.00000,0.009,0.000,0
312.2160,-0.01151,-0.00824,-0.00544,0.00000,0.00000,0.007,0.000,0
312.2660,-0.01196,-0.00832,-0.00511,0.00000,0.00000,0.005,0.000,0
312.3160,-0.01236,-0.00844,-0.00476,0.00000,0.00000,0.003,0.000,0
312.3660,-0.01269,-0.00861,-0.00438,0.00000,0.00000,0.000,0.000,0
312.4160,-0.01296,-0.00882,-0.00399,0.00000,0.00000,-0.002,0.000,0
312.4660,-0.01315,-0.00908,-0.00357,0.00000,0.00000,-0.004,0.000,0
312.5160,-0.01328,-0.00938,-0.00313,0.00000,0.00000,-0.006,0.000,0
312.5660,-0.01334,-0.00973,-0.00268,0.00000,0.00000,-0.009,0.001,0
312.6160,-0.01332,-0.01013,-0.00220,0.00000,0.00000,-0.011,0.001,0
312.6660,-0.01323,-0.01058,-0.00171,0.00000,0.00000,-0.013,0.001,0
312.7160,-0.01306,-0.01108,-0.00121,0.00000,0.00000,-0.015,0.001,0
312.7660,-0.01282,-0.01164,-0.00069,0.00000,0.00000,-0.017,0.000,0
312.8160,-0.01249,-0.01225,-0.00016,0.00000,0.00000,-0.019,0.000,0
312.8660,-0.01208,-0.01293,0.00039,0.00000,0.00000,-0.021,0.000,0
312.9160,-0.01158,-0.01365,0.00095,0.00000,0.00000,-0.022,0.000,0
312.9660,-0.01100,-0.01445,0.00151,0.00000,0.00000,-0.024,-0.000,0
313.0160,-0.01033,-0.01530,0.00209,0.00000,0.00000,-0.025,-0.000,0
313.0660,-0.00958,-0.01621,0.00267,0.00000,0.00000,-0.027,-0.001,0
313.1160,-0.00874,-0.01718,0.00326,0.00000,0.00000,-0.028,-0.001,0
313.1660,-0.00782,-0.01820,0.00385,0.00000,0.00000,-0.029,-0.001,0
313.2160,-0.00681,-0.01928,0.00444,0.00000,0.00000,-0.029,-0.002,0
313.2660,-0.00572,-0.02040,0.00504,0.00000,0.00000,-0.030,-0.002,0
313.3160,-0.00454,-0.02157,0.00564,0.00000,0.00000,-0.030,-0.002,0
313.3660,-0.00329,-0.02277,0.00623,0.00000,0.00000,-0.030,-0.003,0
313.4160,-0.00197,-0.02401,0.00683,0.00000,0.00000,-0.030,-0.003,0
313.4660,-0.00056,-0.02531,0.00742,0.00000,0.00000,-0.030,-0.003,0
313.5160,0.00094,-0.02666,0.00801,0.00000,0.00000,-0.029,-0.003,0
313.5660,0.00253,-0.02807,0.00859,0.00000,0.00000,-0.027,-0.003,0
313.6160,0.00419,-0.02952,0.00916,0.00000,0.00000,-0.025,-0.003,0
313.6660,0.00592,-0.03101,0.00972,0.00000,0.00000,-0.023,-0.003,0
313.7160,0.00773,-0.03254,0.01027,0.00000,0.00000,-0.019,-0.002,0
313.7660,0.00961,-0.03411,0.01081,0.00000,0.00000,-0.016,-0.001,0
313.8160,0.01155,-0.03572,0.01133,0.00000,0.00000,-0.011,-0.000,0
313.8660,0.01356,-0.03736,0.01184,0.00000,0.00000,-0.005,0.001,0
313.9160,0.01562,-0.03903,0.01233,0.00000,0.00000,0.001,0.003,0
313.9660,0.01774,-0.04072,0.01281,0.00000,0.00000,0.008,0.005,0
314.0160,0.01991,-0.04244,0.01326,0.00000,0.00000,0.017,0.008,0
314.0660,0.02213,-0.04418,0.01370,0.00000,0.00000,0.026,0.011,0
314.1160,0.02439,-0.04593,0.01411,0.00000,0.00000,0.037,0.014,0
314.1660,0.02670,-0.04771,0.01450,0.00000,0.00000,0.049,0.018,0
314.2160,0.02906,-0.04951,0.01486,0.00000,0.00000,0.062,0.023,0
314.2660,0.03145,-0.05132,0.01520,0.00000,0.00000,0.077,0.028,0
314.3160,0.03388,-0.05313,0.01551,0.00000,0.00000,0.094,0.034,0
314.3660,0.03634,-0.05495,0.01579,0.00000,0.00000,0.112,0.040,0
314.4160,0.03883,-0.05677,0.01604,0.00000,0.00000,0.131,0.047,0
314.4660,0.04136,-0.05860,0.01625,0.00000,0.00000,0.152,0.054,0
314.5160,0.04392,-0.06044,0.01644,0.00000,0.00000,0.175,0.063,0
314.5660,0.04651,-0.06228,0.01659,0.00000,0.00000,0.200,0.071,0
314.6160,0.04914,-0.06413,0.01671,0.00000,0.00000,0.226,0.081,0
314.6660,0.05179,-0.06597,0.01679,0.00000,0.00000,0.255,0.091,0
314.7160,0.05445,-0.06778,0.01683,0.00000,0.00000,0.285,0.101,0
314.7660,0.05713,-0.06957,0.01684,0.00000,0.00000,0.318,0.113,0
314.8160,0.05983,-0.07133,0.01680,0.00000,0.00000,0.351,0.124,0
314.8660,0.06254,-0.07307,0.01673,0.00000,0.00000,0.387,0.136,0
314.9160,0.06526,-0.07478,0.01662,0.00000,0.00000,0.424,0.149,0
314.9660,0.06800,-0.07647,0.01647,0.00000,0.00000,0.463,0.161,0
315.0160,0.07075,-0.07812,0.01627,0.00000,0.00000,0.503,0.175,0
315.0660,0.07350,-0.07974,0.01604,0.00000,0.00000,0.546,0.188,0
315.1160,0.07626,-0.08131,0.01576,0.00000,0.00000,0.589,0.202,0
315.1660,0.07901,-0.08284,0.01544,0.00000,0.00000,0.634,0.216,0
315.2160,0.08178,-0.08433,0.01508,0.00000,0.00000,0.681,0.229,0
315.2660,0.08458,-0.08576,0.01467,0.00000,0.00000,0.729,0.243,0
315.3160,0.08743,-0.08713,0.01422,0.00000,0.00000,0.777,0.257,0
315.3660,0.09036,-0.08845,0.01372,0.00000,0.00000,0.827,0.271,0
315.4160,0.09339,-0.08974,0.01318,0.00000,0.00000,0.877,0.284,0
315.4660,0.09653,-0.09097,0.01260,0.00000,0.00000,0.929,0.297,0
315.5160,0.09978,-0.09214,0.01198,0.00000,0.00000,0.982,0.310,0
315.5660,0.10317,-0.09324,0.01131,0.00000,0.00000,1.035,0.322,0
315.6160,0.10668,-0.09427,0.01060,0.00000,0.00000,1.090,0.333,0
315.6660,0.11032,-0.09521,0.00984,0.00000,0.00000,1.147,0.344,0
315.7160,0.11409,-0.09606,0.00905,0.00000,0.00000,1.204,0.353,0
315.7660,0.11799,-0.09683,0.00821,0.00000,0.00000,1.263,0.362,0
315.8160,0.12203,-0.09752,0.00734,0.00000,0.00000,1.323,0.371,0
315.8660,0.12619,-0.09812,0.00643,0.00000,0.00000,1.384,0.378,0
315.9160,0.13046,-0.09861,0.00548,0.00000,0.00000,1.447,0.384,0
315.9660,0.13484,-0.09900,0.00449,0.00000,0.00000,1.511,0.388,0
316.0160,0.13930,-0.09930,0.00348,0.00000,0.00000,1.576,0.392,0
316.0660,0.14385,-0.09949,0.00243,0.00000,0.00000,1.641,0.394,0
316.1160,0.14844,-0.09957,0.00135,0.00000,0.00000,1.706,0.394,0
316.1660,0.15308,-0.09953,0.00024,0.00000,0.00000,1.770,0.392,0
316.2160,0.15773,-0.09938,-0.00089,0.00000,0.00000,1.833,0.389,0
316.2660,0.16238,-0.09911,-0.00205,0.00000,0.00000,1.893,0.383,0
316.3160,0.16699,-0.09872,-0.00322,0.00000,0.00000,1.951,0.375,0
316.3660,0.17155,-0.09820,-0.00441,0.00000,0.00000,2.005,0.365,0
316.4160,0.17604,-0.09757,-0.00561,0.00000,0.00000,2.055,0.353,0
316.4660,0.18041,-0.09681,-0.00683,0.00000,0.00000,2.099,0.339,0
316.5160,0.18465,-0.09593,-0.00805,0.00000,0.00000,2.138,0.323,0
316.5660,0.18872,-0.09493,-0.00928,0.00000,0.00000,2.171,0.305,0
316.6160,0.19260,-0.09379,-0.01050,0.00000,0.00000,2.196,0.285,0
316.6660,0.19624,-0.09253,-0.01172,0.00000,0.00000,2.214,0.264,0
316.7160,0.19963,-0.09116,-0.01293,0.00000,0.00000,2.225,0.241,0
316.7660,0.20273,-0.08965,-0.01413,0.00000,0.00000,2.227,0.217,0
316.8160,0.20549,-0.08801,-0.01531,0.00000,0.00000,2.222,0.192,0
316.8660,0.20791,-0.08626,-0.01647,0.00000,0.00000,2.208,0.167,0
316.9160,0.20993,-0.08439,-0.01760,0.00000,0.00000,2.187,0.141,0
316.9660,0.21152,-0.08239,-0.01871,0.00000,0.00000,2.160,0.116,0
317.0160,0.21266,-0.08027,-0.01977,0.00000,0.00000,2.126,0.092,0
317.0660,0.21330,-0.07805,-0.02080,0.00000,0.00000,2.087,0.068,0
317.1160,0.21343,-0.07572,-0.02179,0.00000,0.00000,2.043,0.045,0
317.1660,0.21301,-0.07329,-0.02273,0.00000,0.00000,1.997,0.024,0
317.2160,0.21200,-0.07078,-0.02362,0.00000,0.00000,1.948,0.003,0
317.2660,0.21040,-0.06819,-0.02447,0.00000,0.00000,1.899,-0.016,0
317.3160,0.20815,-0.06552,-0.02525,0.00000,0.00000,1.850,-0.035,0
317.3660,0.20524,-0.06279,-0.02598,0.00000,0.00000,1.802,-0.052,0
317.4160,0.20165,-0.06000,-0.02665,0.00000,0.00000,1.755,-0.069,0
317.4660,0.19735,-0.05716,-0.02727,0.00000,0.00000,1.710,-0.085,0
317.5160,0.19230,-0.05427,-0.02782,0.00000,0.00000,1.667,-0.101,0
317.5660,0.18649,-0.05134,-0.02831,0.00000,0.00000,1.627,-0.117,0
317.6160,0.17990,-0.04837,-0.02874,0.00000,0.00000,1.588,-0.133,0
317.6660,0.17262,-0.04537,-0.02910,0.00000,0.00000,1.551,-0.150,0
317.7160,0.16478,-0.04233,-0.02941,0.00000,0.00000,1.515,-0.166,0
317.7660,0.15648,-0.03927,-0.02964,0.00000,0.00000,1.477,-0.183,0
317.8160,0.14781,-0.03618,-0.02982,0.00000,0.00000,1.437,-0.200,0
317.8660,0.13886,-0.03307,-0.02993,0.00000,0.00000,1.394,-0.216,0
317.9160,0.12970,-0.02996,-0.02997,0.00000,0.00000,1.349,-0.231,0
317.9660,0.12039,-0.02685,-0.02995,0.00000,0.00000,1.301,-0.245,0
318.0160,0.11099,-0.02374,-0.02986,0.00000,0.00000,1.251,-0.258,0
318.0660,0.10155,-0.02065,-0.02971,0.00000,0.00000,1.198,-0.269,0
318.1160,0.09210,-0.01758,-0.02949,0.00000,0.00000,1.144,-0.279,0
318.1660,0.08270,-0.01454,-0.02921,0.00000,0.00000,1.088,-0.287,0
318.2160,0.07338,-0.01154,-0.02886,0.00000,0.00000,1.031,-0.293,0
318.2660,0.06417,-0.00858,-0.02845,0.00000,0.00000,0.974,-0.297,0
318.3160,0.05510,-0.00568,-0.02798,0.00000,0.00000,0.916,-0.299,0
318.3660,0.04620,-0.00283,-0.02745,0.00000,0.00000,0.857,-0.300,0
318.4160,0.03750,-0.00005,-0.02685,0.00000,0.00000,0.799,-0.299,0
318.4660,0.02903,0.00266,-0.02620,0.00000,0.00000,0.742,-0.296,0
318.5160,0.02080,0.00529,-0.02549,0.00000,0.00000,0.685,-0.291,0
318.5660,0.01284,0.00784,-0.02473,0.00000,0.00000,0.629,-0.285,0
318.6160,0.00517,0.01030,-0.02392,0.00000,0.00000,0.575,-0.277,0
318.6660,-0.00218,0.01266,-0.02305,0.00000,0.00000,0.523,-0.268,0
318.7160,-0.00919,0.01490,-0.02214,0.00000,0.00000,0.472,-0.257,0
318.7660,-0.01585,0.01703,-0.02118,0.00000,0.00000,0.424,-0.245,0
318.8160,-0.02214,0.01904,-0.02018,0.00000,0.00000,0.378,-0.232,0
318.8660,-0.02805,0.02094,-0.01914,0.00000,0.00000,0.334,-0.218,0
318.9160,-0.03357,0.02270,-0.01806,0.00000,0.00000,0.292,-0.203,0
318.9660,-0.03867,0.02432,-0.01695,0.00000,0.00000,0.254,-0.187,0
319.0160,-0.04334,0.02581,-0.01581,0.00000,0.00000,0.218,-0.171,0
319.0660,-0.04760,0.02717,-0.01464,0.00000,0.00000,0.184,-0.155,0
319.1160,-0.05143,0.02839,-0.01345,0.00000,0.00000,0.154,-0.138,0
319.1660,-0.05483,0.02951,-0.01224,0.00000,0.00000,0.126,-0.121,0
319.2160,-0.05781,0.03048,-0.01101,0.00000,0.00000,0.101,-0.104,0
319.2660,-0.06036,0.03131,-0.00978,0.00000,0.00000,0.079,-0.087,0
319.3160,-0.06251,0.03202,-0.00853,0.00000,0.00000,0.059,-0.071,0
319.3660,-0.06426,0.03258,-0.00728,0.00000,0.00000,0.043,-0.055,0
319.4160,-0.06564,0.03301,-0.00603,0.00000,0.00000,0.029,-0.040,0
319.4660,-0.06668,0.03332,-0.00479,0.00000,0.00000,0.017,-0.026,0
319.5160,-0.06739,0.03351,-0.00355,0.00000,0.00000,0.008,-0.012,0
319.5660,-0.06779,0.03359,-0.00232,0.00000,0.00000,0.001,0.000,0
319.6160,-0.06791,0.03354,-0.00111,0.00000,0.00000,-0.003,0.012,0
319.6660,-0.06777,0.03338,0.00009,0.00000,0.00000,-0.006,0.022,0
319.7160,-0.06738,0.03311,0.00126,0.00000,0.00000,-0.007,0.031,0
319.7660,-0.06678,0.03274,0.00240,0.00000,0.00000,-0.007,0.039,0
319.8160,-0.06596,0.03227,0.00352,0.00000,0.00000,-0.005,0.045,0
319.8660,-0.06496,0.03171,0.00461,0.00000,0.00000,-0.003,0.050,0
319.9160,-0.06379,0.03106,0.00566,0.00000,0.00000,0.001,0.054,0
319.9660,-0.06246,0.03034,0.00667,0.00000,0.00000,0.005,0.057,0
320.0160,-0.06100,0.02955,0.00764,0.00000,0.00000,0.010,0.058,0
320.0660,-0.05942,0.02871,0.00856,0.00000,0.00000,0.015,0.059,0
320.1160,-0.05773,0.02781,0.00944,0.00000,0.00000,0.020,0.058,0
320.1660,-0.05593,0.02687,0.01027,0.00000,0.00000,0.025,0.057,0
320.2160,-0.05405,0.02589,0.01104,0.00000,0.00000,0.031,0.054,0
320.2660,-0.05209,0.02486,0.01177,0.00000,0.00000,0.036,0.051,0
320.3160,-0.05005,0.02380,0.01243,0.00000,0.00000,0.041,0.047,0
320.3660,-0.04794,0.02270,0.01304,0.00000,0.00000,0.046,0.043,0
320.4160,-0.04578,0.02157,0.01359,0.00000,0.00000,0.050,0.038,0
320.4660,-0.04356,0.02041,0.01409,0.00000,0.00000,0.054,0.033,0
320.5160,-0.04132,0.01925,0.01452,0.00000,0.00000,0.057,0.027,0
320.5660,-0.03904,0.01809,0.01489,0.00000,0.00000,0.060,0.021,0
320.6160,-0.03675,0.01692,0.01520,0.00000,0.00000,0.062,0.015,0
320.6660,-0.03444,0.01576,0.01545,0.00000,0.00000,0.064,0.009,0
320.7160,-0.03214,0.01462,0.01564,0.00000,0.00000,0.065,0.002,0
320.7660,-0.02984,0.01349,0.01577,0.00000,0.00000,0.066,-0.004,0
320.8160,-0.02754,0.01237,0.01584,0.00000,0.00000,0.066,-0.010,0
320.8660,-0.02526,0.01126,0.01586,0.00000,0.00000,0.066,-0.016,0
320.9160,-0.02300,0.01016,0.01582,0.00000,0.00000,0.066,-0.021,0
320.9660,-0.02077,0.00910,0.01572,0.00000,0.00000,0.065,-0.027,0
321.0160,-0.01858,0.00806,0.01558,0.00000,0.00000,0.064,-0.032,0
321.0660,-0.01644,0.00705,0.01538,0.00000,0.00000,0.062,-0.036,0
321.1160,-0.01434,0.00606,0.01513,0.00000,0.00000,0.060,-0.041,0
321.1660,-0.01229,0.00510,0.01484,0.00000,0.00000,0.058,-0.045,0
321.2160,-0.01031,0.00417,0.01451,0.00000,0.00000,0.056,-0.048,0
321.2660,-0.00839,0.00327,0.01413,0.00000,0.00000,0.053,-0.051,0
321.3160,-0.00654,0.00239,0.01372,0.00000,0.00000,0.050,-0.053,0
321.3660,-0.00476,0.00155,0.01327,0.00000,0.00000,0.048,-0.056,0
321.4160,-0.00307,0.00075,0.01278,0.00000,0.00000,0.045,-0.057,0
321.4660,-0.00146,-0.00002,0.01227,0.00000,0.00000,0.042,-0.059,0
321.5160,0.00005,-0.00074,0.01173,0.00000,0.00000,0.039,-0.060,0
321.5660,0.00147,-0.00143,0.01117,0.00000,0.00000,0.036,-0.060,0
321.6160,0.00278,-0.00207,0.01058,0.00000,0.00000,0.033,-0.060,0
321.6660,0.00400,-0.00268,0.00998,0.00000,0.00000,0.030,-0.060,0
321.7160,0.00512,-0.00327,0.00936,0.00000,0.00000,0.027,-0.060,0
321.7660,0.00615,-0.00383,0.00873,0.00000,0.00000,0.024,-0.059,0
321.8160,0.00707,-0.00436,0.00810,0.00000,0.00000,0.021,-0.058,0
321.8660,0.00789,-0.00486,0.00745,0.00000,0.00000,0.019,-0.057,0
321.9160,0.00861,-0.00534,0.00681,0.00000,0.00000,0.016,-0.055,0
321.9660,0.00923,-0.00580,0.00617,0.00000,0.00000,0.014,-0.054,0
322.0160,0.00976,-0.00624,0.00553,0.00000,0.00000,0.012,-0.052,0
322.0660,0.01019,-0.00667,0.00489,0.00000,0.00000,0.010,-0.050,0
322.1160,0.01053,-0.00709,0.00427,0.00000,0.00000,0.008,-0.048,0
322.1660,0.01078,-0.00750,0.00366,0.00000,0.00000,0.006,-0.046,0
322.2160,0.01094,-0.00789,0.00306,0.00000,0.00000,0.004,-0.044,0
322.2660,0.01102,-0.00827,0.00248,0.00000,0.00000,0.003,-0.041,0
322.3160,0.01102,-0.00865,0.00193,0.00000,0.00000,0.001,-0.039,0
322.3660,0.01095,-0.00902,0.00139,0.00000,0.00000,-0.000,-0.037,0
322.4160,0.01081,-0.00941,0.00088,0.00000,0.00000,-0.001,-0.035,0
322.4660,0.01061,-0.00979,0.00040,0.00000,0.00000,-0.002,-0.033,0
322.5160,0.01035,-0.01018,-0.00006,0.00000,0.00000,-0.003,-0.031,0
322.5660,0.01004,-0.01057,-0.00049,0.00000,0.00000,-0.004,-0.029,0
322.6160,0.00968,-0.01097,-0.00088,0.00000,0.00000,-0.005,-0.027,0
322.6660,0.00928,-0.01138,-0.00124,0.00000,0.00000,-0.006,-0.025,0
322.7160,0.00884,-0.01180,-0.00157,0.00000,0.00000,-0.007,-0.023,0
322.7660,0.00838,-0.01224,-0.00187,0.00000,0.00000,-0.007,-0.022,0
322.8160,0.00790,-0.01268,-0.00213,0.00000,0.00000,-0.008,-0.020,0
322.8660,0.00740,-0.01315,-0.00235,0.00000,0.00000,-0.008,-0.019,0
322.9160,0.00690,-0.01365,-0.00253,0.00000,0.00000,-0.009,-0.017,0
322.9660,0.00639,-0.01416,-0.00268,0.00000,0.00000,-0.009,-0.016,0
323.0160,0.00589,-0.01469,-0.00280,0.00000,0.00000,-0.010,-0.015,0
323.0660,0.00539,-0.01525,-0.00287,0.00000,0.00000,-0.010,-0.014,0
323.1160,0.00492,-0.01584,-0.00291,0.00000,0.00000,-0.011,-0.013,0
323.1660,0.00447,-0.01645,-0.00292,0.00000,0.00000,-0.011,-0.012,0
323.2160,0.00405,-0.01710,-0.00289,0.00000,0.00000,-0.012,-0.011,0
323.2660,0.00366,-0.01777,-0.00282,0.00000,0.00000,-0.012,-0.010,0
323.3160,0.00331,-0.01847,-0.00273,0.00000,0.00000,-0.013,-0.009,0
323.3660,0.00300,-0.01920,-0.00260,0.00000,0.00000,-0.013,-0.009,0
323.4160,0.00273,-0.01996,-0.00244,0.00000,0.00000,-0.014,-0.008,0
323.4660,0.00252,-0.02074,-0.00226,0.00000,0.00000,-0.014,-0.008,0
323.5160,0.00236,-0.02154,-0.00205,0.00000,0.00000,-0.015,-0.007,0
323.5660,0.00224,-0.02235,-0.00181,0.00000,0.00000,-0.015,-0.007,0
323.6160,0.00219,-0.02319,-0.00155,0.00000,0.00000,-0.016,-0.006,0
323.6660,0.00220,-0.02405,-0.00126,0.00000,0.00000,-0.016,-0.006,0
323.7160,0.00227,-0.02494,-0.00096,0.00000,0.00000,-0.017,-0.006,0
323.7660,0.00240,-0.02583,-0.00064,0.00000,0.00000,-0.017,-0.005,0
323.8160,0.00260,-0.02675,-0.00030,0.00000,0.00000,-0.017,-0.005,0
323.8660,0.00287,-0.02768,0.00005,0.00000,0.00000,-0.017,-0.005,0
323.9160,0.00320,-0.02863,0.00041,0.00000,0.00000,-0.017,-0.005,0
323.9660,0.00360,-0.02959,0.00078,0.00000,0.00000,-0.017,-0.004,0
324.0160,0.00407,-0.03057,0.00115,0.00000,0.00000,-0.017,-0.004,0
324.0660,0.00461,-0.03156,0.00153,0.00000,0.00000,-0.016,-0.004,0
324.1160,0.00522,-0.03257,0.00191,0.00000,0.00000,-0.015,-0.003,0
324.1660,0.00589,-0.03358,0.00229,0.00000,0.00000,-0.014,-0.003,0
324.2160,0.00663,-0.03460,0.00267,0.00000,0.00000,-0.013,-0.003,0
324.2660,0.00743,-0.03563,0.00304,0.00000,0.00000,-0.011,-0.002,0
324.3160,0.00829,-0.03665,0.00341,0.00000,0.00000,-0.009,-0.001,0
324.3660,0.00920,-0.03767,0.00377,0.00000,0.00000,-0.006,-0.001,0
324.4160,0.01016,-0.03869,0.00411,0.00000,0.00000,-0.003,0.000,0
324.4660,0.01118,-0.03969,0.00445,0.00000,0.00000,0.001,0.001,0
324.5160,0.01223,-0.04068,0.00477,0.00000,0.00000,0.005,0.002,0
324.5660,0.01334,-0.04167,0.00507,0.00000,0.00000,0.009,0.003,0
324.6160,0.01449,-0.04266,0.00536,0.00000,0.00000,0.015,0.005,0
324.6660,0.01567,-0.04363,0.00563,0.00000,0.00000,0.021,0.006,0
324.7160,0.01688,-0.04456,0.00587,0.00000,0.00000,0.027,0.008,0
324.7660,0.01812,-0.04546,0.00610,0.00000,0.00000,0.035,0.010,0
324.8160,0.01938,-0.04633,0.00630,0.00000,0.00000,0.043,0.012,0
324.8660,0.02066,-0.04717,0.00648,0.00000,0.00000,0.051,0.014,0
324.9160,0.02196,-0.04798,0.00664,0.00000,0.00000,0.060,0.017,0
324.9660,0.02328,-0.04876,0.00677,0.00000,0.00000,0.070,0.019,0
325.0160,0.02462,-0.04951,0.00688,0.00000,0.00000,0.081,0.022,0
325.0660,0.02597,-0.05023,0.00696,0.00000,0.00000,0.092,0.025,0
325.1160,0.02734,-0.05094,0.00701,0.00000,0.00000,0.105,0.028,0
325.1660,0.02872,-0.05161,0.00704,0.00000,0.00000,0.118,0.031,0
325.2160,0.03010,-0.05225,0.00705,0.00000,0.00000,0.132,0.035,0
325.2660,0.03149,-0.05286,0.00702,0.00000,0.00000,0.147,0.039,0
325.3160,0.03287,-0.05340,0.00698,0.00000,0.00000,0.162,0.042,0
325.3660,0.03424,-0.05391,0.00691,0.00000,0.00000,0.178,0.046,0
325.4160,0.03561,-0.05437,0.00681,0.00000,0.00000,0.195,0.050,0
325.4660,0.03697,-0.05477,0.00669,0.00000,0.00000,0.212,0.055,0
325.5160,0.03831,-0.05512,0.00655,0.00000,0.00000,0.230,0.059,0
325.5660,0.03965,-0.05543,0.00639,0.00000,0.00000,0.248,0.063,0
325.6160,0.04096,-0.05568,0.00621,0.00000,0.00000,0.266,0.067,0
325.6660,0.04226,-0.05587,0.00601,0.00000,0.00000,0.285,0.072,0
325.7160,0.04354,-0.05601,0.00579,0.00000,0.00000,0.304,0.076,0
325.7660,0.04480,-0.05610,0.00555,0.00000,0.00000,0.323,0.080,0
325.8160,0.04605,-0.05613,0.00530,0.00000,0.00000,0.343,0.085,0
325.8660,0.04727,-0.05611,0.00503,0.00000,0.00000,0.362,0.089,0
325.9160,0.04846,-0.05604,0.00475,0.00000,0.00000,0.382,0.093,0
325.9660,0.04964,-0.05592,0.00446,0.00000,0.00000,0.401,0.097,0
326.0160,0.05079,-0.05575,0.00416,0.00000,0.00000,0.421,0.101,0
326.0660,0.05192,-0.05554,0.00385,0.00000,0.00000,0.440,0.105,0
326.1160,0.05303,-0.05528,0.00353,0.00000,0.00000,0.460,0.108,0
326.1660,0.05412,-0.05499,0.00321,0.00000,0.00000,0.479,0.112,0
326.2160,0.05519,-0.05466,0.00288,0.00000,0.00000,0.498,0.115,0
326.2660,0.05624,-0.05432,0.00255,0.00000,0.00000,0.516,0.118,0
326.3160,0.05728,-0.05395,0.00222,0.00000,0.00000,0.535,0.121,0
326.3660,0.05830,-0.05355,0.00189,0.00000,0.00000,0.554,0.124,0
326.4160,0.05930,-0.05313,0.00157,0.00000,0.00000,0.572,0.127,0
326.4660,0.06027,-0.05268,0.00124,0.00000,0.00000,0.590,0.129,0
326.5160,0.06123,-0.05222,0.00092,0.00000,0.00000,0.608,0.131,0
326.5660,0.06217,-0.05174,0.00061,0.00000,0.00000,0.625,0.133,0
326.6160,0.06308,-0.05123,0.00030,0.00000,0.00000,0.642,0.135,0
326.6660,0.06396,-0.05070,0.00000,0.00000,0.00000,0.658,0.136,0
326.7160,0.06482,-0.05015,-0.00029,0.00000,0.00000,0.674,0.137,0
326.7660,0.06566,-0.04958,-0.00057,0.00000,0.00000,0.688,0.138,0
326.8160,0.06647,-0.04900,-0.00084,0.00000,0.00000,0.703,0.139,0
326.8660,0.06725,-0.04841,-0.00110,0.00000,0.00000,0.716,0.140,0
326.9160,0.06801,-0.04781,-0.00135,0.00000,0.00000,0.729,0.140,0
326.9660,0.06874,-0.04721,-0.00158,0.00000,0.00000,0.741,0.140,0
327.0160,0.06946,-0.04662,-0.00180,0.00000,0.00000,0.753,0.141,0
327.0660,0.07015,-0.04603,-0.00201,0.00000,0.00000,0.764,0.140,0
327.1160,0.07081,-0.04544,-0.00221,0.00000,0.00000,0.775,0.140,0
327.1660,0.07146,-0.04487,-0.00239,0.00000,0.00000,0.785,0.140,0
327.2160,0.07208,-0.04430,-0.00256,0.00000,0.00000,0.794,0.139,0
327.2660,0.07267,-0.04374,-0.00271,0.00000,0.00000,0.803,0.138,0
327.3160,0.07325,-0.04321,-0.00285,0.00000,0.00000,0.811,0.138,0
327.3660,0.07380,-0.04269,-0.00298,0.00000,0.00000,0.819,0.137,0
327.4160,0.07433,-0.04220,-0.00310,0.00000,0.00000,0.826,0.136,0
327.4660,0.07483,-0.04173,-0.00321,0.00000,0.00000,0.833,0.135,0
327.5160,0.07532,-0.04129,-0.00330,0.00000,0.00000,0.839,0.133,0
327.5660,0.07578,-0.04087,-0.00338,0.00000,0.00000,0.845,0.132,0
327.6160,0.07621,-0.04048,-0.00346,0.00000,0.00000,0.851,0.131,0
327.6660,0.07662,-0.04012,-0.00352,0.00000,0.00000,0.856,0.129,0
327.7160,0.07701,-0.03979,-0.00358,0.00000,0.00000,0.861,0.128,0
327.7660,0.07737,-0.03949,-0.00362,0.00000,0.00000,0.866,0.127,0
327.8160,0.07771,-0.03923,-0.00367,0.00000,0.00000,0.870,0.125,0
327.8660,0.07803,-0.03900,-0.00370,0.00000,0.00000,0.874,0.124,0
327.9160,0.07831,-0.03881,-0.00374,0.00000,0.00000,0.878,0.122,0
327.9660,0.07857,-0.03865,-0.00377,0.00000,0.00000,0.882,0.120,0
328.0160,0.07880,-0.03851,-0.00379,0.00000,0.00000,0.886,0.119,0
328.0660,0.07900,-0.03842,-0.00382,0.00000,0.00000,0.889,0.117,0
328.1160,0.07918,-0.03836,-0.00385,0.00000,0.00000,0.892,0.115,0
328.1660,0.07932,-0.03833,-0.00388,0.00000,0.00000,0.895,0.114,0
328.2160,0.07943,-0.03833,-0.00391,0.00000,0.00000,0.899,0.112,0
328.2660,0.07950,-0.03837,-0.00394,0.00000,0.00000,0.902,0.110,0
328.3160,0.07954,-0.03842,-0.00398,0.00000,0.00000,0.904,0.108,0
328.3660,0.07953,-0.03848,-0.00403,0.00000,0.00000,0.907,0.106,0
328.4160,0.07949,-0.03858,-0.00408,0.00000,0.00000,0.910,0.104,0
328.4660,0.07940,-0.03868,-0.00413,0.00000,0.00000,0.912,0.102,0
328.5160,0.07927,-0.03882,-0.00420,0.00000,0.00000,0.914,0.100,0
328.5660,0.07909,-0.03896,-0.00427,0.00000,0.00000,0.916,0.097,0
328.6160,0.07887,-0.03912,-0.00436,0.00000,0.00000,0.918,0.095,0
328.6660,0.07860,-0.03929,-0.00445,0.00000,0.00000,0.920,0.092,0
328.7160,0.07827,-0.03946,-0.00456,0.00000,0.00000,0.922,0.090,0
328.7660,0.07790,-0.03964,-0.00467,0.00000,0.00000,0.923,0.087,0
328.8160,0.07747,-0.03983,-0.00480,0.00000,0.00000,0.924,0.084,0
328.8660,0.07698,-0.04001,-0.00494,0.00000,0.00000,0.925,0.081,0
328.9160,0.07644,-0.04019,-0.00509,0.00000,0.00000,0.926,0.078,0
328.9660,0.07584,-0.04037,-0.00525,0.00000,0.00000,0.927,0.074,0
329.0160,0.07518,-0.04053,-0.00542,0.00000,0.00000,0.927,0.071,0
329.0660,0.07445,-0.04069,-0.00560,0.00000,0.00000,0.927,0.067,0
329.1160,0.07366,-0.04082,-0.00580,0.00000,0.00000,0.926,0.063,0
329.1660,0.07280,-0.04093,-0.00600,0.00000,0.00000,0.925,0.059,0
329.2160,0.07186,-0.04101,-0.00622,0.00000,0.00000,0.924,0.055,0
329.2660,0.07086,-0.04108,-0.00644,0.00000,0.00000,0.922,0.050,0
329.3160,0.06980,-0.04112,-0.00667,0.00000,0.00000,0.919,0.046,0
329.3660,0.06867,-0.04115,-0.00691,0.00000,0.00000,0.917,0.041,0
329.4160,0.06746,-0.04114,-0.00715,0.00000,0.00000,0.913,0.036,0
329.4660,0.06618,-0.04108,-0.00741,0.00000,0.00000,0.909,0.031,0
329.5160,0.06482,-0.04097,-0.00766,0.00000,0.00000,0.904,0.026,0
329.5660,0.06338,-0.04083,-0.00792,0.00000,0.00000,0.899,0.021,0
329.6160,0.06187,-0.04064,-0.00818,0.00000,0.00000,0.892,0.015,0
329.6660,0.06029,-0.04041,-0.00844,0.00000,0.00000,0.885,0.010,0
329.7160,0.05864,-0.04014,-0.00870,0.00000,0.00000,0.877,0.004,0
329.7660,0.05691,-0.03982,-0.00896,0.00000,0.00000,0.868,-0.001,0
329.8160,0.05512,-0.03945,-0.00922,0.00000,0.00000,0.859,-0.007,0
329.8660,0.05325,-0.03903,-0.00947,0.00000,0.00000,0.848,-0.012,0
329.9160,0.05131,-0.03856,-0.00971,0.00000,0.00000,0.837,-0.018,0
329.9660,0.04931,-0.03803,-0.00995,0.00000,0.00000,0.825,-0.023,0
330.0160,0.04724,-0.03746,-0.01018,0.00000,0.00000,0.812,-0.029,0
330.0660,0.04512,-0.03685,-0.01040,0.00000,0.00000,0.798,-0.034,0
330.1160,0.04295,-0.03620,-0.01060,0.00000,0.00000,0.784,-0.039,0
330.1660,0.04073,-0.03551,-0.01080,0.00000,0.00000,0.769,-0.045,0
330.2160,0.03847,-0.03478,-0.01098,0.00000,0.00000,0.754,-0.049,0
330.2660,0.03615,-0.03400,-0.01114,0.00000,0.00000,0.738,-0.054,0
330.3160,0.03380,-0.03317,-0.01129,0.00000,0.00000,0.720,-0.059,0
330.3660,0.03140,-0.03229,-0.01141,0.00000,0.00000,0.703,-0.063,0
330.4160,0.02899,-0.03140,-0.01152,0.00000,0.00000,0.684,-0.067,0
330.4660,0.02654,-0.03046,-0.01161,0.00000,0.00000,0.665,-0.071,0
330.5160,0.02408,-0.02950,-0.01168,0.00000,0.00000,0.646,-0.074,0
330.5660,0.02161,-0.02851,-0.01173,0.00000,0.00000,0.626,-0.077,0
330.6160,0.01914,-0.02749,-0.01175,0.00000,0.00000,0.606,-0.080,0
330.6660,0.01666,-0.02645,-0.01175,0.00000,0.00000,0.586,-0.082,0
330.7160,0.01418,-0.02539,-0.01173,0.00000,0.00000,0.565,-0.084,0
330.7660,0.01171,-0.02430,-0.01168,0.00000,0.00000,0.543,-0.086,0
330.8160,0.00926,-0.02320,-0.01161,0.00000,0.00000,0.522,-0.087,0
330.8660,0.00683,-0.02209,-0.01152,0.00000,0.00000,0.500,-0.088,0
330.9160,0.00442,-0.02096,-0.01140,0.00000,0.00000,0.478,-0.088,0
330.9660,0.00205,-0.01981,-0.01125,0.00000,0.00000,0.456,-0.088,0
331.0160,-0.00029,-0.01867,-0.01108,0.00000,0.00000,0.434,-0.088,0
331.0660,-0.00258,-0.01751,-0.01089,0.00000,0.00000,0.412,-0.087,0
331.1160,-0.00483,-0.01635,-0.01067,0.00000,0.00000,0.390,-0.086,0
331.1660,-0.00703,-0.01518,-0.01043,0.00000,0.00000,0.368,-0.085,0
331.2160,-0.00916,-0.01403,-0.01016,0.00000,0.00000,0.346,-0.083,0
331.2660,-0.01122,-0.01290,-0.00988,0.00000,0.00000,0.325,-0.081,0
331.3160,-0.01319,-0.01181,-0.00957,0.00000,0.00000,0.304,-0.079,0
331.3660,-0.01509,-0.01074,-0.00924,0.00000,0.00000,0.283,-0.076,0
331.4160,-0.01690,-0.00970,-0.00890,0.00000,0.00000,0.263,-0.073,0
331.4660,-0.01862,-0.00869,-0.00853,0.00000,0.00000,0.243,-0.070,0
331.5160,-0.02024,-0.00772,-0.00815,0.00000,0.00000,0.224,-0.067,0
331.5660,-0.02177,-0.00678,-0.00776,0.00000,0.00000,0.206,-0.064,0
331.6160,-0.02320,-0.00588,-0.00735,0.00000,0.00000,0.188,-0.060,0
331.6660,-0.02453,-0.00503,-0.00693,0.00000,0.00000,0.170,-0.056,0
331.7160,-0.02576,-0.00421,-0.00650,0.00000,0.00000,0.153,-0.053,0
331.7660,-0.02688,-0.00345,-0.00606,0.00000,0.00000,0.137,-0.049,0
331.8160,-0.02790,-0.00272,-0.00561,0.00000,0.00000,0.122,-0.045,0
331.8660,-0.02881,-0.00203,-0.00516,0.00000,0.00000,0.107,-0.041,0
331.9160,-0.02962,-0.00139,-0.00471,0.00000,0.00000,0.093,-0.037,0
331.9660,-0.03033,-0.00079,-0.00425,0.00000,0.00000,0.080,-0.033,0
332.0160,-0.03093,-0.00025,-0.00380,0.00000,0.00000,0.067,-0.029,0
332.0660,-0.03143,0.00024,-0.00334,0.00000,0.00000,0.055,-0.026,0
332.1160,-0.03183,0.00070,-0.00289,0.00000,0.00000,0.043,-0.022,0
332.1660,-0.03215,0.00111,-0.00245,0.00000,0.00000,0.033,-0.019,0
332.2160,-0.03237,0.00148,-0.00201,0.00000,0.00000,0.023,-0.016,0
332.2660,-0.03251,0.00182,-0.00159,0.00000,0.00000,0.013,-0.012,0
332.3160,-0.03257,0.00210,-0.00118,0.00000,0.00000,0.005,-0.010,0
332.3660,-0.03256,0.00234,-0.00077,0.00000,0.00000,-0.003,-0.007,0
332.4160,-0.03247,0.00253,-0.00039,0.00000,0.00000,-0.011,-0.004,0
332.4660,-0.03232,0.00268,-0.00002,0.00000,0.00000,-0.018,-0.002,0
332.5160,-0.03212,0.00278,0.00033,0.00000,0.00000,-0.024,0.000,0
332.5660,-0.03186,0.00285,0.00067,0.00000,0.00000,-0.029,0.002,0
332.6160,-0.03157,0.00291,0.00098,0.00000,0.00000,-0.035,0.003,0
332.6660,-0.03125,0.00293,0.00127,0.00000,0.00000,-0.039,0.005,0
332.7160,-0.03090,0.00294,0.00153,0.00000,0.00000,-0.043,0.006,0
332.7660,-0.03053,0.00293,0.00178,0.00000,0.00000,-0.047,0.007,0
332.8160,-0.03014,0.00289,0.00200,0.00000,0.00000,-0.051,0.008,0
332.8660,-0.02972,0.00281,0.00219,0.00000,0.00000,-0.054,0.008,0
332.9160,-0.02930,0.00272,0.00236,0.00000,0.00000,-0.056,0.009,0
332.9660,-0.02886,0.00259,0.00250,0.00000,0.00000,-0.059,0.009,0
333.0160,-0.02843,0.00246,0.00262,0.00000,0.00000,-0.061,0.009,0
333.0660,-0.02800,0.00231,0.00271,0.00000,0.00000,-0.062,0.009,0
333.1160,-0.02757,0.00215,0.00277,0.00000,0.00000,-0.064,0.009,0
333.1660,-0.02715,0.00198,0.00281,0.00000,0.00000,-0.065,0.009,0
333.2160,-0.02674,0.00181,0.00282,0.00000,0.00000,-0.067,0.008,0
333.2660,-0.02636,0.00163,0.00281,0.00000,0.00000,-0.068,0.008,0
333.3160,-0.02599,0.00146,0.00277,0.00000,0.00000,-0.069,0.008,0
333.3660,-0.02564,0.00128,0.00270,0.00000,0.00000,-0.069,0.007,0
333.4160,-0.02531,0.00111,0.00262,0.00000,0.00000,-0.070,0.007,0
333.4660,-0.02502,0.00095,0.00251,0.00000,0.00000,-0.071,0.006,0
333.5160,-0.02475,0.00081,0.00238,0.00000,0.00000,-0.071,0.005,0
333.5660,-0.02451,0.00067,0.00223,0.00000,0.00000,-0.072,0.005,0
333.6160,-0.02430,0.00055,0.00207,0.00000,0.00000,-0.072,0.004,0
333.6660,-0.02413,0.00045,0.00188,0.00000,0.00000,-0.072,0.004,0
333.7160,-0.02399,0.00038,0.00168,0.00000,0.00000,-0.073,0.003,0
333.7660,-0.02389,0.00033,0.00147,0.00000,0.00000,-0.073,0.003,0
333.8160,-0.02383,0.00030,0.00125,0.00000,0.00000,-0.073,0.002,0
333.8660,-0.02379,0.00029,0.00101,0.00000,0.00000,-0.073,0.002,0
333.9160,-0.02380,0.00033,0.00077,0.00000,0.00000,-0.073,0.002,0
333.9660,-0.02385,0.00039,0.00053,0.00000,0.00000,-0.073,0.002,0
334.0160,-0.02393,0.00049,0.00027,0.00000,0.00000,-0.073,0.001,0
334.0660,-0.02405,0.00062,0.00002,0.00000,0.00000,-0.073,0.001,0
334.1160,-0.02421,0.00078,-0.00024,0.00000,0.00000,-0.073,0.001,0
334.1660,-0.02439,0.00096,-0.00049,0.00000,0.00000,-0.073,0.001,0
334.2160,-0.02461,0.00118,-0.00074,0.00000,0.00000,-0.072,0.001,0
334.2660,-0.02485,0.00142,-0.00099,0.00000,0.00000,-0.072,0.002,0
334.3160,-0.02511,0.00167,-0.00122,0.00000,0.00000,-0.071,0.002,0
334.3660,-0.02539,0.00194,-0.00145,0.00000,0.00000,-0.070,0.002,0
334.4160,-0.02569,0.00223,-0.00167,0.00000,0.00000,-0.070,0.003,0
334.4660,-0.02601,0.00253,-0.00187,0.00000,0.00000,-0.069,0.003,0
334.5160,-0.02633,0.00284,-0.00206,0.00000,0.00000,-0.068,0.004,0
334.5660,-0.02668,0.00318,-0.00223,0.00000,0.00000,-0.067,0.004,0
334.6160,-0.02703,0.00353,-0.00239,0.00000,0.00000,-0.066,0.005,0
334.6660,-0.02739,0.00390,-0.00252,0.00000,0.00000,-0.064,0.006,0
334.7160,-0.02774,0.00426,-0.00264,0.00000,0.00000,-0.063,0.006,0
334.7660,-0.02810,0.00463,-0.00273,0.00000,0.00000,-0.061,0.007,0
334.8160,-0.02845,0.00500,-0.00280,0.00000,0.00000,-0.059,0.008,0
334.8660,-0.02878,0.00537,-0.00284,0.00000,0.00000,-0.058,0.008,0
334.9160,-0.02911,0.00572,-0.00286,0.00000,0.00000,-0.056,0.009,0
334.9660,-0.02941,0.00608,-0.00286,0.00000,0.00000,-0.053,0.010,0
335.0160,-0.02970,0.00642,-0.00282,0.00000,0.00000,-0.051,0.010,0
335.0660,-0.02997,0.00676,-0.00276,0.00000,0.00000,-0.049,0.011,0
335.1160,-0.03021,0.00707,-0.00268,0.00000,0.00000,-0.046,0.011,0
335.1660,-0.03040,0.00735,-0.00256,0.00000,0.00000,-0.044,0.012,0
335.2160,-0.03055,0.00759,-0.00242,0.00000,0.00000,-0.041,0.012,0
335.2660,-0.03067,0.00782,-0.00225,0.00000,0.00000,-0.039,0.012,0
335.3160,-0.03075,0.00803,-0.00205,0.00000,0.00000,-0.036,0.012,0
335.3660,-0.03079,0.00821,-0.00182,0.00000,0.00000,-0.033,0.012,0
335.4160,-0.03077,0.00835,-0.00157,0.00000,0.00000,-0.030,0.012,0
335.4660,-0.03069,0.00845,-0.00129,0.00000,0.00000,-0.027,0.011,0
335.5160,-0.03056,0.00851,-0.00098,0.00000,0.00000,-0.025,0.011,0
335.5660,-0.03037,0.00853,-0.00065,0.00000,0.00000,-0.022,0.010,0
335.6160,-0.03011,0.00851,-0.00030,0.00000,0.00000,-0.019,0.009,0
335.6660,-0.02980,0.00846,0.00008,0.00000,0.00000,-0.016,0.008,0
335.7160,-0.02942,0.00836,0.00048,0.00000,0.00000,-0.014,0.007,0
335.7660,-0.02897,0.00822,0.00090,0.00000,0.00000,-0.011,0.005,0
335.8160,-0.02843,0.00801,0.00133,0.00000,0.00000,-0.009,0.004,0
335.8660,-0.02783,0.00775,0.00179,0.00000,0.00000,-0.006,0.002,0
335.9160,-0.02714,0.00745,0.00226,0.00000,0.00000,-0.004,-0.000,0
335.9660,-0.02638,0.00710,0.00275,0.00000,0.00000,-0.002,-0.003,0
336.0160,-0.02554,0.00668,0.00325,0.00000,0.00000,-0.001,-0.005,0
336.0660,-0.02461,0.00622,0.00375,0.00000,0.00000,0.001,-0.008,0
336.1160,-0.02360,0.00570,0.00427,0.00000,0.00000,0.002,-0.010,0
336.1660,-0.02249,0.00511,0.00479,0.00000,0.00000,0.003,-0.013,0
336.2160,-0.02130,0.00447,0.00532,0.00000,0.00000,0.004,-0.016,0
336.2660,-0.02003,0.00376,0.00586,0.00000,0.00000,0.004,-0.019,0
336.3160,-0.01866,0.00300,0.00639,0.00000,0.00000,0.004,-0.022,0
336.3660,-0.01721,0.00220,0.00692,0.00000,0.00000,0.004,-0.026,0
336.4160,-0.01568,0.00134,0.00745,0.00000,0.00000,0.004,-0.029,0
336.4660,-0.01407,0.00043,0.00797,0.00000,0.00000,0.003,-0.032,0
336.5160,-0.01238,-0.00052,0.00849,0.00000,0.00000,0.002,-0.035,0
336.5660,-0.01061,-0.00153,0.00900,0.00000,0.00000,0.001,-0.038,0
336.6160,-0.00875,-0.00258,0.00950,0.00000,0.00000,-0.001,-0.041,0
336.6660,-0.00683,-0.00367,0.00999,0.00000,0.00000,-0.003,-0.044,0
336.7160,-0.00484,-0.00479,0.01046,0.00000,0.00000,-0.004,-0.047,0
336.7660,-0.00279,-0.00594,0.01092,0.00000,0.00000,-0.006,-0.049,0
336.8160,-0.00068,-0.00712,0.01136,0.00000,0.00000,-0.008,-0.051,0
336.8660,0.00149,-0.00834,0.01178,0.00000,0.00000,-0.010,-0.053,0
336.9160,0.00372,-0.00959,0.01218,0.00000,0.00000,-0.012,-0.055,0
336.9660,0.00600,-0.01087,0.01256,0.00000,0.00000,-0.014,-0.056,0
337.0160,0.00833,-0.01218,0.01292,0.00000,0.00000,-0.016,-0.057,0
337.0660,0.01070,-0.01352,0.01326,0.00000,0.00000,-0.018,-0.058,0
337.1160,0.01310,-0.01488,0.01357,0.00000,0.00000,-0.020,-0.058,0
337.1660,0.01553,-0.01626,0.01385,0.00000,0.00000,-0.021,-0.057,0
337.2160,0.01799,-0.01766,0.01411,0.00000,0.00000,-0.022,-0.056,0
337.2660,0.02045,-0.01906,0.01434,0.00000,0.00000,-0.022,-0.055,0
337.3160,0.02292,-0.02048,0.01454,0.00000,0.00000,-0.022,-0.053,0
337.3660,0.02540,-0.02191,0.01472,0.00000,0.00000,-0.022,-0.050,0
337.4160,0.02787,-0.02334,0.01486,0.00000,0.00000,-0.020,-0.047,0
337.4660,0.03032,-0.02478,0.01498,0.00000,0.00000,-0.018,-0.043,0
337.5160,0.03275,-0.02622,0.01507,0.00000,0.00000,-0.016,-0.038,0
337.5660,0.03515,-0.02766,0.01513,0.00000,0.00000,-0.012,-0.033,0
337.6160,0.03752,-0.02910,0.01515,0.00000,0.00000,-0.007,-0.028,0
337.6660,0.03984,-0.03053,0.01515,0.00000,0.00000,-0.001,-0.021,0
337.7160,0.04212,-0.03195,0.01513,0.00000,0.00000,0.006,-0.014,0
337.7660,0.04435,-0.03335,0.01507,0.00000,0.00000,0.014,-0.007,0
337.8160,0.04653,-0.03473,0.01498,0.00000,0.00000,0.023,0.001,0
337.8660,0.04866,-0.03610,0.01487,0.00000,0.00000,0.034,0.010,0
337.9160,0.05075,-0.03745,0.01473,0.00000,0.00000,0.045,0.019,0
337.9660,0.05280,-0.03880,0.01456,0.00000,0.00000,0.058,0.029,0
338.0160,0.05481,-0.04011,0.01437,0.00000,0.00000,0.073,0.039,0
338.0660,0.05677,-0.04139,0.01415,0.00000,0.00000,0.089,0.049,0
338.1160,0.05868,-0.04264,0.01391,0.00000,0.00000,0.106,0.060,0
338.1660,0.06057,-0.04388,0.01365,0.00000,0.00000,0.124,0.071,0
338.2160,0.06243,-0.04508,0.01336,0.00000,0.00000,0.144,0.082,0
338.2660,0.06426,-0.04627,0.01305,0.00000,0.00000,0.164,0.094,0
338.3160,0.06607,-0.04743,0.01272,0.00000,0.00000,0.187,0.105,0
338.3660,0.06785,-0.04857,0.01237,0.00000,0.00000,0.210,0.117,0
338.4160,0.06962,-0.04967,0.01201,0.00000,0.00000,0.235,0.129,0
338.4660,0.07137,-0.05074,0.01162,0.00000,0.00000,0.260,0.140,0
338.5160,0.07310,-0.05179,0.01122,0.00000,0.00000,0.287,0.152,0
338.5660,0.07483,-0.05282,0.01080,0.00000,0.00000,0.315,0.164,0
338.6160,0.07655,-0.05382,0.01037,0.00000,0.00000,0.344,0.175,0
338.6660,0.07826,-0.05479,0.00993,0.00000,0.00000,0.373,0.186,0
338.7160,0.07996,-0.05571,0.00948,0.00000,0.00000,0.404,0.197,0
338.7660,0.08165,-0.05661,0.00901,0.00000,0.00000,0.435,0.208,0
338.8160,0.08332,-0.05747,0.00854,0.00000,0.00000,0.467,0.218,0
338.8660,0.08500,-0.05830,0.00805,0.00000,0.00000,0.500,0.228,0
338.9160,0.08666,-0.05909,0.00756,0.00000,0.00000,0.533,0.237,0
338.9660,0.08832,-0.05987,0.00706,0.00000,0.00000,0.566,0.247,0
339.0160,0.08997,-0.06061,0.00656,0.00000,0.00000,0.600,0.255,0
339.0660,0.09162,-0.06132,0.00605,0.00000,0.00000,0.635,0.264,0
339.1160,0.09325,-0.06200,0.00554,0.00000,0.00000,0.669,0.271,0
339.1660,0.09491,-0.06266,0.00503,0.00000,0.00000,0.704,0.279,0
339.2160,0.09658,-0.06329,0.00451,0.00000,0.00000,0.740,0.285,0
339.2660,0.09829,-0.06390,0.00399,0.00000,0.00000,0.775,0.291,0
339.3160,0.10003,-0.06445,0.00347,0.00000,0.00000,0.810,0.297,0
339.3660,0.10183,-0.06499,0.00296,0.00000,0.00000,0.845,0.302,0
339.4160,0.10367,-0.06548,0.00244,0.00000,0.00000,0.879,0.306,0
339.4660,0.10557,-0.06594,0.00192,0.00000,0.00000,0.912,0.310,0
339.5160,0.10753,-0.06636,0.00141,0.00000,0.00000,0.945,0.313,0
339.5660,0.10955,-0.06673,0.00090,0.00000,0.00000,0.978,0.315,0
339.6160,0.11163,-0.06706,0.00039,0.00000,0.00000,1.010,0.316,0
339.6660,0.11376,-0.06736,-0.00012,0.00000,0.00000,1.040,0.317,0
339.7160,0.11596,-0.06763,-0.00062,0.00000,0.00000,1.071,0.318,0
339.7660,0.11823,-0.06787,-0.00112,0.00000,0.00000,1.101,0.318,0
339.8160,0.12055,-0.06808,-0.00161,0.00000,0.00000,1.130,0.317,0
339.8660,0.12294,-0.06827,-0.00210,0.00000,0.00000,1.160,0.316,0
339.9160,0.12537,-0.06842,-0.00258,0.00000,0.00000,1.189,0.314,0
339.9660,0.12785,-0.06855,-0.00306,0.00000,0.00000,1.218,0.312,0
340.0160,0.13038,-0.06865,-0.00353,0.00000,0.00000,1.246,0.309,0
340.0660,0.13293,-0.06872,-0.00400,0.00000,0.00000,1.274,0.306,0
340.1160,0.13551,-0.06875,-0.00446,0.00000,0.00000,1.301,0.303,0
340.1660,0.13810,-0.06874,-0.00491,0.00000,0.00000,1.328,0.299,0
340.2160,0.14071,-0.06872,-0.00536,0.00000,0.00000,1.354,0.295,0
340.2660,0.14330,-0.06866,-0.00580,0.00000,0.00000,1.379,0.291,0
340.3160,0.14588,-0.06856,-0.00624,0.00000,0.00000,1.403,0.286,0
340.3660,0.14844,-0.06843,-0.00666,0.00000,0.00000,1.426,0.280,0
340.4160,0.15096,-0.06829,-0.00708,0.00000,0.00000,1.448,0.275,0
340.4660,0.15344,-0.06812,-0.00750,0.00000,0.00000,1.469,0.269,0
340.5160,0.15585,-0.06791,-0.00790,0.00000,0.00000,1.489,0.263,0
340.5660,0.15819,-0.06767,-0.00830,0.00000,0.00000,1.507,0.256,0
340.6160,0.16045,-0.06740,-0.00869,0.00000,0.00000,1.524,0.249,0
340.6660,0.16260,-0.06710,-0.00907,0.00000,0.00000,1.539,0.241,0
340.7160,0.16463,-0.06677,-0.00945,0.00000,0.00000,1.552,0.234,0
340.7660,0.16654,-0.06641,-0.00981,0.00000,0.00000,1.563,0.225,0
340.8160,0.16830,-0.06602,-0.01017,0.00000,0.00000,1.573,0.217,0
340.8660,0.16990,-0.06560,-0.01052,0.00000,0.00000,1.580,0.208,0
340.9160,0.17134,-0.06517,-0.01087,0.00000,0.00000,1.585,0.198,0
340.9660,0.17259,-0.06471,-0.01120,0.00000,0.00000,1.589,0.189,0
341.0160,0.17364,-0.06423,-0.01152,0.00000,0.00000,1.592,0.179,0
341.0660,0.17447,-0.06372,-0.01184,0.00000,0.00000,1.592,0.168,0
341.1160,0.17507,-0.06318,-0.01215,0.00000,0.00000,1.590,0.157,0
341.1660,0.17542,-0.06261,-0.01244,0.00000,0.00000,1.587,0.146,0
341.2160,0.17551,-0.06202,-0.01273,0.00000,0.00000,1.582,0.135,0
341.2660,0.17532,-0.06140,-0.01301,0.00000,0.00000,1.574,0.123,0
341.3160,0.17482,-0.06074,-0.01328,0.00000,0.00000,1.566,0.111,0
341.3660,0.17402,-0.06006,-0.01353,0.00000,0.00000,1.555,0.099,0
341.4160,0.17290,-0.05937,-0.01378,0.00000,0.00000,1.544,0.086,0
341.4660,0.17143,-0.05864,-0.01401,0.00000,0.00000,1.531,0.073,0
341.5160,0.16960,-0.05788,-0.01424,0.00000,0.00000,1.518,0.060,0
341.5660,0.16740,-0.05709,-0.01445,0.00000,0.00000,1.504,0.048,0
341.6160,0.16480,-0.05627,-0.01465,0.00000,0.00000,1.489,0.034,0
341.6660,0.16180,-0.05542,-0.01484,0.00000,0.00000,1.475,0.021,0
341.7160,0.15837,-0.05453,-0.01502,0.00000,0.00000,1.460,0.009,0
341.7660,0.15452,-0.05363,-0.01518,0.00000,0.00000,1.446,-0.004,0
341.8160,0.15027,-0.05269,-0.01534,0.00000,0.00000,1.433,-0.017,0
341.8660,0.14570,-0.05174,-0.01548,0.00000,0.00000,1.420,-0.030,0
341.9160,0.14088,-0.05076,-0.01561,0.00000,0.00000,1.406,-0.042,0
341.9660,0.13585,-0.04976,-0.01573,0.00000,0.00000,1.392,-0.054,0
342.0160,0.13065,-0.04871,-0.01583,0.00000,0.00000,1.376,-0.066,0
342.0660,0.12533,-0.04763,-0.01592,0.00000,0.00000,1.358,-0.077,0
342.1160,0.11991,-0.04652,-0.01600,0.00000,0.00000,1.338,-0.088,0
342.1660,0.11442,-0.04537,-0.01606,0.00000,0.00000,1.316,-0.099,0
342.2160,0.10889,-0.04421,-0.01611,0.00000,0.00000,1.292,-0.109,0
342.2660,0.10333,-0.04301,-0.01615,0.00000,0.00000,1.266,-0.118,0
342.3160,0.09776,-0.04178,-0.01617,0.00000,0.00000,1.239,-0.127,0
342.3660,0.09220,-0.04053,-0.01618,0.00000,0.00000,1.210,-0.136,0
342.4160,0.08665,-0.03924,-0.01617,0.00000,0.00000,1.180,-0.144,0
342.4660,0.08113,-0.03794,-0.01615,0.00000,0.00000,1.148,-0.151,0
342.5160,0.07565,-0.03661,-0.01611,0.00000,0.00000,1.115,-0.157,0
342.5660,0.07021,-0.03525,-0.01606,0.00000,0.00000,1.081,-0.163,0
342.6160,0.06482,-0.03387,-0.01599,0.00000,0.00000,1.046,-0.168,0
342.6660,0.05949,-0.03247,-0.01590,0.00000,0.00000,1.010,-0.173,0
342.7160,0.05423,-0.03106,-0.01580,0.00000,0.00000,0.973,-0.177,0
342.7660,0.04905,-0.02963,-0.01569,0.00000,0.00000,0.936,-0.180,0
342.8160,0.04394,-0.02818,-0.01555,0.00000,0.00000,0.899,-0.182,0
342.8660,0.03891,-0.02672,-0.01541,0.00000,0.00000,0.861,-0.183,0
342.9160,0.03397,-0.02525,-0.01524,0.00000,0.00000,0.823,-0.184,0
342.9660,0.02913,-0.02378,-0.01506,0.00000,0.00000,0.785,-0.184,0
343.0160,0.02439,-0.02231,-0.01487,0.00000,0.00000,0.747,-0.184,0
343.0660,0.01975,-0.02084,-0.01466,0.00000,0.00000,0.709,-0.182,0
343.1160,0.01523,-0.01938,-0.01444,0.00000,0.00000,0.672,-0.180,0
343.1660,0.01083,-0.01792,-0.01420,0.00000,0.00000,0.635,-0.178,0
343.2160,0.00655,-0.01648,-0.01394,0.00000,0.00000,0.598,-0.175,0
343.2660,0.00239,-0.01504,-0.01368,0.00000,0.00000,0.562,-0.171,0
343.3160,-0.00164,-0.01362,-0.01339,0.00000,0.00000,0.527,-0.167,0
343.3660,-0.00553,-0.01222,-0.01310,0.00000,0.00000,0.492,-0.162,0
343.4160,-0.00929,-0.01084,-0.01279,0.00000,0.00000,0.458,-0.157,0
343.4660,-0.01290,-0.00948,-0.01247,0.00000,0.00000,0.424,-0.151,0
343.5160,-0.01637,-0.00813,-0.01214,0.00000,0.00000,0.391,-0.145,0
343.5660,-0.01969,-0.00681,-0.01180,0.00000,0.00000,0.360,-0.138,0
343.6160,-0.02286,-0.00552,-0.01144,0.00000,0.00000,0.329,-0.132,0
343.6660,-0.02588,-0.00424,-0.01108,0.00000,0.00000,0.299,-0.124,0
343.7160,-0.02876,-0.00298,-0.01071,0.00000,0.00000,0.270,-0.117,0
343.7660,-0.03147,-0.00174,-0.01032,0.00000,0.00000,0.241,-0.109,0
343.8160,-0.03403,-0.00054,-0.00993,0.00000,0.00000,0.214,-0.101,0
343.8660,-0.03642,0.00063,-0.00953,0.00000,0.00000,0.188,-0.093,0
343.9160,-0.03865,0.00177,-0.00913,0.00000,0.00000,0.164,-0.085,0
343.9660,-0.04072,0.00287,-0.00872,0.00000,0.00000,0.140,-0.077,0
344.0160,-0.04262,0.00394,-0.00830,0.00000,0.00000,0.118,-0.068,0
344.0660,-0.04435,0.00496,-0.00788,0.00000,0.00000,0.096,-0.060,0
344.1160,-0.04592,0.00594,-0.00745,0.00000,0.00000,0.076,-0.051,0
344.1660,-0.04733,0.00688,-0.00702,0.00000,0.00000,0.058,-0.043,0
344.2160,-0.04859,0.00779,-0.00659,0.00000,0.00000,0.040,-0.035,0
344.2660,-0.04970,0.00865,-0.00615,0.00000,0.00000,0.024,-0.027,0
344.3160,-0.05067,0.00945,-0.00572,0.00000,0.00000,0.009,-0.019,0
344.3660,-0.05152,0.01022,-0.00528,0.00000,0.00000,-0.005,-0.012,0
344.4160,-0.05224,0.01093,-0.00484,0.00000,0.00000,-0.017,-0.005,0
344.4660,-0.05284,0.01159,-0.00440,0.00000,0.00000,-0.028,0.002,0
344.5160,-0.05335,0.01221,-0.00397,0.00000,0.00000,-0.038,0.009,0
344.5660,-0.05376,0.01278,-0.00353,0.00000,0.00000,-0.047,0.015,0
344.6160,-0.05409,0.01331,-0.00310,0.00000,0.00000,-0.054,0.021,0
344.6660,-0.05434,0.01380,-0.00267,0.00000,0.00000,-0.061,0.026,0
344.7160,-0.05453,0.01425,-0.00225,0.00000,0.00000,-0.066,0.031,0
344.7660,-0.05465,0.01464,-0.00182,0.00000,0.00000,-0.070,0.036,0
344.8160,-0.05471,0.01499,-0.00140,0.00000,0.00000,-0.074,0.040,0
344.8660,-0.05473,0.01530,-0.00099,0.00000,0.00000,-0.076,0.044,0
344.9160,-0.05470,0.01556,-0.00058,0.00000,0.00000,-0.078,0.047,0
344.9660,-0.05462,0.01577,-0.00018,0.00000,0.00000,-0.078,0.050,0
345.0160,-0.05451,0.01592,0.00022,0.00000,0.00000,-0.078,0.052,0
345.0660,-0.05434,0.01601,0.00062,0.00000,0.00000,-0.078,0.054,0
345.1160,-0.05414,0.01605,0.00101,0.00000,0.00000,-0.077,0.056,0
345.1660,-0.05391,0.01605,0.00139,0.00000,0.00000,-0.075,0.057,0
345.2160,-0.05366,0.01599,0.00177,0.00000,0.00000,-0.073,0.058,0
345.2660,-0.05337,0.01590,0.00214,0.00000,0.00000,-0.071,0.058,0
345.3160,-0.05305,0.01575,0.00250,0.00000,0.00000,-0.068,0.058,0
345.3660,-0.05270,0.01556,0.00286,0.00000,0.00000,-0.066,0.057,0
345.4160,-0.05233,0.01533,0.00322,0.00000,0.00000,-0.063,0.057,0
345.4660,-0.05193,0.01507,0.00356,0.00000,0.00000,-0.059,0.055,0
345.5160,-0.05151,0.01477,0.00390,0.00000,0.00000,-0.056,0.054,0
345.5660,-0.05105,0.01442,0.00424,0.00000,0.00000,-0.052,0.052,0
345.6160,-0.05057,0.01404,0.00456,0.00000,0.00000,-0.049,0.050,0
345.6660,-0.05005,0.01361,0.00488,0.00000,0.00000,-0.046,0.047,0
345.7160,-0.04950,0.01315,0.00520,0.00000,0.00000,-0.042,0.045,0
345.7660,-0.04892,0.01265,0.00551,0.00000,0.00000,-0.039,0.042,0
345.8160,-0.04831,0.01213,0.00581,0.00000,0.00000,-0.036,0.039,0
345.8660,-0.04765,0.01156,0.00610,0.00000,0.00000,-0.033,0.035,0
345.9160,-0.04696,0.01096,0.00639,0.00000,0.00000,-0.030,0.031,0
345.9660,-0.04623,0.01033,0.00668,0.00000,0.00000,-0.027,0.028,0
346.0160,-0.04546,0.00967,0.00696,0.00000,0.00000,-0.025,0.024,0
346.0660,-0.04465,0.00898,0.00723,0.00000,0.00000,-0.023,0.019,0
346.1160,-0.04379,0.00826,0.00749,0.00000,0.00000,-0.021,0.015,0
346.1660,-0.04289,0.00752,0.00775,0.00000,0.00000,-0.019,0.011,0
346.2160,-0.04194,0.00675,0.00801,0.00000,0.00000,-0.018,0.006,0
346.2660,-0.04094,0.00595,0.00826,0.00000,0.00000,-0.017,0.001,0
346.3160,-0.03988,0.00511,0.00850,0.00000,0.00000,-0.016,-0.003,0
346.3660,-0.03877,0.00425,0.00874,0.00000,0.00000,-0.016,-0.008,0
346.4160,-0.03761,0.00336,0.00897,0.00000,0.00000,-0.016,-0.013,0
346.4660,-0.03639,0.00245,0.00919,0.00000,0.00000,-0.017,-0.018,0
346.5160,-0.03512,0.00152,0.00941,0.00000,0.00000,-0.018,-0.023,0
346.5660,-0.03380,0.00058,0.00963,0.00000,0.00000,-0.019,-0.028,0
346.6160,-0.03243,-0.00038,0.00984,0.00000,0.00000,-0.020,-0.032,0
346.6660,-0.03099,-0.00135,0.01004,0.00000,0.00000,-0.022,-0.037,0
346.7160,-0.02952,-0.00233,0.01024,0.00000,0.00000,-0.024,-0.042,0
346.7660,-0.02799,-0.00331,0.01043,0.00000,0.00000,-0.026,-0.046,0
346.8160,-0.02641,-0.00430,0.01061,0.00000,0.00000,-0.028,-0.051,0
346.8660,-0.02477,-0.00532,0.01079,0.00000,0.00000,-0.031,-0.055,0
346.9160,-0.02308,-0.00635,0.01096,0.00000,0.00000,-0.034,-0.059,0
346.9660,-0.02133,-0.00740,0.01112,0.00000,0.00000,-0.037,-0.063,0
347.0160,-0.01954,-0.00846,0.01128,0.00000,0.00000,-0.040,-0.067,0
347.0660,-0.01769,-0.00952,0.01143,0.00000,0.00000,-0.043,-0.070,0
347.1160,-0.01580,-0.01060,0.01157,0.00000,0.00000,-0.046,-0.073,0
347.1660,-0.01386,-0.01167,0.01170,0.00000,0.00000,-0.049,-0.076,0
347.2160,-0.01188,-0.01276,0.01182,0.00000,0.00000,-0.053,-0.079,0
347.2660,-0.00985,-0.01386,0.01193,0.00000,0.00000,-0.056,-0.082,0
347.3160,-0.00778,-0.01496,0.01203,0.00000,0.00000,-0.059,-0.084,0
347.3660,-0.00568,-0.01606,0.01212,0.00000,0.00000,-0.062,-0.085,0
347.4160,-0.00355,-0.01715,0.01220,0.00000,0.00000,-0.065,-0.087,0
347.4660,-0.00140,-0.01824,0.01227,0.00000,0.00000,-0.068,-0.088,0
347.5160,0.00077,-0.01932,0.01232,0.00000,0.00000,-0.070,-0.089,0
347.5660,0.00297,-0.02040,0.01237,0.00000,0.00000,-0.072,-0.089,0
347.6160,0.00518,-0.02148,0.01240,0.00000,0.00000,-0.074,-0.089,0
347.6660,0.00741,-0.02256,0.01241,0.00000,0.00000,-0.075,-0.088,0
347.7160,0.00965,-0.02364,0.01241,0.00000,0.00000,-0.076,-0.087,0
347.7660,0.01189,-0.02472,0.01240,0.00000,0.00000,-0.076,-0.086,0
347.8160,0.01414,-0.02579,0.01237,0.00000,0.00000,-0.076,-0.084,0
347.8660,0.01637,-0.02686,0.01233,0.00000,0.00000,-0.075,-0.082,0
347.9160,0.01859,-0.02791,0.01226,0.00000,0.00000,-0.074,-0.079,0
347.9660,0.02079,-0.02895,0.01219,0.00000,0.00000,-0.072,-0.076,0
348.0160,0.02297,-0.02998,0.01209,0.00000,0.00000,-0.069,-0.072,0
348.0660,0.02511,-0.03100,0.01198,0.00000,0.00000,-0.065,-0.068,0
348.1160,0.02722,-0.03199,0.01185,0.00000,0.00000,-0.061,-0.064,0
348.1660,0.02928,-0.03297,0.01170,0.00000,0.00000,-0.055,-0.059,0
348.2160,0.03129,-0.03393,0.01154,0.00000,0.00000,-0.049,-0.054,0
348.2660,0.03325,-0.03487,0.01135,0.00000,0.00000,-0.042,-0.048,0
348.3160,0.03515,-0.03580,0.01115,0.00000,0.00000,-0.034,-0.042,0
348.3660,0.03699,-0.03670,0.01093,0.00000,0.00000,-0.025,-0.036,0
348.4160,0.03875,-0.03758,0.01069,0.00000,0.00000,-0.015,-0.029,0
348.4660,0.04045,-0.03844,0.01044,0.00000,0.00000,-0.004,-0.022,0
348.5160,0.04208,-0.03926,0.01016,0.00000,0.00000,0.008,-0.015,0
348.5660,0.04363,-0.04005,0.00987,0.00000,0.00000,0.021,-0.008,0
348.6160,0.04511,-0.04080,0.00955,0.00000,0.00000,0.034,0.000,0
348.6660,0.04652,-0.04152,0.00922,0.00000,0.00000,0.049,0.008,0
348.7160,0.04787,-0.04220,0.00888,0.00000,0.00000,0.064,0.016,0
348.7660,0.04914,-0.04285,0.00851,0.00000,0.00000,0.080,0.024,0
348.8160,0.05036,-0.04346,0.00814,0.00000,0.00000,0.097,0.032,0
348.8660,0.05152,-0.04403,0.00774,0.00000,0.00000,0.114,0.040,0
348.9160,0.05262,-0.04457,0.00733,0.00000,0.00000,0.133,0.048,0
348.9660,0.05367,-0.04507,0.00690,0.00000,0.00000,0.151,0.055,0
349.0160,0.05467,-0.04553,0.00646,0.00000,0.00000,0.170,0.063,0
349.0660,0.05561,-0.04594,0.00601,0.00000,0.00000,0.190,0.071,0
349.1160,0.05650,-0.04631,0.00555,0.00000,0.00000,0.210,0.078,0
349.1660,0.05735,-0.04663,0.00507,0.00000,0.00000,0.230,0.085,0
349.2160,0.05815,-0.04691,0.00459,0.00000,0.00000,0.250,0.092,0
349.2660,0.05892,-0.04715,0.00409,0.00000,0.00000,0.271,0.098,0
349.3160,0.05964,-0.04735,0.00359,0.00000,0.00000,0.291,0.104,0
349.3660,0.06032,-0.04749,0.00308,0.00000,0.00000,0.312,0.110,0
349.4160,0.06095,-0.04759,0.00256,0.00000,0.00000,0.332,0.115,0
349.4660,0.06155,-0.04765,0.00204,0.00000,0.00000,0.353,0.120,0
349.5160,0.06212,-0.04767,0.00151,0.00000,0.00000,0.373,0.125,0
349.5660,0.06265,-0.04765,0.00098,0.00000,0.00000,0.393,0.129,0
349.6160,0.06314,-0.04759,0.00045,0.00000,0.00000,0.413,0.132,0
349.6660,0.06359,-0.04748,-0.00008,0.00000,0.00000,0.432,0.135,0
349.7160,0.06400,-0.04732,-0.00061,0.00000,0.00000,0.451,0.138,0
349.7660,0.06436,-0.04710,-0.00114,0.00000,0.00000,0.470,0.140,0
349.8160,0.06469,-0.04684,-0.00166,0.00000,0.00000,0.488,0.142,0
349.8660,0.06497,-0.04653,-0.00218,0.00000,0.00000,0.505,0.143,0
349.9160,0.06521,-0.04618,-0.00270,0.00000,0.00000,0.522,0.143,0
349.9660,0.06541,-0.04578,-0.00320,0.00000,0.00000,0.538,0.143,0
350.0160,0.06555,-0.04533,-0.00370,0.00000,0.00000,0.553,0.143,0
350.0660,0.06566,-0.04483,-0.00419,0.00000,0.00000,0.567,0.142,0
350.1160,0.06571,-0.04428,-0.00467,0.00000,0.00000,0.580,0.141,0
350.1660,0.06573,-0.04371,-0.00514,0.00000,0.00000,0.593,0.139,0
350.2160,0.06569,-0.04310,-0.00559,0.00000,0.00000,0.605,0.137,0
350.2660,0.06562,-0.04245,-0.00604,0.00000,0.00000,0.615,0.134,0
350.3160,0.06550,-0.04177,-0.00646,0.00000,0.00000,0.626,0.131,0
350.3660,0.06534,-0.04106,-0.00687,0.00000,0.00000,0.635,0.128,0
350.4160,0.06512,-0.04032,-0.00727,0.00000,0.00000,0.643,0.124,0
350.4660,0.06486,-0.03954,-0.00765,0.00000,0.00000,0.651,0.120,0
350.5160,0.06455,-0.03873,-0.00801,0.00000,0.00000,0.657,0.116,0
350.5660,0.06420,-0.03788,-0.00835,0.00000,0.00000,0.663,0.111,0
350.6160,0.06379,-0.03701,-0.00867,0.00000,0.00000,0.667,0.106,0
350.6660,0.06333,-0.03611,-0.00898,0.00000,0.00000,0.671,0.101,0
350.7160,0.06282,-0.03518,-0.00926,0.00000,0.00000,0.673,0.096,0
350.7660,0.06226,-0.03422,-0.00952,0.00000,0.00000,0.674,0.091,0
350.8160,0.06165,-0.03323,-0.00976,0.00000,0.00000,0.675,0.085,0
350.8660,0.06100,-0.03223,-0.00998,0.00000,0.00000,0.674,0.079,0
350.9160,0.06029,-0.03121,-0.01018,0.00000,0.00000,0.673,0.073,0
350.9660,0.05954,-0.03017,-0.01036,0.00000,0.00000,0.670,0.067,0
351.0160,0.05874,-0.02911,-0.01052,0.00000,0.00000,0.667,0.061,0
351.0660,0.05789,-0.02803,-0.01066,0.00000,0.00000,0.663,0.055,0
351.1160,0.05700,-0.02694,-0.01078,0.00000,0.00000,0.657,0.049,0
351.1660,0.05606,-0.02584,-0.01087,0.00000,0.00000,0.651,0.043,0
351.2160,0.05508,-0.02474,-0.01095,0.00000,0.00000,0.644,0.037,0
351.2660,0.05406,-0.02364,-0.01100,0.00000,0.00000,0.637,0.031,0
351.3160,0.05300,-0.02254,-0.01104,0.00000,0.00000,0.629,0.026,0
351.3660,0.05190,-0.02143,-0.01106,0.00000,0.00000,0.620,0.020,0
351.4160,0.05077,-0.02032,-0.01106,0.00000,0.00000,0.610,0.014,0
351.4660,0.04959,-0.01920,-0.01104,0.00000,0.00000,0.600,0.009,0
351.5160,0.04837,-0.01808,-0.01101,0.00000,0.00000,0.589,0.004,0
351.5660,0.04712,-0.01697,-0.01096,0.00000,0.00000,0.577,-0.001,0
351.6160,0.04584,-0.01589,-0.01090,0.00000,0.00000,0.565,-0.006,0
351.6660,0.04454,-0.01481,-0.01082,0.00000,0.00000,0.553,-0.011,0
351.7160,0.04321,-0.01375,-0.01073,0.00000,0.00000,0.540,-0.015,0
351.7660,0.04185,-0.01271,-0.01062,0.00000,0.00000,0.527,-0.019,0
351.8160,0.04048,-0.01168,-0.01051,0.00000,0.00000,0.514,-0.023,0
351.8660,0.03908,-0.01068,-0.01038,0.00000,0.00000,0.500,-0.027,0
351.9160,0.03765,-0.00969,-0.01024,0.00000,0.00000,0.486,-0.031,0
351.9660,0.03621,-0.00872,-0.01010,0.00000,0.00000,0.472,-0.034,0
352.0160,0.03476,-0.00777,-0.00994,0.00000,0.00000,0.458,-0.037,0
352.0660,0.03328,-0.00685,-0.00978,0.00000,0.00000,0.444,-0.040,0
352.1160,0.03180,-0.00595,-0.00961,0.00000,0.00000,0.429,-0.042,0
352.1660,0.03030,-0.00508,-0.00943,0.00000,0.00000,0.415,-0.045,0
352.2160,0.02880,-0.00425,-0.00925,0.00000,0.00000,0.401,-0.047,0
352.2660,0.02729,-0.00345,-0.00907,0.00000,0.00000,0.386,-0.049,0
352.3160,0.02578,-0.00268,-0.00888,0.00000,0.00000,0.372,-0.050,0
352.3660,0.02426,-0.00192,-0.00869,0.00000,0.00000,0.358,-0.052,0
352.4160,0.02273,-0.00119,-0.00849,0.00000,0.00000,0.343,-0.053,0
352.4660,0.02120,-0.00049,-0.00830,0.00000,0.00000,0.329,-0.054,0
352.5160,0.01967,0.00018,-0.00810,0.00000,0.00000,0.315,-0.055,0
352.5660,0.01815,0.00081,-0.00789,0.00000,0.00000,0.302,-0.055,0
352.6160,0.01663,0.00142,-0.00769,0.00000,0.00000,0.288,-0.056,0
352.6660,0.01512,0.00199,-0.00749,0.00000,0.00000,0.275,-0.056,0
352.7160,0.01362,0.00252,-0.00728,0.00000,0.00000,0.261,-0.056,0
352.7660,0.01214,0.00302,-0.00708,0.00000,0.00000,0.249,-0.056,0
352.8160,0.01067,0.00348,-0.00687,0.00000,0.00000,0.236,-0.055,0
352.8660,0.00922,0.00389,-0.00667,0.00000,0.00000,0.224,-0.055,0
352.9160,0.00779,0.00427,-0.00646,0.00000,0.00000,0.212,-0.054,0
352.9660,0.00638,0.00461,-0.00625,0.00000,0.00000,0.201,-0.054,0
353.0160,0.00499,0.00492,-0.00604,0.00000,0.00000,0.190,-0.053,0
353.0660,0.00362,0.00520,-0.00583,0.00000,0.00000,0.179,-0.052,0
353.1160,0.00228,0.00544,-0.00562,0.00000,0.00000,0.169,-0.051,0
353.1660,0.00097,0.00565,-0.00541,0.00000,0.00000,0.159,-0.049,0
353.2160,-0.00032,0.00584,-0.00520,0.00000,0.00000,0.149,-0.048,0
353.2660,-0.00158,0.00598,-0.00498,0.00000,0.00000,0.140,-0.047,0
353.3160,-0.00279,0.00608,-0.00476,0.00000,0.00000,0.131,-0.045,0
353.3660,-0.00397,0.00616,-0.00454,0.00000,0.00000,0.122,-0.044,0
353.4160,-0.00512,0.00619,-0.00432,0.00000,0.00000,0.114,-0.042,0
353.4660,-0.00622,0.00620,-0.00410,0.00000,0.00000,0.106,-0.040,0
353.5160,-0.00728,0.00616,-0.00387,0.00000,0.00000,0.099,-0.039,0
353.5660,-0.00829,0.00609,-0.00363,0.00000,0.00000,0.092,-0.037,0
353.6160,-0.00926,0.00598,-0.00339,0.00000,0.00000,0.085,-0.035,0
353.6660,-0.01017,0.00583,-0.00315,0.00000,0.00000,0.079,-0.033,0
353.7160,-0.01104,0.00565,-0.00290,0.00000,0.00000,0.072,-0.031,0
353.7660,-0.01185,0.00544,-0.00265,0.00000,0.00000,0.067,-0.030,0
353.8160,-0.01260,0.00518,-0.00239,0.00000,0.00000,0.061,-0.028,0
353.8660,-0.01330,0.00489,-0.00213,0.00000,0.00000,0.056,-0.026,0
353.9160,-0.01393,0.00454,-0.00186,0.00000,0.00000,0.052,-0.024,0
353.9660,-0.01450,0.00415,-0.00158,0.00000,0.00000,0.047,-0.022,0
354.0160,-0.01500,0.00372,-0.00129,0.00000,0.00000,0.043,-0.020,0
354.0660,-0.01543,0.00325,-0.00100,0.00000,0.00000,0.040,-0.019,0
354.1160,-0.01580,0.00273,-0.00071,0.00000,0.00000,0.036,-0.017,0
354.1660,-0.01609,0.00216,-0.00040,0.00000,0.00000,0.033,-0.015,0
354.2160,-0.01631,0.00155,-0.00009,0.00000,0.00000,0.030,-0.014,0
354.2660,-0.01647,0.00089,0.00022,0.00000,0.00000,0.027,-0.012,0
354.3160,-0.01655,0.00019,0.00055,0.00000,0.00000,0.025,-0.011,0
354.3660,-0.01655,-0.00055,0.00087,0.00000,0.00000,0.023,-0.009,0
354.4160,-0.01649,-0.00133,0.00121,0.00000,0.00000,0.020,-0.008,0
354.4660,-0.01637,-0.00213,0.00155,0.00000,0.00000,0.018,-0.007,0
354.5160,-0.01617,-0.00297,0.00189,0.00000,0.00000,0.017,-0.005,0
354.5660,-0.01590,-0.00387,0.00224,0.00000,0.00000,0.015,-0.004,0
354.6160,-0.01555,-0.00481,0.00259,0.00000,0.00000,0.014,-0.003,0
354.6660,-0.01514,-0.00580,0.00295,0.00000,0.00000,0.012,-0.002,0
354.7160,-0.01465,-0.00682,0.00331,0.00000,0.00000,0.011,-0.002,0
354.7660,-0.01409,-0.00789,0.00366,0.00000,0.00000,0.010,-0.001,0
354.8160,-0.01347,-0.00899,0.00402,0.00000,0.00000,0.009,-0.000,0
354.8660,-0.01278,-0.01014,0.00438,0.00000,0.00000,0.008,0.001,0
354.9160,-0.01202,-0.01132,0.00474,0.00000,0.00000,0.007,0.001,0
354.9660,-0.01120,-0.01255,0.00510,0.00000,0.00000,0.007,0.002,0
355.0160,-0.01031,-0.01382,0.00545,0.00000,0.00000,0.007,0.002,0
355.0660,-0.00937,-0.01512,0.00580,0.00000,0.00000,0.006,0.002,0
355.1160,-0.00837,-0.01646,0.00614,0.00000,0.00000,0.006,0.003,0
355.1660,-0.00732,-0.01783,0.00648,0.00000,0.00000,0.006,0.003,0
355.2160,-0.00621,-0.01923,0.00681,0.00000,0.00000,0.007,0.004,0
355.2660,-0.00505,-0.02067,0.00714,0.00000,0.00000,0.007,0.004,0
355.3160,-0.00386,-0.02212,0.00745,0.00000,0.00000,0.008,0.004,0
355.3660,-0.00262,-0.02360,0.00775,0.00000,0.00000,0.009,0.005,0
355.4160,-0.00134,-0.02511,0.00804,0.00000,0.00000,0.010,0.005,0
355.4660,-0.00003,-0.02664,0.00832,0.00000,0.00000,0.012,0.006,0
355.5160,0.00132,-0.02819,0.00858,0.00000,0.00000,0.014,0.006,0
355.5660,0.00269,-0.02974,0.00883,0.00000,0.00000,0.016,0.007,0
355.6160,0.00409,-0.03131,0.00906,0.00000,0.00000,0.019,0.008,0
355.6660,0.00550,-0.03289,0.00928,0.00000,0.00000,0.023,0.009,0
355.7160,0.00693,-0.03447,0.00947,0.00000,0.00000,0.026,0.010,0
355.7660,0.00838,-0.03607,0.00965,0.00000,0.00000,0.031,0.011,0
355.8160,0.00985,-0.03768,0.00980,0.00000,0.00000,0.035,0.012,0
355.8660,0.01133,-0.03929,0.00994,0.00000,0.00000,0.041,0.014,0
355.9160,0.01280,-0.04088,0.01005,0.00000,0.00000,0.047,0.015,0
355.9660,0.01428,-0.04248,0.01014,0.00000,0.00000,0.054,0.017,0
356.0160,0.01576,-0.04408,0.01020,0.00000,0.00000,0.061,0.019,0
356.0660,0.01724,-0.04567,0.01025,0.00000,0.00000,0.069,0.021,0
356.1160,0.01871,-0.04725,0.01026,0.00000,0.00000,0.078,0.024,0
356.1660,0.02018,-0.04882,0.01025,0.00000,0.00000,0.088,0.026,0
356.2160,0.02164,-0.05039,0.01022,0.00000,0.00000,0.099,0.029,0
356.2660,0.02309,-0.05195,0.01015,0.00000,0.00000,0.110,0.032,0
356.3160,0.02453,-0.05349,0.01006,0.00000,0.00000,0.122,0.035,0
356.3660,0.02595,-0.05501,0.00995,0.00000,0.00000,0.136,0.039,0
356.4160,0.02734,-0.05650,0.00980,0.00000,0.00000,0.150,0.042,0
356.4660,0.02872,-0.05798,0.00963,0.00000,0.00000,0.165,0.046,0
356.5160,0.03008,-0.05943,0.00943,0.00000,0.00000,0.180,0.049,0
356.5660,0.03142,-0.06085,0.00921,0.00000,0.00000,0.197,0.053,0
356.6160,0.03271,-0.06223,0.00895,0.00000,0.00000,0.214,0.057,0
356.6660,0.03398,-0.06356,0.00867,0.00000,0.00000,0.232,0.061,0
356.7160,0.03520,-0.06485,0.00837,0.00000,0.00000,0.251,0.065,0
356.7660,0.03639,-0.06608,0.00804,0.00000,0.00000,0.270,0.069,0
356.8160,0.03755,-0.06727,0.00768,0.00000,0.00000,0.290,0.073,0
356.8660,0.03865,-0.06840,0.00730,0.00000,0.00000,0.310,0.077,0
356.9160,0.03972,-0.06949,0.00689,0.00000,0.00000,0.331,0.080,0
356.9660,0.04075,-0.07052,0.00647,0.00000,0.00000,0.352,0.084,0
357.0160,0.04173,-0.07149,0.00602,0.00000,0.00000,0.374,0.088,0
357.0660,0.04267,-0.07240,0.00554,0.00000,0.00000,0.396,0.091,0
357.1160,0.04355,-0.07324,0.00505,0.00000,0.00000,0.418,0.094,0
357.1660,0.04439,-0.07402,0.00454,0.00000,0.00000,0.441,0.097,0
357.2160,0.04517,-0.07473,0.00401,0.00000,0.00000,0.463,0.100,0
357.2660,0.04590,-0.07538,0.00347,0.00000,0.00000,0.485,0.103,0
357.3160,0.04658,-0.07596,0.00291,0.00000,0.00000,0.508,0.105,0
357.3660,0.04720,-0.07647,0.00234,0.00000,0.00000,0.530,0.107,0
357.4160,0.04776,-0.07689,0.00175,0.00000,0.00000,0.552,0.108,0
357.4660,0.04826,-0.07722,0.00116,0.00000,0.00000,0.573,0.110,0
357.5160,0.04869,-0.07748,0.00056,0.00000,0.00000,0.594,0.110,0
357.5660,0.04907,-0.07767,-0.00006,0.00000,0.00000,0.615,0.111,0
357.6160,0.04939,-0.07778,-0.00067,0.00000,0.00000,0.635,0.111,0
357.6660,0.04964,-0.07781,-0.00129,0.00000,0.00000,0.654,0.111,0
357.7160,0.04982,-0.07775,-0.00191,0.00000,0.00000,0.672,0.110,0
357.7660,0.04993,-0.07760,-0.00254,0.00000,0.00000,0.690,0.109,0
357.8160,0.04996,-0.07735,-0.00316,0.00000,0.00000,0.707,0.108,0
357.8660,0.04993,-0.07702,-0.00378,0.00000,0.00000,0.722,0.106,0
357.9160,0.04983,-0.07661,-0.00439,0.00000,0.00000,0.737,0.103,0
357.9660,0.04967,-0.07613,-0.00499,0.00000,0.00000,0.750,0.101,0
358.0160,0.04944,-0.07556,-0.00559,0.00000,0.00000,0.763,0.098,0
358.0660,0.04913,-0.07492,-0.00618,0.00000,0.00000,0.774,0.094,0
358.1160,0.04876,-0.07419,-0.00676,0.00000,0.00000,0.785,0.091,0
358.1660,0.04832,-0.07339,-0.00732,0.00000,0.00000,0.794,0.086,0
358.2160,0.04780,-0.07251,-0.00787,0.00000,0.00000,0.802,0.082,0
358.2660,0.04722,-0.07154,-0.00840,0.00000,0.00000,0.808,0.077,0
358.3160,0.04656,-0.07049,-0.00892,0.00000,0.00000,0.813,0.072,0
358.3660,0.04581,-0.06934,-0.00942,0.00000,0.00000,0.817,0.067,0
358.4160,0.04500,-0.06813,-0.00989,0.00000,0.00000,0.819,0.062,0
358.4660,0.04412,-0.06684,-0.01035,0.00000,0.00000,0.819,0.056,0
358.5160,0.04317,-0.06547,-0.01078,0.00000,0.00000,0.818,0.050,0
358.5660,0.04215,-0.06404,-0.01119,0.00000,0.00000,0.816,0.044,0
358.6160,0.04107,-0.06254,-0.01157,0.00000,0.00000,0.813,0.038,0
358.6660,0.03991,-0.06097,-0.01193,0.00000,0.00000,0.808,0.032,0
358.7160,0.03869,-0.05934,-0.01226,0.00000,0.00000,0.801,0.026,0
358.7660,0.03741,-0.05766,-0.01256,0.00000,0.00000,0.793,0.020,0
358.8160,0.03608,-0.05593,-0.01284,0.00000,0.00000,0.784,0.014,0
358.8660,0.03468,-0.05415,-0.01309,0.00000,0.00000,0.774,0.007,0
358.9160,0.03323,-0.05233,-0.01331,0.00000,0.00000,0.763,0.001,0
358.9660,0.03174,-0.05048,-0.01351,0.00000,0.00000,0.751,-0.005,0
359.0160,0.03019,-0.04858,-0.01368,0.00000,0.00000,0.737,-0.010,0
359.0660,0.02858,-0.04663,-0.01381,0.00000,0.00000,0.722,-0.016,0
359.1160,0.02693,-0.04466,-0.01393,0.00000,0.00000,0.707,-0.021,0
359.1660,0.02524,-0.04266,-0.01401,0.00000,0.00000,0.690,-0.027,0
359.2160,0.02352,-0.04066,-0.01407,0.00000,0.00000,0.672,-0.031,0
359.2660,0.02177,-0.03865,-0.01410,0.00000,0.00000,0.654,-0.036,0
359.3160,0.01999,-0.03664,-0.01410,0.00000,0.00000,0.636,-0.040,0
359.3660,0.01818,-0.03460,-0.01408,0.00000,0.00000,0.616,-0.045,0
359.4160,0.01635,-0.03257,-0.01404,0.00000,0.00000,0.596,-0.048,0
359.4660,0.01449,-0.03053,-0.01397,0.00000,0.00000,0.575,-0.052,0
359.5160,0.01262,-0.02850,-0.01387,0.00000,0.00000,0.554,-0.055,0
359.5660,0.01073,-0.02647,-0.01376,0.00000,0.00000,0.532,-0.058,0
359.6160,0.00883,-0.02447,-0.01362,0.00000,0.00000,0.510,-0.060,0
359.6660,0.00694,-0.02249,-0.01346,0.00000,0.00000,0.488,-0.062,0
359.7160,0.00505,-0.02055,-0.01328,0.00000,0.00000,0.466,-0.063,0
359.7660,0.00318,-0.01865,-0.01309,0.00000,0.00000,0.444,-0.065,0
359.8160,0.00131,-0.01677,-0.01287,0.00000,0.00000,0.421,-0.066,0
359.8660,-0.00055,-0.01492,-0.01264,0.00000,0.00000,0.399,-0.066,0
359.9160,-0.00240,-0.01311,-0.01239,0.00000,0.00000,0.377,-0.066,0
359.9660,-0.00422,-0.01135,-0.01212,0.00000,0.00000,0.355,-0.066,0
360.0160,-0.00601,-0.00963,-0.01184,0.00000,0.00000,0.333,-0.066,0
360.0660,-0.00777,-0.00797,-0.01155,0.00000,0.00000,0.312,-0.065,0
360.1160,-0.00950,-0.00636,-0.01124,0.00000,0.00000,0.291,-0.064,0
360.1660,-0.01119,-0.00479,-0.01092,0.00000,0.00000,0.270,-0.063,0
360.2160,-0.01284,-0.00328,-0.01059,0.00000,0.00000,0.250,-0.061,0
360.2660,-0.01444,-0.00183,-0.01025,0.00000,0.00000,0.231,-0.059,0
360.3160,-0.01599,-0.00044,-0.00990,0.00000,0.00000,0.212,-0.057,0
360.3660,-0.01749,0.00088,-0.00954,0.00000,0.00000,0.193,-0.055,0
360.4160,-0.01893,0.00215,-0.00917,0.00000,0.00000,0.175,-0.052,0
360.4660,-0.02031,0.00335,-0.00880,0.00000,0.00000,0.158,-0.049,0
360.5160,-0.02162,0.00449,-0.00842,0.00000,0.00000,0.142,-0.047,0
360.5660,-0.02287,0.00557,-0.00803,0.00000,0.00000,0.126,-0.044,0
360.6160,-0.02407,0.00660,-0.00763,0.00000,0.00000,0.111,-0.040,0
360.6660,-0.02519,0.00758,-0.00724,0.00000,0.00000,0.096,-0.037,0
360.7160,-0.02623,0.00848,-0.00683,0.00000,0.00000,0.083,-0.034,0
360.7660,-0.02719,0.00932,-0.00643,0.00000,0.00000,0.070,-0.031,0
360.8160,-0.02808,0.01011,-0.00602,0.00000,0.00000,0.058,-0.027,0
360.8660,-0.02889,0.01084,-0.00560,0.00000,0.00000,0.046,-0.024,0
360.9160,-0.02962,0.01150,-0.00519,0.00000,0.00000,0.036,-0.021,0
360.9660,-0.03026,0.01210,-0.00477,0.00000,0.00000,0.026,-0.017,0
361.0160,-0.03082,0.01266,-0.00435,0.00000,0.00000,0.017,-0.014,0
361.0660,-0.03132,0.01317,-0.00393,0.00000,0.00000,0.009,-0.011,0
361.1160,-0.03174,0.01364,-0.00350,0.00000,0.00000,0.001,-0.008,0
361.1660,-0.03208,0.01406,-0.00308,0.00000,0.00000,-0.005,-0.005,0
361.2160,-0.03235,0.01444,-0.00266,0.00000,0.00000,-0.011,-0.002,0
361.2660,-0.03256,0.01478,-0.00223,0.00000,0.00000,-0.017,0.000,0
361.3160,-0.03268,0.01507,-0.00180,0.00000,0.00000,-0.021,0.003,0
361.3660,-0.03275,0.01532,-0.00138,0.00000,0.00000,-0.025,0.005,0
361.4160,-0.03274,0.01552,-0.00095,0.00000,0.00000,-0.029,0.007,0
361.4660,-0.03266,0.01568,-0.00053,0.00000,0.00000,-0.031,0.009,0
361.5160,-0.03252,0.01580,-0.00010,0.00000,0.00000,-0.034,0.011,0
361.5660,-0.03232,0.01588,0.00032,0.00000,0.00000,-0.035,0.012,0
361.6160,-0.03205,0.01592,0.00074,0.00000,0.00000,-0.036,0.013,0
361.6660,-0.03172,0.01592,0.00117,0.00000,0.00000,-0.037,0.014,0
361.7160,-0.03133,0.01589,0.00159,0.00000,0.00000,-0.038,0.015,0
361.7660,-0.03087,0.01582,0.00200,0.00000,0.00000,-0.038,0.015,0
361.8160,-0.03036,0.01573,0.00242,0.00000,0.00000,-0.037,0.016,0
361.8660,-0.02979,0.01561,0.00283,0.00000,0.00000,-0.037,0.015,0
361.9160,-0.02917,0.01546,0.00324,0.00000,0.00000,-0.036,0.015,0
361.9660,-0.02848,0.01527,0.00365,0.00000,0.00000,-0.035,0.015,0
362.0160,-0.02773,0.01506,0.00406,0.00000,0.00000,-0.033,0.014,0
362.0660,-0.02693,0.01482,0.00446,0.00000,0.00000,-0.032,0.013,0
362.1160,-0.02607,0.01457,0.00485,0.00000,0.00000,-0.030,0.012,0
362.1660,-0.02516,0.01429,0.00524,0.00000,0.00000,-0.028,0.011,0
362.2160,-0.02419,0.01399,0.00563,0.00000,0.00000,-0.027,0.010,0
362.2660,-0.02317,0.01368,0.00600,0.00000,0.00000,-0.025,0.008,0
362.3160,-0.02209,0.01336,0.00638,0.00000,0.00000,-0.023,0.006,0
362.3660,-0.02096,0.01302,0.00674,0.00000,0.00000,-0.021,0.004,0
362.4160,-0.01978,0.01265,0.00710,0.00000,0.00000,-0.019,0.002,0
362.4660,-0.01854,0.01227,0.00745,0.00000,0.00000,-0.017,0.000,0
362.5160,-0.01726,0.01188,0.00779,0.00000,0.00000,-0.015,-0.002,0
362.5660,-0.01592,0.01147,0.00812,0.00000,0.00000,-0.013,-0.004,0
362.6160,-0.01453,0.01104,0.00844,0.00000,0.00000,-0.012,-0.006,0
362.6660,-0.01309,0.01060,0.00875,0.00000,0.00000,-0.010,-0.008,0
362.7160,-0.01161,0.01014,0.00905,0.00000,0.00000,-0.008,-0.010,0
362.7660,-0.01008,0.00967,0.00933,0.00000,0.00000,-0.007,-0.012,0
362.8160,-0.00851,0.00918,0.00961,0.00000,0.00000,-0.006,-0.014,0
362.8660,-0.00690,0.00868,0.00987,0.00000,0.00000,-0.004,-0.016,0
362.9160,-0.00525,0.00815,0.01011,0.00000,0.00000,-0.003,-0.018,0
362.9660,-0.00356,0.00760,0.01035,0.00000,0.00000,-0.002,-0.020,0
363.0160,-0.00184,0.00704,0.01056,0.00000,0.00000,-0.002,-0.021,0
363.0660,-0.00009,0.00647,0.01076,0.00000,0.00000,-0.001,-0.022,0
363.1160,0.00168,0.00588,0.01095,0.00000,0.00000,-0.000,-0.024,0
363.1660,0.00348,0.00526,0.01111,0.00000,0.00000,0.000,-0.025,0
363.2160,0.00530,0.00462,0.01126,0.00000,0.00000,0.000,-0.025,0
363.2660,0.00714,0.00396,0.01139,0.00000,0.00000,0.001,-0.026,0
363.3160,0.00898,0.00329,0.01151,0.00000,0.00000,0.001,-0.026,0
363.3660,0.01082,0.00261,0.01160,0.00000,0.00000,0.001,-0.026,0
363.4160,0.01267,0.00190,0.01167,0.00000,0.00000,0.001,-0.025,0
363.4660,0.01451,0.00118,0.01172,0.00000,0.00000,0.001,-0.024,0
363.5160,0.01633,0.00044,0.01176,0.00000,0.00000,0.001,-0.023,0
363.5660,0.01815,-0.00031,0.01177,0.00000,0.00000,0.001,-0.022,0
363.6160,0.01994,-0.00110,0.01176,0.00000,0.00000,0.001,-0.020,0
363.6660,0.02171,-0.00189,0.01173,0.00000,0.00000,0.001,-0.018,0
363.7160,0.02344,-0.00271,0.01168,0.00000,0.00000,0.001,-0.016,0
363.7660,0.02514,-0.00354,0.01160,0.00000,0.00000,0.002,-0.013,0
363.8160,0.02681,-0.00439,0.01151,0.00000,0.00000,0.002,-0.010,0
363.8660,0.02842,-0.00525,0.01139,0.00000,0.00000,0.003,-0.006,0
363.9160,0.02998,-0.00612,0.01125,0.00000,0.00000,0.004,-0.003,0
363.9660,0.03150,-0.00699,0.01109,0.00000,0.00000,0.005,0.001,0
364.0160,0.03296,-0.00787,0.01091,0.00000,0.00000,0.006,0.006,0
364.0660,0.03437,-0.00876,0.01071,0.00000,0.00000,0.008,0.010,0
364.1160,0.03573,-0.00966,0.01049,0.00000,0.00000,0.010,0.015,0
364.1660,0.03704,-0.01057,0.01025,0.00000,0.00000,0.012,0.020,0
364.2160,0.03830,-0.01150,0.00999,0.00000,0.00000,0.015,0.025,0
364.2660,0.03951,-0.01243,0.00972,0.00000,0.00000,0.018,0.030,0
364.3160,0.04068,-0.01338,0.00942,0.00000,0.00000,0.021,0.036,0
364.3660,0.04179,-0.01434,0.00911,0.00000,0.00000,0.026,0.041,0
364.4160,0.04286,-0.01530,0.00878,0.00000,0.00000,0.030,0.047,0
364.4660,0.04388,-0.01626,0.00844,0.00000,0.00000,0.035,0.052,0
364.5160,0.04485,-0.01722,0.00808,0.00000,0.00000,0.041,0.058,0
364.5660,0.04577,-0.01817,0.00771,0.00000,0.00000,0.047,0.064,0
364.6160,0.04665,-0.01913,0.00733,0.00000,0.00000,0.053,0.069,0
364.6660,0.04748,-0.02007,0.00693,0.00000,0.00000,0.060,0.075,0
364.7160,0.04827,-0.02102,0.00653,0.00000,0.00000,0.068,0.080,0
364.7660,0.04902,-0.02197,0.00612,0.00000,0.00000,0.076,0.085,0
364.8160,0.04973,-0.02291,0.00570,0.00000,0.00000,0.084,0.090,0
364.8660,0.05040,-0.02386,0.00528,0.00000,0.00000,0.093,0.095,0
364.9160,0.05103,-0.02479,0.00485,0.00000,0.00000,0.103,0.099,0
364.9660,0.05163,-0.02574,0.00442,0.00000,0.00000,0.113,0.104,0
365.0160,0.05220,-0.02668,0.00398,0.00000,0.00000,0.124,0.108,0
365.0660,0.05273,-0.02760,0.00355,0.00000,0.00000,0.135,0.111,0
365.1160,0.05323,-0.02851,0.00312,0.00000,0.00000,0.146,0.115,0
365.1660,0.05369,-0.02941,0.00269,0.00000,0.00000,0.158,0.118,0
365.2160,0.05412,-0.03031,0.00226,0.00000,0.00000,0.171,0.121,0
365.2660,0.05452,-0.03120,0.00184,0.00000,0.00000,0.183,0.124,0
365.3160,0.05490,-0.03207,0.00143,0.00000,0.00000,0.197,0.126,0
365.3660,0.05525,-0.03295,0.00102,0.00000,0.00000,0.210,0.128,0
365.4160,0.05558,-0.03381,0.00062,0.00000,0.00000,0.224,0.130,0
365.4660,0.05588,-0.03467,0.00023,0.00000,0.00000,0.238,0.132,0
365.5160,0.05615,-0.03550,-0.00014,0.00000,0.00000,0.253,0.133,0
365.5660,0.05640,-0.03630,-0.00051,0.00000,0.00000,0.268,0.134,0
365.6160,0.05662,-0.03709,-0.00086,0.00000,0.00000,0.283,0.134,0
365.6660,0.05683,-0.03788,-0.00119,0.00000,0.00000,0.297,0.134,0
365.7160,0.05702,-0.03865,-0.00151,0.00000,0.00000,0.313,0.135,0
365.7660,0.05719,-0.03941,-0.00182,0.00000,0.00000,0.328,0.134,0
365.8160,0.05734,-0.04015,-0.00211,0.00000,0.00000,0.344,0.134,0
365.8660,0.05747,-0.04086,-0.00238,0.00000,0.00000,0.359,0.133,0
365.9160,0.05758,-0.04153,-0.00263,0.00000,0.00000,0.374,0.132,0
365.9660,0.05768,-0.04219,-0.00287,0.00000,0.00000,0.390,0.131,0
366.0160,0.05775,-0.04282,-0.00309,0.00000,0.00000,0.405,0.130,0
366.0660,0.05782,-0.04343,-0.00329,0.00000,0.00000,0.419,0.129,0
366.1160,0.05789,-0.04404,-0.00347,0.00000,0.00000,0.434,0.127,0
366.1660,0.05794,-0.04462,-0.00363,0.00000,0.00000,0.449,0.126,0
366.2160,0.05798,-0.04518,-0.00378,0.00000,0.00000,0.464,0.124,0
366.2660,0.05802,-0.04571,-0.00391,0.00000,0.00000,0.479,0.122,0
366.3160,0.05805,-0.04623,-0.00402,0.00000,0.00000,0.493,0.120,0
366.3660,0.05808,-0.04673,-0.00411,0.00000,0.00000,0.507,0.119,0
366.4160,0.05811,-0.04721,-0.00419,0.00000,0.00000,0.521,0.117,0
366.4660,0.05813,-0.04768,-0.00426,0.00000,0.00000,0.535,0.115,0
366.5160,0.05816,-0.04814,-0.00431,0.00000,0.00000,0.549,0.113,0
366.5660,0.05820,-0.04858,-0.00435,0.00000,0.00000,0.562,0.111,0
366.6160,0.05823,-0.04901,-0.00437,0.00000,0.00000,0.576,0.109,0
366.6660,0.05827,-0.04942,-0.00439,0.00000,0.00000,0.589,0.107,0
366.7160,0.05830,-0.04981,-0.00439,0.00000,0.00000,0.602,0.105,0
366.7660,0.05834,-0.05019,-0.00439,0.00000,0.00000,0.615,0.103,0
366.8160,0.05838,-0.05055,-0.00438,0.00000,0.00000,0.628,0.101,0
366.8660,0.05842,-0.05089,-0.00437,0.00000,0.00000,0.640,0.099,0
366.9160,0.05845,-0.05120,-0.00435,0.00000,0.00000,0.652,0.097,0
366.9660,0.05848,-0.05149,-0.00433,0.00000,0.00000,0.664,0.095,0
367.0160,0.05850,-0.05175,-0.00431,0.00000,0.00000,0.675,0.094,0
367.0660,0.05851,-0.05199,-0.00428,0.00000,0.00000,0.686,0.092,0
367.1160,0.05852,-0.05223,-0.00427,0.00000,0.00000,0.697,0.090,0
367.1660,0.05852,-0.05244,-0.00425,0.00000,0.00000,0.707,0.088,0
367.2160,0.05851,-0.05263,-0.00424,0.00000,0.00000,0.717,0.087,0
367.2660,0.05848,-0.05279,-0.00424,0.00000,0.00000,0.727,0.085,0
367.3160,0.05843,-0.05292,-0.00424,0.00000,0.00000,0.736,0.083,0
367.3660,0.05835,-0.05301,-0.00426,0.00000,0.00000,0.745,0.081,0
367.4160,0.05826,-0.05310,-0.00428,0.00000,0.00000,0.753,0.080,0
367.4660,0.05814,-0.05316,-0.00432,0.00000,0.00000,0.761,0.078,0
367.5160,0.05799,-0.05321,-0.00438,0.00000,0.00000,0.768,0.076,0
367.5660,0.05781,-0.05323,-0.00444,0.00000,0.00000,0.775,0.074,0
367.6160,0.05760,-0.05322,-0.00453,0.00000,0.00000,0.782,0.072,0
367.6660,0.05733,-0.05317,-0.00463,0.00000,0.00000,0.788,0.070,0
367.7160,0.05703,-0.05310,-0.00475,0.00000,0.00000,0.793,0.067,0
367.7660,0.05667,-0.05301,-0.00488,0.00000,0.00000,0.798,0.065,0
367.8160,0.05627,-0.05289,-0.00504,0.00000,0.00000,0.803,0.062,0
367.8660,0.05581,-0.05275,-0.00522,0.00000,0.00000,0.806,0.060,0
367.9160,0.05529,-0.05258,-0.00541,0.00000,0.00000,0.810,0.057,0
367.9660,0.05471,-0.05238,-0.00563,0.00000,0.00000,0.812,0.054,0
368.0160,0.05406,-0.05216,-0.00586,0.00000,0.00000,0.814,0.050,0
368.0660,0.05334,-0.05191,-0.00612,0.00000,0.00000,0.816,0.047,0
368.1160,0.05255,-0.05163,-0.00639,0.00000,0.00000,0.816,0.043,0
368.1660,0.05167,-0.05131,-0.00669,0.00000,0.00000,0.816,0.040,0
368.2160,0.05070,-0.05096,-0.00700,0.00000,0.00000,0.815,0.035,0
368.2660,0.04965,-0.05056,-0.00733,0.00000,0.00000,0.813,0.031,0
368.3160,0.04850,-0.05014,-0.00768,0.00000,0.00000,0.810,0.027,0
368.3660,0.04726,-0.04967,-0.00804,0.00000,0.00000,0.806,0.022,0
368.4160,0.04591,-0.04917,-0.00842,0.00000,0.00000,0.802,0.017,0
368.4660,0.04447,-0.04863,-0.00881,0.00000,0.00000,0.796,0.012,0
368.5160,0.04292,-0.04805,-0.00921,0.00000,0.00000,0.789,0.007,0
368.5660,0.04127,-0.04743,-0.00962,0.00000,0.00000,0.781,0.002,0
368.6160,0.03950,-0.04677,-0.01004,0.00000,0.00000,0.772,-0.004,0
368.6660,0.03763,-0.04606,-0.01047,0.00000,0.00000,0.762,-0.009,0
368.7160,0.03564,-0.04532,-0.01090,0.00000,0.00000,0.751,-0.015,0
368.7660,0.03355,-0.04454,-0.01134,0.00000,0.00000,0.739,-0.021,0
368.8160,0.03136,-0.04373,-0.01177,0.00000,0.00000,0.726,-0.026,0
368.8660,0.02907,-0.04289,-0.01220,0.00000,0.00000,0.712,-0.032,0
368.9160,0.02666,-0.04202,-0.01263,0.00000,0.00000,0.697,-0.037,0
368.9660,0.02417,-0.04111,-0.01305,0.00000,0.00000,0.681,-0.043,0
369.0160,0.02156,-0.04016,-0.01346,0.00000,0.00000,0.664,-0.048,0
369.0660,0.01886,-0.03917,-0.01387,0.00000,0.00000,0.646,-0.053,0
369.1160,0.01607,-0.03814,-0.01425,0.00000,0.00000,0.627,-0.058,0
369.1660,0.01319,-0.03708,-0.01462,0.00000,0.00000,0.606,-0.062,0
369.2160,0.01022,-0.03598,-0.01498,0.00000,0.00000,0.585,-0.067,0
369.2660,0.00719,-0.03485,-0.01531,0.00000,0.00000,0.563,-0.070,0
369.3160,0.00408,-0.03369,-0.01562,0.00000,0.00000,0.540,-0.074,0
369.3660,0.00092,-0.03250,-0.01590,0.00000,0.00000,0.517,-0.077,0
369.4160,-0.00230,-0.03128,-0.01616,0.00000,0.00000,0.492,-0.079,0
369.4660,-0.00555,-0.03005,-0.01639,0.00000,0.00000,0.467,-0.081,0
369.5160,-0.00884,-0.02878,-0.01658,0.00000,0.00000,0.442,-0.082,0
369.5660,-0.01215,-0.02751,-0.01674,0.00000,0.00000,0.415,-0.082,0
369.6160,-0.01546,-0.02621,-0.01686,0.00000,0.00000,0.389,-0.082,0
369.6660,-0.01877,-0.02490,-0.01695,0.00000,0.00000,0.362,-0.082,0
369.7160,-0.02207,-0.02358,-0.01700,0.00000,0.00000,0.335,-0.080,0
369.7660,-0.02533,-0.02225,-0.01701,0.00000,0.00000,0.307,-0.078,0
369.8160,-0.02855,-0.02091,-0.01697,0.00000,0.00000,0.279,-0.075,0
369.8660,-0.03173,-0.01956,-0.01689,0.00000,0.00000,0.251,-0.072,0
369.9160,-0.03483,-0.01820,-0.01677,0.00000,0.00000,0.224,-0.068,0
369.9660,-0.03785,-0.01685,-0.01660,0.00000,0.00000,0.196,-0.063,0
370.0160,-0.04077,-0.01551,-0.01638,0.00000,0.00000,0.169,-0.057,0
370.0660,-0.04357,-0.01418,-0.01612,0.00000,0.00000,0.141,-0.051,0
370.1160,-0.04624,-0.01287,-0.01581,0.00000,0.00000,0.115,-0.044,0
370.1660,-0.04877,-0.01159,-0.01545,0.00000,0.00000,0.089,-0.037,0
370.2160,-0.05115,-0.01033,-0.01505,0.00000,0.00000,0.063,-0.029,0
370.2660,-0.05339,-0.00909,-0.01460,0.00000,0.00000,0.038,-0.021,0
370.3160,-0.05546,-0.00789,-0.01410,0.00000,0.00000,0.014,-0.013,0
370.3660,-0.05738,-0.00673,-0.01355,0.00000,0.00000,-0.009,-0.004,0
370.4160,-0.05914,-0.00561,-0.01296,0.00000,0.00000,-0.031,0.004,0
370.4660,-0.06074,-0.00452,-0.01232,0.00000,0.00000,-0.052,0.013,0
370.5160,-0.06218,-0.00349,-0.01164,0.00000,0.00000,-0.072,0.022,0
370.5660,-0.06346,-0.00250,-0.01092,0.00000,0.00000,-0.090,0.031,0
370.6160,-0.06459,-0.00157,-0.01015,0.00000,0.00000,-0.107,0.039,0
370.6660,-0.06557,-0.00069,-0.00935,0.00000,0.00000,-0.124,0.047,0
370.7160,-0.06640,0.00015,-0.00851,0.00000,0.00000,-0.138,0.055,0
370.7660,-0.06709,0.00094,-0.00763,0.00000,0.00000,-0.152,0.062,0
370.8160,-0.06764,0.00168,-0.00672,0.00000,0.00000,-0.164,0.069,0
370.8660,-0.06804,0.00236,-0.00578,0.00000,0.00000,-0.175,0.075,0
370.9160,-0.06830,0.00297,-0.00481,0.00000,0.00000,-0.184,0.081,0
370.9660,-0.06842,0.00353,-0.00381,0.00000,0.00000,-0.192,0.085,0
371.0160,-0.06840,0.00402,-0.00279,0.00000,0.00000,-0.200,0.089,0
371.0660,-0.06824,0.00444,-0.00175,0.00000,0.00000,-0.205,0.092,0
371.1160,-0.06794,0.00479,-0.00069,0.00000,0.00000,-0.210,0.095,0
371.1660,-0.06750,0.00508,0.00038,0.00000,0.00000,-0.214,0.096,0
371.2160,-0.06692,0.00530,0.00146,0.00000,0.00000,-0.217,0.096,0
371.2660,-0.06620,0.00545,0.00255,0.00000,0.00000,-0.219,0.096,0
371.3160,-0.06533,0.00553,0.00364,0.00000,0.00000,-0.220,0.094,0
371.3660,-0.06433,0.00554,0.00474,0.00000,0.00000,-0.221,0.092,0
371.4160,-0.06317,0.00548,0.00583,0.00000,0.00000,-0.221,0.089,0
371.4660,-0.06188,0.00535,0.00691,0.00000,0.00000,-0.220,0.084,0
371.5160,-0.06044,0.00516,0.00798,0.00000,0.00000,-0.219,0.079,0
371.5660,-0.05888,0.00493,0.00904,0.00000,0.00000,-0.218,0.074,0
371.6160,-0.05717,0.00463,0.01008,0.00000,0.00000,-0.216,0.067,0
371.6660,-0.05532,0.00426,0.01109,0.00000,0.00000,-0.213,0.060,0
371.7160,-0.05332,0.00384,0.01208,0.00000,0.00000,-0.211,0.052,0
371.7660,-0.05119,0.00336,0.01304,0.00000,0.00000,-0.208,0.043,0
371.8160,-0.04893,0.00283,0.01397,0.00000,0.00000,-0.205,0.035,0
371.8660,-0.04654,0.00225,0.01487,0.00000,0.00000,-0.201,0.025,0
371.9160,-0.04401,0.00161,0.01572,0.00000,0.00000,-0.198,0.016,0
371.9660,-0.04135,0.00092,0.01654,0.00000,0.00000,-0.195,0.006,0
372.0160,-0.03858,0.00019,0.01731,0.00000,0.00000,-0.191,-0.004,0
372.0660,-0.03568,-0.00059,0.01803,0.00000,0.00000,-0.187,-0.014,0
372.1160,-0.03267,-0.00141,0.01871,0.00000,0.00000,-0.184,-0.024,0
372.1660,-0.02956,-0.00227,0.01934,0.00000,0.00000,-0.180,-0.033,0
372.2160,-0.02634,-0.00317,0.01991,0.00000,0.00000,-0.177,-0.043,0
372.2660,-0.02304,-0.00409,0.02044,0.00000,0.00000,-0.173,-0.052,0
372.3160,-0.01965,-0.00505,0.02091,0.00000,0.00000,-0.169,-0.060,0
372.3660,-0.01618,-0.00604,0.02132,0.00000,0.00000,-0.165,-0.068,0
372.4160,-0.01264,-0.00706,0.02169,0.00000,0.00000,-0.161,-0.075,0
372.4660,-0.00904,-0.00810,0.02199,0.00000,0.00000,-0.157,-0.082,0
372.5160,-0.00539,-0.00918,0.02224,0.00000,0.00000,-0.153,-0.087,0
372.5660,-0.00170,-0.01026,0.02243,0.00000,0.00000,-0.148,-0.092,0
372.6160,0.00201,-0.01136,0.02257,0.00000,0.00000,-0.143,-0.096,0
372.6660,0.00573,-0.01246,0.02265,0.00000,0.00000,-0.138,-0.099,0
372.7160,0.00945,-0.01357,0.02268,0.00000,0.00000,-0.133,-0.101,0
372.7660,0.01316,-0.01468,0.02265,0.00000,0.00000,-0.127,-0.102,0
372.8160,0.01686,-0.01581,0.02257,0.00000,0.00000,-0.120,-0.102,0
372.8660,0.02052,-0.01695,0.02244,0.00000,0.00000,-0.114,-0.101,0
372.9160,0.02414,-0.01808,0.02226,0.00000,0.00000,-0.106,-0.099,0
372.9660,0.02769,-0.01920,0.02202,0.00000,0.00000,-0.098,-0.096,0
373.0160,0.03117,-0.02033,0.02174,0.00000,0.00000,-0.090,-0.091,0
373.0660,0.03457,-0.02145,0.02141,0.00000,0.00000,-0.081,-0.086,0
373.1160,0.03787,-0.02256,0.02104,0.00000,0.00000,-0.070,-0.080,0
373.1660,0.04106,-0.02366,0.02062,0.00000,0.00000,-0.059,-0.073,0
373.2160,0.04412,-0.02474,0.02017,0.00000,0.00000,-0.048,-0.064,0
373.2660,0.04704,-0.02579,0.01967,0.00000,0.00000,-0.035,-0.055,0
373.3160,0.04982,-0.02683,0.01913,0.00000,0.00000,-0.021,-0.046,0
373.3660,0.05246,-0.02783,0.01857,0.00000,0.00000,-0.007,-0.035,0
373.4160,0.05497,-0.02883,0.01797,0.00000,0.00000,0.008,-0.024,0
373.4660,0.05733,-0.02981,0.01734,0.00000,0.00000,0.024,-0.012,0
373.5160,0.05955,-0.03076,0.01668,0.00000,0.00000,0.042,0.000,0
373.5660,0.06165,-0.03170,0.01599,0.00000,0.00000,0.060,0.013,0
373.6160,0.06362,-0.03261,0.01529,0.00000,0.00000,0.078,0.025,0
373.6660,0.06547,-0.03351,0.01456,0.00000,0.00000,0.098,0.039,0
373.7160,0.06720,-0.03438,0.01382,0.00000,0.00000,0.119,0.052,0
373.7660,0.06883,-0.03523,0.01306,0.00000,0.00000,0.140,0.065,0
373.8160,0.07036,-0.03605,0.01229,0.00000,0.00000,0.162,0.078,0
373.8660,0.07179,-0.03683,0.01151,0.00000,0.00000,0.184,0.091,0
373.9160,0.07312,-0.03758,0.01072,0.00000,0.00000,0.207,0.103,0
373.9660,0.07437,-0.03830,0.00992,0.00000,0.00000,0.231,0.115,0
374.0160,0.07554,-0.03897,0.00912,0.00000,0.00000,0.254,0.127,0
374.0660,0.07664,-0.03962,0.00833,0.00000,0.00000,0.278,0.138,0
374.1160,0.07767,-0.04022,0.00753,0.00000,0.00000,0.303,0.149,0
374.1660,0.07865,-0.04080,0.00674,0.00000,0.00000,0.327,0.159,0
374.2160,0.07956,-0.04134,0.00595,0.00000,0.00000,0.351,0.168,0
374.2660,0.08042,-0.04186,0.00517,0.00000,0.00000,0.376,0.177,0
374.3160,0.08124,-0.04235,0.00440,0.00000,0.00000,0.400,0.185,0
374.3660,0.08202,-0.04282,0.00364,0.00000,0.00000,0.425,0.192,0
374.4160,0.08276,-0.04325,0.00289,0.00000,0.00000,0.449,0.198,0
374.4660,0.08345,-0.04364,0.00215,0.00000,0.00000,0.473,0.204,0
374.5160,0.08410,-0.04400,0.00144,0.00000,0.00000,0.497,0.209,0
374.5660,0.08470,-0.04431,0.00073,0.00000,0.00000,0.521,0.213,0
374.6160,0.08527,-0.04458,0.00005,0.00000,0.00000,0.544,0.217,0
374.6660,0.08580,-0.04483,-0.00062,0.00000,0.00000,0.566,0.219,0
374.7160,0.08630,-0.04505,-0.00126,0.00000,0.00000,0.589,0.221,0
374.7660,0.08675,-0.04523,-0.00189,0.00000,0.00000,0.610,0.223,0
374.8160,0.08717,-0.04537,-0.00249,0.00000,0.00000,0.631,0.223,0
374.8660,0.08756,-0.04548,-0.00307,0.00000,0.00000,0.652,0.223,0
374.9160,0.08791,-0.04556,-0.00364,0.00000,0.00000,0.672,0.222,0
374.9660,0.08823,-0.04562,-0.00418,0.00000,0.00000,0.691,0.221,0
375.0160,0.08851,-0.04564,-0.00469,0.00000,0.00000,0.710,0.219,0
375.0660,0.08876,-0.04563,-0.00519,0.00000,0.00000,0.728,0.217,0
375.1160,0.08898,-0.04560,-0.00566,0.00000,0.00000,0.745,0.214,0
375.1660,0.08915,-0.04554,-0.00611,0.00000,0.00000,0.762,0.210,0
375.2160,0.08929,-0.04545,-0.00654,0.00000,0.00000,0.778,0.206,0
375.2660,0.08940,-0.04533,-0.00695,0.00000,0.00000,0.793,0.202,0
375.3160,0.08947,-0.04520,-0.00734,0.00000,0.00000,0.808,0.197,0
375.3660,0.08950,-0.04503,-0.00770,0.00000,0.00000,0.822,0.192,0
375.4160,0.08948,-0.04483,-0.00805,0.00000,0.00000,0.835,0.187,0
375.4660,0.08943,-0.04461,-0.00838,0.00000,0.00000,0.848,0.181,0
375.5160,0.08933,-0.04435,-0.00869,0.00000,0.00000,0.859,0.175,0
375.5660,0.08918,-0.04406,-0.00899,0.00000,0.00000,0.870,0.169,0
375.6160,0.08899,-0.04374,-0.00926,0.00000,0.00000,0.880,0.162,0
375.6660,0.08875,-0.04339,-0.00953,0.00000,0.00000,0.889,0.155,0
375.7160,0.08846,-0.04300,-0.00977,0.00000,0.00000,0.897,0.148,0
375.7660,0.08811,-0.04257,-0.01001,0.00000,0.00000,0.904,0.141,0
375.8160,0.08770,-0.04209,-0.01023,0.00000,0.00000,0.910,0.133,0
375.8660,0.08723,-0.04157,-0.01044,0.00000,0.00000,0.914,0.126,0
375.9160,0.08670,-0.04101,-0.01064,0.00000,0.00000,0.918,0.118,0
375.9660,0.08610,-0.04041,-0.01083,0.00000,0.00000,0.920,0.110,0
376.0160,0.08544,-0.03976,-0.01101,0.00000,0.00000,0.922,0.102,0
376.0660,0.08471,-0.03908,-0.01118,0.00000,0.00000,0.922,0.094,0
376.1160,0.08392,-0.03836,-0.01135,0.00000,0.00000,0.921,0.086,0
376.1660,0.08306,-0.03761,-0.01150,0.00000,0.00000,0.919,0.078,0
376.2160,0.08214,-0.03682,-0.01166,0.00000,0.00000,0.917,0.069,0
376.2660,0.08114,-0.03598,-0.01180,0.00000,0.00000,0.913,0.061,0
376.3160,0.08007,-0.03512,-0.01195,0.00000,0.00000,0.908,0.053,0
376.3660,0.07893,-0.03422,-0.01208,0.00000,0.00000,0.902,0.045,0
376.4160,0.07771,-0.03327,-0.01222,0.00000,0.00000,0.895,0.036,0
376.4660,0.07641,-0.03228,-0.01235,0.00000,0.00000,0.887,0.028,0
376.5160,0.07504,-0.03126,-0.01248,0.00000,0.00000,0.878,0.020,0
376.5660,0.07359,-0.03021,-0.01260,0.00000,0.00000,0.868,0.011,0
376.6160,0.07205,-0.02911,-0.01273,0.00000,0.00000,0.857,0.003,0
376.6660,0.07044,-0.02799,-0.01285,0.00000,0.00000,0.845,-0.005,0
376.7160,0.06876,-0.02684,-0.01297,0.00000,0.00000,0.832,-0.013,0
376.7660,0.06699,-0.02566,-0.01308,0.00000,0.00000,0.818,-0.021,0
376.8160,0.06515,-0.02445,-0.01319,0.00000,0.00000,0.804,-0.028,0
376.8660,0.06323,-0.02323,-0.01330,0.00000,0.00000,0.788,-0.036,0
376.9160,0.06123,-0.02198,-0.01341,0.00000,0.00000,0.772,-0.043,0
376.9660,0.05916,-0.02070,-0.01351,0.00000,0.00000,0.755,-0.051,0
377.0160,0.05700,-0.01939,-0.01361,0.00000,0.00000,0.738,-0.058,0
377.0660,0.05477,-0.01806,-0.01370,0.00000,0.00000,0.719,-0.065,0
377.1160,0.05248,-0.01673,-0.01379,0.00000,0.00000,0.700,-0.071,0
377.1660,0.05011,-0.01539,-0.01387,0.00000,0.00000,0.680,-0.077,0
377.2160,0.04767,-0.01404,-0.01395,0.00000,0.00000,0.660,-0.083,0
377.2660,0.04517,-0.01268,-0.01402,0.00000,0.00000,0.639,-0.089,0
377.3160,0.04260,-0.01130,-0.01408,0.00000,0.00000,0.618,-0.095,0
377.3660,0.03997,-0.00992,-0.01412,0.00000,0.00000,0.596,-0.100,0
377.4160,0.03728,-0.00853,-0.01416,0.00000,0.00000,0.574,-0.104,0
377.4660,0.03453,-0.00715,-0.01419,0.00000,0.00000,0.552,-0.109,0
377.5160,0.03174,-0.00578,-0.01421,0.00000,0.00000,0.529,-0.113,0
377.5660,0.02890,-0.00441,-0.01421,0.00000,0.00000,0.506,-0.116,0
377.6160,0.02602,-0.00305,-0.01419,0.00000,0.00000,0.483,-0.119,0
377.6660,0.02311,-0.00171,-0.01417,0.00000,0.00000,0.460,-0.122,0
377.7160,0.02017,-0.00039,-0.01412,0.00000,0.00000,0.437,-0.124,0
377.7660,0.01721,0.00092,-0.01406,0.00000,0.00000,0.414,-0.126,0
377.8160,0.01422,0.00219,-0.01399,0.00000,0.00000,0.391,-0.127,0
377.8660,0.01123,0.00344,-0.01389,0.00000,0.00000,0.368,-0.128,0
377.9160,0.00823,0.00466,-0.01377,0.00000,0.00000,0.346,-0.128,0
377.9660,0.00524,0.00584,-0.01364,0.00000,0.00000,0.323,-0.128,0
378.0160,0.00225,0.00698,-0.01348,0.00000,0.00000,0.302,-0.127,0
378.0660,-0.00072,0.00808,-0.01330,0.00000,0.00000,0.280,-0.126,0
378.1160,-0.00366,0.00914,-0.01310,0.00000,0.00000,0.260,-0.124,0
378.1660,-0.00658,0.01016,-0.01288,0.00000,0.00000,0.239,-0.122,0
378.2160,-0.00946,0.01113,-0.01264,0.00000,0.00000,0.219,-0.119,0
378.2660,-0.01229,0.01205,-0.01238,0.00000,0.00000,0.200,-0.116,0
378.3160,-0.01507,0.01291,-0.01209,0.00000,0.00000,0.182,-0.112,0
378.3660,-0.01778,0.01371,-0.01178,0.00000,0.00000,0.164,-0.108,0
378.4160,-0.02043,0.01446,-0.01145,0.00000,0.00000,0.148,-0.104,0
378.4660,-0.02299,0.01513,-0.01109,0.00000,0.00000,0.132,-0.099,0
378.5160,-0.02546,0.01574,-0.01072,0.00000,0.00000,0.117,-0.094,0
378.5660,-0.02785,0.01629,-0.01032,0.00000,0.00000,0.102,-0.089,0
378.6160,-0.03013,0.01676,-0.00990,0.00000,0.00000,0.089,-0.083,0
378.6660,-0.03231,0.01717,-0.00946,0.00000,0.00000,0.077,-0.077,0
378.7160,-0.03437,0.01750,-0.00901,0.00000,0.00000,0.065,-0.071,0
378.7660,-0.03631,0.01776,-0.00853,0.00000,0.00000,0.055,-0.065,0
378.8160,-0.03812,0.01793,-0.00804,0.00000,0.00000,0.045,-0.058,0
378.8660,-0.03980,0.01803,-0.00753,0.00000,0.00000,0.036,-0.052,0
378.9160,-0.04134,0.01806,-0.00700,0.00000,0.00000,0.029,-0.045,0
378.9660,-0.04275,0.01802,-0.00647,0.00000,0.00000,0.022,-0.039,0
379.0160,-0.04403,0.01791,-0.00592,0.00000,0.00000,0.016,-0.033,0
379.0660,-0.04517,0.01773,-0.00535,0.00000,0.00000,0.010,-0.026,0
379.1160,-0.04618,0.01747,-0.00478,0.00000,0.00000,0.006,-0.020,0
379.1660,-0.04705,0.01713,-0.00420,0.00000,0.00000,0.002,-0.014,0
379.2160,-0.04779,0.01671,-0.00362,0.00000,0.00000,-0.001,-0.008,0
379.2660,-0.04842,0.01622,-0.00303,0.00000,0.00000,-0.003,-0.003,0
379.3160,-0.04893,0.01566,-0.00243,0.00000,0.00000,-0.005,0.002,0
379.3660,-0.04933,0.01503,-0.00184,0.00000,0.00000,-0.006,0.007,0
379.4160,-0.04962,0.01433,-0.00124,0.00000,0.00000,-0.007,0.011,0
379.4660,-0.04982,0.01357,-0.00065,0.00000,0.00000,-0.008,0.015,0
379.5160,-0.04993,0.01276,-0.00006,0.00000,0.00000,-0.008,0.019,0
379.5660,-0.04995,0.01189,0.00052,0.00000,0.00000,-0.008,0.022,0
379.6160,-0.04989,0.01097,0.00110,0.00000,0.00000,-0.008,0.025,0
379.6660,-0.04976,0.01000,0.00167,0.00000,0.00000,-0.008,0.027,0
379.7160,-0.04955,0.00897,0.00223,0.00000,0.00000,-0.008,0.029,0
379.7660,-0.04927,0.00789,0.00277,0.00000,0.00000,-0.008,0.030,0
379.8160,-0.04894,0.00679,0.00330,0.00000,0.00000,-0.008,0.030,0
379.8660,-0.04854,0.00564,0.00382,0.00000,0.00000,-0.009,0.031,0
379.9160,-0.04810,0.00447,0.00432,0.00000,0.00000,-0.009,0.031,0
379.9660,-0.04760,0.00327,0.00481,0.00000,0.00000,-0.010,0.030,0
380.0160,-0.04705,0.00204,0.00527,0.00000,0.00000,-0.011,0.029,0
380.0660,-0.04645,0.00079,0.00572,0.00000,0.00000,-0.012,0.028,0
380.1160,-0.04581,-0.00049,0.00614,0.00000,0.00000,-0.014,0.026,0
380.1660,-0.04512,-0.00178,0.00654,0.00000,0.00000,-0.016,0.024,0
380.2160,-0.04440,-0.00307,0.00692,0.00000,0.00000,-0.018,0.022,0
380.2660,-0.04364,-0.00438,0.00728,0.00000,0.00000,-0.021,0.019,0
380.3160,-0.04283,-0.00570,0.00761,0.00000,0.00000,-0.024,0.016,0
380.3660,-0.04199,-0.00703,0.00792,0.00000,0.00000,-0.028,0.013,0
380.4160,-0.04110,-0.00837,0.00820,0.00000,0.00000,-0.032,0.009,0
380.4660,-0.04018,-0.00971,0.00846,0.00000,0.00000,-0.037,0.006,0
380.5160,-0.03923,-0.01103,0.00869,0.00000,0.00000,-0.042,0.002,0
380.5660,-0.03824,-0.01236,0.00890,0.00000,0.00000,-0.047,-0.002,0
380.6160,-0.03723,-0.01366,0.00909,0.00000,0.00000,-0.052,-0.006,0
380.6660,-0.03618,-0.01494,0.00925,0.00000,0.00000,-0.058,-0.010,0
380.7160,-0.03510,-0.01622,0.00939,0.00000,0.00000,-0.064,-0.014,0
380.7660,-0.03400,-0.01748,0.00950,0.00000,0.00000,-0.071,-0.018,0
380.8160,-0.03286,-0.01872,0.00960,0.00000,0.00000,-0.077,-0.021,0
380.8660,-0.03169,-0.01994,0.00967,0.00000,0.00000,-0.084,-0.025,0
380.9160,-0.03050,-0.02113,0.00972,0.00000,0.00000,-0.090,-0.029,0
380.9660,-0.02928,-0.02229,0.00976,0.00000,0.00000,-0.097,-0.033,0
381.0160,-0.02804,-0.02341,0.00978,0.00000,0.00000,-0.104,-0.037,0
381.0660,-0.02678,-0.02452,0.00978,0.00000,0.00000,-0.111,-0.040,0
381.1160,-0.02548,-0.02558,0.00976,0.00000,0.00000,-0.117,-0.043,0
381.1660,-0.02418,-0.02661,0.00973,0.00000,0.00000,-0.124,-0.047,0
381.2160,-0.02285,-0.02759,0.00969,0.00000,0.00000,-0.130,-0.050,0
381.2660,-0.02150,-0.02854,0.00964,0.00000,0.00000,-0.136,-0.052,0
381.3160,-0.02013,-0.02945,0.00958,0.00000,0.00000,-0.142,-0.055,0
381.3660,-0.01874,-0.03032,0.00951,0.00000,0.00000,-0.148,-0.058,0
381.4160,-0.01733,-0.03116,0.00943,0.00000,0.00000,-0.153,-0.060,0
381.4660,-0.01589,-0.03197,0.00934,0.00000,0.00000,-0.158,-0.062,0
381.5160,-0.01444,-0.03273,0.00926,0.00000,0.00000,-0.162,-0.064,0
381.5660,-0.01297,-0.03346,0.00916,0.00000,0.00000,-0.166,-0.065,0
381.6160,-0.01148,-0.03415,0.00907,0.00000,0.00000,-0.170,-0.067,0
381.6660,-0.00997,-0.03480,0.00898,0.00000,0.00000,-0.173,-0.068,0
381.7160,-0.00845,-0.03542,0.00889,0.00000,0.00000,-0.176,-0.069,0
381.7660,-0.00689,-0.03601,0.00879,0.00000,0.00000,-0.178,-0.070,0
381.8160,-0.00532,-0.03658,0.00871,0.00000,0.00000,-0.179,-0.070,0
381.8660,-0.00373,-0.03712,0.00862,0.00000,0.00000,-0.180,-0.070,0
381.9160,-0.00211,-0.03764,0.00855,0.00000,0.00000,-0.180,-0.070,0
381.9660,-0.00047,-0.03813,0.00847,0.00000,0.00000,-0.180,-0.070,0
382.0160,0.00119,-0.03861,0.00841,0.00000,0.00000,-0.179,-0.070,0
382.0660,0.00287,-0.03906,0.00835,0.00000,0.00000,-0.177,-0.069,0
382.1160,0.00457,-0.03950,0.00830,0.00000,0.00000,-0.175,-0.068,0
382.1660,0.00629,-0.03991,0.00825,0.00000,0.00000,-0.172,-0.067,0
382.2160,0.00803,-0.04032,0.00822,0.00000,0.00000,-0.168,-0.066,0
382.2660,0.00980,-0.04072,0.00820,0.00000,0.00000,-0.164,-0.064,0
382.3160,0.01158,-0.04111,0.00818,0.00000,0.00000,-0.158,-0.062,0
382.3660,0.01339,-0.04150,0.00817,0.00000,0.00000,-0.152,-0.060,0
382.4160,0.01521,-0.04188,0.00818,0.00000,0.00000,-0.145,-0.058,0
382.4660,0.01705,-0.04226,0.00819,0.00000,0.00000,-0.137,-0.055,0
382.5160,0.01891,-0.04264,0.00821,0.00000,0.00000,-0.129,-0.052,0
382.5660,0.02077,-0.04303,0.00824,0.00000,0.00000,-0.120,-0.049,0
382.6160,0.02265,-0.04340,0.00827,0.00000,0.00000,-0.109,-0.046,0
382.6660,0.02453,-0.04378,0.00831,0.00000,0.00000,-0.098,-0.042,0
382.7160,0.02641,-0.04416,0.00836,0.00000,0.00000,-0.086,-0.038,0
382.7660,0.02829,-0.04452,0.00842,0.00000,0.00000,-0.073,-0.034,0
382.8160,0.03016,-0.04489,0.00848,0.00000,0.00000,-0.060,-0.029,0
382.8660,0.03203,-0.04527,0.00854,0.00000,0.00000,-0.045,-0.025,0
382.9160,0.03389,-0.04565,0.00860,0.00000,0.00000,-0.029,-0.019,0
382.9660,0.03575,-0.04604,0.00867,0.00000,0.00000,-0.013,-0.014,0
383.0160,0.03759,-0.04642,0.00873,0.00000,0.00000,0.004,-0.008,0
383.0660,0.03943,-0.04681,0.00879,0.00000,0.00000,0.023,-0.002,0
383.1160,0.04126,-0.04721,0.00885,0.00000,0.00000,0.042,0.004,0
383.1660,0.04309,-0.04762,0.00891,0.00000,0.00000,0.062,0.011,0
383.2160,0.04491,-0.04803,0.00896,0.00000,0.00000,0.082,0.018,0
383.2660,0.04673,-0.04846,0.00900,0.00000,0.00000,0.104,0.025,0
383.3160,0.04855,-0.04889,0.00904,0.00000,0.00000,0.126,0.033,0
383.3660,0.05037,-0.04932,0.00906,0.00000,0.00000,0.150,0.041,0
383.4160,0.05218,-0.04976,0.00907,0.00000,0.00000,0.174,0.049,0
383.4660,0.05401,-0.05021,0.00907,0.00000,0.00000,0.198,0.057,0
383.5160,0.05582,-0.05065,0.00906,0.00000,0.00000,0.224,0.066,0
383.5660,0.05764,-0.05109,0.00903,0.00000,0.00000,0.250,0.075,0
383.6160,0.05946,-0.05153,0.00898,0.00000,0.00000,0.276,0.084,0
383.6660,0.06128,-0.05197,0.00891,0.00000,0.00000,0.303,0.093,0
383.7160,0.06310,-0.05240,0.00882,0.00000,0.00000,0.331,0.102,0
383.7660,0.06492,-0.05283,0.00871,0.00000,0.00000,0.359,0.112,0
383.8160,0.06674,-0.05325,0.00858,0.00000,0.00000,0.387,0.121,0
383.8660,0.06856,-0.05368,0.00843,0.00000,0.00000,0.416,0.131,0
383.9160,0.07039,-0.05410,0.00825,0.00000,0.00000,0.445,0.140,0
383.9660,0.07221,-0.05452,0.00804,0.00000,0.00000,0.475,0.150,0
384.0160,0.07403,-0.05493,0.00781,0.00000,0.00000,0.505,0.159,0
384.0660,0.07584,-0.05532,0.00755,0.00000,0.00000,0.535,0.169,0
384.1160,0.07764,-0.05570,0.00727,0.00000,0.00000,0.566,0.178,0
384.1660,0.07943,-0.05606,0.00696,0.00000,0.00000,0.596,0.187,0
384.2160,0.08120,-0.05641,0.00661,0.00000,0.00000,0.627,0.195,0
384.2660,0.08296,-0.05676,0.00625,0.00000,0.00000,0.658,0.204,0
384.3160,0.08470,-0.05708,0.00585,0.00000,0.00000,0.689,0.212,0
384.3660,0.08641,-0.05738,0.00542,0.00000,0.00000,0.720,0.220,0
384.4160,0.08810,-0.05766,0.00497,0.00000,0.00000,0.750,0.227,0
384.4660,0.08975,-0.05792,0.00449,0.00000,0.00000,0.781,0.234,0
384.5160,0.09136,-0.05815,0.00398,0.00000,0.00000,0.812,0.240,0
384.5660,0.09293,-0.05834,0.00345,0.00000,0.00000,0.842,0.246,0
384.6160,0.09446,-0.05850,0.00289,0.00000,0.00000,0.872,0.251,0
384.6660,0.09595,-0.05862,0.00231,0.00000,0.00000,0.901,0.255,0
384.7160,0.09740,-0.05870,0.00170,0.00000,0.00000,0.929,0.259,0
384.7660,0.09881,-0.05875,0.00107,0.00000,0.00000,0.957,0.262,0
384.8160,0.10020,-0.05876,0.00043,0.00000,0.00000,0.984,0.264,0
384.8660,0.10155,-0.05873,-0.00024,0.00000,0.00000,1.010,0.265,0
384.9160,0.10286,-0.05864,-0.00092,0.00000,0.00000,1.035,0.266,0
384.9660,0.10411,-0.05850,-0.00162,0.00000,0.00000,1.059,0.265,0
385.0160,0.10530,-0.05831,-0.00233,0.00000,0.00000,1.081,0.264,0
385.0660,0.10643,-0.05806,-0.00306,0.00000,0.00000,1.102,0.261,0
385.1160,0.10748,-0.05777,-0.00379,0.00000,0.00000,1.122,0.258,0
385.1660,0.10845,-0.05741,-0.00453,0.00000,0.00000,1.141,0.254,0
385.2160,0.10932,-0.05701,-0.00527,0.00000,0.00000,1.158,0.249,0
385.2660,0.11007,-0.05654,-0.00602,0.00000,0.00000,1.174,0.244,0
385.3160,0.11071,-0.05601,-0.00676,0.00000,0.00000,1.188,0.237,0
385.3660,0.11120,-0.05543,-0.00750,0.00000,0.00000,1.201,0.230,0
385.4160,0.11154,-0.05480,-0.00824,0.00000,0.00000,1.212,0.221,0
385.4660,0.11172,-0.05411,-0.00896,0.00000,0.00000,1.223,0.212,0
385.5160,0.11171,-0.05337,-0.00967,0.00000,0.00000,1.232,0.203,0
385.5660,0.11152,-0.05258,-0.01037,0.00000,0.00000,1.239,0.193,0
385.6160,0.11113,-0.05172,-0.01106,0.00000,0.00000,1.246,0.182,0
385.6660,0.11057,-0.05081,-0.01172,0.00000,0.00000,1.250,0.170,0
385.7160,0.10983,-0.04983,-0.01236,0.00000,0.00000,1.253,0.158,0
385.7660,0.10893,-0.04880,-0.01298,0.00000,0.00000,1.254,0.146,0
385.8160,0.10787,-0.04770,-0.01357,0.00000,0.00000,1.253,0.132,0
385.8660,0.10665,-0.04655,-0.01413,0.00000,0.00000,1.250,0.119,0
385.9160,0.10529,-0.04535,-0.01466,0.00000,0.00000,1.245,0.105,0
385.9660,0.10379,-0.04410,-0.01516,0.00000,0.00000,1.238,0.091,0
386.0160,0.10215,-0.04281,-0.01562,0.00000,0.00000,1.229,0.077,0
386.0660,0.10039,-0.04150,-0.01604,0.00000,0.00000,1.218,0.062,0
386.1160,0.09850,-0.04014,-0.01643,0.00000,0.00000,1.206,0.048,0
386.1660,0.09649,-0.03876,-0.01678,0.00000,0.00000,1.192,0.033,0
386.2160,0.09437,-0.03735,-0.01708,0.00000,0.00000,1.177,0.019,0
386.2660,0.09215,-0.03594,-0.01735,0.00000,0.00000,1.160,0.005,0
386.3160,0.08982,-0.03450,-0.01757,0.00000,0.00000,1.142,-0.009,0
386.3660,0.08740,-0.03306,-0.01775,0.00000,0.00000,1.122,-0.023,0
386.4160,0.08489,-0.03159,-0.01788,0.00000,0.00000,1.101,-0.036,0
386.4660,0.08228,-0.03012,-0.01797,0.00000,0.00000,1.079,-0.049,0
386.5160,0.07960,-0.02865,-0.01802,0.00000,0.00000,1.056,-0.062,0
386.5660,0.07684,-0.02717,-0.01803,0.00000,0.00000,1.031,-0.074,0
386.6160,0.07402,-0.02570,-0.01799,0.00000,0.00000,1.006,-0.085,0
386.6660,0.07113,-0.02424,-0.01791,0.00000,0.00000,0.980,-0.095,0
386.7160,0.06819,-0.02280,-0.01780,0.00000,0.00000,0.953,-0.105,0
386.7660,0.06521,-0.02139,-0.01764,0.00000,0.00000,0.926,-0.114,0
386.8160,0.06219,-0.01999,-0.01744,0.00000,0.00000,0.898,-0.123,0
386.8660,0.05913,-0.01862,-0.01720,0.00000,0.00000,0.870,-0.130,0
386.9160,0.05605,-0.01727,-0.01693,0.00000,0.00000,0.841,-0.137,0
386.9660,0.05295,-0.01597,-0.01662,0.00000,0.00000,0.812,-0.143,0
387.0160,0.04984,-0.01471,-0.01628,0.00000,0.00000,0.783,-0.148,0
387.0660,0.04673,-0.01351,-0.01591,0.00000,0.00000,0.754,-0.153,0
387.1160,0.04363,-0.01235,-0.01551,0.00000,0.00000,0.725,-0.156,0
387.1660,0.04054,-0.01125,-0.01508,0.00000,0.00000,0.696,-0.159,0
387.2160,0.03747,-0.01020,-0.01463,0.00000,0.00000,0.668,-0.161,0
387.2660,0.03442,-0.00920,-0.01415,0.00000,0.00000,0.639,-0.162,0
387.3160,0.03141,-0.00828,-0.01366,0.00000,0.00000,0.611,-0.163,0
387.3660,0.02844,-0.00742,-0.01314,0.00000,0.00000,0.584,-0.163,0
387.4160,0.02551,-0.00662,-0.01261,0.00000,0.00000,0.557,-0.162,0
387.4660,0.02263,-0.00588,-0.01206,0.00000,0.00000,0.531,-0.161,0
387.5160,0.01980,-0.00521,-0.01151,0.00000,0.00000,0.505,-0.159,0
387.5660,0.01703,-0.00461,-0.01094,0.00000,0.00000,0.480,-0.157,0
387.6160,0.01433,-0.00408,-0.01037,0.00000,0.00000,0.456,-0.154,0
387.6660,0.01169,-0.00361,-0.00979,0.00000,0.00000,0.432,-0.150,0
387.7160,0.00913,-0.00321,-0.00922,0.00000,0.00000,0.409,-0.146,0
387.7660,0.00664,-0.00288,-0.00864,0.00000,0.00000,0.386,-0.142,0
387.8160,0.00423,-0.00263,-0.00806,0.00000,0.00000,0.365,-0.138,0
387.8660,0.00190,-0.00244,-0.00750,0.00000,0.00000,0.344,-0.133,0
387.9160,-0.00035,-0.00231,-0.00693,0.00000,0.00000,0.324,-0.128,0
387.9660,-0.00251,-0.00225,-0.00638,0.00000,0.00000,0.305,-0.123,0
388.0160,-0.00459,-0.00225,-0.00584,0.00000,0.00000,0.287,-0.117,0
388.0660,-0.00659,-0.00230,-0.00532,0.00000,0.00000,0.269,-0.112,0
388.1160,-0.00849,-0.00242,-0.00480,0.00000,0.00000,0.252,-0.106,0
388.1660,-0.01031,-0.00259,-0.00431,0.00000,0.00000,0.236,-0.100,0
388.2160,-0.01204,-0.00282,-0.00384,0.00000,0.00000,0.221,-0.095,0
388.2660,-0.01369,-0.00308,-0.00338,0.00000,0.00000,0.206,-0.089,0
388.3160,-0.01525,-0.00339,-0.00295,0.00000,0.00000,0.192,-0.084,0
388.3660,-0.01673,-0.00375,-0.00253,0.00000,0.00000,0.179,-0.078,0
388.4160,-0.01812,-0.00415,-0.00215,0.00000,0.00000,0.166,-0.073,0
388.4660,-0.01943,-0.00458,-0.00178,0.00000,0.00000,0.154,-0.067,0
388.5160,-0.02067,-0.00503,-0.00144,0.00000,0.00000,0.142,-0.062,0
388.5660,-0.02183,-0.00552,-0.00113,0.00000,0.00000,0.131,-0.057,0
388.6160,-0.02291,-0.00602,-0.00084,0.00000,0.00000,0.120,-0.052,0
388.6660,-0.02392,-0.00654,-0.00058,0.00000,0.00000,0.110,-0.048,0
388.7160,-0.02486,-0.00708,-0.00035,0.00000,0.00000,0.100,-0.043,0
388.7660,-0.02574,-0.00761,-0.00013,0.00000,0.00000,0.090,-0.039,0
388.8160,-0.02656,-0.00813,0.00005,0.00000,0.00000,0.081,-0.035,0
388.8660,-0.02732,-0.00865,0.00021,0.00000,0.00000,0.072,-0.031,0
388.9160,-0.02802,-0.00915,0.00035,0.00000,0.00000,0.063,-0.028,0
388.9660,-0.02867,-0.00963,0.00046,0.00000,0.00000,0.054,-0.024,0
389.0160,-0.02926,-0.01010,0.00055,0.00000,0.00000,0.046,-0.021,0
389.0660,-0.02981,-0.01055,0.00062,0.00000,0.00000,0.038,-0.018,0
389.1160,-0.03029,-0.01099,0.00067,0.00000,0.00000,0.029,-0.015,0
389.1660,-0.03073,-0.01140,0.00070,0.00000,0.00000,0.022,-0.013,0
389.2160,-0.03111,-0.01180,0.00071,0.00000,0.00000,0.014,-0.010,0
389.2660,-0.03146,-0.01215,0.00071,0.00000,0.00000,0.006,-0.008,0
389.3160,-0.03177,-0.01248,0.00069,0.00000,0.00000,-0.001,-0.006,0
389.3660,-0.03204,-0.01277,0.00066,0.00000,0.00000,-0.009,-0.004,0
389.4160,-0.03227,-0.01302,0.00062,0.00000,0.00000,-0.016,-0.002,0
389.4660,-0.03248,-0.01324,0.00057,0.00000,0.00000,-0.023,-0.000,0
389.5160,-0.03266,-0.01341,0.00051,0.00000,0.00000,-0.030,0.001,0
389.5660,-0.03280,-0.01354,0.00045,0.00000,0.00000,-0.037,0.003,0
389.6160,-0.03292,-0.01363,0.00038,0.00000,0.00000,-0.044,0.004,0
389.6660,-0.03302,-0.01367,0.00031,0.00000,0.00000,-0.050,0.005,0
389.7160,-0.03310,-0.01366,0.00024,0.00000,0.00000,-0.057,0.006,0
389.7660,-0.03316,-0.01361,0.00018,0.00000,0.00000,-0.063,0.007,0
389.8160,-0.03319,-0.01351,0.00011,0.00000,0.00000,-0.069,0.008,0
389.8660,-0.03320,-0.01336,0.00005,0.00000,0.00000,-0.075,0.009,0
389.9160,-0.03319,-0.01317,-0.00000,0.00000,0.00000,-0.081,0.009,0
389.9660,-0.03315,-0.01293,-0.00005,0.00000,0.00000,-0.087,0.010,0
390.0160,-0.03310,-0.01263,-0.00009,0.00000,0.00000,-0.092,0.010,0
390.0660,-0.03302,-0.01228,-0.00011,0.00000,0.00000,-0.097,0.011,0
390.1160,-0.03292,-0.01188,-0.00013,0.00000,0.00000,-0.102,0.011,0
390.1660,-0.03279,-0.01144,-0.00013,0.00000,0.00000,-0.106,0.012,0
390.2160,-0.03264,-0.01095,-0.00011,0.00000,0.00000,-0.110,0.012,0
390.2660,-0.03245,-0.01043,-0.00008,0.00000,0.00000,-0.114,0.012,0
390.3160,-0.03223,-0.00986,-0.00004,0.00000,0.00000,-0.117,0.012,0
390.3660,-0.03197,-0.00925,0.00002,0.00000,0.00000,-0.121,0.012,0
390.4160,-0.03168,-0.00860,0.00010,0.00000,0.00000,-0.123,0.012,0
390.4660,-0.03136,-0.00791,0.00020,0.00000,0.00000,-0.126,0.012,0
390.5160,-0.03099,-0.00719,0.00031,0.00000,0.00000,-0.128,0.012,0
390.5660,-0.03058,-0.00644,0.00044,0.00000,0.00000,-0.129,0.012,0
390.6160,-0.03012,-0.00567,0.00060,0.00000,0.00000,-0.130,0.011,0
390.6660,-0.02960,-0.00489,0.00076,0.00000,0.00000,-0.131,0.011,0
390.7160,-0.02904,-0.00410,0.00095,0.00000,0.00000,-0.131,0.010,0
390.7660,-0.02841,-0.00330,0.00116,0.00000,0.00000,-0.131,0.009,0
390.8160,-0.02772,-0.00251,0.00138,0.00000,0.00000,-0.130,0.009,0
390.8660,-0.02698,-0.00171,0.00162,0.00000,0.00000,-0.129,0.008,0
390.9160,-0.02617,-0.00091,0.00187,0.00000,0.00000,-0.128,0.007,0
390.9660,-0.02531,-0.00011,0.00214,0.00000,0.00000,-0.126,0.006,0
391.0160,-0.02438,0.00068,0.00242,0.00000,0.00000,-0.124,0.004,0
391.0660,-0.02339,0.00145,0.00271,0.00000,0.00000,-0.121,0.003,0
391.1160,-0.02235,0.00222,0.00302,0.00000,0.00000,-0.118,0.001,0
391.1660,-0.02124,0.00298,0.00333,0.00000,0.00000,-0.115,-0.000,0
391.2160,-0.02008,0.00371,0.00366,0.00000,0.00000,-0.112,-0.002,0
391.2660,-0.01884,0.00441,0.00399,0.00000,0.00000,-0.108,-0.003,0
391.3160,-0.01755,0.00508,0.00432,0.00000,0.00000,-0.104,-0.005,0
391.3660,-0.01619,0.00571,0.00466,0.00000,0.00000,-0.100,-0.007,0
391.4160,-0.01478,0.00631,0.00500,0.00000,0.00000,-0.095,-0.009,0
391.4660,-0.01332,0.00687,0.00535,0.00000,0.00000,-0.091,-0.011,0
391.5160,-0.01180,0.00738,0.00569,0.00000,0.00000,-0.086,-0.013,0
391.5660,-0.01022,0.00783,0.00602,0.00000,0.00000,-0.082,-0.015,0
391.6160,-0.00860,0.00823,0.00636,0.00000,0.00000,-0.077,-0.016,0
391.6660,-0.00693,0.00857,0.00668,0.00000,0.00000,-0.072,-0.018,0
391.7160,-0.00521,0.00885,0.00700,0.00000,0.00000,-0.068,-0.020,0
391.7660,-0.00346,0.00907,0.00731,0.00000,0.00000,-0.063,-0.021,0
391.8160,-0.00168,0.00924,0.00760,0.00000,0.00000,-0.058,-0.023,0
391.8660,0.00012,0.00935,0.00789,0.00000,0.00000,-0.054,-0.024,0
391.9160,0.00195,0.00940,0.00815,0.00000,0.00000,-0.049,-0.025,0
391.9660,0.00379,0.00939,0.00840,0.00000,0.00000,-0.045,-0.026,0
392.0160,0.00564,0.00930,0.00863,0.00000,0.00000,-0.041,-0.027,0
392.0660,0.00751,0.00913,0.00885,0.00000,0.00000,-0.037,-0.028,0
392.1160,0.00938,0.00889,0.00904,0.00000,0.00000,-0.034,-0.028,0
392.1660,0.01124,0.00858,0.00921,0.00000,0.00000,-0.030,-0.028,0
392.2160,0.01309,0.00818,0.00935,0.00000,0.00000,-0.027,-0.028,0
392.2660,0.01493,0.00772,0.00948,0.00000,0.00000,-0.024,-0.028,0
392.3160,0.01673,0.00720,0.00957,0.00000,0.00000,-0.021,-0.027,0
392.3660,0.01849,0.00663,0.00964,0.00000,0.00000,-0.018,-0.026,0
392.4160,0.02022,0.00598,0.00969,0.00000,0.00000,-0.016,-0.025,0
392.4660,0.02190,0.00526,0.00971,0.00000,0.00000,-0.013,-0.023,0
392.5160,0.02352,0.00448,0.00969,0.00000,0.00000,-0.011,-0.021,0
392.5660,0.02508,0.00365,0.00966,0.00000,0.00000,-0.009,-0.019,0
392.6160,0.02657,0.00275,0.00959,0.00000,0.00000,-0.007,-0.017,0
392.6660,0.02800,0.00180,0.00950,0.00000,0.00000,-0.005,-0.014,0
392.7160,0.02935,0.00079,0.00937,0.00000,0.00000,-0.003,-0.011,0
392.7660,0.03062,-0.00028,0.00922,0.00000,0.00000,-0.001,-0.008,0
392.8160,0.03182,-0.00140,0.00905,0.00000,0.00000,0.001,-0.004,0
392.8660,0.03293,-0.00256,0.00884,0.00000,0.00000,0.004,-0.001,0
392.9160,0.03396,-0.00377,0.00861,0.00000,0.00000,0.006,0.003,0
392.9660,0.03490,-0.00502,0.00836,0.00000,0.00000,0.008,0.007,0
393.0160,0.03577,-0.00631,0.00808,0.00000,0.00000,0.011,0.011,0
393.0660,0.03654,-0.00763,0.00778,0.00000,0.00000,0.014,0.015,0
393.1160,0.03724,-0.00899,0.00745,0.00000,0.00000,0.018,0.020,0
393.1660,0.03786,-0.01037,0.00711,0.00000,0.00000,0.021,0.024,0
393.2160,0.03840,-0.01177,0.00674,0.00000,0.00000,0.025,0.028,0
393.2660,0.03885,-0.01320,0.00636,0.00000,0.00000,0.030,0.032,0
393.3160,0.03924,-0.01464,0.00595,0.00000,0.00000,0.035,0.036,0
393.3660,0.03954,-0.01610,0.00554,0.00000,0.00000,0.040,0.040,0
393.4160,0.03978,-0.01757,0.00511,0.00000,0.00000,0.046,0.044,0
393.4660,0.03994,-0.01905,0.00466,0.00000,0.00000,0.052,0.048,0
393.5160,0.04004,-0.02053,0.00421,0.00000,0.00000,0.059,0.052,0
393.5660,0.04006,-0.02199,0.00375,0.00000,0.00000,0.066,0.055,0
393.6160,0.04001,-0.02345,0.00328,0.00000,0.00000,0.073,0.058,0
393.6660,0.03990,-0.02491,0.00281,0.00000,0.00000,0.081,0.061,0
393.7160,0.03973,-0.02634,0.00233,0.00000,0.00000,0.089,0.063,0
393.7660,0.03950,-0.02777,0.00186,0.00000,0.00000,0.098,0.066,0
393.8160,0.03922,-0.02919,0.00138,0.00000,0.00000,0.107,0.068,0
393.8660,0.03888,-0.03058,0.00091,0.00000,0.00000,0.116,0.069,0
393.9160,0.03850,-0.03197,0.00045,0.00000,0.00000,0.126,0.071,0
393.9660,0.03806,-0.03332,-0.00001,0.00000,0.00000,0.136,0.072,0
394.0160,0.03757,-0.03464,-0.00047,0.00000,0.00000,0.146,0.073,0
394.0660,0.03704,-0.03593,-0.00091,0.00000,0.00000,0.156,0.074,0
394.1160,0.03648,-0.03719,-0.00134,0.00000,0.00000,0.166,0.074,0
394.1660,0.03587,-0.03843,-0.00175,0.00000,0.00000,0.177,0.074,0
394.2160,0.03524,-0.03963,-0.00215,0.00000,0.00000,0.187,0.074,0
394.2660,0.03457,-0.04079,-0.00253,0.00000,0.00000,0.198,0.073,0
394.3160,0.03387,-0.04191,-0.00290,0.00000,0.00000,0.208,0.072,0
394.3660,0.03315,-0.04300,-0.00324,0.00000,0.00000,0.219,0.072,0
394.4160,0.03241,-0.04406,-0.00357,0.00000,0.00000,0.229,0.070,0
394.4660,0.03167,-0.04508,-0.00387,0.00000,0.00000,0.239,0.069,0
394.5160,0.03091,-0.04606,-0.00415,0.00000,0.00000,0.249,0.068,0
394.5660,0.03014,-0.04700,-0.00440,0.00000,0.00000,0.259,0.066,0
394.6160,0.02937,-0.04790,-0.00463,0.00000,0.00000,0.269,0.064,0
394.6660,0.02860,-0.04875,-0.00484,0.00000,0.00000,0.278,0.063,0
394.7160,0.02783,-0.04957,-0.00501,0.00000,0.00000,0.287,0.061,0
394.7660,0.02707,-0.05034,-0.00517,0.00000,0.00000,0.295,0.059,0
394.8160,0.02632,-0.05106,-0.00529,0.00000,0.00000,0.304,0.057,0
394.8660,0.02559,-0.05174,-0.00540,0.00000,0.00000,0.312,0.055,0
394.9160,0.02488,-0.05238,-0.00547,0.00000,0.00000,0.319,0.053,0
394.9660,0.02419,-0.05298,-0.00552,0.00000,0.00000,0.327,0.051,0
395.0160,0.02353,-0.05353,-0.00554,0.00000,0.00000,0.334,0.049,0
395.0660,0.02290,-0.05403,-0.00554,0.00000,0.00000,0.340,0.047,0
395.1160,0.02230,-0.05449,-0.00551,0.00000,0.00000,0.346,0.045,0
395.1660,0.02175,-0.05491,-0.00546,0.00000,0.00000,0.352,0.043,0
395.2160,0.02123,-0.05529,-0.00538,0.00000,0.00000,0.358,0.042,0
395.2660,0.02075,-0.05562,-0.00528,0.00000,0.00000,0.363,0.040,0
395.3160,0.02032,-0.05591,-0.00516,0.00000,0.00000,0.367,0.038,0
395.3660,0.01995,-0.05616,-0.00503,0.00000,0.00000,0.372,0.037,0
395.4160,0.01962,-0.05638,-0.00487,0.00000,0.00000,0.377,0.036,0
395.4660,0.01935,-0.05656,-0.00469,0.00000,0.00000,0.381,0.034,0
395.5160,0.01914,-0.05670,-0.00450,0.00000,0.00000,0.385,0.033,0
395.5660,0.01898,-0.05680,-0.00429,0.00000,0.00000,0.389,0.032,0
395.6160,0.01887,-0.05687,-0.00407,0.00000,0.00000,0.392,0.032,0
395.6660,0.01883,-0.05690,-0.00383,0.00000,0.00000,0.396,0.031,0
395.7160,0.01884,-0.05690,-0.00359,0.00000,0.00000,0.400,0.030,0
395.7660,0.01891,-0.05684,-0.00334,0.00000,0.00000,0.403,0.030,0
395.8160,0.01903,-0.05676,-0.00308,0.00000,0.00000,0.406,0.030,0
395.8660,0.01921,-0.05664,-0.00282,0.00000,0.00000,0.409,0.029,0
395.9160,0.01945,-0.05651,-0.00255,0.00000,0.00000,0.413,0.029,0
395.9660,0.01975,-0.05634,-0.00228,0.00000,0.00000,0.416,0.030,0
396.0160,0.02010,-0.05614,-0.00202,0.00000,0.00000,0.420,0.030,0
396.0660,0.02050,-0.05590,-0.00175,0.00000,0.00000,0.423,0.030,0
396.1160,0.02094,-0.05561,-0.00149,0.00000,0.00000,0.427,0.031,0
396.1660,0.02143,-0.05530,-0.00123,0.00000,0.00000,0.430,0.031,0
396.2160,0.02196,-0.05496,-0.00098,0.00000,0.00000,0.434,0.032,0
396.2660,0.02254,-0.05460,-0.00073,0.00000,0.00000,0.438,0.033,0
396.3160,0.02315,-0.05420,-0.00050,0.00000,0.00000,0.441,0.033,0
396.3660,0.02380,-0.05377,-0.00028,0.00000,0.00000,0.445,0.034,0
396.4160,0.02447,-0.05331,-0.00007,0.00000,0.00000,0.449,0.035,0
396.4660,0.02518,-0.05283,0.00013,0.00000,0.00000,0.453,0.037,0
396.5160,0.02591,-0.05233,0.00031,0.00000,0.00000,0.457,0.038,0
396.5660,0.02667,-0.05181,0.00048,0.00000,0.00000,0.462,0.039,0
396.6160,0.02746,-0.05128,0.00062,0.00000,0.00000,0.466,0.040,0
396.6660,0.02826,-0.05074,0.00076,0.00000,0.00000,0.471,0.042,0
396.7160,0.02908,-0.05019,0.00087,0.00000,0.00000,0.476,0.043,0
396.7660,0.02992,-0.04963,0.00096,0.00000,0.00000,0.481,0.044,0
396.8160,0.03076,-0.04906,0.00104,0.00000,0.00000,0.486,0.046,0
396.8660,0.03160,-0.04848,0.00109,0.00000,0.00000,0.491,0.047,0
396.9160,0.03245,-0.04790,0.00113,0.00000,0.00000,0.497,0.049,0
396.9660,0.03329,-0.04730,0.00114,0.00000,0.00000,0.502,0.050,0
397.0160,0.03412,-0.04669,0.00113,0.00000,0.00000,0.508,0.052,0
397.0660,0.03494,-0.04607,0.00111,0.00000,0.00000,0.513,0.053,0
397.1160,0.03575,-0.04546,0.00106,0.00000,0.00000,0.519,0.054,0
397.1660,0.03654,-0.04483,0.00099,0.00000,0.00000,0.524,0.056,0
397.2160,0.03730,-0.04419,0.00090,0.00000,0.00000,0.529,0.057,0
397.2660,0.03803,-0.04354,0.00079,0.00000,0.00000,0.534,0.058,0
397.3160,0.03874,-0.04289,0.00067,0.00000,0.00000,0.539,0.059,0
397.3660,0.03942,-0.04225,0.00052,0.00000,0.00000,0.544,0.060,0
397.4160,0.04007,-0.04161,0.00036,0.00000,0.00000,0.549,0.060,0
397.4660,0.04068,-0.04096,0.00018,0.00000,0.00000,0.553,0.061,0
397.5160,0.04125,-0.04032,-0.00001,0.00000,0.00000,0.558,0.062,0
397.5660,0.04178,-0.03967,-0.00022,0.00000,0.00000,0.562,0.062,0
397.6160,0.04226,-0.03902,-0.00045,0.00000,0.00000,0.566,0.062,0
397.6660,0.04270,-0.03838,-0.00069,0.00000,0.00000,0.569,0.062,0
397.7160,0.04309,-0.03774,-0.00094,0.00000,0.00000,0.573,0.062,0
397.7660,0.04343,-0.03709,-0.00120,0.00000,0.00000,0.576,0.062,0
397.8160,0.04371,-0.03644,-0.00147,0.00000,0.00000,0.578,0.061,0
397.8660,0.04394,-0.03579,-0.00174,0.00000,0.00000,0.580,0.060,0
397.9160,0.04411,-0.03513,-0.00203,0.00000,0.00000,0.582,0.060,0
397.9660,0.04422,-0.03449,-0.00232,0.00000,0.00000,0.583,0.059,0
398.0160,0.04429,-0.03385,-0.00262,0.00000,0.00000,0.584,0.057,0
398.0660,0.04430,-0.03322,-0.00292,0.00000,0.00000,0.584,0.056,0
398.1160,0.04425,-0.03260,-0.00322,0.00000,0.00000,0.585,0.054,0
398.1660,0.04414,-0.03197,-0.00352,0.00000,0.00000,0.584,0.052,0
398.2160,0.04397,-0.03135,-0.00382,0.00000,0.00000,0.584,0.050,0
398.2660,0.04373,-0.03072,-0.00412,0.00000,0.00000,0.583,0.048,0
398.3160,0.04344,-0.03010,-0.00441,0.00000,0.00000,0.581,0.046,0
398.3660,0.04310,-0.02949,-0.00470,0.00000,0.00000,0.579,0.044,0
398.4160,0.04269,-0.02888,-0.00498,0.00000,0.00000,0.576,0.041,0
398.4660,0.04222,-0.02826,-0.00526,0.00000,0.00000,0.573,0.038,0
398.5160,0.04170,-0.02764,-0.00553,0.00000,0.00000,0.569,0.035,0
398.5660,0.04111,-0.02702,-0.00579,0.00000,0.00000,0.565,0.032,0
398.6160,0.04047,-0.02640,-0.00603,0.00000,0.00000,0.560,0.029,0
398.6660,0.03978,-0.02580,-0.00627,0.00000,0.00000,0.555,0.026,0
398.7160,0.03904,-0.02519,-0.00649,0.00000,0.00000,0.550,0.023,0
398.7660,0.03824,-0.02458,-0.00670,0.00000,0.00000,0.544,0.020,0
398.8160,0.03739,-0.02397,-0.00690,0.00000,0.00000,0.537,0.017,0
398.8660,0.03650,-0.02337,-0.00708,0.00000,0.00000,0.531,0.013,0
398.9160,0.03556,-0.02277,-0.00724,0.00000,0.00000,0.523,0.010,0
398.9660,0.03459,-0.02218,-0.00739,0.00000,0.00000,0.516,0.007,0
399.0160,0.03358,-0.02161,-0.00753,0.00000,0.00000,0.508,0.004,0
399.0660,0.03254,-0.02105,-0.00764,0.00000,0.00000,0.500,0.000,0
399.1160,0.03146,-0.02049,-0.00774,0.00000,0.00000,0.491,-0.003,0
399.1660,0.03037,-0.01995,-0.00782,0.00000,0.00000,0.483,-0.006,0
399.2160,0.02924,-0.01942,-0.00788,0.00000,0.00000,0.474,-0.009,0
399.2660,0.02809,-0.01890,-0.00792,0.00000,0.00000,0.465,-0.011,0
399.3160,0.02693,-0.01839,-0.00795,0.00000,0.00000,0.456,-0.014,0
399.3660,0.02575,-0.01790,-0.00796,0.00000,0.00000,0.447,-0.017,0
399.4160,0.02455,-0.01741,-0.00795,0.00000,0.00000,0.437,-0.019,0
399.4660,0.02334,-0.01694,-0.00792,0.00000,0.00000,0.427,-0.021,0
399.5160,0.02212,-0.01646,-0.00787,0.00000,0.00000,0.417,-0.024,0
399.5660,0.02089,-0.01600,-0.00781,0.00000,0.00000,0.407,-0.026,0
399.6160,0.01967,-0.01555,-0.00773,0.00000,0.00000,0.397,-0.027,0
399.6660,0.01843,-0.01510,-0.00764,0.00000,0.00000,0.387,-0.029,0
399.7160,0.01721,-0.01467,-0.00753,0.00000,0.00000,0.377,-0.031,0
399.7660,0.01599,-0.01426,-0.00741,0.00000,0.00000,0.366,-0.032,0
399.8160,0.01478,-0.01385,-0.00727,0.00000,0.00000,0.356,-0.033,0
399.8660,0.01358,-0.01345,-0.00711,0.00000,0.00000,0.345,-0.034,0
399.9160,0.01239,-0.01306,-0.00695,0.00000,0.00000,0.335,-0.035,0
399.9660,0.01122,-0.01268,-0.00677,0.00000,0.00000,0.324,-0.035,0
400.0160,0.01007,-0.01233,-0.00658,0.00000,0.00000,0.314,-0.036,0
400.0660,0.00894,-0.01198,-0.00638,0.00000,0.00000,0.304,-0.036,0
400.1160,0.00783,-0.01165,-0.00618,0.00000,0.00000,0.294,-0.036,0
400.1660,0.00675,-0.01133,-0.00596,0.00000,0.00000,0.283,-0.036,0
400.2160,0.00569,-0.01101,-0.00573,0.00000,0.00000,0.273,-0.036,0
400.2660,0.00467,-0.01073,-0.00550,0.00000,0.00000,0.263,-0.035,0
400.3160,0.00368,-0.01046,-0.00527,0.00000,0.00000,0.253,-0.035,0
400.3660,0.00272,-0.01022,-0.00502,0.00000,0.00000,0.244,-0.034,0
400.4160,0.00181,-0.01000,-0.00478,0.00000,0.00000,0.235,-0.033,0
400.4660,0.00092,-0.00979,-0.00453,0.00000,0.00000,0.225,-0.033,0
400.5160,0.00008,-0.00961,-0.00428,0.00000,0.00000,0.217,-0.032,0
400.5660,-0.00073,-0.00944,-0.00403,0.00000,0.00000,0.208,-0.031,0
400.6160,-0.00150,-0.00930,-0.00377,0.00000,0.00000,0.199,-0.030,0
400.6660,-0.00223,-0.00917,-0.00352,0.00000,0.00000,0.191,-0.029,0
400.7160,-0.00293,-0.00906,-0.00327,0.00000,0.00000,0.183,-0.027,0
400.7660,-0.00358,-0.00897,-0.00302,0.00000,0.00000,0.175,-0.026,0
400.8160,-0.00419,-0.00890,-0.00278,0.00000,0.00000,0.167,-0.025,0
400.8660,-0.00477,-0.00886,-0.00254,0.00000,0.00000,0.160,-0.024,0
400.9160,-0.00529,-0.00885,-0.00230,0.00000,0.00000,0.153,-0.022,0
400.9660,-0.00578,-0.00886,-0.00207,0.00000,0.00000,0.146,-0.021,0
401.0160,-0.00624,-0.00888,-0.00185,0.00000,0.00000,0.140,-0.020,0
401.0660,-0.00666,-0.00891,-0.00163,0.00000,0.00000,0.133,-0.019,0
401.1160,-0.00705,-0.00895,-0.00142,0.00000,0.00000,0.127,-0.017,0
401.1660,-0.00740,-0.00902,-0.00122,0.00000,0.00000,0.121,-0.016,0
401.2160,-0.00772,-0.00911,-0.00103,0.00000,0.00000,0.115,-0.015,0
401.2660,-0.00800,-0.00922,-0.00084,0.00000,0.00000,0.110,-0.014,0
401.3160,-0.00826,-0.00935,-0.00067,0.00000,0.00000,0.105,-0.012,0
401.3660,-0.00848,-0.00949,-0.00050,0.00000,0.00000,0.100,-0.011,0
401.4160,-0.00867,-0.00965,-0.00035,0.00000,0.00000,0.095,-0.010,0
401.4660,-0.00883,-0.00982,-0.00020,0.00000,0.00000,0.091,-0.009,0
401.5160,-0.00897,-0.01001,-0.00007,0.00000,0.00000,0.086,-0.008,0
401.5660,-0.00909,-0.01019,0.00005,0.00000,0.00000,0.082,-0.007,0
401.6160,-0.00919,-0.01039,0.00017,0.00000,0.00000,0.078,-0.006,0
401.6660,-0.00927,-0.01058,0.00027,0.00000,0.00000,0.074,-0.006,0
401.7160,-0.00933,-0.01078,0.00036,0.00000,0.00000,0.070,-0.005,0
401.7660,-0.00938,-0.01099,0.00044,0.00000,0.00000,0.067,-0.004,0
401.8160,-0.00941,-0.01120,0.00050,0.00000,0.00000,0.064,-0.003,0
401.8660,-0.00943,-0.01141,0.00056,0.00000,0.00000,0.060,-0.003,0
401.9160,-0.00944,-0.01162,0.00061,0.00000,0.00000,0.057,-0.002,0
401.9660,-0.00944,-0.01183,0.00065,0.00000,0.00000,0.054,-0.002,0
402.0160,-0.00944,-0.01203,0.00067,0.00000,0.00000,0.051,-0.001,0
402.0660,-0.00942,-0.01223,0.00069,0.00000,0.00000,0.048,-0.001,0
402.1160,-0.00941,-0.01241,0.00070,0.00000,0.00000,0.045,-0.001,0
402.1660,-0.00939,-0.01259,0.00070,0.00000,0.00000,0.043,-0.000,0
402.2160,-0.00937,-0.01275,0.00069,0.00000,0.00000,0.040,0.000,0
402.2660,-0.00934,-0.01291,0.00067,0.00000,0.00000,0.037,0.000,0
402.3160,-0.00931,-0.01306,0.00064,0.00000,0.00000,0.035,0.001,0
402.3660,-0.00928,-0.01320,0.00061,0.00000,0.00000,0.032,0.001,0
402.4160,-0.00924,-0.01334,0.00057,0.00000,0.00000,0.030,0.001,0
402.4660,-0.00921,-0.01346,0.00052,0.00000,0.00000,0.028,0.001,0
402.5160,-0.00917,-0.01356,0.00047,0.00000,0.00000,0.026,0.001,0
402.5660,-0.00914,-0.01366,0.00042,0.00000,0.00000,0.023,0.001,0
402.6160,-0.00910,-0.01374,0.00036,0.00000,0.00000,0.021,0.001,0
402.6660,-0.00907,-0.01381,0.00029,0.00000,0.00000,0.019,0.001,0
402.7160,-0.00904,-0.01384,0.00023,0.00000,0.00000,0.017,0.001,0
402.7660,-0.00902,-0.01386,0.00016,0.00000,0.00000,0.015,0.001,0
402.8160,-0.00899,-0.01387,0.00009,0.00000,0.00000,0.013,0.001,0
402.8660,-0.00897,-0.01385,0.00002,0.00000,0.00000,0.011,0.001,0
402.9160,-0.00895,-0.01380,-0.00005,0.00000,0.00000,0.009,0.001,0
402.9660,-0.00894,-0.01373,-0.00012,0.00000,0.00000,0.007,0.001,0
403.0160,-0.00893,-0.01363,-0.00019,0.00000,0.00000,0.005,0.001,0
403.0660,-0.00892,-0.01349,-0.00026,0.00000,0.00000,0.003,0.001,0
403.1160,-0.00892,-0.01335,-0.00032,0.00000,0.00000,0.001,0.001,0
403.1660,-0.00891,-0.01318,-0.00038,0.00000,0.00000,-0.001,0.001,0
403.2160,-0.00889,-0.01300,-0.00044,0.00000,0.00000,-0.003,0.001,0
403.2660,-0.00887,-0.01280,-0.00049,0.00000,0.00000,-0.004,0.001,0
403.3160,-0.00885,-0.01257,-0.00054,0.00000,0.00000,-0.006,0.000,0
403.3660,-0.00882,-0.01233,-0.00058,0.00000,0.00000,-0.008,0.000,0
403.4160,-0.00879,-0.01208,-0.00061,0.00000,0.00000,-0.010,0.000,0
403.4660,-0.00874,-0.01181,-0.00064,0.00000,0.00000,-0.011,0.000,0
403.5160,-0.00869,-0.01154,-0.00065,0.00000,0.00000,-0.013,0.000,0
403.5660,-0.00862,-0.01125,-0.00066,0.00000,0.00000,-0.014,-0.000,0
403.6160,-0.00854,-0.01095,-0.00066,0.00000,0.00000,-0.016,-0.000,0
403.6660,-0.00845,-0.01063,-0.00065,0.00000,0.00000,-0.017,-0.000,0
403.7160,-0.00834,-0.01031,-0.00063,0.00000,0.00000,-0.018,-0.000,0
403.7660,-0.00822,-0.00998,-0.00060,0.00000,0.00000,-0.020,-0.001,0
403.8160,-0.00808,-0.00963,-0.00056,0.00000,0.00000,-0.021,-0.001,0
403.8660,-0.00792,-0.00929,-0.00051,0.00000,0.00000,-0.022,-0.001,0
403.9160,-0.00775,-0.00894,-0.00045,0.00000,0.00000,-0.023,-0.001,0
403.9660,-0.00755,-0.00858,-0.00037,0.00000,0.00000,-0.024,-0.001,0
404.0160,-0.00733,-0.00822,-0.00028,0.00000,0.00000,-0.025,-0.001,0
404.0660,-0.00709,-0.00785,-0.00018,0.00000,0.00000,-0.025,-0.001,0
404.1160,-0.00683,-0.00748,-0.00007,0.00000,0.00000,-0.026,-0.001,0
404.1660,-0.00653,-0.00712,0.00006,0.00000,0.00000,-0.027,-0.001,0
404.2160,-0.00620,-0.00679,0.00019,0.00000,0.00000,-0.027,-0.002,0
404.2660,-0.00583,-0.00647,0.00034,0.00000,0.00000,-0.027,-0.002,0
404.3160,-0.00543,-0.00616,0.00051,0.00000,0.00000,-0.027,-0.002,0
404.3660,-0.00499,-0.00587,0.00068,0.00000,0.00000,-0.027,-0.002,0
404.4160,-0.00451,-0.00561,0.00087,0.00000,0.00000,-0.027,-0.002,0
404.4660,-0.00399,-0.00537,0.00107,0.00000,0.00000,-0.027,-0.002,0
404.5160,-0.00343,-0.00516,0.00128,0.00000,0.00000,-0.027,-0.002,0
404.5660,-0.00283,-0.00498,0.00151,0.00000,0.00000,-0.026,-0.002,0
404.6160,-0.00218,-0.00482,0.00174,0.00000,0.00000,-0.025,-0.002,0
404.6660,-0.00150,-0.00469,0.00199,0.00000,0.00000,-0.025,-0.003,0
404.7160,-0.00078,-0.00458,0.00224,0.00000,0.00000,-0.024,-0.003,0
404.7660,-0.00001,-0.00450,0.00250,0.00000,0.00000,-0.023,-0.003,0
404.8160,0.00080,-0.00445,0.00278,0.00000,0.00000,-0.022,-0.003,0
404.8660,0.00165,-0.00443,0.00306,0.00000,0.00000,-0.020,-0.003,0
404.9160,0.00256,-0.00446,0.00334,0.00000,0.00000,-0.019,-0.002,0
404.9660,0.00351,-0.00454,0.00364,0.00000,0.00000,-0.018,-0.002,0
405.0160,0.00450,-0.00465,0.00393,0.00000,0.00000,-0.016,-0.002,0
405.0660,0.00554,-0.00480,0.00424,0.00000,0.00000,-0.014,-0.002,0
405.1160,0.00663,-0.00500,0.00454,0.00000,0.00000,-0.012,-0.001,0
405.1660,0.00775,-0.00524,0.00485,0.00000,0.00000,-0.010,-0.001,0
405.2160,0.00891,-0.00551,0.00516,0.00000,0.00000,-0.008,-0.000,0
405.2660,0.01011,-0.00582,0.00547,0.00000,0.00000,-0.005,0.001,0
405.3160,0.01135,-0.00618,0.00578,0.00000,0.00000,-0.002,0.001,0
405.3660,0.01263,-0.00657,0.00608,0.00000,0.00000,0.000,0.002,0
405.4160,0.01394,-0.00700,0.00639,0.00000,0.00000,0.003,0.004,0
405.4660,0.01528,-0.00747,0.00668,0.00000,0.00000,0.007,0.005,0
405.5160,0.01665,-0.00797,0.00697,0.00000,0.00000,0.010,0.007,0
405.5660,0.01805,-0.00850,0.00726,0.00000,0.00000,0.014,0.008,0
405.6160,0.01946,-0.00904,0.00753,0.00000,0.00000,0.018,0.010,0
405.6660,0.02091,-0.00963,0.00779,0.00000,0.00000,0.022,0.012,0
405.7160,0.02238,-0.01025,0.00804,0.00000,0.00000,0.026,0.015,0
405.7660,0.02387,-0.01090,0.00828,0.00000,0.00000,0.031,0.017,0
405.8160,0.02539,-0.01158,0.00851,0.00000,0.00000,0.036,0.020,0
405.8660,0.02693,-0.01229,0.00872,0.00000,0.00000,0.042,0.023,0
405.9160,0.02848,-0.01303,0.00891,0.00000,0.00000,0.047,0.027,0
405.9660,0.03006,-0.01380,0.00908,0.00000,0.00000,0.053,0.031,0
406.0160,0.03165,-0.01460,0.00924,0.00000,0.00000,0.060,0.035,0
406.0660,0.03326,-0.01542,0.00937,0.00000,0.00000,0.067,0.039,0
406.1160,0.03488,-0.01625,0.00948,0.00000,0.00000,0.074,0.043,0
406.1660,0.03650,-0.01710,0.00957,0.00000,0.00000,0.082,0.048,0
406.2160,0.03813,-0.01796,0.00963,0.00000,0.00000,0.091,0.053,0
406.2660,0.03976,-0.01884,0.00967,0.00000,0.00000,0.100,0.058,0
406.3160,0.04140,-0.01972,0.00968,0.00000,0.00000,0.109,0.064,0
406.3660,0.04303,-0.02059,0.00967,0.00000,0.00000,0.119,0.069,0
406.4160,0.04465,-0.02147,0.00962,0.00000,0.00000,0.129,0.075,0
406.4660,0.04627,-0.02236,0.00955,0.00000,0.00000,0.140,0.081,0
406.5160,0.04789,-0.02326,0.00945,0.00000,0.00000,0.151,0.087,0
406.5660,0.04950,-0.02416,0.00932,0.00000,0.00000,0.163,0.094,0
406.6160,0.05110,-0.02506,0.00916,0.00000,0.00000,0.176,0.100,0
406.6660,0.05269,-0.02597,0.00896,0.00000,0.00000,0.189,0.107,0
406.7160,0.05426,-0.02686,0.00874,0.00000,0.00000,0.203,0.113,0
406.7660,0.05581,-0.02775,0.00848,0.00000,0.00000,0.218,0.120,0
406.8160,0.05734,-0.02862,0.00819,0.00000,0.00000,0.233,0.126,0
406.8660,0.05883,-0.02947,0.00787,0.00000,0.00000,0.249,0.132,0
406.9160,0.06028,-0.03029,0.00752,0.00000,0.00000,0.265,0.139,0
406.9660,0.06170,-0.03108,0.00714,0.00000,0.00000,0.281,0.145,0
407.0160,0.06307,-0.03184,0.00673,0.00000,0.00000,0.298,0.150,0
407.0660,0.06440,-0.03258,0.00628,0.00000,0.00000,0.315,0.156,0
407.1160,0.06567,-0.03327,0.00581,0.00000,0.00000,0.332,0.161,0
407.1660,0.06688,-0.03393,0.00530,0.00000,0.00000,0.350,0.166,0
407.2160,0.06804,-0.03455,0.00477,0.00000,0.00000,0.368,0.170,0
407.2660,0.06913,-0.03513,0.00421,0.00000,0.00000,0.385,0.174,0
407.3160,0.07015,-0.03568,0.00362,0.00000,0.00000,0.403,0.178,0
407.3660,0.07111,-0.03619,0.00301,0.00000,0.00000,0.421,0.181,0
407.4160,0.07199,-0.03665,0.00238,0.00000,0.00000,0.439,0.183,0
407.4660,0.07278,-0.03707,0.00172,0.00000,0.00000,0.457,0.185,0
407.5160,0.07349,-0.03744,0.00104,0.00000,0.00000,0.474,0.186,0
407.5660,0.07410,-0.03776,0.00034,0.00000,0.00000,0.491,0.187,0
407.6160,0.07463,-0.03805,-0.00037,0.00000,0.00000,0.508,0.187,0
407.6660,0.07506,-0.03828,-0.00111,0.00000,0.00000,0.524,0.186,0
407.7160,0.07538,-0.03846,-0.00185,0.00000,0.00000,0.540,0.185,0
407.7660,0.07561,-0.03859,-0.00261,0.00000,0.00000,0.556,0.182,0
407.8160,0.07573,-0.03870,-0.00337,0.00000,0.00000,0.570,0.180,0
407.8660,0.07573,-0.03875,-0.00414,0.00000,0.00000,0.585,0.176,0
407.9160,0.07562,-0.03875,-0.00492,0.00000,0.00000,0.598,0.172,0
407.9660,0.07538,-0.03869,-0.00569,0.00000,0.00000,0.610,0.167,0
408.0160,0.07503,-0.03860,-0.00647,0.00000,0.00000,0.622,0.161,0
408.0660,0.07456,-0.03848,-0.00724,0.00000,0.00000,0.633,0.155,0
408.1160,0.07396,-0.03830,-0.00801,0.00000,0.00000,0.643,0.148,0
408.1660,0.07324,-0.03809,-0.00877,0.00000,0.00000,0.652,0.140,0
408.2160,0.07239,-0.03784,-0.00951,0.00000,0.00000,0.660,0.132,0
408.2660,0.07141,-0.03753,-0.01025,0.00000,0.00000,0.667,0.124,0
408.3160,0.07029,-0.03717,-0.01096,0.00000,0.00000,0.672,0.114,0
408.3660,0.06904,-0.03679,-0.01166,0.00000,0.00000,0.676,0.105,0
408.4160,0.06766,-0.03637,-0.01233,0.00000,0.00000,0.680,0.095,0
408.4660,0.06615,-0.03591,-0.01297,0.00000,0.00000,0.682,0.084,0
408.5160,0.06451,-0.03542,-0.01359,0.00000,0.00000,0.682,0.074,0
408.5660,0.06275,-0.03491,-0.01418,0.00000,0.00000,0.682,0.063,0
408.6160,0.06086,-0.03437,-0.01474,0.00000,0.00000,0.680,0.052,0
408.6660,0.05886,-0.03381,-0.01526,0.00000,0.00000,0.677,0.041,0
408.7160,0.05675,-0.03324,-0.01574,0.00000,0.00000,0.674,0.030,0
408.7660,0.05451,-0.03264,-0.01619,0.00000,0.00000,0.669,0.018,0
408.8160,0.05217,-0.03202,-0.01659,0.00000,0.00000,0.662,0.007,0
408.8660,0.04973,-0.03140,-0.01695,0.00000,0.00000,0.655,-0.003,0
408.9160,0.04719,-0.03076,-0.01727,0.00000,0.00000,0.646,-0.014,0
408.9660,0.04455,-0.03011,-0.01755,0.00000,0.00000,0.637,-0.024,0
409.0160,0.04182,-0.02944,-0.01777,0.00000,0.00000,0.626,-0.034,0
409.0660,0.03902,-0.02877,-0.01796,0.00000,0.00000,0.614,-0.043,0
409.1160,0.03614,-0.02810,-0.01809,0.00000,0.00000,0.602,-0.052,0
409.1660,0.03319,-0.02742,-0.01818,0.00000,0.00000,0.588,-0.061,0
409.2160,0.03019,-0.02673,-0.01822,0.00000,0.00000,0.573,-0.068,0
409.2660,0.02714,-0.02607,-0.01821,0.00000,0.00000,0.558,-0.076,0
409.3160,0.02407,-0.02542,-0.01816,0.00000,0.00000,0.542,-0.082,0
409.3660,0.02097,-0.02480,-0.01806,0.00000,0.00000,0.525,-0.088,0
409.4160,0.01787,-0.02420,-0.01791,0.00000,0.00000,0.508,-0.093,0
409.4660,0.01476,-0.02363,-0.01771,0.00000,0.00000,0.491,-0.097,0
409.5160,0.01165,-0.02308,-0.01747,0.00000,0.00000,0.473,-0.101,0
409.5660,0.00857,-0.02255,-0.01718,0.00000,0.00000,0.455,-0.103,0
409.6160,0.00551,-0.02206,-0.01685,0.00000,0.00000,0.436,-0.106,0
409.6660,0.00250,-0.02160,-0.01648,0.00000,0.00000,0.418,-0.107,0
409.7160,-0.00046,-0.02119,-0.01606,0.00000,0.00000,0.399,-0.107,0
409.7660,-0.00337,-0.02081,-0.01560,0.00000,0.00000,0.380,-0.107,0
409.8160,-0.00619,-0.02046,-0.01511,0.00000,0.00000,0.360,-0.107,0
409.8660,-0.00895,-0.02015,-0.01458,0.00000,0.00000,0.341,-0.105,0
409.9160,-0.01161,-0.01987,-0.01402,0.00000,0.00000,0.322,-0.103,0
409.9660,-0.01418,-0.01963,-0.01342,0.00000,0.00000,0.303,-0.101,0
410.0160,-0.01662,-0.01946,-0.01279,0.00000,0.00000,0.284,-0.098,0
410.0660,-0.01894,-0.01935,-0.01214,0.00000,0.00000,0.265,-0.094,0
410.1160,-0.02113,-0.01928,-0.01146,0.00000,0.00000,0.247,-0.090,0
410.1660,-0.02318,-0.01927,-0.01075,0.00000,0.00000,0.228,-0.086,0
410.2160,-0.02510,-0.01931,-0.01003,0.00000,0.00000,0.211,-0.081,0
410.2660,-0.02686,-0.01939,-0.00929,0.00000,0.00000,0.193,-0.076,0
410.3160,-0.02847,-0.01953,-0.00853,0.00000,0.00000,0.176,-0.071,0
410.3660,-0.02993,-0.01971,-0.00776,0.00000,0.00000,0.159,-0.066,0
410.4160,-0.03123,-0.01994,-0.00698,0.00000,0.00000,0.142,-0.061,0
410.4660,-0.03236,-0.02022,-0.00620,0.00000,0.00000,0.126,-0.055,0
410.5160,-0.03334,-0.02054,-0.00541,0.00000,0.00000,0.110,-0.050,0
410.5660,-0.03415,-0.02090,-0.00462,0.00000,0.00000,0.095,-0.045,0
410.6160,-0.03481,-0.02130,-0.00383,0.00000,0.00000,0.080,-0.039,0
410.6660,-0.03531,-0.02172,-0.00305,0.00000,0.00000,0.065,-0.034,0
410.7160,-0.03565,-0.02219,-0.00228,0.00000,0.00000,0.051,-0.029,0
410.7660,-0.03584,-0.02268,-0.00151,0.00000,0.00000,0.037,-0.025,0
410.8160,-0.03589,-0.02321,-0.00076,0.00000,0.00000,0.023,-0.020,0
410.8660,-0.03579,-0.02378,-0.00003,0.00000,0.00000,0.011,-0.016,0
410.9160,-0.03557,-0.02437,0.00068,0.00000,0.00000,-0.002,-0.013,0
410.9660,-0.03522,-0.02498,0.00138,0.00000,0.00000,-0.014,-0.009,0
411.0160,-0.03476,-0.02561,0.00205,0.00000,0.00000,-0.025,-0.006,0
411.0660,-0.03419,-0.02626,0.00269,0.00000,0.00000,-0.036,-0.004,0
411.1160,-0.03354,-0.02692,0.00330,0.00000,0.00000,-0.046,-0.001,0
411.1660,-0.03279,-0.02757,0.00389,0.00000,0.00000,-0.056,0.000,0
411.2160,-0.03197,-0.02824,0.00444,0.00000,0.00000,-0.065,0.002,0
411.2660,-0.03107,-0.02890,0.00496,0.00000,0.00000,-0.074,0.003,0
411.3160,-0.03011,-0.02956,0.00544,0.00000,0.00000,-0.083,0.004,0
411.3660,-0.02909,-0.03022,0.00589,0.00000,0.00000,-0.091,0.005,0
411.4160,-0.02802,-0.03088,0.00630,0.00000,0.00000,-0.098,0.005,0
411.4660,-0.02691,-0.03153,0.00667,0.00000,0.00000,-0.105,0.005,0
411.5160,-0.02576,-0.03218,0.00701,0.00000,0.00000,-0.111,0.004,0
411.5660,-0.02459,-0.03280,0.00730,0.00000,0.00000,-0.116,0.004,0
411.6160,-0.02339,-0.03341,0.00755,0.00000,0.00000,-0.122,0.003,0
411.6660,-0.02218,-0.03400,0.00776,0.00000,0.00000,-0.126,0.002,0
411.7160,-0.02095,-0.03457,0.00794,0.00000,0.00000,-0.131,0.001,0
411.7660,-0.01972,-0.03511,0.00807,0.00000,0.00000,-0.134,0.000,0
411.8160,-0.01850,-0.03563,0.00816,0.00000,0.00000,-0.138,-0.001,0
411.8660,-0.01728,-0.03611,0.00822,0.00000,0.00000,-0.140,-0.002,0
411.9160,-0.01608,-0.03656,0.00824,0.00000,0.00000,-0.143,-0.003,0
411.9660,-0.01489,-0.03697,0.00822,0.00000,0.00000,-0.144,-0.005,0
412.0160,-0.01372,-0.03735,0.00817,0.00000,0.00000,-0.146,-0.006,0
412.0660,-0.01258,-0.03768,0.00809,0.00000,0.00000,-0.147,-0.007,0
412.1160,-0.01146,-0.03798,0.00797,0.00000,0.00000,-0.147,-0.009,0
412.1660,-0.01038,-0.03822,0.00782,0.00000,0.00000,-0.148,-0.010,0
412.2160,-0.00934,-0.03843,0.00765,0.00000,0.00000,-0.147,-0.011,0
412.2660,-0.00833,-0.03858,0.00745,0.00000,0.00000,-0.147,-0.012,0
412.3160,-0.00736,-0.03869,0.00722,0.00000,0.00000,-0.146,-0.013,0
412.3660,-0.00643,-0.03876,0.00698,0.00000,0.00000,-0.145,-0.014,0
412.4160,-0.00555,-0.03877,0.00671,0.00000,0.00000,-0.143,-0.014,0
412.4660,-0.00471,-0.03874,0.00642,0.00000,0.00000,-0.142,-0.015,0
412.5160,-0.00390,-0.03868,0.00612,0.00000,0.00000,-0.140,-0.016,0
412.5660,-0.00315,-0.03856,0.00581,0.00000,0.00000,-0.137,-0.016,0
412.6160,-0.00244,-0.03839,0.00549,0.00000,0.00000,-0.135,-0.016,0
412.6660,-0.00177,-0.03818,0.00516,0.00000,0.00000,-0.132,-0.017,0
412.7160,-0.00115,-0.03792,0.00482,0.00000,0.00000,-0.129,-0.017,0
412.7660,-0.00057,-0.03762,0.00448,0.00000,0.00000,-0.126,-0.017,0
412.8160,-0.00004,-0.03726,0.00414,0.00000,0.00000,-0.123,-0.017,0
412.8660,0.00045,-0.03686,0.00380,0.00000,0.00000,-0.120,-0.017,0
412.9160,0.00091,-0.03643,0.00346,0.00000,0.00000,-0.117,-0.017,0
412.9660,0.00133,-0.03596,0.00313,0.00000,0.00000,-0.113,-0.016,0
413.0160,0.00172,-0.03545,0.00281,0.00000,0.00000,-0.110,-0.016,0
413.0660,0.00207,-0.03491,0.00249,0.00000,0.00000,-0.106,-0.016,0
413.1160,0.00240,-0.03433,0.00219,0.00000,0.00000,-0.103,-0.015,0
413.1660,0.00270,-0.03372,0.00191,0.00000,0.00000,-0.099,-0.015,0
413.2160,0.00299,-0.03309,0.00163,0.00000,0.00000,-0.095,-0.015,0
413.2660,0.00325,-0.03242,0.00138,0.00000,0.00000,-0.092,-0.014,0
413.3160,0.00350,-0.03173,0.00115,0.00000,0.00000,-0.088,-0.014,0
413.3660,0.00373,-0.03102,0.00093,0.00000,0.00000,-0.084,-0.013,0
413.4160,0.00396,-0.03029,0.00074,0.00000,0.00000,-0.081,-0.013,0
413.4660,0.00419,-0.02955,0.00056,0.00000,0.00000,-0.077,-0.012,0
413.5160,0.00442,-0.02880,0.00042,0.00000,0.00000,-0.073,-0.011,0
413.5660,0.00466,-0.02805,0.00029,0.00000,0.00000,-0.070,-0.011,0
413.6160,0.00491,-0.02729,0.00019,0.00000,0.00000,-0.066,-0.010,0
413.6660,0.00517,-0.02652,0.00012,0.00000,0.00000,-0.062,-0.010,0
413.7160,0.00544,-0.02575,0.00007,0.00000,0.00000,-0.058,-0.009,0
413.7660,0.00573,-0.02497,0.00004,0.00000,0.00000,-0.055,-0.009,0
413.8160,0.00604,-0.02420,0.00005,0.00000,0.00000,-0.051,-0.008,0
413.8660,0.00637,-0.02343,0.00007,0.00000,0.00000,-0.047,-0.007,0
413.9160,0.00673,-0.02267,0.00012,0.00000,0.00000,-0.043,-0.007,0
413.9660,0.00712,-0.02192,0.00020,0.00000,0.00000,-0.039,-0.006,0
414.0160,0.00755,-0.02119,0.00029,0.00000,0.00000,-0.035,-0.006,0
414.0660,0.00802,-0.02047,0.00041,0.00000,0.00000,-0.031,-0.005,0
414.1160,0.00852,-0.01978,0.00055,0.00000,0.00000,-0.027,-0.004,0
414.1660,0.00907,-0.01911,0.00071,0.00000,0.00000,-0.023,-0.004,0
414.2160,0.00966,-0.01846,0.00089,0.00000,0.00000,-0.018,-0.003,0
414.2660,0.01029,-0.01784,0.00109,0.00000,0.00000,-0.014,-0.002,0
414.3160,0.01095,-0.01723,0.00130,0.00000,0.00000,-0.009,-0.001,0
414.3660,0.01165,-0.01664,0.00153,0.00000,0.00000,-0.004,-0.001,0
414.4160,0.01240,-0.01609,0.00176,0.00000,0.00000,0.001,0.000,0
414.4660,0.01319,-0.01555,0.00201,0.00000,0.00000,0.006,0.001,0
414.5160,0.01403,-0.01505,0.00227,0.00000,0.00000,0.011,0.002,0
414.5660,0.01490,-0.01457,0.00253,0.00000,0.00000,0.016,0.003,0
414.6160,0.01581,-0.01411,0.00280,0.00000,0.00000,0.022,0.004,0
414.6660,0.01676,-0.01368,0.00306,0.00000,0.00000,0.027,0.006,0
414.7160,0.01775,-0.01327,0.00333,0.00000,0.00000,0.033,0.007,0
414.7660,0.01877,-0.01289,0.00360,0.00000,0.00000,0.039,0.009,0
414.8160,0.01983,-0.01253,0.00386,0.00000,0.00000,0.045,0.010,0
414.8660,0.02092,-0.01220,0.00411,0.00000,0.00000,0.051,0.012,0
414.9160,0.02204,-0.01190,0.00436,0.00000,0.00000,0.057,0.014,0
414.9660,0.02318,-0.01161,0.00459,0.00000,0.00000,0.063,0.016,0
415.0160,0.02435,-0.01135,0.00482,0.00000,0.00000,0.069,0.018,0
415.0660,0.02554,-0.01112,0.00503,0.00000,0.00000,0.076,0.021,0
415.1160,0.02676,-0.01091,0.00522,0.00000,0.00000,0.082,0.023,0
415.1660,0.02799,-0.01072,0.00539,0.00000,0.00000,0.089,0.026,0
415.2160,0.02923,-0.01055,0.00554,0.00000,0.00000,0.096,0.029,0
415.2660,0.03049,-0.01040,0.00567,0.00000,0.00000,0.103,0.032,0
415.3160,0.03176,-0.01027,0.00578,0.00000,0.00000,0.110,0.035,0
415.3660,0.03303,-0.01016,0.00586,0.00000,0.00000,0.117,0.039,0
415.4160,0.03429,-0.01005,0.00592,0.00000,0.00000,0.124,0.042,0
415.4660,0.03555,-0.00996,0.00595,0.00000,0.00000,0.131,0.046,0
415.5160,0.03681,-0.00988,0.00595,0.00000,0.00000,0.138,0.049,0
415.5660,0.03806,-0.00982,0.00593,0.00000,0.00000,0.145,0.053,0
415.6160,0.03930,-0.00976,0.00587,0.00000,0.00000,0.152,0.057,0
415.6660,0.04052,-0.00972,0.00579,0.00000,0.00000,0.160,0.061,0
415.7160,0.04171,-0.00967,0.00567,0.00000,0.00000,0.167,0.065,0
415.7660,0.04288,-0.00962,0.00553,0.00000,0.00000,0.174,0.069,0
415.8160,0.04403,-0.00959,0.00536,0.00000,0.00000,0.181,0.073,0
415.8660,0.04514,-0.00955,0.00515,0.00000,0.00000,0.188,0.077,0
415.9160,0.04621,-0.00950,0.00492,0.00000,0.00000,0.195,0.081,0
415.9660,0.04724,-0.00944,0.00466,0.00000,0.00000,0.201,0.085,0
416.0160,0.04824,-0.00940,0.00437,0.00000,0.00000,0.208,0.088,0
416.0660,0.04918,-0.00934,0.00405,0.00000,0.00000,0.214,0.092,0
416.1160,0.05009,-0.00929,0.00371,0.00000,0.00000,0.220,0.095,0
416.1660,0.05094,-0.00923,0.00334,0.00000,0.00000,0.226,0.098,0
416.2160,0.05174,-0.00917,0.00295,0.00000,0.00000,0.232,0.101,0
416.2660,0.05248,-0.00909,0.00254,0.00000,0.00000,0.238,0.103,0
416.3160,0.05316,-0.00900,0.00211,0.00000,0.00000,0.243,0.106,0
416.3660,0.05377,-0.00890,0.00165,0.00000,0.00000,0.249,0.108,0
416.4160,0.05432,-0.00878,0.00119,0.00000,0.00000,0.253,0.109,0
416.4660,0.05480,-0.00866,0.00070,0.00000,0.00000,0.258,0.111,0
416.5160,0.05522,-0.00854,0.00021,0.00000,0.00000,0.262,0.111,0
416.5660,0.05557,-0.00841,-0.00030,0.00000,0.00000,0.266,0.112,0
416.6160,0.05586,-0.00828,-0.00081,0.00000,0.00000,0.270,0.112,0
416.6660,0.05607,-0.00815,-0.00133,0.00000,0.00000,0.273,0.112,0
416.7160,0.05621,-0.00800,-0.00186,0.00000,0.00000,0.276,0.111,0
416.7660,0.05628,-0.00785,-0.00238,0.00000,0.00000,0.279,0.110,0
416.8160,0.05626,-0.00768,-0.00291,0.00000,0.00000,0.281,0.109,0
416.8660,0.05617,-0.00750,-0.00343,0.00000,0.00000,0.283,0.107,0
416.9160,0.05600,-0.00731,-0.00394,0.00000,0.00000,0.284,0.105,0
416.9660,0.05576,-0.00713,-0.00444,0.00000,0.00000,0.285,0.102,0
417.0160,0.05545,-0.00694,-0.00493,0.00000,0.00000,0.286,0.099,0
417.0660,0.05506,-0.00674,-0.00541,0.00000,0.00000,0.286,0.096,0
417.1160,0.05460,-0.00654,-0.00587,0.00000,0.00000,0.286,0.092,0
417.1660,0.05406,-0.00634,-0.00631,0.00000,0.00000,0.285,0.088,0
417.2160,0.05345,-0.00613,-0.00673,0.00000,0.00000,0.284,0.084,0
417.2660,0.05278,-0.00592,-0.00713,0.00000,0.00000,0.283,0.080,0
417.3160,0.05206,-0.00574,-0.00750,0.00000,0.00000,0.281,0.075,0
417.3660,0.05127,-0.00556,-0.00785,0.00000,0.00000,0.279,0.070,0
417.4160,0.05042,-0.00539,-0.00816,0.00000,0.00000,0.277,0.065,0
417.4660,0.04952,-0.00522,-0.00845,0.00000,0.00000,0.274,0.060,0
417.5160,0.04857,-0.00507,-0.00870,0.00000,0.00000,0.271,0.055,0
417.5660,0.04758,-0.00493,-0.00892,0.00000,0.00000,0.268,0.050,0
417.6160,0.04655,-0.00481,-0.00910,0.00000,0.00000,0.265,0.045,0
417.6660,0.04549,-0.00472,-0.00924,0.00000,0.00000,0.261,0.040,0
417.7160,0.04440,-0.00465,-0.00935,0.00000,0.00000,0.257,0.035,0
417.7660,0.04329,-0.00461,-0.00942,0.00000,0.00000,0.254,0.030,0
417.8160,0.04217,-0.00460,-0.00946,0.00000,0.00000,0.250,0.025,0
417.8660,0.04104,-0.00461,-0.00945,0.00000,0.00000,0.246,0.021,0
417.9160,0.03990,-0.00466,-0.00940,0.00000,0.00000,0.242,0.016,0
417.9660,0.03877,-0.00473,-0.00932,0.00000,0.00000,0.239,0.012,0
418.0160,0.03763,-0.00482,-0.00920,0.00000,0.00000,0.235,0.008,0
418.0660,0.03650,-0.00494,-0.00904,0.00000,0.00000,0.231,0.004,0
418.1160,0.03540,-0.00510,-0.00884,0.00000,0.00000,0.227,0.001,0
418.1660,0.03433,-0.00530,-0.00861,0.00000,0.00000,0.223,-0.002,0
418.2160,0.03328,-0.00553,-0.00834,0.00000,0.00000,0.219,-0.005,0
418.2660,0.03228,-0.00580,-0.00804,0.00000,0.00000,0.216,-0.007,0
418.3160,0.03131,-0.00610,-0.00770,0.00000,0.00000,0.213,-0.010,0
418.3660,0.03039,-0.00644,-0.00734,0.00000,0.00000,0.209,-0.011,0
418.4160,0.02952,-0.00681,-0.00694,0.00000,0.00000,0.206,-0.013,0
418.4660,0.02871,-0.00722,-0.00652,0.00000,0.00000,0.204,-0.014,0
418.5160,0.02796,-0.00768,-0.00607,0.00000,0.00000,0.201,-0.015,0
418.5660,0.02729,-0.00817,-0.00560,0.00000,0.00000,0.199,-0.015,0
418.6160,0.02668,-0.00871,-0.00512,0.00000,0.00000,0.197,-0.015,0
418.6660,0.02616,-0.00929,-0.00461,0.00000,0.00000,0.196,-0.015,0
418.7160,0.02571,-0.00991,-0.00409,0.00000,0.00000,0.195,-0.015,0
418.7660,0.02534,-0.01057,-0.00355,0.00000,0.00000,0.194,-0.014,0
418.8160,0.02506,-0.01128,-0.00301,0.00000,0.00000,0.194,-0.013,0
418.8660,0.02487,-0.01202,-0.00245,0.00000,0.00000,0.194,-0.011,0
418.9160,0.02475,-0.01278,-0.00190,0.00000,0.00000,0.195,-0.010,0
418.9660,0.02472,-0.01357,-0.00134,0.00000,0.00000,0.196,-0.008,0
419.0160,0.02476,-0.01437,-0.00078,0.00000,0.00000,0.197,-0.006,0
419.0660,0.02488,-0.01520,-0.00023,0.00000,0.00000,0.199,-0.003,0
419.1160,0.02508,-0.01605,0.00031,0.00000,0.00000,0.201,-0.001,0
419.1660,0.02537,-0.01693,0.00085,0.00000,0.00000,0.203,0.002,0
419.2160,0.02574,-0.01784,0.00137,0.00000,0.00000,0.206,0.005,0
419.2660,0.02619,-0.01876,0.00188,0.00000,0.00000,0.210,0.008,0
419.3160,0.02671,-0.01970,0.00237,0.00000,0.00000,0.214,0.011,0
419.3660,0.02730,-0.02065,0.00283,0.00000,0.00000,0.218,0.015,0
419.4160,0.02795,-0.02162,0.00328,0.00000,0.00000,0.223,0.018,0
419.4660,0.02867,-0.02260,0.00370,0.00000,0.00000,0.228,0.022,0
419.5160,0.02945,-0.02359,0.00409,0.00000,0.00000,0.234,0.026,0
419.5660,0.03029,-0.02460,0.00446,0.00000,0.00000,0.241,0.030,0
419.6160,0.03118,-0.02560,0.00479,0.00000,0.00000,0.248,0.034,0
419.6660,0.03211,-0.02661,0.00509,0.00000,0.00000,0.255,0.038,0
419.7160,0.03308,-0.02760,0.00535,0.00000,0.00000,0.263,0.042,0
419.7660,0.03408,-0.02860,0.00558,0.00000,0.00000,0.271,0.046,0
419.8160,0.03510,-0.02958,0.00577,0.00000,0.00000,0.280,0.050,0
419.8660,0.03614,-0.03055,0.00592,0.00000,0.00000,0.290,0.055,0
419.9160,0.03721,-0.03151,0.00604,0.00000,0.00000,0.299,0.059,0
419.9660,0.03827,-0.03246,0.00611,0.00000,0.00000,0.310,0.063,0
420.0160,0.03935,-0.03340,0.00615,0.00000,0.00000,0.320,0.067,0
420.0660,0.04041,-0.03430,0.00614,0.00000,0.00000,0.331,0.071,0
420.1160,0.04147,-0.03519,0.00610,0.00000,0.00000,0.343,0.074,0
420.1660,0.04251,-0.03607,0.00601,0.00000,0.00000,0.354,0.078,0
420.2160,0.04353,-0.03692,0.00588,0.00000,0.00000,0.367,0.082,0
420.2660,0.04452,-0.03775,0.00571,0.00000,0.00000,0.379,0.085,0
420.3160,0.04548,-0.03855,0.00551,0.00000,0.00000,0.392,0.088,0
420.3660,0.04640,-0.03932,0.00526,0.00000,0.00000,0.405,0.091,0
420.4160,0.04728,-0.04006,0.00498,0.00000,0.00000,0.418,0.094,0
420.4660,0.04809,-0.04076,0.00466,0.00000,0.00000,0.431,0.096,0
420.5160,0.04885,-0.04143,0.00431,0.00000,0.00000,0.444,0.098,0
420.5660,0.04956,-0.04208,0.00392,0.00000,0.00000,0.458,0.100,0
420.6160,0.05020,-0.04270,0.00350,0.00000,0.00000,0.471,0.102,0
420.6660,0.05076,-0.04328,0.00305,0.00000,0.00000,0.485,0.103,0
420.7160,0.05125,-0.04382,0.00257,0.00000,0.00000,0.498,0.103,0
420.7660,0.05166,-0.04432,0.00206,0.00000,0.00000,0.511,0.104,0
420.8160,0.05198,-0.04479,0.00153,0.00000,0.00000,0.524,0.104,0
420.8660,0.05221,-0.04523,0.00097,0.00000,0.00000,0.536,0.103,0
420.9160,0.05235,-0.04562,0.00040,0.00000,0.00000,0.549,0.102,0
420.9660,0.05239,-0.04597,-0.00020,0.00000,0.00000,0.560,0.101,0
421.0160,0.05233,-0.04628,-0.00081,0.00000,0.00000,0.572,0.099,0
421.0660,0.05217,-0.04654,-0.00143,0.00000,0.00000,0.582,0.097,0
421.1160,0.05189,-0.04676,-0.00206,0.00000,0.00000,0.593,0.094,0
421.1660,0.05151,-0.04693,-0.00270,0.00000,0.00000,0.602,0.091,0
421.2160,0.05100,-0.04705,-0.00335,0.00000,0.00000,0.610,0.087,0
421.2660,0.05038,-0.04711,-0.00400,0.00000,0.00000,0.618,0.083,0
421.3160,0.04964,-0.04712,-0.00465,0.00000,0.00000,0.624,0.079,0
421.3660,0.04878,-0.04707,-0.00530,0.00000,0.00000,0.630,0.074,0
421.4160,0.04781,-0.04699,-0.00595,0.00000,0.00000,0.634,0.069,0
421.4660,0.04672,-0.04688,-0.00658,0.00000,0.00000,0.638,0.064,0
421.5160,0.04551,-0.04671,-0.00721,0.00000,0.00000,0.640,0.058,0
421.5660,0.04419,-0.04650,-0.00782,0.00000,0.00000,0.641,0.052,0
421.6160,0.04275,-0.04624,-0.00842,0.00000,0.00000,0.642,0.046,0
421.6660,0.04119,-0.04593,-0.00900,0.00000,0.00000,0.641,0.040,0
421.7160,0.03952,-0.04558,-0.00956,0.00000,0.00000,0.639,0.033,0
421.7660,0.03775,-0.04519,-0.01010,0.00000,0.00000,0.635,0.027,0
421.8160,0.03587,-0.04476,-0.01062,0.00000,0.00000,0.631,0.020,0
421.8660,0.03390,-0.04430,-0.01111,0.00000,0.00000,0.625,0.014,0
421.9160,0.03183,-0.04382,-0.01157,0.00000,0.00000,0.619,0.007,0
421.9660,0.02968,-0.04329,-0.01200,0.00000,0.00000,0.611,0.000,0
422.0160,0.02743,-0.04274,-0.01240,0.00000,0.00000,0.602,-0.006,0
422.0660,0.02511,-0.04215,-0.01277,0.00000,0.00000,0.593,-0.012,0
422.1160,0.02271,-0.04153,-0.01311,0.00000,0.00000,0.582,-0.018,0
422.1660,0.02025,-0.04089,-0.01341,0.00000,0.00000,0.570,-0.024,0
422.2160,0.01774,-0.04024,-0.01368,0.00000,0.00000,0.557,-0.030,0
422.2660,0.01517,-0.03956,-0.01391,0.00000,0.00000,0.544,-0.035,0
422.3160,0.01256,-0.03886,-0.01410,0.00000,0.00000,0.529,-0.039,0
422.3660,0.00991,-0.03814,-0.01426,0.00000,0.00000,0.514,-0.044,0
422.4160,0.00723,-0.03741,-0.01438,0.00000,0.00000,0.498,-0.048,0
422.4660,0.00453,-0.03665,-0.01447,0.00000,0.00000,0.481,-0.051,0
422.5160,0.00181,-0.03586,-0.01452,0.00000,0.00000,0.463,-0.054,0
422.5660,-0.00092,-0.03506,-0.01453,0.00000,0.00000,0.444,-0.057,0
422.6160,-0.00364,-0.03424,-0.01451,0.00000,0.00000,0.425,-0.059,0
422.6660,-0.00636,-0.03341,-0.01445,0.00000,0.00000,0.405,-0.061,0
422.7160,-0.00905,-0.03256,-0.01436,0.00000,0.00000,0.385,-0.062,0
422.7660,-0.01172,-0.03170,-0.01423,0.00000,0.00000,0.364,-0.062,0
422.8160,-0.01435,-0.03082,-0.01407,0.00000,0.00000,0.343,-0.062,0
422.8660,-0.01694,-0.02994,-0.01388,0.00000,0.00000,0.321,-0.062,0
422.9160,-0.01948,-0.02904,-0.01365,0.00000,0.00000,0.299,-0.061,0
422.9660,-0.02196,-0.02812,-0.01340,0.00000,0.00000,0.277,-0.059,0
423.0160,-0.02437,-0.02720,-0.01311,0.00000,0.00000,0.254,-0.057,0
423.0660,-0.02670,-0.02628,-0.01280,0.00000,0.00000,0.232,-0.055,0
423.1160,-0.02894,-0.02536,-0.01247,0.00000,0.00000,0.209,-0.052,0
423.1660,-0.03108,-0.02446,-0.01210,0.00000,0.00000,0.187,-0.049,0
423.2160,-0.03312,-0.02357,-0.01172,0.00000,0.00000,0.165,-0.045,0
423.2660,-0.03505,-0.02267,-0.01131,0.00000,0.00000,0.143,-0.042,0
423.3160,-0.03686,-0.02178,-0.01089,0.00000,0.00000,0.121,-0.038,0
423.3660,-0.03856,-0.02090,-0.01044,0.00000,0.00000,0.099,-0.033,0
423.4160,-0.04014,-0.02003,-0.00998,0.00000,0.00000,0.078,-0.029,0
423.4660,-0.04159,-0.01918,-0.00950,0.00000,0.00000,0.057,-0.024,0
423.5160,-0.04291,-0.01836,-0.00901,0.00000,0.00000,0.036,-0.019,0
423.5660,-0.04410,-0.01756,-0.00850,0.00000,0.00000,0.017,-0.014,0
423.6160,-0.04518,-0.01678,-0.00799,0.00000,0.00000,-0.003,-0.009,0
423.6660,-0.04614,-0.01603,-0.00747,0.00000,0.00000,-0.021,-0.004,0
423.7160,-0.04697,-0.01532,-0.00694,0.00000,0.00000,-0.039,0.000,0
423.7660,-0.04772,-0.01461,-0.00640,0.00000,0.00000,-0.056,0.005,0
423.8160,-0.04836,-0.01391,-0.00586,0.00000,0.00000,-0.072,0.010,0
423.8660,-0.04892,-0.01324,-0.00532,0.00000,0.00000,-0.088,0.014,0
423.9160,-0.04938,-0.01260,-0.00478,0.00000,0.00000,-0.103,0.018,0
423.9660,-0.04975,-0.01198,-0.00424,0.00000,0.00000,-0.117,0.022,0
424.0160,-0.05006,-0.01139,-0.00369,0.00000,0.00000,-0.130,0.025,0
424.0660,-0.05028,-0.01083,-0.00316,0.00000,0.00000,-0.142,0.029,0
424.1160,-0.05043,-0.01030,-0.00262,0.00000,0.00000,-0.154,0.031,0
424.1660,-0.05052,-0.00982,-0.00210,0.00000,0.00000,-0.164,0.034,0
424.2160,-0.05054,-0.00936,-0.00158,0.00000,0.00000,-0.174,0.036,0
424.2660,-0.05050,-0.00894,-0.00106,0.00000,0.00000,-0.183,0.038,0
424.3160,-0.05041,-0.00857,-0.00056,0.00000,0.00000,-0.191,0.040,0
424.3660,-0.05026,-0.00822,-0.00006,0.00000,0.00000,-0.199,0.041,0
424.4160,-0.05007,-0.00791,0.00042,0.00000,0.00000,-0.206,0.042,0
424.4660,-0.04984,-0.00762,0.00089,0.00000,0.00000,-0.212,0.042,0
424.5160,-0.04956,-0.00737,0.00136,0.00000,0.00000,-0.217,0.042,0
424.5660,-0.04925,-0.00715,0.00180,0.00000,0.00000,-0.222,0.042,0
424.6160,-0.04889,-0.00696,0.00224,0.00000,0.00000,-0.227,0.041,0
424.6660,-0.04850,-0.00682,0.00266,0.00000,0.00000,-0.231,0.040,0
424.7160,-0.04806,-0.00671,0.00307,0.00000,0.00000,-0.234,0.039,0
424.7660,-0.04760,-0.00663,0.00346,0.00000,0.00000,-0.237,0.037,0
424.8160,-0.04709,-0.00658,0.00384,0.00000,0.00000,-0.240,0.035,0
424.8660,-0.04656,-0.00656,0.00421,0.00000,0.00000,-0.242,0.033,0
424.9160,-0.04600,-0.00657,0.00455,0.00000,0.00000,-0.244,0.031,0
424.9660,-0.04540,-0.00660,0.00489,0.00000,0.00000,-0.245,0.028,0
425.0160,-0.04478,-0.00667,0.00520,0.00000,0.00000,-0.246,0.025,0
425.0660,-0.04411,-0.00677,0.00551,0.00000,0.00000,-0.247,0.022,0
425.1160,-0.04341,-0.00691,0.00579,0.00000,0.00000,-0.248,0.019,0
425.1660,-0.04267,-0.00707,0.00607,0.00000,0.00000,-0.248,0.016,0
425.2160,-0.04191,-0.00726,0.00632,0.00000,0.00000,-0.248,0.012,0
425.2660,-0.04112,-0.00747,0.00657,0.00000,0.00000,-0.248,0.009,0
425.3160,-0.04028,-0.00771,0.00679,0.00000,0.00000,-0.248,0.005,0
425.3660,-0.03942,-0.00798,0.00701,0.00000,0.00000,-0.248,0.001,0
425.4160,-0.03852,-0.00827,0.00721,0.00000,0.00000,-0.248,-0.003,0
425.4660,-0.03759,-0.00857,0.00739,0.00000,0.00000,-0.247,-0.007,0
425.5160,-0.03662,-0.00889,0.00757,0.00000,0.00000,-0.246,-0.011,0
425.5660,-0.03562,-0.00924,0.00773,0.00000,0.00000,-0.246,-0.015,0
425.6160,-0.03458,-0.00961,0.00788,0.00000,0.00000,-0.245,-0.019,0
425.6660,-0.03351,-0.00999,0.00801,0.00000,0.00000,-0.244,-0.023,0
425.7160,-0.03240,-0.01038,0.00814,0.00000,0.00000,-0.243,-0.027,0
425.7660,-0.03127,-0.01077,0.00825,0.00000,0.00000,-0.242,-0.030,0
425.8160,-0.03010,-0.01116,0.00836,0.00000,0.00000,-0.241,-0.034,0
425.8660,-0.02890,-0.01156,0.00845,0.00000,0.00000,-0.239,-0.038,0
425.9160,-0.02767,-0.01197,0.00854,0.00000,0.00000,-0.238,-0.042,0
425.9660,-0.02640,-0.01237,0.00861,0.00000,0.00000,-0.236,-0.045,0
426.0160,-0.02510,-0.01277,0.00867,0.00000,0.00000,-0.235,-0.048,0
426.0660,-0.02377,-0.01317,0.00873,0.00000,0.00000,-0.233,-0.052,0
426.1160,-0.02240,-0.01359,0.00878,0.00000,0.00000,-0.231,-0.055,0
426.1660,-0.02099,-0.01401,0.00882,0.00000,0.00000,-0.229,-0.058,0
426.2160,-0.01954,-0.01444,0.00885,0.00000,0.00000,-0.227,-0.060,0
426.2660,-0.01805,-0.01487,0.00887,0.00000,0.00000,-0.225,-0.063,0
426.3160,-0.01653,-0.01530,0.00888,0.00000,0.00000,-0.222,-0.065,0
426.3660,-0.01497,-0.01573,0.00889,0.00000,0.00000,-0.220,-0.067,0
426.4160,-0.01337,-0.01615,0.00889,0.00000,0.00000,-0.217,-0.069,0
426.4660,-0.01175,-0.01657,0.00888,0.00000,0.00000,-0.214,-0.071,0
426.5160,-0.01009,-0.01698,0.00887,0.00000,0.00000,-0.211,-0.072,0
426.5660,-0.00841,-0.01737,0.00885,0.00000,0.00000,-0.207,-0.073,0
426.6160,-0.00670,-0.01775,0.00882,0.00000,0.00000,-0.203,-0.074,0
426.6660,-0.00496,-0.01812,0.00878,0.00000,0.00000,-0.200,-0.075,0
426.7160,-0.00320,-0.01847,0.00874,0.00000,0.00000,-0.195,-0.075,0
426.7660,-0.00142,-0.01881,0.00869,0.00000,0.00000,-0.191,-0.075,0
426.8160,0.00038,-0.01912,0.00863,0.00000,0.00000,-0.186,-0.075,0
426.8660,0.00219,-0.01941,0.00857,0.00000,0.00000,-0.181,-0.074,0
426.9160,0.00401,-0.01966,0.00849,0.00000,0.00000,-0.175,-0.074,0
426.9660,0.00583,-0.01988,0.00841,0.00000,0.00000,-0.169,-0.073,0
427.0160,0.00767,-0.02007,0.00833,0.00000,0.00000,-0.163,-0.072,0
427.0660,0.00950,-0.02023,0.00823,0.00000,0.00000,-0.157,-0.070,0
427.1160,0.01133,-0.02036,0.00813,0.00000,0.00000,-0.150,-0.068,0
427.1660,0.01315,-0.02045,0.00802,0.00000,0.00000,-0.142,-0.067,0
427.2160,0.01495,-0.02048,0.00790,0.00000,0.00000,-0.135,-0.064,0
427.2660,0.01674,-0.02048,0.00778,0.00000,0.00000,-0.127,-0.062,0
427.3160,0.01852,-0.02045,0.00765,0.00000,0.00000,-0.119,-0.059,0
427.3660,0.02026,-0.02037,0.00751,0.00000,0.00000,-0.110,-0.056,0
427.4160,0.02199,-0.02025,0.00736,0.00000,0.00000,-0.101,-0.053,0
427.4660,0.02368,-0.02010,0.00720,0.00000,0.00000,-0.092,-0.050,0
427.5160,0.02534,-0.01991,0.00704,0.00000,0.00000,-0.082,-0.046,0
427.5660,0.02698,-0.01970,0.00687,0.00000,0.00000,-0.073,-0.042,0
427.6160,0.02857,-0.01946,0.00670,0.00000,0.00000,-0.063,-0.038,0
427.6660,0.03012,-0.01918,0.00651,0.00000,0.00000,-0.052,-0.034,0
427.7160,0.03162,-0.01887,0.00632,0.00000,0.00000,-0.042,-0.029,0
427.7660,0.03307,-0.01853,0.00613,0.00000,0.00000,-0.031,-0.025,0
427.8160,0.03447,-0.01816,0.00592,0.00000,0.00000,-0.020,-0.020,0
427.8660,0.03583,-0.01777,0.00571,0.00000,0.00000,-0.009,-0.015,0
427.9160,0.03713,-0.01736,0.00550,0.00000,0.00000,0.002,-0.010,0
427.9660,0.03839,-0.01692,0.00528,0.00000,0.00000,0.013,-0.005,0
428.0160,0.03960,-0.01646,0.00505,0.00000,0.00000,0.024,0.000,0
428.0660,0.04076,-0.01598,0.00482,0.00000,0.00000,0.035,0.005,0
428.1160,0.04188,-0.01549,0.00459,0.00000,0.00000,0.046,0.011,0
428.1660,0.04296,-0.01499,0.00435,0.00000,0.00000,0.057,0.016,0
428.2160,0.04400,-0.01447,0.00411,0.00000,0.00000,0.067,0.021,0
428.2660,0.04500,-0.01394,0.00386,0.00000,0.00000,0.078,0.026,0
428.3160,0.04596,-0.01341,0.00361,0.00000,0.00000,0.088,0.032,0
428.3660,0.04689,-0.01287,0.00336,0.00000,0.00000,0.098,0.037,0
428.4160,0.04778,-0.01232,0.00311,0.00000,0.00000,0.108,0.042,0
428.4660,0.04864,-0.01178,0.00286,0.00000,0.00000,0.117,0.047,0
428.5160,0.04948,-0.01124,0.00261,0.00000,0.00000,0.126,0.052,0
428.5660,0.05029,-0.01071,0.00235,0.00000,0.00000,0.135,0.057,0
428.6160,0.05107,-0.01019,0.00210,0.00000,0.00000,0.143,0.061,0
428.6660,0.05184,-0.00969,0.00185,0.00000,0.00000,0.151,0.066,0
428.7160,0.05258,-0.00920,0.00160,0.00000,0.00000,0.159,0.070,0
428.7660,0.05330,-0.00874,0.00135,0.00000,0.00000,0.166,0.074,0
428.8160,0.05401,-0.00831,0.00111,0.00000,0.00000,0.173,0.078,0
428.8660,0.05469,-0.00790,0.00086,0.00000,0.00000,0.179,0.082,0
428.9160,0.05537,-0.00753,0.00062,0.00000,0.00000,0.186,0.086,0
428.9660,0.05602,-0.00719,0.00039,0.00000,0.00000,0.192,0.089,0
429.0160,0.05666,-0.00688,0.00016,0.00000,0.00000,0.197,0.092,0
429.0660,0.05727,-0.00660,-0.00006,0.00000,0.00000,0.203,0.095,0
429.1160,0.05786,-0.00635,-0.00028,0.00000,0.00000,0.208,0.098,0
429.1660,0.05843,-0.00612,-0.00050,0.00000,0.00000,0.212,0.100,0
429.2160,0.05898,-0.00593,-0.00070,0.00000,0.00000,0.217,0.103,0
429.2660,0.05950,-0.00579,-0.00090,0.00000,0.00000,0.220,0.105,0
429.3160,0.06001,-0.00569,-0.00110,0.00000,0.00000,0.224,0.107,0
429.3660,0.06049,-0.00562,-0.00129,0.00000,0.00000,0.228,0.108,0
429.4160,0.06095,-0.00560,-0.00147,0.00000,0.00000,0.231,0.110,0
429.4660,0.06139,-0.00563,-0.00164,0.00000,0.00000,0.234,0.111,0
429.5160,0.06180,-0.00571,-0.00180,0.00000,0.00000,0.237,0.112,0
429.5660,0.06220,-0.00583,-0.00196,0.00000,0.00000,0.240,0.113,0
429.6160,0.06256,-0.00600,-0.00211,0.00000,0.00000,0.242,0.113,0
429.6660,0.06290,-0.00622,-0.00226,0.00000,0.00000,0.245,0.114,0
429.7160,0.06323,-0.00649,-0.00239,0.00000,0.00000,0.248,0.114,0
429.7660,0.06353,-0.00683,-0.00252,0.00000,0.00000,0.251,0.114,0
429.8160,0.06381,-0.00721,-0.00264,0.00000,0.00000,0.254,0.115,0
429.8660,0.06405,-0.00764,-0.00275,0.00000,0.00000,0.257,0.114,0
429.9160,0.06427,-0.00812,-0.00285,0.00000,0.00000,0.260,0.114,0
429.9660,0.06447,-0.00864,-0.00295,0.00000,0.00000,0.264,0.114,0
430.0160,0.06464,-0.00922,-0.00304,0.00000,0.00000,0.267,0.113,0
430.0660,0.06479,-0.00985,-0.00313,0.00000,0.00000,0.271,0.113,0
430.1160,0.06492,-0.01055,-0.00321,0.00000,0.00000,0.276,0.112,0
430.1660,0.06503,-0.01129,-0.00328,0.00000,0.00000,0.281,0.111,0
430.2160,0.06511,-0.01207,-0.00335,0.00000,0.00000,0.286,0.110,0
430.2660,0.06517,-0.01288,-0.00341,0.00000,0.00000,0.291,0.109,0
430.3160,0.06520,-0.01374,-0.00347,0.00000,0.00000,0.297,0.108,0
430.3660,0.06520,-0.01463,-0.00352,0.00000,0.00000,0.303,0.107,0
430.4160,0.06517,-0.01555,-0.00357,0.00000,0.00000,0.310,0.106,0
430.4660,0.06511,-0.01649,-0.00362,0.00000,0.00000,0.317,0.104,0
430.5160,0.06503,-0.01746,-0.00366,0.00000,0.00000,0.324,0.103,0
430.5660,0.06492,-0.01845,-0.00370,0.00000,0.00000,0.331,0.101,0
430.6160,0.06478,-0.01946,-0.00373,0.00000,0.00000,0.339,0.100,0
430.6660,0.06462,-0.02050,-0.00377,0.00000,0.00000,0.348,0.098,0
430.7160,0.06443,-0.02155,-0.00380,0.00000,0.00000,0.356,0.097,0
430.7660,0.06422,-0.02261,-0.00383,0.00000,0.00000,0.365,0.095,0
430.8160,0.06398,-0.02367,-0.00387,0.00000,0.00000,0.375,0.093,0
430.8660,0.06371,-0.02473,-0.00390,0.00000,0.00000,0.384,0.091,0
430.9160,0.06342,-0.02578,-0.00393,0.00000,0.00000,0.394,0.090,0
430.9660,0.06309,-0.02682,-0.00396,0.00000,0.00000,0.404,0.088,0
431.0160,0.06273,-0.02785,-0.00399,0.00000,0.00000,0.413,0.086,0
431.0660,0.06236,-0.02887,-0.00403,0.00000,0.00000,0.424,0.084,0
431.1160,0.06196,-0.02989,-0.00406,0.00000,0.00000,0.434,0.082,0
431.1660,0.06154,-0.03089,-0.00409,0.00000,0.00000,0.444,0.080,0
431.2160,0.06110,-0.03189,-0.00413,0.00000,0.00000,0.455,0.078,0
431.2660,0.06065,-0.03287,-0.00417,0.00000,0.00000,0.466,0.076,0
431.3160,0.06018,-0.03382,-0.00421,0.00000,0.00000,0.476,0.074,0
431.3660,0.05968,-0.03474,-0.00425,0.00000,0.00000,0.487,0.071,0
431.4160,0.05916,-0.03563,-0.00429,0.00000,0.00000,0.498,0.069,0
431.4660,0.05862,-0.03648,-0.00434,0.00000,0.00000,0.508,0.067,0
431.5160,0.05806,-0.03728,-0.00438,0.00000,0.00000,0.519,0.065,0
431.5660,0.05748,-0.03805,-0.00443,0.00000,0.00000,0.529,0.062,0
431.6160,0.05688,-0.03878,-0.00448,0.00000,0.00000,0.538,0.060,0
431.6660,0.05626,-0.03947,-0.00453,0.00000,0.00000,0.548,0.058,0
431.7160,0.05563,-0.04011,-0.00458,0.00000,0.00000,0.557,0.055,0
431.7660,0.05497,-0.04068,-0.00463,0.00000,0.00000,0.566,0.053,0
431.8160,0.05430,-0.04121,-0.00468,0.00000,0.00000,0.574,0.051,0
431.8660,0.05360,-0.04167,-0.00473,0.00000,0.00000,0.582,0.048,0
431.9160,0.05288,-0.04208,-0.00478,0.00000,0.00000,0.589,0.046,0
431.9660,0.05215,-0.04242,-0.00483,0.00000,0.00000,0.596,0.043,0
432.0160,0.05141,-0.04272,-0.00488,0.00000,0.00000,0.602,0.041,0
432.0660,0.05066,-0.04297,-0.00493,0.00000,0.00000,0.607,0.038,0
432.1160,0.04990,-0.04317,-0.00497,0.00000,0.00000,0.612,0.036,0
432.1660,0.04914,-0.04331,-0.00502,0.00000,0.00000,0.617,0.034,0
432.2160,0.04836,-0.04341,-0.00505,0.00000,0.00000,0.621,0.031,0
432.2660,0.04758,-0.04345,-0.00509,0.00000,0.00000,0.624,0.029,0
432.3160,0.04680,-0.04345,-0.00512,0.00000,0.00000,0.627,0.027,0
432.3660,0.04602,-0.04339,-0.00514,0.00000,0.00000,0.630,0.024,0
432.4160,0.04523,-0.04328,-0.00516,0.00000,0.00000,0.632,0.022,0
432.4660,0.04444,-0.04313,-0.00518,0.00000,0.00000,0.633,0.020,0
432.5160,0.04366,-0.04294,-0.00519,0.00000,0.00000,0.634,0.018,0
432.5660,0.04288,-0.04270,-0.00519,0.00000,0.00000,0.634,0.015,0
432.6160,0.04210,-0.04242,-0.00518,0.00000,0.00000,0.634,0.013,0
432.6660,0.04133,-0.04209,-0.00517,0.00000,0.00000,0.633,0.011,0
432.7160,0.04056,-0.04172,-0.00514,0.00000,0.00000,0.632,0.009,0
432.7660,0.03979,-0.04129,-0.00511,0.00000,0.00000,0.630,0.008,0
432.8160,0.03903,-0.04083,-0.00507,0.00000,0.00000,0.627,0.006,0
432.8660,0.03827,-0.04033,-0.00502,0.00000,0.00000,0.624,0.004,0
432.9160,0.03753,-0.03980,-0.00496,0.00000,0.00000,0.620,0.003,0
432.9660,0.03681,-0.03925,-0.00490,0.00000,0.00000,0.616,0.001,0
433.0160,0.03609,-0.03867,-0.00482,0.00000,0.00000,0.612,-0.000,0
433.0660,0.03539,-0.03806,-0.00473,0.00000,0.00000,0.607,-0.002,0
433.1160,0.03471,-0.03743,-0.00464,0.00000,0.00000,0.601,-0.003,0
433.1660,0.03404,-0.03678,-0.00453,0.00000,0.00000,0.596,-0.004,0
433.2160,0.03339,-0.03612,-0.00441,0.00000,0.00000,0.590,-0.005,0
433.2660,0.03277,-0.03547,-0.00429,0.00000,0.00000,0.583,-0.006,0
433.3160,0.03217,-0.03481,-0.00415,0.00000,0.00000,0.577,-0.006,0
433.3660,0.03160,-0.03415,-0.00401,0.00000,0.00000,0.571,-0.007,0
433.4160,0.03104,-0.03348,-0.00386,0.00000,0.00000,0.564,-0.007,0
433.4660,0.03051,-0.03282,-0.00370,0.00000,0.00000,0.557,-0.008,0
433.5160,0.03000,-0.03216,-0.00354,0.00000,0.00000,0.550,-0.008,0
433.5660,0.02952,-0.03151,-0.00336,0.00000,0.00000,0.542,-0.008,0
433.6160,0.02906,-0.03087,-0.00318,0.00000,0.00000,0.535,-0.008,0
433.6660,0.02863,-0.03023,-0.00300,0.00000,0.00000,0.528,-0.008,0
433.7160,0.02822,-0.02962,-0.00281,0.00000,0.00000,0.520,-0.008,0
433.7660,0.02784,-0.02903,-0.00261,0.00000,0.00000,0.513,-0.007,0
433.8160,0.02749,-0.02847,-0.00242,0.00000,0.00000,0.505,-0.007,0
433.8660,0.02717,-0.02794,-0.00222,0.00000,0.00000,0.498,-0.006,0
433.9160,0.02688,-0.02745,-0.00202,0.00000,0.00000,0.491,-0.006,0
433.9660,0.02663,-0.02700,-0.00182,0.00000,0.00000,0.484,-0.005,0
434.0160,0.02640,-0.02659,-0.00162,0.00000,0.00000,0.477,-0.004,0
434.0660,0.02619,-0.02620,-0.00142,0.00000,0.00000,0.471,-0.003,0
434.1160,0.02601,-0.02584,-0.00122,0.00000,0.00000,0.465,-0.002,0
434.1660,0.02584,-0.02552,-0.00103,0.00000,0.00000,0.458,-0.001,0
434.2160,0.02571,-0.02525,-0.00084,0.00000,0.00000,0.452,-0.000,0
434.2660,0.02560,-0.02502,-0.00066,0.00000,0.00000,0.447,0.001,0
434.3160,0.02551,-0.02483,-0.00049,0.00000,0.00000,0.441,0.002,0
434.3660,0.02544,-0.02468,-0.00032,0.00000,0.00000,0.436,0.004,0
434.4160,0.02538,-0.02457,-0.00017,0.00000,0.00000,0.431,0.005,0
434.4660,0.02534,-0.02450,-0.00002,0.00000,0.00000,0.427,0.006,0
434.5160,0.02531,-0.02446,0.00012,0.00000,0.00000,0.422,0.007,0
434.5660,0.02530,-0.02446,0.00024,0.00000,0.00000,0.418,0.009,0
434.6160,0.02529,-0.02452,0.00035,0.00000,0.00000,0.414,0.010,0
434.6660,0.02531,-0.02462,0.00045,0.00000,0.00000,0.411,0.011,0
434.7160,0.02533,-0.02476,0.00053,0.00000,0.00000,0.408,0.013,0
434.7660,0.02535,-0.02494,0.00059,0.00000,0.00000,0.405,0.014,0
434.8160,0.02537,-0.02515,0.00065,0.00000,0.00000,0.403,0.015,0
434.8660,0.02539,-0.02539,0.00068,0.00000,0.00000,0.401,0.016,0
434.9160,0.02541,-0.02567,0.00070,0.00000,0.00000,0.399,0.017,0
434.9660,0.02543,-0.02597,0.00069,0.00000,0.00000,0.398,0.019,0
435.0160,0.02543,-0.02629,0.00068,0.00000,0.00000,0.397,0.020,0
435.0660,0.02541,-0.02663,0.00064,0.00000,0.00000,0.395,0.020,0
435.1160,0.02539,-0.02699,0.00058,0.00000,0.00000,0.395,0.021,0
435.1660,0.02534,-0.02735,0.00051,0.00000,0.00000,0.394,0.022,0
435.2160,0.02527,-0.02774,0.00041,0.00000,0.00000,0.393,0.023,0
435.2660,0.02518,-0.02814,0.00030,0.00000,0.00000,0.393,0.023,0
435.3160,0.02506,-0.02855,0.00017,0.00000,0.00000,0.393,0.024,0
435.3660,0.02492,-0.02895,0.00002,0.00000,0.00000,0.393,0.024,0
435.4160,0.02473,-0.02935,-0.00015,0.00000,0.00000,0.393,0.024,0
435.4660,0.02452,-0.02975,-0.00034,0.00000,0.00000,0.393,0.024,0
435.5160,0.02426,-0.03014,-0.00054,0.00000,0.00000,0.392,0.024,0
435.5660,0.02396,-0.03051,-0.00076,0.00000,0.00000,0.392,0.024,0
435.6160,0.02362,-0.03086,-0.00100,0.00000,0.00000,0.392,0.024,0
435.6660,0.02323,-0.03119,-0.00125,0.00000,0.00000,0.391,0.023,0
435.7160,0.02280,-0.03150,-0.00152,0.00000,0.00000,0.391,0.022,0
435.7660,0.02232,-0.03180,-0.00180,0.00000,0.00000,0.390,0.022,0
435.8160,0.02180,-0.03208,-0.00209,0.00000,0.00000,0.389,0.021,0
435.8660,0.02122,-0.03233,-0.00240,0.00000,0.00000,0.388,0.020,0
435.9160,0.02060,-0.03255,-0.00271,0.00000,0.00000,0.387,0.019,0
435.9660,0.01992,-0.03275,-0.00303,0.00000,0.00000,0.386,0.017,0
436.0160,0.01919,-0.03292,-0.00337,0.00000,0.00000,0.384,0.016,0
436.0660,0.01841,-0.03306,-0.00371,0.00000,0.00000,0.382,0.014,0
436.1160,0.01758,-0.03316,-0.00405,0.00000,0.00000,0.380,0.013,0
436.1660,0.01669,-0.03323,-0.00440,0.00000,0.00000,0.377,0.011,0
436.2160,0.01576,-0.03327,-0.00475,0.00000,0.00000,0.374,0.009,0
436.2660,0.01476,-0.03326,-0.00510,0.00000,0.00000,0.371,0.007,0
436.3160,0.01371,-0.03320,-0.00545,0.00000,0.00000,0.367,0.005,0
436.3660,0.01260,-0.03308,-0.00580,0.00000,0.00000,0.363,0.003,0
436.4160,0.01143,-0.03293,-0.00615,0.00000,0.00000,0.358,0.001,0
436.4660,0.01021,-0.03272,-0.00649,0.00000,0.00000,0.352,-0.001,0
436.5160,0.00893,-0.03246,-0.00683,0.00000,0.00000,0.346,-0.004,0
436.5660,0.00761,-0.03216,-0.00716,0.00000,0.00000,0.340,-0.006,0
436.6160,0.00624,-0.03181,-0.00748,0.00000,0.00000,0.333,-0.008,0
436.6660,0.00482,-0.03141,-0.00779,0.00000,0.00000,0.325,-0.010,0
436.7160,0.00336,-0.03096,-0.00809,0.00000,0.00000,0.317,-0.012,0
436.7660,0.00185,-0.03048,-0.00837,0.00000,0.00000,0.308,-0.014,0
436.8160,0.00031,-0.02994,-0.00864,0.00000,0.00000,0.299,-0.016,0
436.8660,-0.00126,-0.02936,-0.00890,0.00000,0.00000,0.290,-0.017,0
436.9160,-0.00287,-0.02874,-0.00914,0.00000,0.00000,0.279,-0.019,0
436.9660,-0.00451,-0.02807,-0.00936,0.00000,0.00000,0.269,-0.020,0
437.0160,-0.00617,-0.02737,-0.00956,0.00000,0.00000,0.258,-0.022,0
437.0660,-0.00785,-0.02661,-0.00974,0.00000,0.00000,0.246,-0.023,0
437.1160,-0.00956,-0.02581,-0.00991,0.00000,0.00000,0.234,-0.023,0
437.1660,-0.01127,-0.02498,-0.01005,0.00000,0.00000,0.221,-0.024,0
437.2160,-0.01300,-0.02411,-0.01017,0.00000,0.00000,0.208,-0.025,0
437.2660,-0.01472,-0.02321,-0.01027,0.00000,0.00000,0.195,-0.025,0
437.3160,-0.01644,-0.02228,-0.01035,0.00000,0.00000,0.182,-0.025,0
437.3660,-0.01816,-0.02133,-0.01040,0.00000,0.00000,0.168,-0.024,0
437.4160,-0.01986,-0.02036,-0.01043,0.00000,0.00000,0.154,-0.024,0
437.4660,-0.02154,-0.01936,-0.01044,0.00000,0.00000,0.140,-0.023,0
437.5160,-0.02319,-0.01836,-0.01042,0.00000,0.00000,0.126,-0.022,0
437.5660,-0.02481,-0.01734,-0.01038,0.00000,0.00000,0.111,-0.021,0
437.6160,-0.02640,-0.01630,-0.01032,0.00000,0.00000,0.097,-0.019,0
437.6660,-0.02796,-0.01525,-0.01024,0.00000,0.00000,0.083,-0.018,0
437.7160,-0.02946,-0.01420,-0.01013,0.00000,0.00000,0.069,-0.016,0
437.7660,-0.03091,-0.01316,-0.01000,0.00000,0.00000,0.055,-0.014,0
437.8160,-0.03231,-0.01211,-0.00984,0.00000,0.00000,0.041,-0.011,0
437.8660,-0.03366,-0.01106,-0.00967,0.00000,0.00000,0.027,-0.009,0
437.9160,-0.03495,-0.01002,-0.00947,0.00000,0.00000,0.013,-0.006,0
437.9660,-0.03618,-0.00899,-0.00925,0.00000,0.00000,0.000,-0.003,0
438.0160,-0.03736,-0.00797,-0.00902,0.00000,0.00000,-0.012,0.000,0
438.0660,-0.03847,-0.00696,-0.00876,0.00000,0.00000,-0.025,0.003,0
438.1160,-0.03954,-0.00596,-0.00849,0.00000,0.00000,-0.036,0.006,0
438.1660,-0.04055,-0.00498,-0.00820,0.00000,0.00000,-0.048,0.010,0
438.2160,-0.04151,-0.00402,-0.00789,0.00000,0.00000,-0.059,0.013,0
438.2660,-0.04242,-0.00308,-0.00757,0.00000,0.00000,-0.069,0.016,0
438.3160,-0.04328,-0.00215,-0.00723,0.00000,0.00000,-0.078,0.020,0
438.3660,-0.04409,-0.00127,-0.00688,0.00000,0.00000,-0.087,0.023,0
438.4160,-0.04484,-0.00041,-0.00652,0.00000,0.00000,-0.096,0.026,0
438.4660,-0.04555,0.00041,-0.00615,0.00000,0.00000,-0.103,0.029,0
438.5160,-0.04621,0.00120,-0.00576,0.00000,0.00000,-0.110,0.032,0
438.5660,-0.04682,0.00195,-0.00537,0.00000,0.00000,-0.117,0.035,0
438.6160,-0.04740,0.00266,-0.00497,0.00000,0.00000,-0.122,0.037,0
438.6660,-0.04793,0.00335,-0.00457,0.00000,0.00000,-0.127,0.040,0
438.7160,-0.04842,0.00398,-0.00416,0.00000,0.00000,-0.132,0.042,0
438.7660,-0.04887,0.00459,-0.00374,0.00000,0.00000,-0.135,0.044,0
438.8160,-0.04928,0.00516,-0.00332,0.00000,0.00000,-0.138,0.046,0
438.8660,-0.04965,0.00569,-0.00290,0.00000,0.00000,-0.141,0.048,0
438.9160,-0.04999,0.00619,-0.00248,0.00000,0.00000,-0.143,0.049,0
438.9660,-0.05029,0.00665,-0.00206,0.00000,0.00000,-0.144,0.050,0
439.0160,-0.05056,0.00708,-0.00164,0.00000,0.00000,-0.145,0.051,0
439.0660,-0.05078,0.00746,-0.00122,0.00000,0.00000,-0.145,0.051,0
439.1160,-0.05097,0.00780,-0.00081,0.00000,0.00000,-0.145,0.052,0
439.1660,-0.05111,0.00810,-0.00039,0.00000,0.00000,-0.145,0.052,0
439.2160,-0.05121,0.00836,0.00001,0.00000,0.00000,-0.144,0.051,0
439.2660,-0.05128,0.00858,0.00042,0.00000,0.00000,-0.142,0.051,0
439.3160,-0.05130,0.00877,0.00081,0.00000,0.00000,-0.141,0.050,0
439.3660,-0.05129,0.00893,0.00120,0.00000,0.00000,-0.139,0.049,0
439.4160,-0.05123,0.00904,0.00159,0.00000,0.00000,-0.137,0.047,0
439.4660,-0.05112,0.00911,0.00196,0.00000,0.00000,-0.134,0.046,0
439.5160,-0.05096,0.00913,0.00233,0.00000,0.00000,-0.131,0.044,0
439.5660,-0.05074,0.00912,0.00269,0.00000,0.00000,-0.129,0.041,0
439.6160,-0.05049,0.00908,0.00304,0.00000,0.00000,-0.126,0.039,0
439.6660,-0.05019,0.00901,0.00339,0.00000,0.00000,-0.123,0.036,0
439.7160,-0.04984,0.00892,0.00372,0.00000,0.00000,-0.120,0.033,0
439.7660,-0.04943,0.00879,0.00405,0.00000,0.00000,-0.117,0.030,0
439.8160,-0.04898,0.00863,0.00436,0.00000,0.00000,-0.113,0.027,0
439.8660,-0.04847,0.00844,0.00467,0.00000,0.00000,-0.110,0.024,0
439.9160,-0.04791,0.00825,0.00497,0.00000,0.00000,-0.107,0.020,0
439.9660,-0.04730,0.00804,0.00526,0.00000,0.00000,-0.104,0.016,0
440.0160,-0.04664,0.00780,0.00554,0.00000,0.00000,-0.101,0.012,0
440.0660,-0.04592,0.00755,0.00581,0.00000,0.00000,-0.097,0.008,0
440.1160,-0.04514,0.00726,0.00608,0.00000,0.00000,-0.094,0.004,0
440.1660,-0.04429,0.00695,0.00634,0.00000,0.00000,-0.091,-0.000,0
440.2160,-0.04338,0.00661,0.00658,0.00000,0.00000,-0.088,-0.005,0
440.2660,-0.04241,0.00626,0.00683,0.00000,0.00000,-0.085,-0.009,0
440.3160,-0.04138,0.00589,0.00706,0.00000,0.00000,-0.083,-0.013,0
440.3660,-0.04029,0.00551,0.00729,0.00000,0.00000,-0.080,-0.018,0
440.4160,-0.03914,0.00513,0.00752,0.00000,0.00000,-0.078,-0.022,0
440.4660,-0.03792,0.00472,0.00774,0.00000,0.00000,-0.075,-0.027,0
440.5160,-0.03664,0.00429,0.00795,0.00000,0.00000,-0.073,-0.031,0
440.5660,-0.03528,0.00384,0.00816,0.00000,0.00000,-0.071,-0.036,0
440.6160,-0.03385,0.00336,0.00837,0.00000,0.00000,-0.069,-0.040,0
440.6660,-0.03236,0.00287,0.00857,0.00000,0.00000,-0.067,-0.044,0
440.7160,-0.03081,0.00237,0.00877,0.00000,0.00000,-0.066,-0.049,0
440.7660,-0.02918,0.00185,0.00897,0.00000,0.00000,-0.065,-0.053,0
440.8160,-0.02749,0.00131,0.00916,0.00000,0.00000,-0.063,-0.057,0
440.8660,-0.02573,0.00075,0.00935,0.00000,0.00000,-0.062,-0.060,0
440.9160,-0.02390,0.00016,0.00954,0.00000,0.00000,-0.061,-0.064,0
440.9660,-0.02200,-0.00044,0.00973,0.00000,0.00000,-0.061,-0.068,0
441.0160,-0.02004,-0.00105,0.00992,0.00000,0.00000,-0.060,-0.071,0
441.0660,-0.01802,-0.00168,0.01010,0.00000,0.00000,-0.059,-0.074,0
441.1160,-0.01594,-0.00233,0.01029,0.00000,0.00000,-0.059,-0.077,0
441.1660,-0.01379,-0.00300,0.01047,0.00000,0.00000,-0.059,-0.079,0
441.2160,-0.01159,-0.00369,0.01065,0.00000,0.00000,-0.059,-0.082,0
441.2660,-0.00933,-0.00439,0.01083,0.00000,0.00000,-0.058,-0.084,0
441.3160,-0.00702,-0.00511,0.01100,0.00000,0.00000,-0.058,-0.086,0
441.3660,-0.00466,-0.00584,0.01118,0.00000,0.00000,-0.058,-0.087,0
441.4160,-0.00225,-0.00660,0.01135,0.00000,0.00000,-0.058,-0.088,0
441.4660,0.00021,-0.00737,0.01152,0.00000,0.00000,-0.058,-0.089,0
441.5160,0.00270,-0.00816,0.01168,0.00000,0.00000,-0.057,-0.089,0
441.5660,0.00523,-0.00897,0.01184,0.00000,0.00000,-0.057,-0.089,0
441.6160,0.00779,-0.00979,0.01200,0.00000,0.00000,-0.056,-0.089,0
441.6660,0.01038,-0.01063,0.01215,0.00000,0.00000,-0.055,-0.088,0
441.7160,0.01299,-0.01148,0.01229,0.00000,0.00000,-0.055,-0.087,0
441.7660,0.01562,-0.01235,0.01243,0.00000,0.00000,-0.053,-0.085,0
441.8160,0.01826,-0.01324,0.01256,0.00000,0.00000,-0.052,-0.083,0
441.8660,0.02091,-0.01415,0.01268,0.00000,0.00000,-0.050,-0.080,0
441.9160,0.02355,-0.01507,0.01280,0.00000,0.00000,-0.048,-0.077,0
441.9660,0.02619,-0.01601,0.01290,0.00000,0.00000,-0.045,-0.073,0
442.0160,0.02882,-0.01698,0.01299,0.00000,0.00000,-0.042,-0.069,0
442.0660,0.03144,-0.01796,0.01307,0.00000,0.00000,-0.038,-0.064,0
442.1160,0.03403,-0.01897,0.01314,0.00000,0.00000,-0.034,-0.059,0
442.1660,0.03659,-0.01999,0.01319,0.00000,0.00000,-0.029,-0.053,0
442.2160,0.03910,-0.02103,0.01324,0.00000,0.00000,-0.024,-0.046,0
442.2660,0.04157,-0.02208,0.01326,0.00000,0.00000,-0.017,-0.039,0
442.3160,0.04398,-0.02314,0.01327,0.00000,0.00000,-0.010,-0.032,0
442.3660,0.04634,-0.02421,0.01326,0.00000,0.00000,-0.002,-0.023,0
442.4160,0.04864,-0.02530,0.01323,0.00000,0.00000,0.007,-0.015,0
442.4660,0.05090,-0.02640,0.01319,0.00000,0.00000,0.017,-0.005,0
442.5160,0.05309,-0.02750,0.01313,0.00000,0.00000,0.027,0.004,0
442.5660,0.05523,-0.02860,0.01304,0.00000,0.00000,0.039,0.015,0
442.6160,0.05731,-0.02971,0.01294,0.00000,0.00000,0.052,0.025,0
442.6660,0.05935,-0.03083,0.01281,0.00000,0.00000,0.066,0.036,0
442.7160,0.06135,-0.03196,0.01266,0.00000,0.00000,0.081,0.048,0
442.7660,0.06331,-0.03309,0.01249,0.00000,0.00000,0.097,0.059,0
442.8160,0.06523,-0.03424,0.01229,0.00000,0.00000,0.114,0.071,0
442.8660,0.06712,-0.03539,0.01207,0.00000,0.00000,0.133,0.084,0
442.9160,0.06897,-0.03653,0.01183,0.00000,0.00000,0.153,0.096,0
442.9660,0.07078,-0.03765,0.01156,0.00000,0.00000,0.173,0.109,0
443.0160,0.07256,-0.03876,0.01127,0.00000,0.00000,0.195,0.121,0
443.0660,0.07431,-0.03986,0.01095,0.00000,0.00000,0.217,0.133,0
443.1160,0.07603,-0.04095,0.01061,0.00000,0.00000,0.241,0.146,0
443.1660,0.07772,-0.04202,0.01025,0.00000,0.00000,0.266,0.158,0
443.2160,0.07939,-0.04307,0.00986,0.00000,0.00000,0.291,0.170,0
443.2660,0.08102,-0.04410,0.00944,0.00000,0.00000,0.317,0.182,0
443.3160,0.08263,-0.04510,0.00901,0.00000,0.00000,0.344,0.193,0
443.3660,0.08421,-0.04608,0.00854,0.00000,0.00000,0.372,0.204,0
443.4160,0.08575,-0.04703,0.00806,0.00000,0.00000,0.400,0.215,0
443.4660,0.08726,-0.04795,0.00755,0.00000,0.00000,0.429,0.225,0
443.5160,0.08874,-0.04885,0.00702,0.00000,0.00000,0.458,0.235,0
443.5660,0.09018,-0.04971,0.00647,0.00000,0.00000,0.488,0.244,0
443.6160,0.09159,-0.05055,0.00591,0.00000,0.00000,0.518,0.252,0
443.6660,0.09296,-0.05136,0.00532,0.00000,0.00000,0.548,0.260,0
443.7160,0.09428,-0.05214,0.00471,0.00000,0.00000,0.579,0.268,0
443.7660,0.09555,-0.05286,0.00409,0.00000,0.00000,0.610,0.274,0
443.8160,0.09677,-0.05354,0.00345,0.00000,0.00000,0.640,0.280,0
443.8660,0.09794,-0.05419,0.00280,0.00000,0.00000,0.671,0.285,0
443.9160,0.09906,-0.05480,0.00214,0.00000,0.00000,0.701,0.289,0
443.9660,0.10014,-0.05537,0.00146,0.00000,0.00000,0.732,0.292,0
444.0160,0.10117,-0.05590,0.00078,0.00000,0.00000,0.762,0.294,0
444.0660,0.10214,-0.05639,0.00009,0.00000,0.00000,0.791,0.296,0
444.1160,0.10306,-0.05684,-0.00061,0.00000,0.00000,0.820,0.297,0
444.1660,0.10392,-0.05726,-0.00131,0.00000,0.00000,0.848,0.297,0
444.2160,0.10472,-0.05764,-0.00201,0.00000,0.00000,0.876,0.296,0
444.2660,0.10545,-0.05798,-0.00271,0.00000,0.00000,0.904,0.294,0
444.3160,0.10610,-0.05828,-0.00341,0.00000,0.00000,0.930,0.291,0
444.3660,0.10665,-0.05852,-0.00411,0.00000,0.00000,0.956,0.287,0
444.4160,0.10711,-0.05871,-0.00480,0.00000,0.00000,0.980,0.283,0
444.4660,0.10744,-0.05884,-0.00548,0.00000,0.00000,1.004,0.278,0
444.5160,0.10766,-0.05892,-0.00616,0.00000,0.00000,1.026,0.272,0
444.5660,0.10776,-0.05896,-0.00682,0.00000,0.00000,1.047,0.265,0
444.6160,0.10775,-0.05896,-0.00747,0.00000,0.00000,1.067,0.257,0
444.6660,0.10763,-0.05892,-0.00810,0.00000,0.00000,1.086,0.249,0
444.7160,0.10741,-0.05884,-0.00871,0.00000,0.00000,1.104,0.241,0
444.7660,0.10707,-0.05872,-0.00931,0.00000,0.00000,1.121,0.231,0
444.8160,0.10664,-0.05857,-0.00988,0.00000,0.00000,1.136,0.222,0
444.8660,0.10610,-0.05837,-0.01043,0.00000,0.00000,1.150,0.211,0
444.9160,0.10546,-0.05814,-0.01095,0.00000,0.00000,1.163,0.200,0
444.9660,0.10471,-0.05786,-0.01145,0.00000,0.00000,1.174,0.189,0
445.0160,0.10386,-0.05753,-0.01192,0.00000,0.00000,1.184,0.178,0
445.0660,0.10291,-0.05717,-0.01237,0.00000,0.00000,1.192,0.166,0
445.1160,0.10186,-0.05676,-0.01278,0.00000,0.00000,1.199,0.153,0
445.1660,0.10071,-0.05631,-0.01316,0.00000,0.00000,1.204,0.141,0
445.2160,0.09947,-0.05583,-0.01351,0.00000,0.00000,1.207,0.128,0
445.2660,0.09814,-0.05532,-0.01382,0.00000,0.00000,1.209,0.116,0
445.3160,0.09673,-0.05477,-0.01411,0.00000,0.00000,1.209,0.103,0
445.3660,0.09522,-0.05418,-0.01435,0.00000,0.00000,1.208,0.090,0
445.4160,0.09364,-0.05357,-0.01456,0.00000,0.00000,1.206,0.078,0
445.4660,0.09199,-0.05293,-0.01474,0.00000,0.00000,1.202,0.065,0
445.5160,0.09026,-0.05226,-0.01488,0.00000,0.00000,1.196,0.053,0
445.5660,0.08847,-0.05156,-0.01499,0.00000,0.00000,1.190,0.041,0
445.6160,0.08660,-0.05082,-0.01506,0.00000,0.00000,1.182,0.029,0
445.6660,0.08467,-0.05006,-0.01510,0.00000,0.00000,1.172,0.018,0
445.7160,0.08269,-0.04928,-0.01510,0.00000,0.00000,1.162,0.007,0
445.7660,0.08067,-0.04848,-0.01507,0.00000,0.00000,1.150,-0.004,0
445.8160,0.07859,-0.04766,-0.01501,0.00000,0.00000,1.137,-0.014,0
445.8660,0.07647,-0.04681,-0.01492,0.00000,0.00000,1.123,-0.024,0
445.9160,0.07432,-0.04595,-0.01480,0.00000,0.00000,1.108,-0.033,0
445.9660,0.07214,-0.04508,-0.01465,0.00000,0.00000,1.093,-0.042,0
446.0160,0.06995,-0.04421,-0.01447,0.00000,0.00000,1.076,-0.050,0
446.0660,0.06774,-0.04333,-0.01427,0.00000,0.00000,1.059,-0.058,0
446.1160,0.06552,-0.04245,-0.01404,0.00000,0.00000,1.042,-0.065,0
446.1660,0.06330,-0.04158,-0.01378,0.00000,0.00000,1.024,-0.071,0
446.2160,0.06108,-0.04070,-0.01351,0.00000,0.00000,1.005,-0.077,0
446.2660,0.05887,-0.03983,-0.01322,0.00000,0.00000,0.986,-0.083,0
446.3160,0.05667,-0.03895,-0.01290,0.00000,0.00000,0.967,-0.088,0
446.3660,0.05448,-0.03807,-0.01258,0.00000,0.00000,0.947,-0.092,0
446.4160,0.05232,-0.03721,-0.01223,0.00000,0.00000,0.927,-0.096,0
446.4660,0.05019,-0.03635,-0.01188,0.00000,0.00000,0.907,-0.099,0
446.5160,0.04809,-0.03550,-0.01151,0.00000,0.00000,0.887,-0.102,0
446.5660,0.04602,-0.03466,-0.01113,0.00000,0.00000,0.867,-0.104,0
446.6160,0.04399,-0.03383,-0.01075,0.00000,0.00000,0.847,-0.106,0
446.6660,0.04199,-0.03299,-0.01036,0.00000,0.00000,0.826,-0.107,0
446.7160,0.04004,-0.03216,-0.00996,0.00000,0.00000,0.806,-0.108,0
446.7660,0.03812,-0.03132,-0.00957,0.00000,0.00000,0.785,-0.108,0
446.8160,0.03625,-0.03049,-0.00917,0.00000,0.00000,0.765,-0.109,0
446.8660,0.03444,-0.02968,-0.00877,0.00000,0.00000,0.744,-0.108,0
446.9160,0.03268,-0.02888,-0.00838,0.00000,0.00000,0.724,-0.108,0
446.9660,0.03097,-0.02809,-0.00799,0.00000,0.00000,0.704,-0.107,0
447.0160,0.02931,-0.02731,-0.00760,0.00000,0.00000,0.684,-0.106,0
447.0660,0.02771,-0.02653,-0.00722,0.00000,0.00000,0.665,-0.104,0
447.1160,0.02616,-0.02576,-0.00685,0.00000,0.00000,0.646,-0.102,0
447.1660,0.02466,-0.02498,-0.00649,0.00000,0.00000,0.627,-0.101,0
447.2160,0.02322,-0.02421,-0.00614,0.00000,0.00000,0.608,-0.098,0
447.2660,0.02183,-0.02344,-0.00580,0.00000,0.00000,0.589,-0.096,0
447.3160,0.02049,-0.02267,-0.00547,0.00000,0.00000,0.571,-0.094,0
447.3660,0.01922,-0.02193,-0.00515,0.00000,0.00000,0.553,-0.091,0
447.4160,0.01799,-0.02119,-0.00485,0.00000,0.00000,0.535,-0.089,0
447.4660,0.01682,-0.02044,-0.00456,0.00000,0.00000,0.518,-0.086,0
447.5160,0.01569,-0.01970,-0.00428,0.00000,0.00000,0.501,-0.084,0
447.5660,0.01461,-0.01896,-0.00402,0.00000,0.00000,0.485,-0.081,0
447.6160,0.01358,-0.01822,-0.00378,0.00000,0.00000,0.468,-0.078,0
447.6660,0.01258,-0.01748,-0.00355,0.00000,0.00000,0.452,-0.075,0
447.7160,0.01163,-0.01674,-0.00333,0.00000,0.00000,0.437,-0.073,0
447.7660,0.01072,-0.01599,-0.00313,0.00000,0.00000,0.421,-0.070,0
447.8160,0.00984,-0.01524,-0.00295,0.00000,0.00000,0.406,-0.067,0
447.8660,0.00900,-0.01451,-0.00278,0.00000,0.00000,0.392,-0.065,0
447.9160,0.00820,-0.01377,-0.00262,0.00000,0.00000,0.377,-0.062,0
447.9660,0.00743,-0.01304,-0.00248,0.00000,0.00000,0.363,-0.059,0
448.0160,0.00670,-0.01233,-0.00235,0.00000,0.00000,0.350,-0.057,0
448.0660,0.00600,-0.01161,-0.00224,0.00000,0.00000,0.337,-0.055,0
448.1160,0.00533,-0.01090,-0.00214,0.00000,0.00000,0.324,-0.052,0
448.1660,0.00467,-0.01019,-0.00204,0.00000,0.00000,0.311,-0.050,0
448.2160,0.00404,-0.00947,-0.00196,0.00000,0.00000,0.299,-0.048,0
448.2660,0.00342,-0.00876,-0.00189,0.00000,0.00000,0.287,-0.046,0
448.3160,0.00282,-0.00805,-0.00183,0.00000,0.00000,0.275,-0.044,0
448.3660,0.00225,-0.00735,-0.00178,0.00000,0.00000,0.264,-0.042,0
448.4160,0.00169,-0.00666,-0.00174,0.00000,0.00000,0.252,-0.040,0
448.4660,0.00114,-0.00597,-0.00170,0.00000,0.00000,0.242,-0.038,0
448.5160,0.00060,-0.00529,-0.00167,0.00000,0.00000,0.231,-0.036,0
448.5660,0.00008,-0.00462,-0.00164,0.00000,0.00000,0.221,-0.035,0
448.6160,-0.00043,-0.00396,-0.00162,0.00000,0.00000,0.211,-0.033,0
448.6660,-0.00093,-0.00332,-0.00160,0.00000,0.00000,0.201,-0.032,0
448.7160,-0.00142,-0.00271,-0.00158,0.00000,0.00000,0.191,-0.030,0
448.7660,-0.00190,-0.00209,-0.00156,0.00000,0.00000,0.182,-0.029,0
448.8160,-0.00238,-0.00150,-0.00154,0.00000,0.00000,0.173,-0.028,0
448.8660,-0.00284,-0.00093,-0.00152,0.00000,0.00000,0.164,-0.026,0
448.9160,-0.00329,-0.00039,-0.00150,0.00000,0.00000,0.156,-0.025,0
448.9660,-0.00373,0.00012,-0.00148,0.00000,0.00000,0.148,-0.024,0
449.0160,-0.00416,0.00061,-0.00146,0.00000,0.00000,0.140,-0.023,0
449.0660,-0.00458,0.00106,-0.00143,0.00000,0.00000,0.133,-0.022,0
449.1160,-0.00499,0.00150,-0.00140,0.00000,0.00000,0.125,-0.021,0
449.1660,-0.00541,0.00191,-0.00136,0.00000,0.00000,0.118,-0.019,0
449.2160,-0.00581,0.00230,-0.00132,0.00000,0.00000,0.111,-0.018,0
449.2660,-0.00620,0.00264,-0.00128,0.00000,0.00000,0.105,-0.018,0
449.3160,-0.00658,0.00294,-0.00122,0.00000,0.00000,0.098,-0.017,0
449.3660,-0.00694,0.00320,-0.00117,0.00000,0.00000,0.093,-0.016,0
449.4160,-0.00730,0.00343,-0.00110,0.00000,0.00000,0.087,-0.015,0
449.4660,-0.00765,0.00363,-0.00103,0.00000,0.00000,0.081,-0.014,0
449.5160,-0.00799,0.00379,-0.00096,0.00000,0.00000,0.076,-0.013,0
449.5660,-0.00831,0.00391,-0.00088,0.00000,0.00000,0.071,-0.012,0
449.6160,-0.00863,0.00399,-0.00079,0.00000,0.00000,0.066,-0.011,0
449.6660,-0.00893,0.00403,-0.00069,0.00000,0.00000,0.061,-0.010,0
449.7160,-0.00922,0.00402,-0.00060,0.00000,0.00000,0.057,-0.010,0
449.7660,-0.00949,0.00397,-0.00049,0.00000,0.00000,0.053,-0.009,0
449.8160,-0.00975,0.00389,-0.00038,0.00000,0.00000,0.049,-0.008,0
449.8660,-0.01000,0.00376,-0.00027,0.00000,0.00000,0.045,-0.007,0
449.9160,-0.01024,0.00359,-0.00016,0.00000,0.00000,0.042,-0.007,0
449.9660,-0.01046,0.00338,-0.00004,0.00000,0.00000,0.038,-0.006,0
450.0160,-0.01066,0.00312,0.00009,0.00000,0.00000,0.035,-0.005,0
450.0660,-0.01086,0.00284,0.00021,0.00000,0.00000,0.032,-0.005,0
450.1160,-0.01104,0.00251,0.00033,0.00000,0.00000,0.029,-0.004,0
450.1660,-0.01121,0.00214,0.00046,0.00000,0.00000,0.027,-0.004,0
450.2160,-0.01136,0.00174,0.00059,0.00000,0.00000,0.024,-0.003,0
450.2660,-0.01150,0.00129,0.00071,0.00000,0.00000,0.022,-0.003,0
450.3160,-0.01162,0.00079,0.00083,0.00000,0.00000,0.020,-0.002,0
450.3660,-0.01173,0.00026,0.00095,0.00000,0.00000,0.018,-0.002,0
450.4160,-0.01182,-0.00031,0.00107,0.00000,0.00000,0.016,-0.001,0
450.4660,-0.01190,-0.00091,0.00118,0.00000,0.00000,0.014,-0.001,0
450.5160,-0.01196,-0.00155,0.00129,0.00000,0.00000,0.012,-0.001,0
450.5660,-0.01201,-0.00222,0.00140,0.00000,0.00000,0.010,-0.000,0
450.6160,-0.01206,-0.00291,0.00149,0.00000,0.00000,0.009,-0.000,0
450.6660,-0.01209,-0.00364,0.00158,0.00000,0.00000,0.007,0.000,0
450.7160,-0.01210,-0.00440,0.00167,0.00000,0.00000,0.005,0.000,0
450.7660,-0.01211,-0.00520,0.00174,0.00000,0.00000,0.004,0.000,0
450.8160,-0.01211,-0.00601,0.00181,0.00000,0.00000,0.003,0.000,0
450.8660,-0.01210,-0.00684,0.00187,0.00000,0.00000,0.001,0.000,0
450.9160,-0.01208,-0.00770,0.00192,0.00000,0.00000,-0.000,0.000,0
450.9660,-0.01206,-0.00857,0.00195,0.00000,0.00000,-0.002,0.000,0
451.0160,-0.01203,-0.00946,0.00198,0.00000,0.00000,-0.003,0.000,0
451.0660,-0.01200,-0.01037,0.00200,0.00000,0.00000,-0.005,0.000,0
451.1160,-0.01197,-0.01127,0.00201,0.00000,0.00000,-0.006,0.000,0
451.1660,-0.01194,-0.01219,0.00201,0.00000,0.00000,-0.008,-0.000,0
451.2160,-0.01190,-0.01312,0.00200,0.00000,0.00000,-0.009,-0.000,0
451.2660,-0.01187,-0.01404,0.00198,0.00000,0.00000,-0.011,-0.001,0
451.3160,-0.01184,-0.01498,0.00194,0.00000,0.00000,-0.013,-0.001,0
451.3660,-0.01180,-0.01592,0.00190,0.00000,0.00000,-0.014,-0.001,0
451.4160,-0.01178,-0.01685,0.00185,0.00000,0.00000,-0.016,-0.001,0
451.4660,-0.01176,-0.01776,0.00179,0.00000,0.00000,-0.018,-0.002,0
451.5160,-0.01175,-0.01865,0.00172,0.00000,0.00000,-0.020,-0.002,0
451.5660,-0.01174,-0.01955,0.00164,0.00000,0.00000,-0.022,-0.002,0
451.6160,-0.01174,-0.02043,0.00155,0.00000,0.00000,-0.024,-0.003,0
451.6660,-0.01174,-0.02129,0.00145,0.00000,0.00000,-0.027,-0.003,0
451.7160,-0.01176,-0.02213,0.00135,0.00000,0.00000,-0.029,-0.003,0
451.7660,-0.01178,-0.02295,0.00124,0.00000,0.00000,-0.031,-0.004,0
451.8160,-0.01181,-0.02374,0.00113,0.00000,0.00000,-0.034,-0.004,0
451.8660,-0.01184,-0.02451,0.00101,0.00000,0.00000,-0.036,-0.004,0
451.9160,-0.01187,-0.02526,0.00089,0.00000,0.00000,-0.039,-0.005,0
451.9660,-0.01192,-0.02599,0.00076,0.00000,0.00000,-0.042,-0.005,0
452.0160,-0.01196,-0.02668,0.00064,0.00000,0.00000,-0.045,-0.005,0
452.0660,-0.01201,-0.02734,0.00051,0.00000,0.00000,-0.048,-0.005,0
452.1160,-0.01207,-0.02796,0.00038,0.00000,0.00000,-0.051,-0.006,0
452.1660,-0.01213,-0.02855,0.00025,0.00000,0.00000,-0.054,-0.006,0
452.2160,-0.01220,-0.02911,0.00013,0.00000,0.00000,-0.057,-0.006,0
452.2660,-0.01226,-0.02962,0.00001,0.00000,0.00000,-0.060,-0.006,0
452.3160,-0.01233,-0.03010,-0.00011,0.00000,0.00000,-0.064,-0.007,0
452.3660,-0.01239,-0.03055,-0.00023,0.00000,0.00000,-0.067,-0.007,0
452.4160,-0.01244,-0.03097,-0.00034,0.00000,0.00000,-0.071,-0.007,0
452.4660,-0.01248,-0.03136,-0.00044,0.00000,0.00000,-0.074,-0.007,0
452.5160,-0.01251,-0.03172,-0.00053,0.00000,0.00000,-0.078,-0.007,0
452.5660,-0.01252,-0.03205,-0.00062,0.00000,0.00000,-0.081,-0.008,0
452.6160,-0.01253,-0.03235,-0.00070,0.00000,0.00000,-0.084,-0.008,0
452.6660,-0.01251,-0.03263,-0.00076,0.00000,0.00000,-0.088,-0.008,0
452.7160,-0.01248,-0.03289,-0.00082,0.00000,0.00000,-0.091,-0.008,0
452.7660,-0.01242,-0.03311,-0.00087,0.00000,0.00000,-0.095,-0.008,0
452.8160,-0.01235,-0.03331,-0.00090,0.00000,0.00000,-0.098,-0.008,0
452.8660,-0.01225,-0.03347,-0.00092,0.00000,0.00000,-0.101,-0.008,0
452.9160,-0.01212,-0.03361,-0.00093,0.00000,0.00000,-0.104,-0.008,0
452.9660,-0.01197,-0.03372,-0.00093,0.00000,0.00000,-0.107,-0.009,0
453.0160,-0.01179,-0.03380,-0.00091,0.00000,0.00000,-0.110,-0.009,0
453.0660,-0.01159,-0.03386,-0.00087,0.00000,0.00000,-0.113,-0.009,0
453.1160,-0.01135,-0.03388,-0.00083,0.00000,0.00000,-0.115,-0.009,0
453.1660,-0.01108,-0.03388,-0.00077,0.00000,0.00000,-0.118,-0.009,0
453.2160,-0.01078,-0.03385,-0.00069,0.00000,0.00000,-0.120,-0.009,0
453.2660,-0.01045,-0.03379,-0.00060,0.00000,0.00000,-0.122,-0.009,0
453.3160,-0.01007,-0.03373,-0.00050,0.00000,0.00000,-0.124,-0.009,0
453.3660,-0.00964,-0.03366,-0.00038,0.00000,0.00000,-0.125,-0.009,0
453.4160,-0.00917,-0.03356,-0.00025,0.00000,0.00000,-0.126,-0.010,0
453.4660,-0.00867,-0.03344,-0.00010,0.00000,0.00000,-0.127,-0.010,0
453.5160,-0.00813,-0.03330,0.00006,0.00000,0.00000,-0.128,-0.010,0
453.5660,-0.00754,-0.03315,0.00023,0.00000,0.00000,-0.129,-0.010,0
453.6160,-0.00691,-0.03299,0.00041,0.00000,0.00000,-0.129,-0.010,0
453.6660,-0.00623,-0.03282,0.00060,0.00000,0.00000,-0.129,-0.011,0
453.7160,-0.00551,-0.03264,0.00081,0.00000,0.00000,-0.128,-0.011,0
453.7660,-0.00474,-0.03246,0.00102,0.00000,0.00000,-0.127,-0.011,0
453.8160,-0.00392,-0.03227,0.00124,0.00000,0.00000,-0.126,-0.011,0
453.8660,-0.00306,-0.03207,0.00147,0.00000,0.00000,-0.124,-0.011,0
453.9160,-0.00215,-0.03187,0.00171,0.00000,0.00000,-0.122,-0.011,0
453.9660,-0.00121,-0.03165,0.00195,0.00000,0.00000,-0.120,-0.012,0
454.0160,-0.00022,-0.03144,0.00219,0.00000,0.00000,-0.117,-0.012,0
454.0660,0.00082,-0.03124,0.00244,0.00000,0.00000,-0.114,-0.012,0
454.1160,0.00190,-0.03105,0.00270,0.00000,0.00000,-0.110,-0.012,0
454.1660,0.00303,-0.03087,0.00295,0.00000,0.00000,-0.106,-0.012,0
454.2160,0.00419,-0.03068,0.00321,0.00000,0.00000,-0.101,-0.012,0
454.2660,0.00537,-0.03048,0.00346,0.00000,0.00000,-0.096,-0.011,0
454.3160,0.00659,-0.03029,0.00371,0.00000,0.00000,-0.091,-0.011,0
454.3660,0.00784,-0.03011,0.00396,0.00000,0.00000,-0.086,-0.011,0
454.4160,0.00911,-0.02993,0.00420,0.00000,0.00000,-0.079,-0.010,0
454.4660,0.01041,-0.02976,0.00444,0.00000,0.00000,-0.073,-0.010,0
454.5160,0.01174,-0.02961,0.00467,0.00000,0.00000,-0.066,-0.009,0
454.5660,0.01309,-0.02948,0.00490,0.00000,0.00000,-0.058,-0.008,0
454.6160,0.01445,-0.02935,0.00511,0.00000,0.00000,-0.051,-0.008,0
454.6660,0.01583,-0.02924,0.00532,0.00000,0.00000,-0.042,-0.006,0
454.7160,0.01721,-0.02914,0.00552,0.00000,0.00000,-0.034,-0.005,0
454.7660,0.01860,-0.02905,0.00570,0.00000,0.00000,-0.025,-0.004,0
454.8160,0.01998,-0.02897,0.00587,0.00000,0.00000,-0.015,-0.002,0
454.8660,0.02137,-0.02891,0.00603,0.00000,0.00000,-0.005,-0.000,0
454.9160,0.02276,-0.02887,0.00617,0.00000,0.00000,0.005,0.002,0
454.9660,0.02414,-0.02884,0.00630,0.00000,0.00000,0.016,0.004,0
455.0160,0.02551,-0.02883,0.00642,0.00000,0.00000,0.027,0.006,0
455.0660,0.02688,-0.02884,0.00652,0.00000,0.00000,0.038,0.009,0
455.1160,0.02823,-0.02886,0.00660,0.00000,0.00000,0.049,0.011,0
455.1660,0.02958,-0.02890,0.00667,0.00000,0.00000,0.061,0.014,0
455.2160,0.03092,-0.02897,0.00672,0.00000,0.00000,0.074,0.018,0
455.2660,0.03224,-0.02905,0.00675,0.00000,0.00000,0.086,0.021,0
455.3160,0.03355,-0.02915,0.00677,0.00000,0.00000,0.099,0.024,0
455.3660,0.03484,-0.02925,0.00677,0.00000,0.00000,0.112,0.028,0
455.4160,0.03611,-0.02937,0.00675,0.00000,0.00000,0.125,0.032,0
455.4660,0.03737,-0.02951,0.00671,0.00000,0.00000,0.139,0.036,0
455.5160,0.03861,-0.02966,0.00666,0.00000,0.00000,0.152,0.040,0
455.5660,0.03983,-0.02982,0.00659,0.00000,0.00000,0.166,0.044,0
455.6160,0.04104,-0.03001,0.00650,0.00000,0.00000,0.180,0.049,0
455.6660,0.04223,-0.03021,0.00640,0.00000,0.00000,0.194,0.053,0
455.7160,0.04340,-0.03040,0.00628,0.00000,0.00000,0.208,0.058,0
455.7660,0.04454,-0.03060,0.00614,0.00000,0.00000,0.222,0.062,0
455.8160,0.04565,-0.03080,0.00600,0.00000,0.00000,0.237,0.066,0
455.8660,0.04675,-0.03101,0.00583,0.00000,0.00000,0.251,0.071,0
455.9160,0.04783,-0.03124,0.00565,0.00000,0.00000,0.265,0.076,0
455.9660,0.04889,-0.03148,0.00546,0.00000,0.00000,0.279,0.080,0
456.0160,0.04994,-0.03173,0.00526,0.00000,0.00000,0.294,0.085,0
456.0660,0.05097,-0.03201,0.00504,0.00000,0.00000,0.309,0.089,0
456.1160,0.05198,-0.03230,0.00481,0.00000,0.00000,0.323,0.093,0
456.1660,0.05298,-0.03260,0.00458,0.00000,0.00000,0.338,0.098,0
456.2160,0.05396,-0.03291,0.00433,0.00000,0.00000,0.353,0.102,0
456.2660,0.05491,-0.03323,0.00407,0.00000,0.00000,0.368,0.106,0
456.3160,0.05585,-0.03355,0.00381,0.00000,0.00000,0.383,0.110,0
456.3660,0.05675,-0.03387,0.00353,0.00000,0.00000,0.398,0.113,0
456.4160,0.05764,-0.03419,0.00326,0.00000,0.00000,0.413,0.117,0
456.4660,0.05849,-0.03451,0.00297,0.00000,0.00000,0.427,0.120,0
456.5160,0.05932,-0.03481,0.00268,0.00000,0.00000,0.442,0.123,0
456.5660,0.06012,-0.03512,0.00239,0.00000,0.00000,0.456,0.126,0
456.6160,0.06089,-0.03542,0.00209,0.00000,0.00000,0.470,0.129,0
456.6660,0.06164,-0.03572,0.00179,0.00000,0.00000,0.484,0.132,0
456.7160,0.06236,-0.03603,0.00148,0.00000,0.00000,0.498,0.134,0
456.7660,0.06307,-0.03634,0.00118,0.00000,0.00000,0.512,0.136,0
456.8160,0.06375,-0.03666,0.00087,0.00000,0.00000,0.526,0.138,0
456.8660,0.06441,-0.03699,0.00057,0.00000,0.00000,0.540,0.139,0
456.9160,0.06504,-0.03732,0.00026,0.00000,0.00000,0.554,0.140,0
456.9660,0.06565,-0.03764,-0.00004,0.00000,0.00000,0.568,0.142,0
457.0160,0.06623,-0.03796,-0.00035,0.00000,0.00000,0.582,0.142,0
457.0660,0.06677,-0.03825,-0.00065,0.00000,0.00000,0.595,0.143,0
457.1160,0.06728,-0.03852,-0.00095,0.00000,0.00000,0.608,0.143,0
457.1660,0.06775,-0.03878,-0.00125,0.00000,0.00000,0.621,0.143,0
457.2160,0.06818,-0.03902,-0.00155,0.00000,0.00000,0.633,0.143,0
457.2660,0.06859,-0.03925,-0.00184,0.00000,0.00000,0.645,0.142,0
457.3160,0.06895,-0.03946,-0.00213,0.00000,0.00000,0.657,0.141,0
457.3660,0.06928,-0.03964,-0.00242,0.00000,0.00000,0.668,0.140,0
457.4160,0.06956,-0.03981,-0.00270,0.00000,0.00000,0.679,0.139,0
457.4660,0.06981,-0.03996,-0.00298,0.00000,0.00000,0.690,0.138,0
457.5160,0.07003,-0.04009,-0.00326,0.00000,0.00000,0.700,0.136,0
457.5660,0.07020,-0.04021,-0.00353,0.00000,0.00000,0.710,0.134,0
457.6160,0.07034,-0.04030,-0.00381,0.00000,0.00000,0.720,0.132,0
457.6660,0.07043,-0.04036,-0.00408,0.00000,0.00000,0.729,0.129,0
457.7160,0.07047,-0.04038,-0.00434,0.00000,0.00000,0.737,0.126,0
457.7660,0.07047,-0.04037,-0.00461,0.00000,0.00000,0.745,0.123,0
457.8160,0.07042,-0.04034,-0.00487,0.00000,0.00000,0.753,0.120,0
457.8660,0.07032,-0.04027,-0.00513,0.00000,0.00000,0.760,0.117,0
457.9160,0.07017,-0.04016,-0.00538,0.00000,0.00000,0.766,0.113,0
457.9660,0.06996,-0.04001,-0.00564,0.00000,0.00000,0.772,0.110,0
458.0160,0.06971,-0.03983,-0.00589,0.00000,0.00000,0.776,0.106,0
458.0660,0.06940,-0.03960,-0.00615,0.00000,0.00000,0.781,0.102,0
458.1160,0.06903,-0.03933,-0.00640,0.00000,0.00000,0.784,0.097,0
458.1660,0.06861,-0.03903,-0.00665,0.00000,0.00000,0.787,0.093,0
458.2160,0.06813,-0.03868,-0.00690,0.00000,0.00000,0.789,0.088,0
458.2660,0.06759,-0.03829,-0.00715,0.00000,0.00000,0.791,0.083,0
458.3160,0.06699,-0.03787,-0.00740,0.00000,0.00000,0.792,0.078,0
458.3660,0.06635,-0.03741,-0.00765,0.00000,0.00000,0.792,0.073,0
458.4160,0.06564,-0.03690,-0.00789,0.00000,0.00000,0.791,0.068,0
458.4660,0.06485,-0.03634,-0.00814,0.00000,0.00000,0.790,0.063,0
458.5160,0.06401,-0.03573,-0.00839,0.00000,0.00000,0.788,0.057,0
458.5660,0.06309,-0.03507,-0.00864,0.00000,0.00000,0.785,0.051,0
458.6160,0.06210,-0.03434,-0.00889,0.00000,0.00000,0.781,0.045,0
458.6660,0.06103,-0.03355,-0.00913,0.00000,0.00000,0.775,0.040,0
458.7160,0.05990,-0.03272,-0.00938,0.00000,0.00000,0.769,0.034,0
458.7660,0.05869,-0.03183,-0.00962,0.00000,0.00000,0.762,0.028,0
458.8160,0.05740,-0.03088,-0.00987,0.00000,0.00000,0.754,0.021,0
458.8660,0.05604,-0.02988,-0.01011,0.00000,0.00000,0.745,0.015,0
458.9160,0.05461,-0.02883,-0.01035,0.00000,0.00000,0.735,0.009,0
458.9660,0.05311,-0.02773,-0.01059,0.00000,0.00000,0.725,0.003,0
459.0160,0.05153,-0.02658,-0.01082,0.00000,0.00000,0.713,-0.003,0
459.0660,0.04988,-0.02540,-0.01105,0.00000,0.00000,0.701,-0.009,0
459.1160,0.04816,-0.02416,-0.01128,0.00000,0.00000,0.688,-0.016,0
459.1660,0.04637,-0.02288,-0.01150,0.00000,0.00000,0.674,-0.022,0
459.2160,0.04450,-0.02155,-0.01172,0.00000,0.00000,0.659,-0.028,0
459.2660,0.04257,-0.02019,-0.01193,0.00000,0.00000,0.643,-0.034,0
459.3160,0.04056,-0.01878,-0.01213,0.00000,0.00000,0.627,-0.039,0
459.3660,0.03849,-0.01732,-0.01232,0.00000,0.00000,0.610,-0.045,0
459.4160,0.03634,-0.01582,-0.01251,0.00000,0.00000,0.592,-0.050,0
459.4660,0.03413,-0.01428,-0.01268,0.00000,0.00000,0.573,-0.056,0
459.5160,0.03186,-0.01271,-0.01285,0.00000,0.00000,0.553,-0.061,0
459.5660,0.02952,-0.01111,-0.01300,0.00000,0.00000,0.533,-0.065,0
459.6160,0.02714,-0.00950,-0.01314,0.00000,0.00000,0.513,-0.070,0
459.6660,0.02472,-0.00788,-0.01326,0.00000,0.00000,0.493,-0.074,0
459.7160,0.02225,-0.00625,-0.01337,0.00000,0.00000,0.472,-0.078,0
459.7660,0.01974,-0.00461,-0.01347,0.00000,0.00000,0.450,-0.081,0
459.8160,0.01719,-0.00296,-0.01354,0.00000,0.00000,0.429,-0.085,0
459.8660,0.01461,-0.00130,-0.01360,0.00000,0.00000,0.407,-0.087,0
459.9160,0.01199,0.00038,-0.01364,0.00000,0.00000,0.385,-0.090,0
459.9660,0.00936,0.00205,-0.01366,0.00000,0.00000,0.363,-0.092,0
460.0160,0.00671,0.00371,-0.01365,0.00000,0.00000,0.341,-0.093,0
460.0660,0.00405,0.00535,-0.01363,0.00000,0.00000,0.320,-0.095,0
460.1160,0.00139,0.00696,-0.01358,0.00000,0.00000,0.298,-0.095,0
460.1660,-0.00125,0.00853,-0.01350,0.00000,0.00000,0.277,-0.095,0
460.2160,-0.00388,0.01007,-0.01340,0.00000,0.00000,0.256,-0.095,0
460.2660,-0.00648,0.01157,-0.01327,0.00000,0.00000,0.236,-0.095,0
460.3160,-0.00906,0.01304,-0.01312,0.00000,0.00000,0.216,-0.094,0
460.3660,-0.01161,0.01445,-0.01294,0.00000,0.00000,0.197,-0.092,0
460.4160,-0.01410,0.01581,-0.01273,0.00000,0.00000,0.178,-0.090,0
460.4660,-0.01655,0.01712,-0.01250,0.00000,0.00000,0.160,-0.088,0
460.5160,-0.01893,0.01837,-0.01223,0.00000,0.00000,0.143,-0.085,0
460.5660,-0.02125,0.01955,-0.01194,0.00000,0.00000,0.127,-0.082,0
460.6160,-0.02349,0.02066,-0.01161,0.00000,0.00000,0.112,-0.078,0
460.6660,-0.02565,0.02170,-0.01126,0.00000,0.00000,0.097,-0.074,0
460.7160,-0.02771,0.02266,-0.01088,0.00000,0.00000,0.084,-0.070,0
460.7660,-0.02967,0.02352,-0.01047,0.00000,0.00000,0.071,-0.065,0
460.8160,-0.03152,0.02429,-0.01003,0.00000,0.00000,0.060,-0.061,0
460.8660,-0.03325,0.02497,-0.00956,0.00000,0.00000,0.050,-0.056,0
460.9160,-0.03486,0.02555,-0.00907,0.00000,0.00000,0.041,-0.050,0
460.9660,-0.03634,0.02603,-0.00855,0.00000,0.00000,0.033,-0.045,0
461.0160,-0.03768,0.02640,-0.00800,0.00000,0.00000,0.026,-0.040,0
461.0660,-0.03888,0.02666,-0.00743,0.00000,0.00000,0.020,-0.034,0
461.1160,-0.03994,0.02682,-0.00683,0.00000,0.00000,0.015,-0.029,0
461.1660,-0.04086,0.02686,-0.00622,0.00000,0.00000,0.011,-0.024,0
461.2160,-0.04163,0.02680,-0.00558,0.00000,0.00000,0.008,-0.018,0
461.2660,-0.04227,0.02663,-0.00492,0.00000,0.00000,0.006,-0.013,0
461.3160,-0.04277,0.02636,-0.00425,0.00000,0.00000,0.004,-0.008,0
461.3660,-0.04315,0.02599,-0.00356,0.00000,0.00000,0.004,-0.004,0
461.4160,-0.04339,0.02553,-0.00285,0.00000,0.00000,0.004,0.001,0
461.4660,-0.04351,0.02497,-0.00213,0.00000,0.00000,0.005,0.005,0
461.5160,-0.04351,0.02431,-0.00141,0.00000,0.00000,0.006,0.008,0
461.5660,-0.04339,0.02355,-0.00067,0.00000,0.00000,0.008,0.012,0
461.6160,-0.04315,0.02269,0.00007,0.00000,0.00000,0.010,0.015,0
461.6660,-0.04280,0.02174,0.00081,0.00000,0.00000,0.012,0.017,0
461.7160,-0.04235,0.02070,0.00156,0.00000,0.00000,0.015,0.019,0
461.7660,-0.04179,0.01958,0.00230,0.00000,0.00000,0.017,0.021,0
461.8160,-0.04114,0.01838,0.00304,0.00000,0.00000,0.020,0.022,0
461.8660,-0.04039,0.01710,0.00377,0.00000,0.00000,0.022,0.023,0
461.9160,-0.03955,0.01573,0.00449,0.00000,0.00000,0.024,0.023,0
461.9660,-0.03862,0.01431,0.00520,0.00000,0.00000,0.026,0.023,0
462.0160,-0.03761,0.01281,0.00590,0.00000,0.00000,0.028,0.022,0
462.0660,-0.03652,0.01125,0.00658,0.00000,0.00000,0.029,0.021,0
462.1160,-0.03535,0.00964,0.00724,0.00000,0.00000,0.030,0.019,0
462.1660,-0.03411,0.00798,0.00788,0.00000,0.00000,0.031,0.018,0
462.2160,-0.03280,0.00626,0.00849,0.00000,0.00000,0.031,0.015,0
462.2660,-0.03143,0.00451,0.00908,0.00000,0.00000,0.031,0.013,0
462.3160,-0.03000,0.00272,0.00963,0.00000,0.00000,0.030,0.010,0
462.3660,-0.02851,0.00089,0.01016,0.00000,0.00000,0.029,0.007,0
462.4160,-0.02696,-0.00097,0.01065,0.00000,0.00000,0.027,0.004,0
462.4660,-0.02536,-0.00285,0.01111,0.00000,0.00000,0.025,0.001,0
462.5160,-0.02371,-0.00476,0.01153,0.00000,0.00000,0.022,-0.003,0
462.5660,-0.02202,-0.00668,0.01191,0.00000,0.00000,0.019,-0.006,0
462.6160,-0.02029,-0.00860,0.01226,0.00000,0.00000,0.016,-0.010,0
462.6660,-0.01853,-0.01053,0.01256,0.00000,0.00000,0.012,-0.013,0
462.7160,-0.01675,-0.01244,0.01282,0.00000,0.00000,0.008,-0.016,0
462.7660,-0.01495,-0.01433,0.01304,0.00000,0.00000,0.003,-0.020,0
462.8160,-0.01314,-0.01621,0.01322,0.00000,0.00000,-0.001,-0.023,0
462.8660,-0.01132,-0.01806,0.01335,0.00000,0.00000,-0.006,-0.026,0
462.9160,-0.00949,-0.01988,0.01344,0.00000,0.00000,-0.010,-0.029,0
462.9660,-0.00766,-0.02167,0.01349,0.00000,0.00000,-0.015,-0.031,0
463.0160,-0.00585,-0.02342,0.01349,0.00000,0.00000,-0.020,-0.034,0
463.0660,-0.00405,-0.02512,0.01345,0.00000,0.00000,-0.024,-0.036,0
463.1160,-0.00227,-0.02679,0.01337,0.00000,0.00000,-0.028,-0.038,0
463.1660,-0.00052,-0.02840,0.01324,0.00000,0.00000,-0.032,-0.039,0
463.2160,0.00121,-0.02997,0.01307,0.00000,0.00000,-0.036,-0.040,0
463.2660,0.00289,-0.03148,0.01286,0.00000,0.00000,-0.039,-0.041,0
463.3160,0.00454,-0.03294,0.01261,0.00000,0.00000,-0.042,-0.042,0
463.3660,0.00614,-0.03435,0.01232,0.00000,0.00000,-0.045,-0.042,0
463.4160,0.00768,-0.03569,0.01199,0.00000,0.00000,-0.047,-0.042,0
463.4660,0.00916,-0.03697,0.01163,0.00000,0.00000,-0.048,-0.041,0
463.5160,0.01058,-0.03819,0.01123,0.00000,0.00000,-0.049,-0.041,0
463.5660,0.01194,-0.03934,0.01080,0.00000,0.00000,-0.049,-0.040,0
463.6160,0.01322,-0.04043,0.01035,0.00000,0.00000,-0.049,-0.039,0
463.6660,0.01442,-0.04145,0.00986,0.00000,0.00000,-0.048,-0.037,0
463.7160,0.01554,-0.04239,0.00934,0.00000,0.00000,-0.046,-0.035,0
463.7660,0.01658,-0.04328,0.00881,0.00000,0.00000,-0.044,-0.033,0
463.8160,0.01753,-0.04410,0.00825,0.00000,0.00000,-0.041,-0.031,0
463.8660,0.01841,-0.04487,0.00767,0.00000,0.00000,-0.037,-0.029,0
463.9160,0.01919,-0.04558,0.00707,0.00000,0.00000,-0.033,-0.026,0
463.9660,0.01988,-0.04620,0.00647,0.00000,0.00000,-0.029,-0.024,0
464.0160,0.02048,-0.04677,0.00585,0.00000,0.00000,-0.024,-0.021,0
464.0660,0.02099,-0.04726,0.00522,0.00000,0.00000,-0.018,-0.019,0
464.1160,0.02140,-0.04768,0.00459,0.00000,0.00000,-0.012,-0.016,0
464.1660,0.02173,-0.04805,0.00395,0.00000,0.00000,-0.006,-0.013,0
464.2160,0.02197,-0.04833,0.00332,0.00000,0.00000,0.001,-0.011,0
464.2660,0.02211,-0.04854,0.00269,0.00000,0.00000,0.008,-0.008,0
464.3160,0.02218,-0.04869,0.00207,0.00000,0.00000,0.015,-0.006,0
464.3660,0.02218,-0.04878,0.00146,0.00000,0.00000,0.022,-0.004,0
464.4160,0.02210,-0.04881,0.00085,0.00000,0.00000,0.029,-0.001,0
464.4660,0.02195,-0.04878,0.00027,0.00000,0.00000,0.037,0.001,0
464.5160,0.02175,-0.04870,-0.00030,0.00000,0.00000,0.044,0.003,0
464.5660,0.02149,-0.04857,-0.00084,0.00000,0.00000,0.051,0.005,0
464.6160,0.02119,-0.04840,-0.00137,0.00000,0.00000,0.058,0.006,0
464.6660,0.02084,-0.04819,-0.00186,0.00000,0.00000,0.065,0.008,0
464.7160,0.02046,-0.04794,-0.00233,0.00000,0.00000,0.072,0.009,0
464.7660,0.02004,-0.04765,-0.00277,0.00000,0.00000,0.078,0.010,0
464.8160,0.01960,-0.04732,-0.00317,0.00000,0.00000,0.085,0.011,0
464.8660,0.01914,-0.04696,-0.00354,0.00000,0.00000,0.091,0.012,0
464.9160,0.01867,-0.04658,-0.00387,0.00000,0.00000,0.096,0.013,0
464.9660,0.01820,-0.04619,-0.00417,0.00000,0.00000,0.102,0.014,0
465.0160,0.01773,-0.04577,-0.00442,0.00000,0.00000,0.107,0.014,0
465.0660,0.01727,-0.04535,-0.00464,0.00000,0.00000,0.112,0.014,0
465.1160,0.01682,-0.04491,-0.00481,0.00000,0.00000,0.117,0.015,0
465.1660,0.01638,-0.04444,-0.00493,0.00000,0.00000,0.122,0.015,0
465.2160,0.01596,-0.04398,-0.00502,0.00000,0.00000,0.126,0.015,0
465.2660,0.01558,-0.04352,-0.00506,0.00000,0.00000,0.130,0.015,0
465.3160,0.01524,-0.04306,-0.00505,0.00000,0.00000,0.133,0.015,0
465.3660,0.01494,-0.04261,-0.00500,0.00000,0.00000,0.137,0.015,0
465.4160,0.01469,-0.04218,-0.00491,0.00000,0.00000,0.140,0.015,0
465.4660,0.01449,-0.04176,-0.00477,0.00000,0.00000,0.144,0.015,0
465.5160,0.01436,-0.04137,-0.00458,0.00000,0.00000,0.147,0.015,0
465.5660,0.01429,-0.04100,-0.00436,0.00000,0.00000,0.150,0.015,0
465.6160,0.01429,-0.04066,-0.00409,0.00000,0.00000,0.153,0.015,0
465.6660,0.01436,-0.04034,-0.00378,0.00000,0.00000,0.156,0.015,0
465.7160,0.01451,-0.04007,-0.00343,0.00000,0.00000,0.159,0.016,0
465.7660,0.01474,-0.03983,-0.00304,0.00000,0.00000,0.163,0.016,0
465.8160,0.01506,-0.03962,-0.00261,0.00000,0.00000,0.166,0.016,0
465.8660,0.01546,-0.03945,-0.00216,0.00000,0.00000,0.170,0.017,0
465.9160,0.01595,-0.03934,-0.00166,0.00000,0.00000,0.174,0.018,0
465.9660,0.01653,-0.03926,-0.00114,0.00000,0.00000,0.178,0.018,0
466.0160,0.01721,-0.03923,-0.00059,0.00000,0.00000,0.183,0.019,0
466.0660,0.01798,-0.03925,-0.00002,0.00000,0.00000,0.188,0.021,0
466.1160,0.01886,-0.03933,0.00058,0.00000,0.00000,0.193,0.022,0
466.1660,0.01983,-0.03946,0.00119,0.00000,0.00000,0.199,0.024,0
466.2160,0.02090,-0.03966,0.00183,0.00000,0.00000,0.206,0.026,0
466.2660,0.02208,-0.03992,0.00247,0.00000,0.00000,0.213,0.028,0
466.3160,0.02336,-0.04023,0.00313,0.00000,0.00000,0.221,0.030,0
466.3660,0.02474,-0.04060,0.00380,0.00000,0.00000,0.229,0.033,0
466.4160,0.02621,-0.04103,0.00447,0.00000,0.00000,0.238,0.036,0
466.4660,0.02779,-0.04152,0.00514,0.00000,0.00000,0.248,0.039,0
466.5160,0.02947,-0.04209,0.00581,0.00000,0.00000,0.260,0.043,0
466.5660,0.03125,-0.04272,0.00647,0.00000,0.00000,0.272,0.047,0
466.6160,0.03313,-0.04342,0.00713,0.00000,0.00000,0.285,0.052,0
466.6660,0.03510,-0.04418,0.00777,0.00000,0.00000,0.299,0.057,0
466.7160,0.03716,-0.04499,0.00840,0.00000,0.00000,0.314,0.063,0
466.7660,0.03931,-0.04585,0.00902,0.00000,0.00000,0.331,0.069,0
466.8160,0.04153,-0.04676,0.00961,0.00000,0.00000,0.348,0.075,0
466.8660,0.04384,-0.04772,0.01018,0.00000,0.00000,0.367,0.082,0
466.9160,0.04623,-0.04874,0.01072,0.00000,0.00000,0.386,0.089,0
466.9660,0.04869,-0.04981,0.01124,0.00000,0.00000,0.407,0.098,0
467.0160,0.05123,-0.05093,0.01172,0.00000,0.00000,0.430,0.106,0
467.0660,0.05383,-0.05208,0.01217,0.00000,0.00000,0.454,0.115,0
467.1160,0.05649,-0.05327,0.01258,0.00000,0.00000,0.479,0.125,0
467.1660,0.05921,-0.05448,0.01295,0.00000,0.00000,0.505,0.135,0
467.2160,0.06197,-0.05572,0.01329,0.00000,0.00000,0.533,0.145,0
467.2660,0.06478,-0.05698,0.01357,0.00000,0.00000,0.562,0.156,0
467.3160,0.06764,-0.05827,0.01382,0.00000,0.00000,0.592,0.168,0
467.3660,0.07054,-0.05958,0.01402,0.00000,0.00000,0.624,0.180,0
467.4160,0.07348,-0.06092,0.01417,0.00000,0.00000,0.657,0.192,0
467.4660,0.07645,-0.06226,0.01427,0.00000,0.00000,0.691,0.205,0
467.5160,0.07947,-0.06362,0.01432,0.00000,0.00000,0.727,0.218,0
467.5660,0.08256,-0.06498,0.01432,0.00000,0.00000,0.764,0.231,0
467.6160,0.08575,-0.06635,0.01427,0.00000,0.00000,0.802,0.245,0
467.6660,0.08905,-0.06772,0.01416,0.00000,0.00000,0.842,0.259,0
467.7160,0.09250,-0.06908,0.01400,0.00000,0.00000,0.882,0.273,0
467.7660,0.09611,-0.07043,0.01378,0.00000,0.00000,0.924,0.287,0
467.8160,0.09989,-0.07178,0.01351,0.00000,0.00000,0.968,0.301,0
467.8660,0.10386,-0.07311,0.01319,0.00000,0.00000,1.014,0.315,0
467.9160,0.10803,-0.07442,0.01281,0.00000,0.00000,1.063,0.329,0
467.9660,0.11241,-0.07571,0.01237,0.00000,0.00000,1.115,0.344,0
468.0160,0.11700,-0.07696,0.01188,0.00000,0.00000,1.170,0.358,0
468.0660,0.12180,-0.07816,0.01134,0.00000,0.00000,1.230,0.373,0
468.1160,0.12680,-0.07931,0.01074,0.00000,0.00000,1.293,0.388,0
468.1660,0.13201,-0.08040,0.01009,0.00000,0.00000,1.361,0.402,0
468.2160,0.13741,-0.08143,0.00939,0.00000,0.00000,1.433,0.416,0
468.2660,0.14300,-0.08240,0.00864,0.00000,0.00000,1.509,0.430,0
468.3160,0.14878,-0.08331,0.00783,0.00000,0.00000,1.589,0.443,0
468.3660,0.15471,-0.08413,0.00698,0.00000,0.00000,1.674,0.455,0
468.4160,0.16080,-0.08487,0.00609,0.00000,0.00000,1.763,0.466,0
468.4660,0.16702,-0.08554,0.00515,0.00000,0.00000,1.855,0.475,0
468.5160,0.17336,-0.08612,0.00416,0.00000,0.00000,1.951,0.483,0
468.5660,0.17980,-0.08663,0.00314,0.00000,0.00000,2.049,0.489,0
468.6160,0.18631,-0.08703,0.00207,0.00000,0.00000,2.149,0.492,0
468.6660,0.19287,-0.08732,0.00097,0.00000,0.00000,2.250,0.492,0
468.7160,0.19944,-0.08752,-0.00016,0.00000,0.00000,2.351,0.490,0
468.7660,0.20602,-0.08761,-0.00133,0.00000,0.00000,2.450,0.484,0
468.8160,0.21257,-0.08759,-0.00252,0.00000,0.00000,2.546,0.475,0
468.8660,0.21906,-0.08746,-0.00374,0.00000,0.00000,2.638,0.462,0
468.9160,0.22545,-0.08721,-0.00498,0.00000,0.00000,2.725,0.445,0
468.9660,0.23173,-0.08683,-0.00624,0.00000,0.00000,2.805,0.425,0
469.0160,0.23784,-0.08633,-0.00751,0.00000,0.00000,2.877,0.400,0
469.0660,0.24376,-0.08570,-0.00880,0.00000,0.00000,2.938,0.371,0
469.1160,0.24947,-0.08496,-0.01009,0.00000,0.00000,2.988,0.339,0
469.1660,0.25493,-0.08409,-0.01138,0.00000,0.00000,3.025,0.304,0
469.2160,0.26009,-0.08309,-0.01266,0.00000,0.00000,3.050,0.266,0
469.2660,0.26492,-0.08194,-0.01394,0.00000,0.00000,3.061,0.225,0
469.3160,0.26939,-0.08066,-0.01520,0.00000,0.00000,3.056,0.183,0
469.3660,0.27345,-0.07924,-0.01645,0.00000,0.00000,3.035,0.140,0
469.4160,0.27707,-0.07769,-0.01767,0.00000,0.00000,2.998,0.097,0
469.4660,0.28023,-0.07603,-0.01886,0.00000,0.00000,2.946,0.054,0
469.5160,0.28290,-0.07425,-0.02001,0.00000,0.00000,2.881,0.013,0
469.5660,0.28503,-0.07238,-0.02113,0.00000,0.00000,2.805,-0.027,0
469.6160,0.28661,-0.07040,-0.02220,0.00000,0.00000,2.721,-0.063,0
469.6660,0.28759,-0.06833,-0.02322,0.00000,0.00000,2.631,-0.097,0
469.7160,0.28794,-0.06616,-0.02419,0.00000,0.00000,2.536,-0.126,0
469.7660,0.28763,-0.06390,-0.02510,0.00000,0.00000,2.438,-0.152,0
469.8160,0.28663,-0.06156,-0.02596,0.00000,0.00000,2.339,-0.175,0
469.8660,0.28491,-0.05914,-0.02676,0.00000,0.00000,2.241,-0.193,0
469.9160,0.28244,-0.05665,-0.02750,0.00000,0.00000,2.145,-0.209,0
469.9660,0.27920,-0.05411,-0.02818,0.00000,0.00000,2.053,-0.222,0
470.0160,0.27515,-0.05150,-0.02880,0.00000,0.00000,1.965,-0.232,0
470.0660,0.27027,-0.04883,-0.02937,0.00000,0.00000,1.883,-0.241,0
470.1160,0.26452,-0.04611,-0.02987,0.00000,0.00000,1.807,-0.249,0
470.1660,0.25789,-0.04333,-0.03032,0.00000,0.00000,1.736,-0.256,0
470.2160,0.25034,-0.04050,-0.03071,0.00000,0.00000,1.671,-0.262,0
470.2660,0.24186,-0.03764,-0.03104,0.00000,0.00000,1.612,-0.268,0
470.3160,0.23241,-0.03474,-0.03131,0.00000,0.00000,1.558,-0.275,0
470.3660,0.22200,-0.03181,-0.03154,0.00000,0.00000,1.509,-0.282,0
470.4160,0.21073,-0.02885,-0.03171,0.00000,0.00000,1.462,-0.291,0
470.4660,0.19876,-0.02586,-0.03182,0.00000,0.00000,1.416,-0.300,0
470.5160,0.18626,-0.02283,-0.03188,0.00000,0.00000,1.370,-0.310,0
470.5660,0.17336,-0.01976,-0.03189,0.00000,0.00000,1.321,-0.319,0
470.6160,0.16017,-0.01666,-0.03185,0.00000,0.00000,1.269,-0.328,0
470.6660,0.14681,-0.01353,-0.03175,0.00000,0.00000,1.215,-0.336,0
470.7160,0.13335,-0.01039,-0.03160,0.00000,0.00000,1.158,-0.343,0
470.7660,0.11987,-0.00721,-0.03140,0.00000,0.00000,1.099,-0.348,0
470.8160,0.10644,-0.00402,-0.03114,0.00000,0.00000,1.038,-0.351,0
470.8660,0.09312,-0.00083,-0.03084,0.00000,0.00000,0.976,-0.353,0
470.9160,0.07997,0.00236,-0.03048,0.00000,0.00000,0.912,-0.352,0
470.9660,0.06704,0.00556,-0.03007,0.00000,0.00000,0.848,-0.350,0
471.0160,0.05437,0.00872,-0.02961,0.00000,0.00000,0.784,-0.345,0
471.0660,0.04200,0.01186,-0.02910,0.00000,0.00000,0.720,-0.338,0
471.1160,0.02999,0.01495,-0.02854,0.00000,0.00000,0.658,-0.329,0
471.1660,0.01835,0.01799,-0.02794,0.00000,0.00000,0.597,-0.318,0
471.2160,0.00705,0.02097,-0.02729,0.00000,0.00000,0.538,-0.306,0
471.2660,-0.00393,0.02389,-0.02659,0.00000,0.00000,0.484,-0.292,0
471.3160,-0.01464,0.02672,-0.02585,0.00000,0.00000,0.435,-0.278,0
471.3660,-0.02509,0.02946,-0.02508,0.00000,0.00000,0.392,-0.263,0
471.4160,-0.03529,0.03210,-0.02426,0.00000,0.00000,0.358,-0.248,0
471.4660,-0.04527,0.03463,-0.02341,0.00000,0.00000,0.331,-0.234,0
471.5160,-0.05503,0.03705,-0.02252,0.00000,0.00000,0.312,-0.220,0
471.5660,-0.06456,0.03936,-0.02160,0.00000,0.00000,0.301,-0.208,0
471.6160,-0.07386,0.04154,-0.02064,0.00000,0.00000,0.297,-0.198,0
471.6660,-0.08294,0.04360,-0.01966,0.00000,0.00000,0.299,-0.189,0
471.7160,-0.09176,0.04552,-0.01864,0.00000,0.00000,0.308,-0.182,0
471.7660,-0.10034,0.04728,-0.01760,0.00000,0.00000,0.323,-0.177,0
471.8160,-0.10866,0.04890,-0.01653,0.00000,0.00000,0.341,-0.175,0
471.8660,-0.11671,0.05037,-0.01544,0.00000,0.00000,0.363,-0.174,0
471.9160,-0.12450,0.05170,-0.01433,0.00000,0.00000,0.388,-0.175,0
471.9660,-0.13203,0.05287,-0.01320,0.00000,0.00000,0.414,-0.178,0
472.0160,-0.13927,0.05388,-0.01205,0.00000,0.00000,0.443,-0.183,0
472.0660,-0.14624,0.05472,-0.01089,0.00000,0.00000,0.471,-0.190,0
472.1160,-0.15293,0.05542,-0.00971,0.00000,0.00000,0.499,-0.199,0
472.1660,-0.15934,0.05599,-0.00852,0.00000,0.00000,0.527,-0.210,0
472.2160,-0.16548,0.05641,-0.00732,0.00000,0.00000,0.553,-0.221,0
472.2660,-0.17133,0.05668,-0.00611,0.00000,0.00000,0.578,-0.234,0
472.3160,-0.17690,0.05680,-0.00490,0.00000,0.00000,0.603,-0.248,0
472.3660,-0.18218,0.05679,-0.00369,0.00000,0.00000,0.625,-0.263,0
472.4160,-0.18717,0.05665,-0.00248,0.00000,0.00000,0.644,-0.278,0
472.4660,-0.19186,0.05637,-0.00127,0.00000,0.00000,0.661,-0.293,0
472.5160,-0.19626,0.05598,-0.00007,0.00000,0.00000,0.675,-0.309,0
472.5660,-0.20035,0.05545,0.00112,0.00000,0.00000,0.687,-0.324,0
472.6160,-0.20413,0.05480,0.00230,0.00000,0.00000,0.697,-0.339,0
472.6660,-0.20759,0.05403,0.00347,0.00000,0.00000,0.703,-0.352,0
472.7160,-0.21072,0.05314,0.00462,0.00000,0.00000,0.707,-0.365,0
472.7660,-0.21352,0.05213,0.00574,0.00000,0.00000,0.707,-0.375,0
472.8160,-0.21598,0.05103,0.00685,0.00000,0.00000,0.705,-0.384,0
472.8660,-0.21809,0.04983,0.00793,0.00000,0.00000,0.700,-0.391,0
472.9160,-0.21984,0.04852,0.00898,0.00000,0.00000,0.694,-0.396,0
472.9660,-0.22121,0.04711,0.01000,0.00000,0.00000,0.685,-0.398,0
473.0160,-0.22220,0.04560,0.01098,0.00000,0.00000,0.676,-0.397,0
473.0660,-0.22279,0.04401,0.01193,0.00000,0.00000,0.666,-0.394,0
473.1160,-0.22297,0.04233,0.01285,0.00000,0.00000,0.654,-0.389,0
473.1660,-0.22274,0.04057,0.01372,0.00000,0.00000,0.642,-0.381,0
473.2160,-0.22208,0.03875,0.01456,0.00000,0.00000,0.630,-0.371,0
473.2660,-0.22098,0.03687,0.01535,0.00000,0.00000,0.619,-0.359,0
473.3160,-0.21944,0.03492,0.01610,0.00000,0.00000,0.609,-0.346,0
473.3660,-0.21742,0.03291,0.01680,0.00000,0.00000,0.599,-0.331,0
473.4160,-0.21493,0.03085,0.01746,0.00000,0.00000,0.590,-0.316,0
473.4660,-0.21194,0.02872,0.01808,0.00000,0.00000,0.583,-0.300,0
473.5160,-0.20845,0.02655,0.01865,0.00000,0.00000,0.576,-0.283,0
473.5660,-0.20444,0.02433,0.01918,0.00000,0.00000,0.570,-0.268,0
473.6160,-0.19990,0.02205,0.01966,0.00000,0.00000,0.565,-0.253,0
473.6660,-0.19482,0.01974,0.02010,0.00000,0.00000,0.560,-0.240,0
473.7160,-0.18919,0.01741,0.02050,0.00000,0.00000,0.556,-0.229,0
473.7660,-0.18299,0.01504,0.02085,0.00000,0.00000,0.551,-0.220,0
473.8160,-0.17627,0.01265,0.02117,0.00000,0.00000,0.546,-0.215,0
473.8660,-0.16913,0.01022,0.02144,0.00000,0.00000,0.540,-0.213,0
473.9160,-0.16166,0.00778,0.02167,0.00000,0.00000,0.531,-0.214,0
473.9660,-0.15396,0.00534,0.02186,0.00000,0.00000,0.520,-0.216,0
474.0160,-0.14610,0.00287,0.02201,0.00000,0.00000,0.507,-0.221,0
474.0660,-0.13814,0.00041,0.02212,0.00000,0.00000,0.492,-0.227,0
474.1160,-0.13014,-0.00204,0.02219,0.00000,0.00000,0.474,-0.234,0
474.1660,-0.12213,-0.00450,0.02222,0.00000,0.00000,0.455,-0.240,0
474.2160,-0.11416,-0.00695,0.02222,0.00000,0.00000,0.434,-0.247,0
474.2660,-0.10625,-0.00938,0.02218,0.00000,0.00000,0.411,-0.254,0
474.3160,-0.09842,-0.01181,0.02210,0.00000,0.00000,0.387,-0.261,0
474.3660,-0.09071,-0.01421,0.02199,0.00000,0.00000,0.362,-0.267,0
474.4160,-0.08312,-0.01658,0.02185,0.00000,0.00000,0.335,-0.272,0
474.4660,-0.07567,-0.01892,0.02167,0.00000,0.00000,0.308,-0.276,0
474.5160,-0.06837,-0.02125,0.02146,0.00000,0.00000,0.281,-0.280,0
474.5660,-0.06124,-0.02352,0.02121,0.00000,0.00000,0.253,-0.282,0
474.6160,-0.05428,-0.02574,0.02094,0.00000,0.00000,0.226,-0.284,0
474.6660,-0.04751,-0.02790,0.02064,0.00000,0.00000,0.199,-0.284,0
474.7160,-0.04093,-0.02999,0.02030,0.00000,0.00000,0.172,-0.284,0
474.7660,-0.03455,-0.03202,0.01995,0.00000,0.00000,0.146,-0.283,0
474.8160,-0.02835,-0.03401,0.01956,0.00000,0.00000,0.121,-0.280,0
474.8660,-0.02236,-0.03592,0.01915,0.00000,0.00000,0.096,-0.276,0
474.9160,-0.01656,-0.03779,0.01872,0.00000,0.00000,0.073,-0.272,0
474.9660,-0.01097,-0.03958,0.01827,0.00000,0.00000,0.051,-0.266,0
475.0160,-0.00559,-0.04129,0.01779,0.00000,0.00000,0.031,-0.260,0
475.0660,-0.00043,-0.04292,0.01730,0.00000,0.00000,0.012,-0.252,0
475.1160,0.00451,-0.04447,0.01679,0.00000,0.00000,-0.004,-0.244,0
475.1660,0.00924,-0.04594,0.01626,0.00000,0.00000,-0.019,-0.235,0
475.2160,0.01375,-0.04734,0.01573,0.00000,0.00000,-0.032,-0.226,0
475.2660,0.01805,-0.04868,0.01517,0.00000,0.00000,-0.044,-0.215,0
475.3160,0.02213,-0.04995,0.01461,0.00000,0.00000,-0.053,-0.205,0
475.3660,0.02599,-0.05114,0.01404,0.00000,0.00000,-0.060,-0.193,0
475.4160,0.02963,-0.05226,0.01346,0.00000,0.00000,-0.064,-0.181,0
475.4660,0.03306,-0.05333,0.01288,0.00000,0.00000,-0.067,-0.169,0
475.5160,0.03627,-0.05434,0.01229,0.00000,0.00000,-0.067,-0.156,0
475.5660,0.03926,-0.05527,0.01170,0.00000,0.00000,-0.066,-0.143,0
475.6160,0.04205,-0.05616,0.01111,0.00000,0.00000,-0.062,-0.130,0
475.6660,0.04462,-0.05699,0.01051,0.00000,0.00000,-0.056,-0.117,0
475.7160,0.04699,-0.05777,0.00993,0.00000,0.00000,-0.047,-0.103,0
475.7660,0.04916,-0.05849,0.00934,0.00000,0.00000,-0.037,-0.089,0
475.8160,0.05113,-0.05918,0.00876,0.00000,0.00000,-0.025,-0.076,0
475.8660,0.05292,-0.05980,0.00819,0.00000,0.00000,-0.011,-0.062,0
475.9160,0.05453,-0.06037,0.00762,0.00000,0.00000,0.005,-0.049,0
475.9660,0.05598,-0.06089,0.00707,0.00000,0.00000,0.022,-0.035,0
476.0160,0.05728,-0.06136,0.00652,0.00000,0.00000,0.041,-0.022,0
476.0660,0.05845,-0.06180,0.00599,0.00000,0.00000,0.061,-0.010,0
476.1160,0.05950,-0.06219,0.00547,0.00000,0.00000,0.082,0.003,0
476.1660,0.06044,-0.06254,0.00497,0.00000,0.00000,0.104,0.015,0
476.2160,0.06129,-0.06286,0.00448,0.00000,0.00000,0.128,0.027,0
476.2660,0.06206,-0.06315,0.00401,0.00000,0.00000,0.152,0.038,0
476.3160,0.06277,-0.06340,0.00355,0.00000,0.00000,0.177,0.049,0
476.3660,0.06342,-0.06363,0.00311,0.00000,0.00000,0.202,0.059,0
476.4160,0.06403,-0.06383,0.00269,0.00000,0.00000,0.229,0.069,0
476.4660,0.06460,-0.06400,0.00229,0.00000,0.00000,0.255,0.078,0
476.5160,0.06514,-0.06414,0.00191,0.00000,0.00000,0.282,0.087,0
476.5660,0.06568,-0.06427,0.00155,0.00000,0.00000,0.309,0.095,0
476.6160,0.06620,-0.06438,0.00121,0.00000,0.00000,0.336,0.103,0
476.6660,0.06673,-0.06447,0.00089,0.00000,0.00000,0.363,0.111,0
476.7160,0.06725,-0.06454,0.00059,0.00000,0.00000,0.391,0.118,0
476.7660,0.06778,-0.06459,0.00031,0.00000,0.00000,0.418,0.124,0
476.8160,0.06832,-0.06460,0.00005,0.00000,0.00000,0.445,0.130,0
476.8660,0.06887,-0.06459,-0.00019,0.00000,0.00000,0.472,0.136,0
476.9160,0.06944,-0.06456,-0.00041,0.00000,0.00000,0.498,0.141,0
476.9660,0.07003,-0.06451,-0.00061,0.00000,0.00000,0.524,0.146,0
477.0160,0.07065,-0.06446,-0.00079,0.00000,0.00000,0.550,0.150,0
477.0660,0.07130,-0.06440,-0.00096,0.00000,0.00000,0.576,0.155,0
477.1160,0.07199,-0.06433,-0.00110,0.00000,0.00000,0.602,0.159,0
477.1660,0.07270,-0.06425,-0.00123,0.00000,0.00000,0.627,0.162,0
477.2160,0.07344,-0.06415,-0.00134,0.00000,0.00000,0.652,0.166,0
477.2660,0.07422,-0.06405,-0.00143,0.00000,0.00000,0.677,0.169,0
477.3160,0.07502,-0.06394,-0.00151,0.00000,0.00000,0.701,0.172,0
477.3660,0.07585,-0.06380,-0.00158,0.00000,0.00000,0.725,0.175,0
477.4160,0.07672,-0.06365,-0.00163,0.00000,0.00000,0.749,0.177,0
477.4660,0.07761,-0.06349,-0.00167,0.00000,0.00000,0.772,0.180,0
477.5160,0.07852,-0.06332,-0.00170,0.00000,0.00000,0.795,0.182,0
477.5660,0.07947,-0.06312,-0.00172,0.00000,0.00000,0.817,0.185,0
477.6160,0.08044,-0.06292,-0.00172,0.00000,0.00000,0.839,0.187,0
477.6660,0.08144,-0.06273,-0.00172,0.00000,0.00000,0.861,0.189,0
477.7160,0.08247,-0.06253,-0.00172,0.00000,0.00000,0.882,0.191,0
477.7660,0.08354,-0.06233,-0.00171,0.00000,0.00000,0.903,0.193,0
477.8160,0.08462,-0.06213,-0.00169,0.00000,0.00000,0.924,0.195,0
477.8660,0.08574,-0.06194,-0.00167,0.00000,0.00000,0.945,0.196,0
477.9160,0.08687,-0.06173,-0.00164,0.00000,0.00000,0.965,0.198,0
477.9660,0.08803,-0.06151,-0.00162,0.00000,0.00000,0.985,0.200,0
478.0160,0.08919,-0.06128,-0.00159,0.00000,0.00000,1.005,0.202,0
478.0660,0.09038,-0.06105,-0.00157,0.00000,0.00000,1.024,0.203,0
478.1160,0.09158,-0.06081,-0.00154,0.00000,0.00000,1.043,0.205,0
478.1660,0.09279,-0.06057,-0.00152,0.00000,0.00000,1.062,0.206,0
478.2160,0.09401,-0.06033,-0.00151,0.00000,0.00000,1.080,0.208,0
478.2660,0.09524,-0.06007,-0.00149,0.00000,0.00000,1.099,0.210,0
478.3160,0.09648,-0.05982,-0.00149,0.00000,0.00000,1.116,0.211,0
478.3660,0.09772,-0.05955,-0.00149,0.00000,0.00000,1.134,0.212,0
478.4160,0.09897,-0.05928,-0.00149,0.00000,0.00000,1.151,0.214,0
478.4660,0.10025,-0.05900,-0.00151,0.00000,0.00000,1.167,0.215,0
478.5160,0.10155,-0.05871,-0.00153,0.00000,0.00000,1.183,0.216,0
478.5660,0.10290,-0.05842,-0.00156,0.00000,0.00000,1.199,0.217,0
478.6160,0.10429,-0.05811,-0.00161,0.00000,0.00000,1.214,0.218,0
478.6660,0.10573,-0.05781,-0.00166,0.00000,0.00000,1.228,0.219,0
478.7160,0.10722,-0.05749,-0.00172,0.00000,0.00000,1.241,0.219,0
478.7660,0.10877,-0.05716,-0.00180,0.00000,0.00000,1.254,0.220,0
478.8160,0.11038,-0.05682,-0.00189,0.00000,0.00000,1.266,0.220,0
478.8660,0.11205,-0.05646,-0.00199,0.00000,0.00000,1.278,0.220,0
478.9160,0.11377,-0.05610,-0.00210,0.00000,0.00000,1.289,0.220,0
478.9660,0.11556,-0.05571,-0.00222,0.00000,0.00000,1.299,0.220,0
479.0160,0.11739,-0.05531,-0.00236,0.00000,0.00000,1.309,0.219,0
479.0660,0.11928,-0.05490,-0.00250,0.00000,0.00000,1.318,0.219,0
479.1160,0.12122,-0.05447,-0.00266,0.00000,0.00000,1.326,0.218,0
479.1660,0.12319,-0.05402,-0.00284,0.00000,0.00000,1.334,0.217,0
479.2160,0.12521,-0.05355,-0.00302,0.00000,0.00000,1.341,0.215,0
479.2660,0.12726,-0.05306,-0.00321,0.00000,0.00000,1.347,0.214,0
479.3160,0.12933,-0.05255,-0.00342,0.00000,0.00000,1.353,0.212,0
479.3660,0.13141,-0.05202,-0.00364,0.00000,0.00000,1.359,0.210,0
479.4160,0.13350,-0.05147,-0.00386,0.00000,0.00000,1.363,0.208,0
479.4660,0.13560,-0.05091,-0.00410,0.00000,0.00000,1.367,0.206,0
479.5160,0.13768,-0.05034,-0.00434,0.00000,0.00000,1.370,0.203,0
479.5660,0.13975,-0.04975,-0.00460,0.00000,0.00000,1.373,0.200,0
479.6160,0.14179,-0.04915,-0.00486,0.00000,0.00000,1.375,0.197,0
479.6660,0.14380,-0.04854,-0.00512,0.00000,0.00000,1.376,0.193,0
479.7160,0.14576,-0.04792,-0.00540,0.00000,0.00000,1.376,0.189,0
479.7660,0.14766,-0.04729,-0.00568,0.00000,0.00000,1.376,0.185,0
479.8160,0.14949,-0.04666,-0.00596,0.00000,0.00000,1.375,0.180,0
479.8660,0.15123,-0.04602,-0.00625,0.00000,0.00000,1.374,0.175,0
479.9160,0.15289,-0.04537,-0.00654,0.00000,0.00000,1.371,0.170,0
479.9660,0.15444,-0.04472,-0.00683,0.00000,0.00000,1.368,0.164,0
480.0160,0.15588,-0.04408,-0.00712,0.00000,0.00000,1.365,0.158,0
480.0660,0.15718,-0.04342,-0.00742,0.00000,0.00000,1.360,0.152,0
480.1160,0.15833,-0.04277,-0.00771,0.00000,0.00000,1.355,0.145,0
480.1660,0.15932,-0.04211,-0.00800,0.00000,0.00000,1.348,0.137,0
480.2160,0.16014,-0.04145,-0.00829,0.00000,0.00000,1.342,0.130,0
480.2660,0.16077,-0.04080,-0.00858,0.00000,0.00000,1.334,0.122,0
480.3160,0.16121,-0.04016,-0.00887,0.00000,0.00000,1.325,0.113,0
480.3660,0.16144,-0.03954,-0.00915,0.00000,0.00000,1.316,0.105,0
480.4160,0.16144,-0.03891,-0.00942,0.00000,0.00000,1.307,0.096,0
480.4660,0.16119,-0.03830,-0.00969,0.00000,0.00000,1.297,0.086,0
480.5160,0.16068,-0.03769,-0.00996,0.00000,0.00000,1.287,0.077,0
480.5660,0.15989,-0.03709,-0.01022,0.00000,0.00000,1.276,0.067,0
480.6160,0.15882,-0.03652,-0.01047,0.00000,0.00000,1.264,0.057,0
480.6660,0.15745,-0.03595,-0.01071,0.00000,0.00000,1.253,0.047,0
480.7160,0.15575,-0.03539,-0.01094,0.00000,0.00000,1.241,0.036,0
480.7660,0.15373,-0.03486,-0.01117,0.00000,0.00000,1.229,0.026,0
480.8160,0.15135,-0.03436,-0.01138,0.00000,0.00000,1.217,0.015,0
480.8660,0.14862,-0.03386,-0.01159,0.00000,0.00000,1.206,0.005,0
480.9160,0.14551,-0.03341,-0.01179,0.00000,0.00000,1.195,-0.005,0
480.9660,0.14207,-0.03297,-0.01198,0.00000,0.00000,1.185,-0.016,0
481.0160,0.13834,-0.03254,-0.01216,0.00000,0.00000,1.174,-0.026,0
481.0660,0.13436,-0.03213,-0.01234,0.00000,0.00000,1.164,-0.036,0
481.1160,0.13019,-0.03173,-0.01250,0.00000,0.00000,1.152,-0.046,0
481.1660,0.12585,-0.03134,-0.01266,0.00000,0.00000,1.139,-0.055,0
481.2160,0.12139,-0.03096,-0.01280,0.00000,0.00000,1.125,-0.065,0
481.2660,0.11682,-0.03061,-0.01294,0.00000,0.00000,1.110,-0.074,0
481.3160,0.11216,-0.03028,-0.01307,0.00000,0.00000,1.094,-0.083,0
481.3660,0.10744,-0.02996,-0.01319,0.00000,0.00000,1.076,-0.091,0
481.4160,0.10266,-0.02966,-0.01330,0.00000,0.00000,1.058,-0.100,0
481.4660,0.09784,-0.02937,-0.01340,0.00000,0.00000,1.039,-0.107,0
481.5160,0.09298,-0.02908,-0.01349,0.00000,0.00000,1.019,-0.115,0
481.5660,0.08810,-0.02881,-0.01358,0.00000,0.00000,0.997,-0.122,0
481.6160,0.08320,-0.02856,-0.01366,0.00000,0.00000,0.975,-0.129,0
481.6660,0.07829,-0.02831,-0.01373,0.00000,0.00000,0.953,-0.135,0
481.7160,0.07337,-0.02806,-0.01379,0.00000,0.00000,0.929,-0.141,0
481.7660,0.06844,-0.02780,-0.01385,0.00000,0.00000,0.905,-0.146,0
481.8160,0.06351,-0.02755,-0.01390,0.00000,0.00000,0.880,-0.151,0
481.8660,0.05859,-0.02731,-0.01394,0.00000,0.00000,0.854,-0.155,0
481.9160,0.05368,-0.02708,-0.01398,0.00000,0.00000,0.829,-0.159,0
481.9660,0.04879,-0.02684,-0.01401,0.00000,0.00000,0.803,-0.162,0
482.0160,0.04391,-0.02660,-0.01403,0.00000,0.00000,0.776,-0.164,0
482.0660,0.03906,-0.02636,-0.01405,0.00000,0.00000,0.749,-0.166,0
482.1160,0.03423,-0.02612,-0.01406,0.00000,0.00000,0.722,-0.168,0
482.1660,0.02943,-0.02587,-0.01406,0.00000,0.00000,0.695,-0.168,0
482.2160,0.02468,-0.02563,-0.01406,0.00000,0.00000,0.668,-0.169,0
482.2660,0.01995,-0.02537,-0.01405,0.00000,0.00000,0.640,-0.168,0
482.3160,0.01527,-0.02510,-0.01403,0.00000,0.00000,0.612,-0.167,0
482.3660,0.01065,-0.02482,-0.01401,0.00000,0.00000,0.584,-0.166,0
482.4160,0.00607,-0.02452,-0.01398,0.00000,0.00000,0.556,-0.164,0
482.4660,0.00155,-0.02421,-0.01394,0.00000,0.00000,0.527,-0.161,0
482.5160,-0.00291,-0.02387,-0.01390,0.00000,0.00000,0.499,-0.158,0
482.5660,-0.00729,-0.02351,-0.01385,0.00000,0.00000,0.470,-0.154,0
482.6160,-0.01160,-0.02313,-0.01379,0.00000,0.00000,0.441,-0.150,0
482.6660,-0.01583,-0.02271,-0.01372,0.00000,0.00000,0.412,-0.145,0
482.7160,-0.01998,-0.02227,-0.01365,0.00000,0.00000,0.383,-0.139,0
482.7660,-0.02403,-0.02180,-0.01356,0.00000,0.00000,0.354,-0.133,0
482.8160,-0.02797,-0.02130,-0.01347,0.00000,0.00000,0.325,-0.127,0
482.8660,-0.03181,-0.02076,-0.01336,0.00000,0.00000,0.296,-0.120,0
482.9160,-0.03553,-0.02019,-0.01324,0.00000,0.00000,0.266,-0.112,0
482.9660,-0.03912,-0.01959,-0.01312,0.00000,0.00000,0.237,-0.104,0
483.0160,-0.04258,-0.01896,-0.01298,0.00000,0.00000,0.209,-0.095,0
483.0660,-0.04590,-0.01830,-0.01283,0.00000,0.00000,0.180,-0.086,0
483.1160,-0.04907,-0.01760,-0.01267,0.00000,0.00000,0.151,-0.077,0
483.1660,-0.05208,-0.01689,-0.01249,0.00000,0.00000,0.123,-0.067,0
483.2160,-0.05493,-0.01614,-0.01231,0.00000,0.00000,0.096,-0.057,0
483.2660,-0.05762,-0.01535,-0.01210,0.00000,0.00000,0.068,-0.047,0
483.3160,-0.06016,-0.01453,-0.01189,0.00000,0.00000,0.041,-0.036,0
483.3660,-0.06254,-0.01367,-0.01165,0.00000,0.00000,0.015,-0.025,0
483.4160,-0.06478,-0.01279,-0.01141,0.00000,0.00000,-0.011,-0.014,0
483.4660,-0.06688,-0.01187,-0.01114,0.00000,0.00000,-0.036,-0.003,0
483.5160,-0.06885,-0.01093,-0.01086,0.00000,0.00000,-0.059,0.009,0
483.5660,-0.07069,-0.00997,-0.01056,0.00000,0.00000,-0.082,0.020,0
483.6160,-0.07243,-0.00898,-0.01025,0.00000,0.00000,-0.104,0.031,0
483.6660,-0.07406,-0.00795,-0.00992,0.00000,0.00000,-0.125,0.042,0
483.7160,-0.07559,-0.00691,-0.00957,0.00000,0.00000,-0.145,0.053,0
483.7660,-0.07703,-0.00586,-0.00920,0.00000,0.00000,-0.163,0.064,0
483.8160,-0.07839,-0.00478,-0.00881,0.00000,0.00000,-0.180,0.074,0
483.8660,-0.07967,-0.00369,-0.00840,0.00000,0.00000,-0.195,0.084,0
483.9160,-0.08088,-0.00259,-0.00798,0.00000,0.00000,-0.209,0.094,0
483.9660,-0.08203,-0.00148,-0.00753,0.00000,0.00000,-0.222,0.103,0
484.0160,-0.08311,-0.00038,-0.00707,0.00000,0.00000,-0.233,0.112,0
484.0660,-0.08414,0.00073,-0.00658,0.00000,0.00000,-0.243,0.120,0
484.1160,-0.08511,0.00184,-0.00608,0.00000,0.00000,-0.251,0.127,0
484.1660,-0.08602,0.00293,-0.00556,0.00000,0.00000,-0.258,0.135,0
484.2160,-0.08688,0.00403,-0.00502,0.00000,0.00000,-0.264,0.141,0
484.2660,-0.08769,0.00512,-0.00446,0.00000,0.00000,-0.268,0.147,0
484.3160,-0.08845,0.00619,-0.00389,0.00000,0.00000,-0.270,0.152,0
484.3660,-0.08914,0.00724,-0.00329,0.00000,0.00000,-0.271,0.156,0
484.4160,-0.08978,0.00825,-0.00268,0.00000,0.00000,-0.271,0.160,0
484.4660,-0.09035,0.00922,-0.00206,0.00000,0.00000,-0.270,0.163,0
484.5160,-0.09085,0.01016,-0.00142,0.00000,0.00000,-0.267,0.165,0
484.5660,-0.09128,0.01106,-0.00076,0.00000,0.00000,-0.263,0.166,0
484.6160,-0.09165,0.01192,-0.00009,0.00000,0.00000,-0.258,0.167,0
484.6660,-0.09193,0.01273,0.00059,0.00000,0.00000,-0.253,0.166,0
484.7160,-0.09214,0.01349,0.00128,0.00000,0.00000,-0.246,0.165,0
484.7660,-0.09226,0.01420,0.00198,0.00000,0.00000,-0.238,0.163,0
484.8160,-0.09230,0.01486,0.00269,0.00000,0.00000,-0.230,0.160,0
484.8660,-0.09224,0.01546,0.00341,0.00000,0.00000,-0.220,0.157,0
484.9160,-0.09210,0.01600,0.00413,0.00000,0.00000,-0.210,0.152,0
484.9660,-0.09185,0.01648,0.00485,0.00000,0.00000,-0.200,0.147,0
485.0160,-0.09151,0.01691,0.00558,0.00000,0.00000,-0.189,0.140,0
485.0660,-0.09106,0.01727,0.00631,0.00000,0.00000,-0.177,0.133,0
485.1160,-0.09050,0.01755,0.00703,0.00000,0.00000,-0.165,0.126,0
485.1660,-0.08982,0.01775,0.00775,0.00000,0.00000,-0.153,0.117,0
485.2160,-0.08902,0.01787,0.00847,0.00000,0.00000,-0.141,0.108,0
485.2660,-0.08810,0.01791,0.00918,0.00000,0.00000,-0.129,0.098,0
485.3160,-0.08705,0.01786,0.00987,0.00000,0.00000,-0.117,0.088,0
485.3660,-0.08587,0.01773,0.01056,0.00000,0.00000,-0.105,0.077,0
485.4160,-0.08457,0.01753,0.01123,0.00000,0.00000,-0.094,0.065,0
485.4660,-0.08313,0.01724,0.01189,0.00000,0.00000,-0.083,0.053,0
485.5160,-0.08156,0.01687,0.01252,0.00000,0.00000,-0.073,0.041,0
485.5660,-0.07986,0.01642,0.01314,0.00000,0.00000,-0.063,0.028,0
485.6160,-0.07803,0.01588,0.01374,0.00000,0.00000,-0.053,0.015,0
485.6660,-0.07606,0.01527,0.01431,0.00000,0.00000,-0.045,0.002,0
485.7160,-0.07396,0.01457,0.01487,0.00000,0.00000,-0.037,-0.012,0
485.7660,-0.07173,0.01381,0.01539,0.00000,0.00000,-0.029,-0.025,0
485.8160,-0.06939,0.01298,0.01589,0.00000,0.00000,-0.023,-0.038,0
485.8660,-0.06691,0.01208,0.01636,0.00000,0.00000,-0.017,-0.052,0
485.9160,-0.06431,0.01112,0.01680,0.00000,0.00000,-0.012,-0.065,0
485.9660,-0.06160,0.01009,0.01721,0.00000,0.00000,-0.008,-0.078,0
486.0160,-0.05877,0.00901,0.01759,0.00000,0.00000,-0.005,-0.090,0
486.0660,-0.05584,0.00788,0.01794,0.00000,0.00000,-0.003,-0.102,0
486.1160,-0.05280,0.00669,0.01825,0.00000,0.00000,-0.001,-0.114,0
486.1660,-0.04966,0.00544,0.01853,0.00000,0.00000,-0.000,-0.125,0
486.2160,-0.04643,0.00417,0.01878,0.00000,0.00000,-0.000,-0.135,0
486.2660,-0.04312,0.00285,0.01899,0.00000,0.00000,-0.001,-0.145,0
486.3160,-0.03972,0.00150,0.01917,0.00000,0.00000,-0.002,-0.155,0
486.3660,-0.03625,0.00011,0.01932,0.00000,0.00000,-0.004,-0.163,0
486.4160,-0.03272,-0.00131,0.01943,0.00000,0.00000,-0.007,-0.171,0
486.4660,-0.02912,-0.00275,0.01951,0.00000,0.00000,-0.010,-0.177,0
486.5160,-0.02546,-0.00423,0.01955,0.00000,0.00000,-0.014,-0.183,0
486.5660,-0.02176,-0.00574,0.01956,0.00000,0.00000,-0.018,-0.188,0
486.6160,-0.01802,-0.00725,0.01953,0.00000,0.00000,-0.022,-0.192,0
486.6660,-0.01426,-0.00876,0.01947,0.00000,0.00000,-0.027,-0.195,0
486.7160,-0.01049,-0.01027,0.01938,0.00000,0.00000,-0.031,-0.197,0
486.7660,-0.00670,-0.01179,0.01926,0.00000,0.00000,-0.036,-0.198,0
486.8160,-0.00291,-0.01331,0.01911,0.00000,0.00000,-0.041,-0.198,0
486.8660,0.00086,-0.01481,0.01892,0.00000,0.00000,-0.045,-0.197,0
486.9160,0.00461,-0.01629,0.01871,0.00000,0.00000,-0.049,-0.196,0
486.9660,0.00832,-0.01774,0.01847,0.00000,0.00000,-0.053,-0.193,0
487.0160,0.01199,-0.01917,0.01820,0.00000,0.00000,-0.056,-0.189,0
487.0660,0.01561,-0.02057,0.01790,0.00000,0.00000,-0.059,-0.185,0
487.1160,0.01918,-0.02196,0.01758,0.00000,0.00000,-0.061,-0.179,0
487.1660,0.02267,-0.02331,0.01724,0.00000,0.00000,-0.062,-0.173,0
487.2160,0.02609,-0.02462,0.01687,0.00000,0.00000,-0.063,-0.166,0
487.2660,0.02942,-0.02590,0.01649,0.00000,0.00000,-0.063,-0.158,0
487.3160,0.03265,-0.02713,0.01608,0.00000,0.00000,-0.061,-0.150,0
487.3660,0.03578,-0.02832,0.01565,0.00000,0.00000,-0.059,-0.141,0
487.4160,0.03880,-0.02947,0.01521,0.00000,0.00000,-0.056,-0.131,0
487.4660,0.04169,-0.03057,0.01475,0.00000,0.00000,-0.051,-0.120,0
487.5160,0.04446,-0.03162,0.01428,0.00000,0.00000,-0.045,-0.109,0
487.5660,0.04710,-0.03264,0.01379,0.00000,0.00000,-0.039,-0.098,0
487.6160,0.04960,-0.03360,0.01330,0.00000,0.00000,-0.031,-0.086,0
487.6660,0.05197,-0.03450,0.01279,0.00000,0.00000,-0.021,-0.073,0
487.7160,0.05420,-0.03537,0.01228,0.00000,0.00000,-0.011,-0.061,0
487.7660,0.05630,-0.03619,0.01176,0.00000,0.00000,0.001,-0.048,0
487.8160,0.05827,-0.03696,0.01124,0.00000,0.00000,0.014,-0.035,0
487.8660,0.06012,-0.03768,0.01072,0.00000,0.00000,0.029,-0.021,0
487.9160,0.06185,-0.03834,0.01019,0.00000,0.00000,0.044,-0.008,0
487.9660,0.06348,-0.03895,0.00967,0.00000,0.00000,0.061,0.006,0
488.0160,0.06502,-0.03951,0.00914,0.00000,0.00000,0.078,0.019,0
488.0660,0.06647,-0.04002,0.00862,0.00000,0.00000,0.097,0.032,0
488.1160,0.06784,-0.04049,0.00811,0.00000,0.00000,0.116,0.045,0
488.1660,0.06915,-0.04089,0.00760,0.00000,0.00000,0.136,0.058,0
488.2160,0.07039,-0.04124,0.00709,0.00000,0.00000,0.157,0.071,0
488.2660,0.07158,-0.04155,0.00660,0.00000,0.00000,0.178,0.083,0
488.3160,0.07274,-0.04180,0.00611,0.00000,0.00000,0.200,0.095,0
488.3660,0.07386,-0.04201,0.00564,0.00000,0.00000,0.223,0.106,0
488.4160,0.07496,-0.04219,0.00518,0.00000,0.00000,0.245,0.117,0
488.4660,0.07605,-0.04232,0.00472,0.00000,0.00000,0.268,0.128,0
488.5160,0.07713,-0.04242,0.00429,0.00000,0.00000,0.291,0.138,0
488.5660,0.07820,-0.04249,0.00386,0.00000,0.00000,0.315,0.148,0
488.6160,0.07927,-0.04251,0.00345,0.00000,0.00000,0.339,0.157,0
488.6660,0.08034,-0.04250,0.00305,0.00000,0.00000,0.362,0.166,0
488.7160,0.08141,-0.04245,0.00267,0.00000,0.00000,0.386,0.174,0
488.7660,0.08249,-0.04237,0.00230,0.00000,0.00000,0.409,0.182,0
488.8160,0.08358,-0.04225,0.00195,0.00000,0.00000,0.432,0.189,0
488.8660,0.08468,-0.04210,0.00162,0.00000,0.00000,0.455,0.196,0
488.9160,0.08580,-0.04194,0.00129,0.00000,0.00000,0.478,0.202,0
488.9660,0.08693,-0.04174,0.00099,0.00000,0.00000,0.500,0.208,0
489.0160,0.08808,-0.04154,0.00070,0.00000,0.00000,0.522,0.214,0
489.0660,0.08925,-0.04131,0.00042,0.00000,0.00000,0.544,0.219,0
489.1160,0.09043,-0.04107,0.00016,0.00000,0.00000,0.565,0.224,0
489.1660,0.09163,-0.04083,-0.00008,0.00000,0.00000,0.586,0.229,0
489.2160,0.09285,-0.04058,-0.00031,0.00000,0.00000,0.607,0.233,0
489.2660,0.09409,-0.04033,-0.00053,0.00000,0.00000,0.627,0.237,0
489.3160,0.09534,-0.04008,-0.00074,0.00000,0.00000,0.647,0.240,0
489.3660,0.09660,-0.03983,-0.00093,0.00000,0.00000,0.667,0.243,0
489.4160,0.09788,-0.03958,-0.00112,0.00000,0.00000,0.686,0.246,0
489.4660,0.09920,-0.03933,-0.00129,0.00000,0.00000,0.704,0.249,0
489.5160,0.10055,-0.03908,-0.00145,0.00000,0.00000,0.722,0.251,0
489.5660,0.10196,-0.03884,-0.00160,0.00000,0.00000,0.740,0.253,0
489.6160,0.10342,-0.03861,-0.00175,0.00000,0.00000,0.756,0.255,0
489.6660,0.10495,-0.03839,-0.00189,0.00000,0.00000,0.773,0.257,0
489.7160,0.10656,-0.03820,-0.00202,0.00000,0.00000,0.788,0.258,0
489.7660,0.10825,-0.03804,-0.00215,0.00000,0.00000,0.803,0.259,0
489.8160,0.11002,-0.03790,-0.00227,0.00000,0.00000,0.818,0.260,0
489.8660,0.11188,-0.03778,-0.00239,0.00000,0.00000,0.832,0.261,0
489.9160,0.11384,-0.03769,-0.00251,0.00000,0.00000,0.846,0.261,0
489.9660,0.11588,-0.03763,-0.00263,0.00000,0.00000,0.860,0.262,0
490.0160,0.11802,-0.03761,-0.00274,0.00000,0.00000,0.874,0.262,0
490.0660,0.12026,-0.03762,-0.00286,0.00000,0.00000,0.888,0.262,0
490.1160,0.12258,-0.03767,-0.00298,0.00000,0.00000,0.901,0.262,0
490.1660,0.12499,-0.03775,-0.00310,0.00000,0.00000,0.916,0.262,0
490.2160,0.12748,-0.03785,-0.00322,0.00000,0.00000,0.930,0.262,0
490.2660,0.13005,-0.03800,-0.00335,0.00000,0.00000,0.944,0.263,0
490.3160,0.13270,-0.03817,-0.00348,0.00000,0.00000,0.959,0.263,0
490.3660,0.13540,-0.03837,-0.00362,0.00000,0.00000,0.974,0.263,0
490.4160,0.13817,-0.03861,-0.00376,0.00000,0.00000,0.990,0.263,0
490.4660,0.14099,-0.03887,-0.00391,0.00000,0.00000,1.006,0.263,0
490.5160,0.14384,-0.03916,-0.00406,0.00000,0.00000,1.023,0.263,0
490.5660,0.14673,-0.03948,-0.00423,0.00000,0.00000,1.040,0.263,0
490.6160,0.14964,-0.03983,-0.00440,0.00000,0.00000,1.057,0.263,0
490.6660,0.15256,-0.04021,-0.00457,0.00000,0.00000,1.075,0.263,0
490.7160,0.15547,-0.04061,-0.00476,0.00000,0.00000,1.094,0.263,0
490.7660,0.15838,-0.04103,-0.00495,0.00000,0.00000,1.112,0.262,0
490.8160,0.16126,-0.04148,-0.00516,0.00000,0.00000,1.132,0.262,0
490.8660,0.16411,-0.04197,-0.00536,0.00000,0.00000,1.151,0.261,0
490.9160,0.16692,-0.04247,-0.00558,0.00000,0.00000,1.172,0.260,0
490.9660,0.16966,-0.04299,-0.00581,0.00000,0.00000,1.192,0.258,0
491.0160,0.17232,-0.04354,-0.00604,0.00000,0.00000,1.212,0.256,0
491.0660,0.17490,-0.04410,-0.00628,0.00000,0.00000,1.233,0.253,0
491.1160,0.17738,-0.04467,-0.00653,0.00000,0.00000,1.253,0.250,0
491.1660,0.17974,-0.04526,-0.00678,0.00000,0.00000,1.272,0.247,0
491.2160,0.18196,-0.04585,-0.00704,0.00000,0.00000,1.292,0.242,0
491.2660,0.18405,-0.04646,-0.00731,0.00000,0.00000,1.310,0.238,0
491.3160,0.18597,-0.04707,-0.00758,0.00000,0.00000,1.327,0.232,0
491.3660,0.18771,-0.04768,-0.00785,0.00000,0.00000,1.343,0.226,0
491.4160,0.18927,-0.04829,-0.00813,0.00000,0.00000,1.358,0.219,0
491.4660,0.19062,-0.04890,-0.00841,0.00000,0.00000,1.371,0.212,0
491.5160,0.19174,-0.04951,-0.00869,0.00000,0.00000,1.383,0.203,0
491.5660,0.19263,-0.05010,-0.00898,0.00000,0.00000,1.393,0.195,0
491.6160,0.19327,-0.05070,-0.00926,0.00000,0.00000,1.401,0.185,0
491.6660,0.19365,-0.05127,-0.00954,0.00000,0.00000,1.407,0.175,0
491.7160,0.19373,-0.05182,-0.00982,0.00000,0.00000,1.410,0.165,0
491.7660,0.19353,-0.05235,-0.01010,0.00000,0.00000,1.412,0.153,0
491.8160,0.19301,-0.05286,-0.01037,0.00000,0.00000,1.411,0.142,0
491.8660,0.19216,-0.05335,-0.01064,0.00000,0.00000,1.409,0.130,0
491.9160,0.19096,-0.05379,-0.01091,0.00000,0.00000,1.404,0.118,0
491.9660,0.18941,-0.05420,-0.01116,0.00000,0.00000,1.398,0.105,0
492.0160,0.18749,-0.05459,-0.01141,0.00000,0.00000,1.390,0.092,0
492.0660,0.18519,-0.05494,-0.01165,0.00000,0.00000,1.380,0.079,0
492.1160,0.18251,-0.05528,-0.01188,0.00000,0.00000,1.370,0.066,0
492.1660,0.17941,-0.05558,-0.01210,0.00000,0.00000,1.360,0.054,0
492.2160,0.17591,-0.05584,-0.01231,0.00000,0.00000,1.350,0.041,0
492.2660,0.17197,-0.05607,-0.01252,0.00000,0.00000,1.341,0.028,0
492.3160,0.16761,-0.05626,-0.01270,0.00000,0.00000,1.332,0.015,0
492.3660,0.16280,-0.05642,-0.01288,0.00000,0.00000,1.325,0.003,0
492.4160,0.15762,-0.05653,-0.01305,0.00000,0.00000,1.320,-0.009,0
492.4660,0.15215,-0.05659,-0.01320,0.00000,0.00000,1.316,-0.021,0
492.5160,0.14647,-0.05659,-0.01334,0.00000,0.00000,1.312,-0.032,0
492.5660,0.14061,-0.05654,-0.01347,0.00000,0.00000,1.306,-0.043,0
492.6160,0.13464,-0.05641,-0.01358,0.00000,0.00000,1.300,-0.053,0
492.6660,0.12858,-0.05621,-0.01368,0.00000,0.00000,1.291,-0.063,0
492.7160,0.12248,-0.05595,-0.01377,0.00000,0.00000,1.280,-0.073,0
492.7660,0.11636,-0.05560,-0.01385,0.00000,0.00000,1.267,-0.082,0
492.8160,0.11025,-0.05519,-0.01391,0.00000,0.00000,1.252,-0.091,0
492.8660,0.10417,-0.05472,-0.01396,0.00000,0.00000,1.236,-0.099,0
492.9160,0.09814,-0.05418,-0.01399,0.00000,0.00000,1.217,-0.107,0
492.9660,0.09217,-0.05357,-0.01402,0.00000,0.00000,1.196,-0.114,0
493.0160,0.08627,-0.05289,-0.01403,0.00000,0.00000,1.174,-0.121,0
493.0660,0.08045,-0.05214,-0.01403,0.00000,0.00000,1.150,-0.127,0
493.1160,0.07472,-0.05132,-0.01401,0.00000,0.00000,1.124,-0.133,0
493.1660,0.06908,-0.05043,-0.01399,0.00000,0.00000,1.097,-0.138,0
493.2160,0.06354,-0.04947,-0.01395,0.00000,0.00000,1.069,-0.142,0
493.2660,0.05810,-0.04844,-0.01391,0.00000,0.00000,1.039,-0.146,0
493.3160,0.05277,-0.04734,-0.01385,0.00000,0.00000,1.008,-0.149,0
493.3660,0.04755,-0.04619,-0.01379,0.00000,0.00000,0.976,-0.152,0
493.4160,0.04244,-0.04497,-0.01371,0.00000,0.00000,0.943,-0.154,0
493.4660,0.03745,-0.04370,-0.01363,0.00000,0.00000,0.910,-0.155,0
493.5160,0.03258,-0.04238,-0.01354,0.00000,0.00000,0.876,-0.156,0
493.5660,0.02783,-0.04100,-0.01344,0.00000,0.00000,0.841,-0.156,0
493.6160,0.02319,-0.03957,-0.01333,0.00000,0.00000,0.807,-0.156,0
493.6660,0.01867,-0.03809,-0.01322,0.00000,0.00000,0.771,-0.155,0
493.7160,0.01427,-0.03657,-0.01310,0.00000,0.00000,0.736,-0.154,0
493.7660,0.00998,-0.03500,-0.01298,0.00000,0.00000,0.700,-0.152,0
493.8160,0.00581,-0.03338,-0.01285,0.00000,0.00000,0.664,-0.149,0
493.8660,0.00177,-0.03173,-0.01272,0.00000,0.00000,0.628,-0.147,0
493.9160,-0.00216,-0.03005,-0.01258,0.00000,0.00000,0.592,-0.143,0
493.9660,-0.00598,-0.02834,-0.01244,0.00000,0.00000,0.556,-0.139,0
494.0160,-0.00967,-0.02660,-0.01229,0.00000,0.00000,0.521,-0.135,0
494.0660,-0.01326,-0.02482,-0.01214,0.00000,0.00000,0.485,-0.131,0
494.1160,-0.01672,-0.02303,-0.01199,0.00000,0.00000,0.450,-0.126,0
494.1660,-0.02007,-0.02122,-0.01184,0.00000,0.00000,0.415,-0.120,0
494.2160,-0.02329,-0.01942,-0.01168,0.00000,0.00000,0.381,-0.115,0
494.2660,-0.02639,-0.01760,-0.01152,0.00000,0.00000,0.348,-0.109,0
494.3160,-0.02938,-0.01579,-0.01136,0.00000,0.00000,0.316,-0.102,0
494.3660,-0.03224,-0.01399,-0.01119,0.00000,0.00000,0.284,-0.096,0
494.4160,-0.03499,-0.01219,-0.01102,0.00000,0.00000,0.253,-0.089,0
494.4660,-0.03761,-0.01039,-0.01085,0.00000,0.00000,0.222,-0.082,0
494.5160,-0.04011,-0.00861,-0.01068,0.00000,0.00000,0.193,-0.074,0
494.5660,-0.04249,-0.00687,-0.01050,0.00000,0.00000,0.165,-0.067,0
494.6160,-0.04474,-0.00515,-0.01033,0.00000,0.00000,0.137,-0.059,0
494.6660,-0.04687,-0.00345,-0.01014,0.00000,0.00000,0.111,-0.051,0
494.7160,-0.04889,-0.00178,-0.00996,0.00000,0.00000,0.086,-0.043,0
494.7660,-0.05079,-0.00014,-0.00977,0.00000,0.00000,0.062,-0.035,0
494.8160,-0.05259,0.00148,-0.00957,0.00000,0.00000,0.039,-0.026,0
494.8660,-0.05429,0.00305,-0.00938,0.00000,0.00000,0.018,-0.018,0
494.9160,-0.05590,0.00457,-0.00917,0.00000,0.00000,-0.002,-0.009,0
494.9660,-0.05742,0.00606,-0.00896,0.00000,0.00000,-0.020,-0.001,0
495.0160,-0.05886,0.00749,-0.00875,0.00000,0.00000,-0.037,0.008,0
495.0660,-0.06023,0.00886,-0.00853,0.00000,0.00000,-0.053,0.016,0
495.1160,-0.06154,0.01018,-0.00830,0.00000,0.00000,-0.067,0.024,0
495.1660,-0.06279,0.01145,-0.00806,0.00000,0.00000,-0.079,0.033,0
495.2160,-0.06400,0.01266,-0.00782,0.00000,0.00000,-0.090,0.041,0
495.2660,-0.06517,0.01381,-0.00757,0.00000,0.00000,-0.100,0.048,0
495.3160,-0.06630,0.01490,-0.00730,0.00000,0.00000,-0.108,0.056,0
495.3660,-0.06741,0.01593,-0.00703,0.00000,0.00000,-0.114,0.064,0
495.4160,-0.06849,0.01689,-0.00675,0.00000,0.00000,-0.119,0.071,0
495.4660,-0.06954,0.01779,-0.00646,0.00000,0.00000,-0.123,0.078,0
495.5160,-0.07059,0.01863,-0.00615,0.00000,0.00000,-0.125,0.085,0
495.5660,-0.07161,0.01940,-0.00583,0.00000,0.00000,-0.127,0.091,0
495.6160,-0.07261,0.02009,-0.00550,0.00000,0.00000,-0.127,0.097,0
495.6660,-0.07360,0.02071,-0.00516,0.00000,0.00000,-0.125,0.103,0
495.7160,-0.07457,0.02127,-0.00481,0.00000,0.00000,-0.123,0.108,0
495.7660,-0.07553,0.02178,-0.00444,0.00000,0.00000,-0.120,0.113,0
495.8160,-0.07647,0.02222,-0.00405,0.00000,0.00000,-0.116,0.118,0
495.8660,-0.07740,0.02261,-0.00366,0.00000,0.00000,-0.111,0.122,0
495.9160,-0.07831,0.02293,-0.00325,0.00000,0.00000,-0.105,0.126,0
495.9660,-0.07920,0.02319,-0.00282,0.00000,0.00000,-0.098,0.129,0
496.0160,-0.08006,0.02339,-0.00238,0.00000,0.00000,-0.091,0.132,0
496.0660,-0.08089,0.02352,-0.00192,0.00000,0.00000,-0.082,0.134,0
496.1160,-0.08168,0.02359,-0.00145,0.00000,0.00000,-0.074,0.136,0
496.1660,-0.08243,0.02360,-0.00097,0.00000,0.00000,-0.065,0.138,0
496.2160,-0.08313,0.02355,-0.00047,0.00000,0.00000,-0.056,0.138,0
496.2660,-0.08378,0.02344,0.00004,0.00000,0.00000,-0.046,0.138,0
496.3160,-0.08438,0.02328,0.00056,0.00000,0.00000,-0.036,0.138,0
496.3660,-0.08492,0.02308,0.00110,0.00000,0.00000,-0.026,0.137,0
496.4160,-0.08539,0.02282,0.00165,0.00000,0.00000,-0.016,0.135,0
496.4660,-0.08579,0.02252,0.00221,0.00000,0.00000,-0.006,0.133,0
496.5160,-0.08610,0.02216,0.00278,0.00000,0.00000,0.004,0.130,0
496.5660,-0.08633,0.02175,0.00336,0.00000,0.00000,0.014,0.126,0
496.6160,-0.08647,0.02131,0.00395,0.00000,0.00000,0.024,0.122,0
496.6660,-0.08652,0.02082,0.00455,0.00000,0.00000,0.034,0.117,0
496.7160,-0.08646,0.02029,0.00516,0.00000,0.00000,0.043,0.111,0
496.7660,-0.08629,0.01972,0.00576,0.00000,0.00000,0.051,0.105,0
496.8160,-0.08601,0.01912,0.00638,0.00000,0.00000,0.060,0.098,0
496.8660,-0.08561,0.01849,0.00699,0.00000,0.00000,0.068,0.091,0
496.9160,-0.08510,0.01783,0.00761,0.00000,0.00000,0.075,0.083,0
496.9660,-0.08446,0.01716,0.00823,0.00000,0.00000,0.082,0.074,0
497.0160,-0.08369,0.01645,0.00885,0.00000,0.00000,0.089,0.065,0
497.0660,-0.08278,0.01572,0.00946,0.00000,0.00000,0.095,0.055,0
497.1160,-0.08173,0.01495,0.01007,0.00000,0.00000,0.100,0.045,0
497.1660,-0.08054,0.01417,0.01067,0.00000,0.00000,0.105,0.035,0
497.2160,-0.07920,0.01338,0.01126,0.00000,0.00000,0.109,0.024,0
497.2660,-0.07773,0.01257,0.01184,0.00000,0.00000,0.112,0.013,0
497.3160,-0.07610,0.01175,0.01242,0.00000,0.00000,0.115,0.001,0
497.3660,-0.07432,0.01090,0.01298,0.00000,0.00000,0.117,-0.011,0
497.4160,-0.07238,0.01003,0.01353,0.00000,0.00000,0.118,-0.023,0
497.4660,-0.07029,0.00915,0.01406,0.00000,0.00000,0.119,-0.035,0
497.5160,-0.06805,0.00826,0.01457,0.00000,0.00000,0.118,-0.047,0
497.5660,-0.06566,0.00736,0.01507,0.00000,0.00000,0.118,-0.059,0
497.6160,-0.06312,0.00645,0.01555,0.00000,0.00000,0.116,-0.071,0
497.6660,-0.06042,0.00552,0.01601,0.00000,0.00000,0.114,-0.082,0
497.7160,-0.05757,0.00457,0.01645,0.00000,0.00000,0.111,-0.094,0
497.7660,-0.05459,0.00362,0.01687,0.00000,0.00000,0.108,-0.105,0
497.8160,-0.05146,0.00268,0.01727,0.00000,0.00000,0.104,-0.116,0
497.8660,-0.04821,0.00173,0.01764,0.00000,0.00000,0.100,-0.126,0
497.9160,-0.04482,0.00077,0.01798,0.00000,0.00000,0.095,-0.136,0
497.9660,-0.04131,-0.00018,0.01831,0.00000,0.00000,0.090,-0.145,0
498.0160,-0.03768,-0.00114,0.01860,0.00000,0.00000,0.085,-0.154,0
498.0660,-0.03394,-0.00210,0.01887,0.00000,0.00000,0.079,-0.162,0
498.1160,-0.03009,-0.00306,0.01911,0.00000,0.00000,0.073,-0.169,0
498.1660,-0.02616,-0.00403,0.01933,0.00000,0.00000,0.066,-0.175,0
498.2160,-0.02212,-0.00501,0.01952,0.00000,0.00000,0.060,-0.181,0
498.2660,-0.01800,-0.00600,0.01968,0.00000,0.00000,0.053,-0.185,0
498.3160,-0.01382,-0.00698,0.01981,0.00000,0.00000,0.046,-0.189,0
498.3660,-0.00958,-0.00796,0.01991,0.00000,0.00000,0.040,-0.191,0
498.4160,-0.00530,-0.00894,0.01999,0.00000,0.00000,0.033,-0.193,0
498.4660,-0.00097,-0.00993,0.02003,0.00000,0.00000,0.027,-0.194,0
498.5160,0.00338,-0.01092,0.02005,0.00000,0.00000,0.020,-0.193,0
498.5660,0.00775,-0.01192,0.02004,0.00000,0.00000,0.014,-0.191,0
498.6160,0.01212,-0.01291,0.02001,0.00000,0.00000,0.009,-0.189,0
498.6660,0.01648,-0.01391,0.01994,0.00000,0.00000,0.004,-0.185,0
498.7160,0.02081,-0.01491,0.01985,0.00000,0.00000,-0.001,-0.180,0
498.7660,0.02511,-0.01592,0.01974,0.00000,0.00000,-0.005,-0.174,0
498.8160,0.02935,-0.01692,0.01960,0.00000,0.00000,-0.009,-0.167,0
498.8660,0.03352,-0.01792,0.01943,0.00000,0.00000,-0.012,-0.159,0
498.9160,0.03761,-0.01892,0.01924,0.00000,0.00000,-0.013,-0.150,0
498.9660,0.04161,-0.01992,0.01902,0.00000,0.00000,-0.014,-0.140,0
499.0160,0.04551,-0.02093,0.01879,0.00000,0.00000,-0.014,-0.129,0
499.0660,0.04928,-0.02195,0.01853,0.00000,0.00000,-0.014,-0.117,0
499.1160,0.05292,-0.02298,0.01824,0.00000,0.00000,-0.012,-0.104,0
499.1660,0.05642,-0.02400,0.01794,0.00000,0.00000,-0.008,-0.090,0
499.2160,0.05977,-0.02504,0.01762,0.00000,0.00000,-0.004,-0.076,0
499.2660,0.06297,-0.02609,0.01728,0.00000,0.00000,0.002,-0.060,0
499.3160,0.06603,-0.02716,0.01693,0.00000,0.00000,0.009,-0.044,0
499.3660,0.06895,-0.02825,0.01656,0.00000,0.00000,0.018,-0.027,0
499.4160,0.07173,-0.02935,0.01617,0.00000,0.00000,0.028,-0.009,0
499.4660,0.07437,-0.03045,0.01577,0.00000,0.00000,0.039,0.009,0
499.5160,0.07689,-0.03157,0.01535,0.00000,0.00000,0.053,0.027,0
499.5660,0.07930,-0.03270,0.01493,0.00000,0.00000,0.067,0.045,0
499.6160,0.08160,-0.03384,0.01449,0.00000,0.00000,0.084,0.064,0
499.6660,0.08381,-0.03500,0.01405,0.00000,0.00000,0.101,0.083,0
499.7160,0.08595,-0.03618,0.01359,0.00000,0.00000,0.121,0.102,0
499.7660,0.08803,-0.03737,0.01313,0.00000,0.00000,0.141,0.121,0
499.8160,0.09007,-0.03856,0.01266,0.00000,0.00000,0.164,0.139,0
499.8660,0.09210,-0.03978,0.01218,0.00000,0.00000,0.188,0.158,0
499.9160,0.09413,-0.04100,0.01170,0.00000,0.00000,0.213,0.176,0
499.9660,0.09619,-0.04224,0.01122,0.00000,0.00000,0.239,0.193,0
500.0160,0.09828,-0.04349,0.01073,0.00000,0.00000,0.267,0.210,0
500.0660,0.10044,-0.04476,0.01023,0.00000,0.00000,0.296,0.227,0
500.1160,0.10267,-0.04605,0.00974,0.00000,0.00000,0.326,0.242,0
500.1660,0.10500,-0.04736,0.00924,0.00000,0.00000,0.358,0.258,0
500.2160,0.10742,-0.04867,0.00874,0.00000,0.00000,0.391,0.272,0
500.2660,0.10996,-0.04999,0.00824,0.00000,0.00000,0.426,0.286,0
500.3160,0.11262,-0.05133,0.00773,0.00000,0.00000,0.462,0.299,0
500.3660,0.11542,-0.05267,0.00723,0.00000,0.00000,0.500,0.312,0
500.4160,0.11836,-0.05401,0.00672,0.00000,0.00000,0.540,0.324,0
500.4660,0.12145,-0.05536,0.00622,0.00000,0.00000,0.582,0.336,0
500.5160,0.12470,-0.05672,0.00571,0.00000,0.00000,0.626,0.347,0
500.5660,0.12811,-0.05809,0.00520,0.00000,0.00000,0.673,0.357,0
500.6160,0.13168,-0.05946,0.00470,0.00000,0.00000,0.722,0.367,0
500.6660,0.13543,-0.06083,0.00419,0.00000,0.00000,0.775,0.377,0
500.7160,0.13934,-0.06220,0.00368,0.00000,0.00000,0.831,0.387,0
500.7660,0.14341,-0.06355,0.00317,0.00000,0.00000,0.890,0.396,0
500.8160,0.14765,-0.06489,0.00266,0.00000,0.00000,0.953,0.406,0
500.8660,0.15204,-0.06623,0.00214,0.00000,0.00000,1.019,0.415,0
500.9160,0.15660,-0.06756,0.00163,0.00000,0.00000,1.089,0.424,0
500.9660,0.16132,-0.06889,0.00112,0.00000,0.00000,1.164,0.433,0
501.0160,0.16620,-0.07022,0.00060,0.00000,0.00000,1.243,0.443,0
501.0660,0.17122,-0.07154,0.00008,0.00000,0.00000,1.327,0.452,0
501.1160,0.17639,-0.07284,-0.00044,0.00000,0.00000,1.416,0.462,0
501.1660,0.18168,-0.07412,-0.00097,0.00000,0.00000,1.510,0.471,0
501.2160,0.18710,-0.07537,-0.00149,0.00000,0.00000,1.609,0.481,0
501.2660,0.19261,-0.07658,-0.00202,0.00000,0.00000,1.712,0.491,0
501.3160,0.19823,-0.07776,-0.00256,0.00000,0.00000,1.819,0.500,0
501.3660,0.20392,-0.07889,-0.00310,0.00000,0.00000,1.929,0.510,0
501.4160,0.20969,-0.07998,-0.00364,0.00000,0.00000,2.043,0.520,0
501.4660,0.21551,-0.08103,-0.00419,0.00000,0.00000,2.159,0.529,0
501.5160,0.22138,-0.08204,-0.00474,0.00000,0.00000,2.278,0.538,0
501.5660,0.22728,-0.08299,-0.00530,0.00000,0.00000,2.399,0.546,0
501.6160,0.23318,-0.08388,-0.00587,0.00000,0.00000,2.522,0.554,0
501.6660,0.23908,-0.08471,-0.00644,0.00000,0.00000,2.646,0.561,0
501.7160,0.24496,-0.08548,-0.00702,0.00000,0.00000,2.769,0.568,0
501.7660,0.25079,-0.08618,-0.00760,0.00000,0.00000,2.891,0.573,0
501.8160,0.25656,-0.08679,-0.00819,0.00000,0.00000,3.011,0.577,0
501.8660,0.26225,-0.08732,-0.00879,0.00000,0.00000,3.127,0.579,0
501.9160,0.26784,-0.08778,-0.00939,0.00000,0.00000,3.238,0.580,0
501.9660,0.27331,-0.08815,-0.01000,0.00000,0.00000,3.343,0.579,0
502.0160,0.27864,-0.08843,-0.01061,0.00000,0.00000,3.441,0.577,0
502.0660,0.28380,-0.08862,-0.01123,0.00000,0.00000,3.531,0.572,0
502.1160,0.28878,-0.08870,-0.01185,0.00000,0.00000,3.611,0.564,0
502.1660,0.29355,-0.08869,-0.01247,0.00000,0.00000,3.680,0.555,0
502.2160,0.29810,-0.08858,-0.01309,0.00000,0.00000,3.737,0.543,0
502.2660,0.30239,-0.08837,-0.01371,0.00000,0.00000,3.780,0.529,0
502.3160,0.30642,-0.08806,-0.01434,0.00000,0.00000,3.811,0.513,0
502.3660,0.31016,-0.08767,-0.01496,0.00000,0.00000,3.826,0.494,0
502.4160,0.31359,-0.08718,-0.01557,0.00000,0.00000,3.829,0.473,0
502.4660,0.31670,-0.08661,-0.01618,0.00000,0.00000,3.819,0.451,0
502.5160,0.31947,-0.08596,-0.01678,0.00000,0.00000,3.795,0.427,0
502.5660,0.32187,-0.08523,-0.01737,0.00000,0.00000,3.758,0.401,0
502.6160,0.32389,-0.08441,-0.01794,0.00000,0.00000,3.709,0.375,0
502.6660,0.32550,-0.08351,-0.01850,0.00000,0.00000,3.650,0.348,0
502.7160,0.32669,-0.08253,-0.01905,0.00000,0.00000,3.580,0.320,0
502.7660,0.32743,-0.08147,-0.01957,0.00000,0.00000,3.499,0.292,0
502.8160,0.32770,-0.08034,-0.02007,0.00000,0.00000,3.411,0.264,0
502.8660,0.32751,-0.07915,-0.02055,0.00000,0.00000,3.315,0.236,0
502.9160,0.32682,-0.07791,-0.02100,0.00000,0.00000,3.214,0.209,0
502.9660,0.32563,-0.07662,-0.02143,0.00000,0.00000,3.110,0.183,0
503.0160,0.32391,-0.07529,-0.02183,0.00000,0.00000,3.003,0.157,0
503.0660,0.32165,-0.07390,-0.02220,0.00000,0.00000,2.896,0.132,0
503.1160,0.31884,-0.07246,-0.02253,0.00000,0.00000,2.790,0.108,0
503.1660,0.31545,-0.07098,-0.02284,0.00000,0.00000,2.683,0.084,0
503.2160,0.31146,-0.06944,-0.02311,0.00000,0.00000,2.577,0.061,0
503.2660,0.30687,-0.06787,-0.02335,0.00000,0.00000,2.474,0.039,0
503.3160,0.30167,-0.06627,-0.02356,0.00000,0.00000,2.373,0.018,0
503.3660,0.29584,-0.06463,-0.02373,0.00000,0.00000,2.276,-0.003,0
503.4160,0.28935,-0.06295,-0.02387,0.00000,0.00000,2.184,-0.023,0
503.4660,0.28221,-0.06123,-0.02398,0.00000,0.00000,2.096,-0.043,0
503.5160,0.27438,-0.05946,-0.02405,0.00000,0.00000,2.012,-0.062,0
503.5660,0.26588,-0.05768,-0.02409,0.00000,0.00000,1.934,-0.080,0
503.6160,0.25669,-0.05587,-0.02409,0.00000,0.00000,1.862,-0.098,0
503.6660,0.24678,-0.05403,-0.02407,0.00000,0.00000,1.795,-0.116,0
503.7160,0.23616,-0.05215,-0.02400,0.00000,0.00000,1.735,-0.133,0
503.7660,0.22486,-0.05023,-0.02391,0.00000,0.00000,1.680,-0.150,0
503.8160,0.21302,-0.04828,-0.02378,0.00000,0.00000,1.630,-0.166,0
503.8660,0.20081,-0.04630,-0.02361,0.00000,0.00000,1.582,-0.181,0
503.9160,0.18837,-0.04428,-0.02341,0.00000,0.00000,1.536,-0.195,0
503.9660,0.17579,-0.04223,-0.02318,0.00000,0.00000,1.489,-0.207,0
504.0160,0.16319,-0.04015,-0.02291,0.00000,0.00000,1.442,-0.219,0
504.0660,0.15064,-0.03805,-0.02260,0.00000,0.00000,1.393,-0.229,0
504.1160,0.13821,-0.03593,-0.02226,0.00000,0.00000,1.342,-0.237,0
504.1660,0.12596,-0.03378,-0.02189,0.00000,0.00000,1.290,-0.244,0
504.2160,0.11393,-0.03160,-0.02148,0.00000,0.00000,1.236,-0.249,0
504.2660,0.10218,-0.02941,-0.02103,0.00000,0.00000,1.180,-0.253,0
504.3160,0.09074,-0.02720,-0.02055,0.00000,0.00000,1.124,-0.255,0
504.3660,0.07963,-0.02499,-0.02003,0.00000,0.00000,1.066,-0.256,0
504.4160,0.06889,-0.02277,-0.01948,0.00000,0.00000,1.008,-0.255,0
504.4660,0.05854,-0.02058,-0.01889,0.00000,0.00000,0.950,-0.253,0
504.5160,0.04861,-0.01841,-0.01828,0.00000,0.00000,0.892,-0.249,0
504.5660,0.03911,-0.01627,-0.01763,0.00000,0.00000,0.835,-0.244,0
504.6160,0.03005,-0.01415,-0.01695,0.00000,0.00000,0.778,-0.238,0
504.6660,0.02144,-0.01208,-0.01624,0.00000,0.00000,0.722,-0.231,0
504.7160,0.01330,-0.01005,-0.01551,0.00000,0.00000,0.667,-0.223,0
504.7660,0.00563,-0.00809,-0.01475,0.00000,0.00000,0.614,-0.213,0
504.8160,-0.00158,-0.00616,-0.01396,0.00000,0.00000,0.561,-0.203,0
504.8660,-0.00831,-0.00429,-0.01315,0.00000,0.00000,0.510,-0.193,0
504.9160,-0.01456,-0.00250,-0.01233,0.00000,0.00000,0.461,-0.181,0
504.9660,-0.02033,-0.00078,-0.01148,0.00000,0.00000,0.414,-0.169,0
505.0160,-0.02563,0.00088,-0.01062,0.00000,0.00000,0.369,-0.157,0
505.0660,-0.03047,0.00245,-0.00974,0.00000,0.00000,0.326,-0.144,0
505.1160,-0.03484,0.00394,-0.00885,0.00000,0.00000,0.284,-0.132,0
505.1660,-0.03875,0.00533,-0.00796,0.00000,0.00000,0.245,-0.119,0
505.2160,-0.04221,0.00663,-0.00705,0.00000,0.00000,0.209,-0.106,0
505.2660,-0.04523,0.00783,-0.00615,0.00000,0.00000,0.174,-0.093,0
505.3160,-0.04782,0.00894,-0.00524,0.00000,0.00000,0.142,-0.081,0
505.3660,-0.05000,0.00995,-0.00433,0.00000,0.00000,0.112,-0.069,0
505.4160,-0.05179,0.01086,-0.00343,0.00000,0.00000,0.085,-0.057,0
505.4660,-0.05320,0.01166,-0.00253,0.00000,0.00000,0.060,-0.046,0
505.5160,-0.05426,0.01234,-0.00164,0.00000,0.00000,0.037,-0.035,0
505.5660,-0.05500,0.01292,-0.00076,0.00000,0.00000,0.016,-0.025,0
505.6160,-0.05543,0.01339,0.00010,0.00000,0.00000,-0.002,-0.016,0
505.6660,-0.05559,0.01377,0.00095,0.00000,0.00000,-0.019,-0.008,0
505.7160,-0.05551,0.01405,0.00178,0.00000,0.00000,-0.033,-0.001,0
505.7660,-0.05520,0.01425,0.00259,0.00000,0.00000,-0.046,0.006,0
505.8160,-0.05469,0.01435,0.00337,0.00000,0.00000,-0.057,0.012,0
505.8660,-0.05400,0.01437,0.00412,0.00000,0.00000,-0.066,0.017,0
505.9160,-0.05315,0.01432,0.00485,0.00000,0.00000,-0.073,0.021,0
505.9660,-0.05215,0.01417,0.00555,0.00000,0.00000,-0.080,0.024,0
506.0160,-0.05102,0.01395,0.00622,0.00000,0.00000,-0.085,0.026,0
506.0660,-0.04978,0.01364,0.00685,0.00000,0.00000,-0.088,0.028,0
506.1160,-0.04843,0.01325,0.00744,0.00000,0.00000,-0.091,0.029,0
506.1660,-0.04699,0.01279,0.00800,0.00000,0.00000,-0.093,0.029,0
506.2160,-0.04548,0.01228,0.00852,0.00000,0.00000,-0.095,0.028,0
506.2660,-0.04392,0.01171,0.00900,0.00000,0.00000,-0.096,0.027,0
506.3160,-0.04230,0.01110,0.00944,0.00000,0.00000,-0.096,0.026,0
506.3660,-0.04064,0.01044,0.00983,0.00000,0.00000,-0.096,0.024,0
506.4160,-0.03896,0.00975,0.01018,0.00000,0.00000,-0.095,0.021,0
506.4660,-0.03725,0.00902,0.01049,0.00000,0.00000,-0.094,0.019,0
506.5160,-0.03553,0.00829,0.01075,0.00000,0.00000,-0.093,0.016,0
506.5660,-0.03380,0.00752,0.01097,0.00000,0.00000,-0.092,0.012,0
506.6160,-0.03207,0.00673,0.01115,0.00000,0.00000,-0.091,0.009,0
506.6660,-0.03034,0.00593,0.01127,0.00000,0.00000,-0.089,0.006,0
506.7160,-0.02863,0.00512,0.01136,0.00000,0.00000,-0.088,0.002,0
506.7660,-0.02692,0.00429,0.01140,0.00000,0.00000,-0.086,-0.001,0
506.8160,-0.02523,0.00347,0.01140,0.00000,0.00000,-0.085,-0.005,0
506.8660,-0.02357,0.00265,0.01136,0.00000,0.00000,-0.083,-0.008,0
506.9160,-0.02194,0.00184,0.01128,0.00000,0.00000,-0.082,-0.012,0
506.9660,-0.02034,0.00105,0.01115,0.00000,0.00000,-0.081,-0.015,0
507.0160,-0.01878,0.00028,0.01099,0.00000,0.00000,-0.079,-0.018,0
507.0660,-0.01727,-0.00047,0.01080,0.00000,0.00000,-0.078,-0.021,0
507.1160,-0.01579,-0.00120,0.01057,0.00000,0.00000,-0.077,-0.024,0
507.1660,-0.01437,-0.00191,0.01030,0.00000,0.00000,-0.076,-0.026,0
507.2160,-0.01299,-0.00258,0.01000,0.00000,0.00000,-0.075,-0.029,0
507.2660,-0.01167,-0.00322,0.00968,0.00000,0.00000,-0.074,-0.031,0
507.3160,-0.01040,-0.00382,0.00933,0.00000,0.00000,-0.073,-0.033,0
507.3660,-0.00919,-0.00439,0.00895,0.00000,0.00000,-0.072,-0.034,0
507.4160,-0.00803,-0.00492,0.00854,0.00000,0.00000,-0.071,-0.036,0
507.4660,-0.00694,-0.00540,0.00812,0.00000,0.00000,-0.070,-0.037,0
507.5160,-0.00591,-0.00584,0.00768,0.00000,0.00000,-0.069,-0.038,0
507.5660,-0.00494,-0.00624,0.00722,0.00000,0.00000,-0.068,-0.038,0
507.6160,-0.00404,-0.00659,0.00675,0.00000,0.00000,-0.067,-0.039,0
507.6660,-0.00320,-0.00689,0.00627,0.00000,0.00000,-0.066,-0.039,0
507.7160,-0.00243,-0.00714,0.00577,0.00000,0.00000,-0.065,-0.039,0
507.7660,-0.00172,-0.00735,0.00527,0.00000,0.00000,-0.064,-0.039,0
507.8160,-0.00107,-0.00750,0.00477,0.00000,0.00000,-0.063,-0.039,0
507.8660,-0.00049,-0.00761,0.00426,0.00000,0.00000,-0.062,-0.038,0
507.9160,0.00004,-0.00767,0.00376,0.00000,0.00000,-0.061,-0.037,0
507.9660,0.00051,-0.00770,0.00325,0.00000,0.00000,-0.060,-0.037,0
508.0160,0.00092,-0.00767,0.00276,0.00000,0.00000,-0.059,-0.036,0
508.0660,0.00126,-0.00759,0.00227,0.00000,0.00000,-0.057,-0.035,0
508.1160,0.00155,-0.00745,0.00179,0.00000,0.00000,-0.056,-0.034,0
508.1660,0.00178,-0.00726,0.00132,0.00000,0.00000,-0.055,-0.033,0
508.2160,0.00197,-0.00704,0.00086,0.00000,0.00000,-0.054,-0.032,0
508.2660,0.00211,-0.00678,0.00042,0.00000,0.00000,-0.052,-0.030,0
508.3160,0.00221,-0.00649,0.00000,0.00000,0.00000,-0.051,-0.029,0
508.3660,0.00228,-0.00616,-0.00040,0.00000,0.00000,-0.049,-0.028,0
508.4160,0.00230,-0.00579,-0.00078,0.00000,0.00000,-0.048,-0.027,0
508.4660,0.00229,-0.00537,-0.00114,0.00000,0.00000,-0.047,-0.025,0
508.5160,0.00224,-0.00493,-0.00147,0.00000,0.00000,-0.045,-0.024,0
508.5660,0.00218,-0.00447,-0.00178,0.00000,0.00000,-0.044,-0.023,0
508.6160,0.00210,-0.00398,-0.00206,0.00000,0.00000,-0.042,-0.022,0
508.6660,0.00200,-0.00348,-0.00232,0.00000,0.00000,-0.041,-0.020,0
508.7160,0.00189,-0.00297,-0.00255,0.00000,0.00000,-0.039,-0.019,0
508.7660,0.00178,-0.00244,-0.00275,0.00000,0.00000,-0.038,-0.018,0
508.8160,0.00166,-0.00190,-0.00291,0.00000,0.00000,-0.037,-0.017,0
508.8660,0.00153,-0.00134,-0.00305,0.00000,0.00000,-0.035,-0.016,0
508.9160,0.00141,-0.00078,-0.00316,0.00000,0.00000,-0.034,-0.015,0
508.9660,0.00129,-0.00020,-0.00324,0.00000,0.00000,-0.032,-0.014,0
509.0160,0.00119,0.00037,-0.00329,0.00000,0.00000,-0.031,-0.013,0
509.0660,0.00110,0.00094,-0.00331,0.00000,0.00000,-0.029,-0.012,0
509.1160,0.00102,0.00150,-0.00330,0.00000,0.00000,-0.028,-0.011,0
509.1660,0.00097,0.00205,-0.00326,0.00000,0.00000,-0.027,-0.011,0
509.2160,0.00093,0.00260,-0.00320,0.00000,0.00000,-0.025,-0.010,0
509.2660,0.00092,0.00313,-0.00310,0.00000,0.00000,-0.024,-0.009,0
509.3160,0.00094,0.00363,-0.00298,0.00000,0.00000,-0.023,-0.009,0
509.3660,0.00100,0.00411,-0.00284,0.00000,0.00000,-0.021,-0.008,0
509.4160,0.00109,0.00457,-0.00267,0.00000,0.00000,-0.020,-0.008,0
509.4660,0.00121,0.00500,-0.00247,0.00000,0.00000,-0.019,-0.007,0
509.5160,0.00137,0.00540,-0.00226,0.00000,0.00000,-0.018,-0.007,0
509.5660,0.00157,0.00576,-0.00202,0.00000,0.00000,-0.016,-0.007,0
509.6160,0.00180,0.00609,-0.00177,0.00000,0.00000,-0.015,-0.006,0
509.6660,0.00208,0.00638,-0.00150,0.00000,0.00000,-0.014,-0.006,0
509.7160,0.00241,0.00661,-0.00121,0.00000,0.00000,-0.013,-0.006,0
509.7660,0.00279,0.00679,-0.00091,0.00000,0.00000,-0.012,-0.006,0
509.8160,0.00320,0.00693,-0.00060,0.00000,0.00000,-0.011,-0.005,0
509.8660,0.00365,0.00703,-0.00028,0.00000,0.00000,-0.010,-0.005,0
509.9160,0.00414,0.00708,0.00005,0.00000,0.00000,-0.009,-0.005,0
509.9660,0.00467,0.00708,0.00038,0.00000,0.00000,-0.008,-0.005,0
510.0160,0.00524,0.00702,0.00072,0.00000,0.00000,-0.007,-0.005,0
510.0660,0.00585,0.00692,0.00106,0.00000,0.00000,-0.006,-0.005,0
510.1160,0.00649,0.00677,0.00140,0.00000,0.00000,-0.005,-0.004,0
510.1660,0.00716,0.00656,0.00174,0.00000,0.00000,-0.005,-0.004,0
510.2160,0.00786,0.00630,0.00207,0.00000,0.00000,-0.004,-0.004,0
510.2660,0.00859,0.00598,0.00240,0.00000,0.00000,-0.003,-0.004,0
510.3160,0.00934,0.00562,0.00272,0.00000,0.00000,-0.003,-0.003,0
510.3660,0.01011,0.00521,0.00303,0.00000,0.00000,-0.002,-0.003,0
510.4160,0.01090,0.00475,0.00333,0.00000,0.00000,-0.002,-0.002,0
510.4660,0.01170,0.00425,0.00361,0.00000,0.00000,-0.001,-0.002,0
510.5160,0.01250,0.00371,0.00389,0.00000,0.00000,-0.001,-0.001,0
510.5660,0.01332,0.00311,0.00414,0.00000,0.00000,-0.001,-0.000,0
510.6160,0.01413,0.00248,0.00438,0.00000,0.00000,-0.000,0.000,0
510.6660,0.01494,0.00181,0.00460,0.00000,0.00000,0.000,0.001,0
510.7160,0.01576,0.00110,0.00481,0.00000,0.00000,0.001,0.002,0
510.7660,0.01657,0.00033,0.00499,0.00000,0.00000,0.001,0.003,0
510.8160,0.01737,-0.00047,0.00514,0.00000,0.00000,0.002,0.005,0
510.8660,0.01816,-0.00131,0.00528,0.00000,0.00000,0.002,0.006,0
510.9160,0.01893,-0.00218,0.00539,0.00000,0.00000,0.003,0.007,0
510.9660,0.01969,-0.00308,0.00548,0.00000,0.00000,0.004,0.009,0
511.0160,0.02043,-0.00403,0.00555,0.00000,0.00000,0.005,0.011,0
511.0660,0.02115,-0.00499,0.00559,0.00000,0.00000,0.006,0.012,0
511.1160,0.02185,-0.00599,0.00560,0.00000,0.00000,0.007,0.014,0
511.1660,0.02252,-0.00700,0.00559,0.00000,0.00000,0.009,0.016,0
511.2160,0.02315,-0.00803,0.00556,0.00000,0.00000,0.010,0.018,0
511.2660,0.02376,-0.00907,0.00550,0.00000,0.00000,0.012,0.020,0
511.3160,0.02432,-0.01012,0.00541,0.00000,0.00000,0.015,0.022,0
511.3660,0.02485,-0.01118,0.00530,0.00000,0.00000,0.017,0.024,0
511.4160,0.02535,-0.01225,0.00517,0.00000,0.00000,0.020,0.026,0
511.4660,0.02581,-0.01335,0.00502,0.00000,0.00000,0.022,0.029,0
511.5160,0.02624,-0.01446,0.00484,0.00000,0.00000,0.026,0.031,0
511.5660,0.02663,-0.01556,0.00464,0.00000,0.00000,0.029,0.033,0
511.6160,0.02697,-0.01666,0.00442,0.00000,0.00000,0.033,0.035,0
511.6660,0.02727,-0.01775,0.00419,0.00000,0.00000,0.037,0.037,0
511.7160,0.02753,-0.01885,0.00393,0.00000,0.00000,0.042,0.039,0
511.7660,0.02775,-0.01995,0.00366,0.00000,0.00000,0.046,0.041,0
511.8160,0.02792,-0.02104,0.00337,0.00000,0.00000,0.051,0.043,0
511.8660,0.02806,-0.02213,0.00307,0.00000,0.00000,0.057,0.044,0
511.9160,0.02815,-0.02320,0.00275,0.00000,0.00000,0.062,0.046,0
511.9660,0.02820,-0.02427,0.00243,0.00000,0.00000,0.068,0.048,0
512.0180,0.02822,-0.02538,0.00208,0.00000,0.00000,0.075,0.049,0
512.0700,0.02819,-0.02646,0.00172,0.00000,0.00000,0.082,0.050,0
512.1220,0.02811,-0.02753,0.00136,0.00000,0.00000,0.089,0.051,0
512.1740,0.02799,-0.02859,0.00099,0.00000,0.00000,0.096,0.052,0
512.2260,0.02783,-0.02962,0.00062,0.00000,0.00000,0.103,0.053,0
512.2780,0.02763,-0.03063,0.00025,0.00000,0.00000,0.111,0.054,0
512.3300,0.02738,-0.03161,-0.00012,0.00000,0.00000,0.119,0.054,0
512.3820,0.02710,-0.03257,-0.00049,0.00000,0.00000,0.126,0.054,0
512.4340,0.02678,-0.03349,-0.00085,0.00000,0.00000,0.134,0.054,0
512.4860,0.02642,-0.03438,-0.00120,0.00000,0.00000,0.142,0.054,0
512.5380,0.02603,-0.03524,-0.00155,0.00000,0.00000,0.150,0.054,0
512.5900,0.02560,-0.03606,-0.00188,0.00000,0.00000,0.158,0.053,0
512.6420,0.02515,-0.03685,-0.00220,0.00000,0.00000,0.165,0.053,0
512.6940,0.02467,-0.03761,-0.00250,0.00000,0.00000,0.173,0.052,0
512.7460,0.02417,-0.03834,-0.00279,0.00000,0.00000,0.180,0.051,0
512.7980,0.02366,-0.03905,-0.00305,0.00000,0.00000,0.187,0.050,0
512.8500,0.02314,-0.03973,-0.00330,0.00000,0.00000,0.195,0.049,0
512.9020,0.02262,-0.04040,-0.00353,0.00000,0.00000,0.202,0.048,0
512.9540,0.02209,-0.04104,-0.00373,0.00000,0.00000,0.209,0.047,0
513.0060,0.02157,-0.04166,-0.00391,0.00000,0.00000,0.215,0.045,0
513.0580,0.02105,-0.04225,-0.00407,0.00000,0.00000,0.222,0.044,0
513.1100,0.02054,-0.04282,-0.00419,0.00000,0.00000,0.228,0.043,0
513.1620,0.02003,-0.04335,-0.00429,0.00000,0.00000,0.235,0.041,0
513.2140,0.01955,-0.04386,-0.00437,0.00000,0.00000,0.240,0.040,0
513.2660,0.01908,-0.04434,-0.00441,0.00000,0.00000,0.246,0.039,0
513.3180,0.01863,-0.04480,-0.00442,0.00000,0.00000,0.251,0.037,0
513.3700,0.01822,-0.04524,-0.00441,0.00000,0.00000,0.256,0.036,0
513.4220,0.01785,-0.04566,-0.00436,0.00000,0.00000,0.261,0.035,0
513.4740,0.01751,-0.04606,-0.00429,0.00000,0.00000,0.266,0.033,0
513.5260,0.01721,-0.04644,-0.00418,0.00000,0.00000,0.270,0.032,0
513.5780,0.01697,-0.04683,-0.00405,0.00000,0.00000,0.275,0.031,0
513.6300,0.01678,-0.04720,-0.00389,0.00000,0.00000,0.279,0.030,0
513.6820,0.01665,-0.04755,-0.00369,0.00000,0.00000,0.284,0.030,0
513.7340,0.01656,-0.04788,-0.00347,0.00000,0.00000,0.288,0.029,0
513.7860,0.01654,-0.04820,-0.00322,0.00000,0.00000,0.292,0.028,0
513.8380,0.01659,-0.04852,-0.00295,0.00000,0.00000,0.296,0.028,0
513.8900,0.01671,-0.04884,-0.00265,0.00000,0.00000,0.300,0.028,0
513.9420,0.01690,-0.04917,-0.00232,0.00000,0.00000,0.304,0.028,0
513.9940,0.01717,-0.04949,-0.00197,0.00000,0.00000,0.309,0.028,0
514.0460,0.01751,-0.04980,-0.00160,0.00000,0.00000,0.313,0.028,0
514.0980,0.01792,-0.05010,-0.00121,0.00000,0.00000,0.318,0.029,0
514.1500,0.01842,-0.05042,-0.00080,0.00000,0.00000,0.323,0.029,0
514.2020,0.01900,-0.05075,-0.00038,0.00000,0.00000,0.328,0.030,0
514.2540,0.01966,-0.05109,0.00006,0.00000,0.00000,0.334,0.031,0
514.3060,0.02041,-0.05143,0.00052,0.00000,0.00000,0.340,0.033,0
514.3580,0.02124,-0.05178,0.00098,0.00000,0.00000,0.346,0.034,0
514.4100,0.02215,-0.05215,0.00145,0.00000,0.00000,0.353,0.036,0
514.4620,0.02316,-0.05254,0.00193,0.00000,0.00000,0.361,0.038,0
514.5140,0.02425,-0.05295,0.00242,0.00000,0.00000,0.369,0.040,0
514.5660,0.02543,-0.05338,0.00291,0.00000,0.00000,0.378,0.043,0
514.6180,0.02669,-0.05384,0.00340,0.00000,0.00000,0.387,0.046,0
514.6700,0.02802,-0.05430,0.00388,0.00000,0.00000,0.398,0.049,0
514.7220,0.02943,-0.05478,0.00436,0.00000,0.00000,0.408,0.052,0
514.7740,0.03092,-0.05527,0.00484,0.00000,0.00000,0.420,0.055,0
514.8260,0.03248,-0.05578,0.00531,0.00000,0.00000,0.432,0.059,0
514.8780,0.03412,-0.05632,0.00577,0.00000,0.00000,0.445,0.064,0
514.9300,0.03583,-0.05688,0.00621,0.00000,0.00000,0.459,0.068,0
514.9820,0.03761,-0.05748,0.00664,0.00000,0.00000,0.474,0.073,0
515.0340,0.03946,-0.05810,0.00706,0.00000,0.00000,0.490,0.078,0
515.0860,0.04138,-0.05876,0.00745,0.00000,0.00000,0.506,0.084,0
515.1380,0.04336,-0.05945,0.00783,0.00000,0.00000,0.524,0.089,0
515.1900,0.04539,-0.06016,0.00818,0.00000,0.00000,0.543,0.096,0
515.2420,0.04748,-0.06090,0.00851,0.00000,0.00000,0.564,0.102,0
515.2940,0.04962,-0.06165,0.00881,0.00000,0.00000,0.585,0.109,0
515.3460,0.05181,-0.06243,0.00908,0.00000,0.00000,0.607,0.116,0
515.3980,0.05404,-0.06324,0.00932,0.00000,0.00000,0.630,0.123,0
515.4500,0.05630,-0.06407,0.00954,0.00000,0.00000,0.654,0.131,0
515.5020,0.05861,-0.06492,0.00972,0.00000,0.00000,0.679,0.139,0
515.5540,0.06094,-0.06579,0.00986,0.00000,0.00000,0.705,0.147,0
515.6060,0.06330,-0.06668,0.00998,0.00000,0.00000,0.732,0.156,0
515.6580,0.06569,-0.06759,0.01005,0.00000,0.00000,0.761,0.164,0
515.7100,0.06809,-0.06851,0.01009,0.00000,0.00000,0.790,0.173,0
515.7620,0.07051,-0.06946,0.01010,0.00000,0.00000,0.820,0.182,0
515.8140,0.07293,-0.07041,0.01006,0.00000,0.00000,0.851,0.191,0
515.8660,0.07535,-0.07135,0.00998,0.00000,0.00000,0.883,0.200,0
515.9180,0.07777,-0.07230,0.00987,0.00000,0.00000,0.916,0.209,0
515.9700,0.08019,-0.07326,0.00972,0.00000,0.00000,0.949,0.218,0
516.0220,0.08259,-0.07421,0.00952,0.00000,0.00000,0.983,0.227,0
516.0740,0.08498,-0.07518,0.00929,0.00000,0.00000,1.018,0.236,0
516.1260,0.08737,-0.07615,0.00902,0.00000,0.00000,1.053,0.244,0
516.1780,0.08978,-0.07711,0.00870,0.00000,0.00000,1.089,0.253,0
516.2300,0.09221,-0.07807,0.00835,0.00000,0.00000,1.126,0.261,0
516.2820,0.09467,-0.07901,0.00796,0.00000,0.00000,1.163,0.268,0
516.3340,0.09717,-0.07992,0.00752,0.00000,0.00000,1.200,0.276,0
516.3860,0.09972,-0.08080,0.00705,0.00000,0.00000,1.236,0.282,0
516.4380,0.10231,-0.08165,0.00654,0.00000,0.00000,1.272,0.288,0
516.4900,0.10495,-0.08244,0.00600,0.00000,0.00000,1.307,0.294,0
516.5420,0.10764,-0.08320,0.00542,0.00000,0.00000,1.343,0.298,0
516.5940,0.11037,-0.08391,0.00480,0.00000,0.00000,1.378,0.302,0
516.6460,0.11313,-0.08456,0.00415,0.00000,0.00000,1.412,0.305,0
516.6980,0.11593,-0.08517,0.00346,0.00000,0.00000,1.446,0.308,0
516.7500,0.11875,-0.08572,0.00275,0.00000,0.00000,1.480,0.309,0
516.8020,0.12159,-0.08621,0.00200,0.00000,0.00000,1.513,0.309,0
516.8540,0.12442,-0.08665,0.00123,0.00000,0.00000,1.546,0.309,0
516.9060,0.12724,-0.08703,0.00043,0.00000,0.00000,1.579,0.307,0
516.9580,0.13003,-0.08733,-0.00039,0.00000,0.00000,1.610,0.305,0
517.0100,0.13277,-0.08756,-0.00123,0.00000,0.00000,1.640,0.301,0
517.0620,0.13544,-0.08771,-0.00209,0.00000,0.00000,1.669,0.296,0
517.1140,0.13802,-0.08779,-0.00297,0.00000,0.00000,1.696,0.290,0
517.1660,0.14050,-0.08779,-0.00387,0.00000,0.00000,1.721,0.283,0
517.2180,0.14283,-0.08768,-0.00477,0.00000,0.00000,1.743,0.275,0
517.2700,0.14501,-0.08748,-0.00568,0.00000,0.00000,1.763,0.266,0
517.3220,0.14699,-0.08718,-0.00661,0.00000,0.00000,1.779,0.255,0
517.3740,0.14877,-0.08679,-0.00753,0.00000,0.00000,1.792,0.244,0
517.4260,0.15032,-0.08631,-0.00845,0.00000,0.00000,1.802,0.232,0
517.4780,0.15161,-0.08573,-0.00938,0.00000,0.00000,1.808,0.218,0
517.5300,0.15263,-0.08507,-0.01029,0.00000,0.00000,1.812,0.205,0
517.5820,0.15331,-0.08428,-0.01120,0.00000,0.00000,1.812,0.190,0
517.6340,0.15367,-0.08341,-0.01210,0.00000,0.00000,1.809,0.175,0
517.6860,0.15365,-0.08243,-0.01298,0.00000,0.00000,1.802,0.159,0
517.7380,0.15325,-0.08136,-0.01385,0.00000,0.00000,1.794,0.143,0
517.7900,0.15242,-0.08018,-0.01469,0.00000,0.00000,1.783,0.127,0
517.8420,0.15114,-0.07890,-0.01551,0.00000,0.00000,1.770,0.110,0
517.8940,0.14939,-0.07753,-0.01631,0.00000,0.00000,1.756,0.093,0
517.9460,0.14714,-0.07605,-0.01707,0.00000,0.00000,1.741,0.076,0
517.9980,0.14435,-0.07447,-0.01781,0.00000,0.00000,1.725,0.058,0
518.0500,0.14105,-0.07279,-0.01851,0.00000,0.00000,1.710,0.041,0
518.1020,0.13728,-0.07100,-0.01918,0.00000,0.00000,1.694,0.022,0
518.1540,0.13310,-0.06910,-0.01981,0.00000,0.00000,1.676,0.004,0
518.2060,0.12859,-0.06709,-0.02041,0.00000,0.00000,1.657,-0.015,0
518.2580,0.12379,-0.06500,-0.02097,0.00000,0.00000,1.634,-0.033,0
518.3100,0.11873,-0.06279,-0.02148,0.00000,0.00000,1.609,-0.052,0
518.3620,0.11345,-0.06048,-0.02196,0.00000,0.00000,1.580,-0.070,0
518.4140,0.10797,-0.05807,-0.02239,0.00000,0.00000,1.548,-0.088,0
518.4660,0.10233,-0.05556,-0.02278,0.00000,0.00000,1.513,-0.105,0
518.5180,0.09656,-0.05298,-0.02313,0.00000,0.00000,1.475,-0.122,0
518.5700,0.09067,-0.05032,-0.02343,0.00000,0.00000,1.435,-0.138,0
518.6220,0.08469,-0.04757,-0.02369,0.00000,0.00000,1.391,-0.153,0
518.6740,0.07862,-0.04475,-0.02390,0.00000,0.00000,1.345,-0.167,0
518.7260,0.07248,-0.04185,-0.02407,0.00000,0.00000,1.297,-0.180,0
518.7780,0.06630,-0.03890,-0.02419,0.00000,0.00000,1.247,-0.192,0
518.8300,0.06009,-0.03588,-0.02426,0.00000,0.00000,1.196,-0.202,0
518.8820,0.05386,-0.03282,-0.02430,0.00000,0.00000,1.143,-0.212,0
518.9340,0.04763,-0.02971,-0.02428,0.00000,0.00000,1.088,-0.220,0
518.9860,0.04140,-0.02656,-0.02423,0.00000,0.00000,1.033,-0.226,0
519.0380,0.03521,-0.02339,-0.02412,0.00000,0.00000,0.978,-0.231,0
519.0900,0.02907,-0.02022,-0.02398,0.00000,0.00000,0.922,-0.235,0
519.1420,0.02300,-0.01705,-0.02379,0.00000,0.00000,0.866,-0.237,0
519.1940,0.01700,-0.01388,-0.02357,0.00000,0.00000,0.811,-0.238,0
519.2460,0.01109,-0.01071,-0.02330,0.00000,0.00000,0.756,-0.237,0
519.2980,0.00528,-0.00756,-0.02299,0.00000,0.00000,0.701,-0.235,0
519.3500,-0.00040,-0.00445,-0.02264,0.00000,0.00000,0.647,-0.232,0
519.4020,-0.00595,-0.00137,-0.02226,0.00000,0.00000,0.595,-0.227,0
519.4540,-0.01136,0.00167,-0.02184,0.00000,0.00000,0.544,-0.222,0
519.5060,-0.01660,0.00466,-0.02139,0.00000,0.00000,0.494,-0.214,0
519.5580,-0.02167,0.00760,-0.02090,0.00000,0.00000,0.445,-0.206,0
519.6100,-0.02656,0.01048,-0.02039,0.00000,0.00000,0.399,-0.197,0
519.6620,-0.03124,0.01329,-0.01984,0.00000,0.00000,0.354,-0.186,0
519.7140,-0.03572,0.01602,-0.01926,0.00000,0.00000,0.311,-0.175,0
519.7660,-0.03997,0.01868,-0.01866,0.00000,0.00000,0.271,-0.163,0
519.8180,-0.04400,0.02125,-0.01803,0.00000,0.00000,0.233,-0.150,0
519.8700,-0.04778,0.02372,-0.01738,0.00000,0.00000,0.198,-0.136,0
519.9220,-0.05130,0.02610,-0.01671,0.00000,0.00000,0.165,-0.122,0
519.9740,-0.05457,0.02837,-0.01602,0.00000,0.00000,0.135,-0.107,0
520.0260,-0.05757,0.03052,-0.01531,0.00000,0.00000,0.108,-0.092,0
520.0780,-0.06031,0.03256,-0.01459,0.00000,0.00000,0.084,-0.076,0
520.1300,-0.06279,0.03448,-0.01385,0.00000,0.00000,0.063,-0.061,0
520.1820,-0.06504,0.03629,-0.01310,0.00000,0.00000,0.045,-0.045,0
520.2340,-0.06705,0.03799,-0.01234,0.00000,0.00000,0.030,-0.029,0
520.2860,-0.06885,0.03955,-0.01157,0.00000,0.00000,0.018,-0.014,0
520.3380,-0.07043,0.04097,-0.01079,0.00000,0.00000,0.009,0.001,0
520.3900,-0.07182,0.04225,-0.01001,0.00000,0.00000,0.004,0.016,0
520.4420,-0.07303,0.04340,-0.00922,0.00000,0.00000,0.002,0.030,0
520.4940,-0.07408,0.04441,-0.00844,0.00000,0.00000,0.002,0.043,0
520.5460,-0.07499,0.04530,-0.00765,0.00000,0.00000,0.005,0.056,0
520.5980,-0.07576,0.04605,-0.00687,0.00000,0.00000,0.010,0.068,0
520.6500,-0.07641,0.04667,-0.00608,0.00000,0.00000,0.018,0.079,0
520.7020,-0.07696,0.04718,-0.00531,0.00000,0.00000,0.028,0.090,0
520.7540,-0.07741,0.04756,-0.00453,0.00000,0.00000,0.039,0.099,0
520.8060,-0.07777,0.04784,-0.00377,0.00000,0.00000,0.053,0.107,0
520.8580,-0.07806,0.04800,-0.00301,0.00000,0.00000,0.067,0.115,0
520.9100,-0.07828,0.04806,-0.00226,0.00000,0.00000,0.083,0.122,0
520.9620,-0.07843,0.04801,-0.00153,0.00000,0.00000,0.100,0.127,0
521.0140,-0.07852,0.04787,-0.00080,0.00000,0.00000,0.118,0.132,0
521.0660,-0.07856,0.04764,-0.00009,0.00000,0.00000,0.136,0.135,0
521.1180,-0.07856,0.04733,0.00061,0.00000,0.00000,0.155,0.138,0
521.1700,-0.07851,0.04695,0.00130,0.00000,0.00000,0.173,0.140,0
521.2220,-0.07842,0.04649,0.00197,0.00000,0.00000,0.193,0.141,0
521.2740,-0.07828,0.04596,0.00263,0.00000,0.00000,0.212,0.141,0
521.3260,-0.07811,0.04536,0.00327,0.00000,0.00000,0.230,0.140,0
521.3780,-0.07789,0.04470,0.00389,0.00000,0.00000,0.249,0.138,0
521.4300,-0.07764,0.04398,0.00450,0.00000,0.00000,0.267,0.136,0
521.4820,-0.07735,0.04321,0.00508,0.00000,0.00000,0.285,0.133,0
521.5340,-0.07702,0.04239,0.00565,0.00000,0.00000,0.302,0.129,0
521.5860,-0.07665,0.04151,0.00620,0.00000,0.00000,0.318,0.125,0
521.6380,-0.07623,0.04059,0.00674,0.00000,0.00000,0.334,0.120,0
521.6900,-0.07577,0.03961,0.00725,0.00000,0.00000,0.349,0.114,0
521.7420,-0.07526,0.03859,0.00775,0.00000,0.00000,0.362,0.108,0
521.7940,-0.07470,0.03752,0.00822,0.00000,0.00000,0.375,0.101,0
521.8460,-0.07410,0.03640,0.00868,0.00000,0.00000,0.387,0.094,0
521.8980,-0.07344,0.03525,0.00912,0.00000,0.00000,0.397,0.086,0
521.9500,-0.07273,0.03405,0.00953,0.00000,0.00000,0.407,0.078,0
522.0020,-0.07196,0.03281,0.00993,0.00000,0.00000,0.415,0.070,0
522.0540,-0.07113,0.03152,0.01032,0.00000,0.00000,0.422,0.061,0
522.1060,-0.07025,0.03021,0.01068,0.00000,0.00000,0.428,0.053,0
522.1580,-0.06930,0.02887,0.01102,0.00000,0.00000,0.432,0.043,0
522.2100,-0.06830,0.02748,0.01135,0.00000,0.00000,0.435,0.034,0
522.2620,-0.06722,0.02605,0.01166,0.00000,0.00000,0.438,0.025,0
522.3140,-0.06608,0.02457,0.01195,0.00000,0.00000,0.438,0.015,0
522.3660,-0.06487,0.02307,0.01223,0.00000,0.00000,0.437,0.005,0
522.4180,-0.06359,0.02153,0.01249,0.00000,0.00000,0.436,-0.004,0
522.4700,-0.06225,0.01997,0.01273,0.00000,0.00000,0.433,-0.014,0
522.5220,-0.06084,0.01838,0.01296,0.00000,0.00000,0.428,-0.024,0
522.5740,-0.05935,0.01676,0.01318,0.00000,0.00000,0.423,-0.033,0
522.6260,-0.05780,0.01511,0.01338,0.00000,0.00000,0.417,-0.043,0
522.6780,-0.05617,0.01343,0.01358,0.00000,0.00000,0.409,-0.052,0
522.7300,-0.05448,0.01174,0.01375,0.00000,0.00000,0.401,-0.061,0
522.7820,-0.05271,0.01003,0.01392,0.00000,0.00000,0.391,-0.070,0
522.8340,-0.05089,0.00830,0.01408,0.00000,0.00000,0.381,-0.079,0
522.8860,-0.04899,0.00657,0.01423,0.00000,0.00000,0.369,-0.087,0
522.9380,-0.04702,0.00481,0.01436,0.00000,0.00000,0.357,-0.095,0
522.9900,-0.04498,0.00302,0.01449,0.00000,0.00000,0.344,-0.103,0
523.0420,-0.04286,0.00123,0.01461,0.00000,0.00000,0.330,-0.111,0
523.0940,-0.04069,-0.00058,0.01471,0.00000,0.00000,0.316,-0.118,0
523.1460,-0.03844,-0.00239,0.01481,0.00000,0.00000,0.301,-0.124,0
523.1980,-0.03613,-0.00421,0.01490,0.00000,0.00000,0.285,-0.131,0
523.2500,-0.03375,-0.00603,0.01498,0.00000,0.00000,0.269,-0.136,0
523.3020,-0.03131,-0.00786,0.01506,0.00000,0.00000,0.252,-0.142,0
523.3540,-0.02882,-0.00968,0.01512,0.00000,0.00000,0.235,-0.147,0
523.4060,-0.02627,-0.01150,0.01518,0.00000,0.00000,0.218,-0.151,0
523.4580,-0.02367,-0.01329,0.01523,0.00000,0.00000,0.201,-0.155,0
523.5100,-0.02102,-0.01508,0.01527,0.00000,0.00000,0.184,-0.158,0
523.5620,-0.01833,-0.01683,0.01530,0.00000,0.00000,0.166,-0.161,0
523.6140,-0.01560,-0.01856,0.01532,0.00000,0.00000,0.149,-0.163,0
523.6660,-0.01284,-0.02026,0.01533,0.00000,0.00000,0.133,-0.165,0
523.7180,-0.01003,-0.02195,0.01533,0.00000,0.00000,0.116,-0.166,0
523.7700,-0.00720,-0.02360,0.01532,0.00000,0.00000,0.100,-0.166,0
523.8220,-0.00433,-0.02523,0.01530,0.00000,0.00000,0.084,-0.166,0
523.8740,-0.00145,-0.02682,0.01527,0.00000,0.00000,0.069,-0.166,0
523.9260,0.00145,-0.02837,0.01523,0.00000,0.00000,0.054,-0.164,0
523.9780,0.00435,-0.02987,0.01518,0.00000,0.00000,0.041,-0.162,0
524.0300,0.00726,-0.03133,0.01511,0.00000,0.00000,0.028,-0.160,0
524.0820,0.01018,-0.03276,0.01504,0.00000,0.00000,0.016,-0.156,0
524.1340,0.01308,-0.03415,0.01494,0.00000,0.00000,0.005,-0.152,0
524.1860,0.01598,-0.03549,0.01484,0.00000,0.00000,-0.005,-0.148,0
524.2380,0.01886,-0.03680,0.01472,0.00000,0.00000,-0.014,-0.143,0
524.2900,0.02171,-0.03806,0.01458,0.00000,0.00000,-0.021,-0.137,0
524.3420,0.02452,-0.03927,0.01443,0.00000,0.00000,-0.027,-0.130,0
524.3940,0.02730,-0.04043,0.01427,0.00000,0.00000,-0.032,-0.123,0
524.4460,0.03002,-0.04155,0.01409,0.00000,0.00000,-0.035,-0.116,0
524.4980,0.03269,-0.04263,0.01389,0.00000,0.00000,-0.036,-0.108,0
524.5500,0.03530,-0.04368,0.01367,0.00000,0.00000,-0.036,-0.099,0
524.6020,0.03784,-0.04468,0.01344,0.00000,0.00000,-0.034,-0.090,0
524.6540,0.04030,-0.04564,0.01319,0.00000,0.00000,-0.031,-0.080,0
524.7060,0.04268,-0.04656,0.01293,0.00000,0.00000,-0.025,-0.069,0
524.7580,0.04496,-0.04743,0.01264,0.00000,0.00000,-0.018,-0.059,0
524.8100,0.04716,-0.04828,0.01234,0.00000,0.00000,-0.009,-0.048,0
524.8620,0.04926,-0.04909,0.01202,0.00000,0.00000,0.001,-0.036,0
524.9140,0.05127,-0.04985,0.01169,0.00000,0.00000,0.013,-0.024,0
524.9660,0.05319,-0.05057,0.01134,0.00000,0.00000,0.028,-0.012,0
525.0180,0.05503,-0.05126,0.01097,0.00000,0.00000,0.043,0.000,0
525.0700,0.05679,-0.05191,0.01058,0.00000,0.00000,0.060,0.013,0
525.1220,0.05846,-0.05251,0.01018,0.00000,0.00000,0.079,0.025,0
525.1740,0.06006,-0.05307,0.00976,0.00000,0.00000,0.099,0.038,0
525.2260,0.06159,-0.05358,0.00932,0.00000,0.00000,0.121,0.050,0
525.2780,0.06306,-0.05405,0.00888,0.00000,0.00000,0.143,0.062,0
525.3300,0.06446,-0.05448,0.00841,0.00000,0.00000,0.167,0.075,0
525.3820,0.06581,-0.05487,0.00794,0.00000,0.00000,0.191,0.087,0
525.4340,0.06712,-0.05523,0.00745,0.00000,0.00000,0.217,0.098,0
525.4860,0.06837,-0.05555,0.00695,0.00000,0.00000,0.243,0.110,0
525.5380,0.06959,-0.05584,0.00644,0.00000,0.00000,0.270,0.121,0
525.5900,0.07078,-0.05609,0.00592,0.00000,0.00000,0.297,0.131,0
525.6420,0.07192,-0.05631,0.00539,0.00000,0.00000,0.325,0.141,0
525.6940,0.07304,-0.05650,0.00485,0.00000,0.00000,0.354,0.151,0
525.7460,0.07412,-0.05666,0.00430,0.00000,0.00000,0.382,0.160,0
525.7980,0.07517,-0.05677,0.00376,0.00000,0.00000,0.411,0.169,0
525.8500,0.07619,-0.05685,0.00320,0.00000,0.00000,0.440,0.177,0
525.9020,0.07718,-0.05690,0.00265,0.00000,0.00000,0.468,0.184,0
525.9540,0.07814,-0.05693,0.00209,0.00000,0.00000,0.497,0.191,0
526.0060,0.07906,-0.05691,0.00153,0.00000,0.00000,0.525,0.197,0
526.0580,0.07995,-0.05686,0.00097,0.00000,0.00000,0.553,0.202,0
526.1100,0.08081,-0.05678,0.00042,0.00000,0.00000,0.581,0.207,0
526.1620,0.08163,-0.05668,-0.00013,0.00000,0.00000,0.608,0.211,0
526.2140,0.08242,-0.05654,-0.00068,0.00000,0.00000,0.634,0.214,0
526.2660,0.08317,-0.05637,-0.00122,0.00000,0.00000,0.660,0.217,0
526.3180,0.08387,-0.05617,-0.00175,0.00000,0.00000,0.685,0.219,0
526.3700,0.08455,-0.05597,-0.00227,0.00000,0.00000,0.710,0.220,0
526.4220,0.08518,-0.05574,-0.00278,0.00000,0.00000,0.734,0.221,0
526.4740,0.08577,-0.05550,-0.00328,0.00000,0.00000,0.757,0.221,0
526.5260,0.08632,-0.05524,-0.00376,0.00000,0.00000,0.779,0.220,0
526.5780,0.08681,-0.05495,-0.00423,0.00000,0.00000,0.800,0.219,0
526.6300,0.08726,-0.05465,-0.00469,0.00000,0.00000,0.820,0.217,0
526.6820,0.08765,-0.05434,-0.00512,0.00000,0.00000,0.839,0.215,0
526.7340,0.08800,-0.05401,-0.00554,0.00000,0.00000,0.858,0.212,0
526.7860,0.08829,-0.05367,-0.00594,0.00000,0.00000,0.875,0.209,0
526.8380,0.08853,-0.05333,-0.00633,0.00000,0.00000,0.891,0.205,0
526.8900,0.08872,-0.05299,-0.00669,0.00000,0.00000,0.906,0.201,0
526.9420,0.08885,-0.05265,-0.00702,0.00000,0.00000,0.921,0.196,0
526.9940,0.08894,-0.05233,-0.00734,0.00000,0.00000,0.934,0.192,0
527.0460,0.08899,-0.05202,-0.00763,0.00000,0.00000,0.947,0.186,0
527.0980,0.08898,-0.05172,-0.00791,0.00000,0.00000,0.959,0.181,0
527.1500,0.08893,-0.05144,-0.00815,0.00000,0.00000,0.970,0.175,0
527.2020,0.08882,-0.05116,-0.00838,0.00000,0.00000,0.981,0.169,0
527.2540,0.08866,-0.05090,-0.00858,0.00000,0.00000,0.990,0.163,0
527.3060,0.08845,-0.05066,-0.00875,0.00000,0.00000,0.999,0.156,0
527.3580,0.08819,-0.05043,-0.00891,0.00000,0.00000,1.007,0.150,0
527.4100,0.08788,-0.05021,-0.00903,0.00000,0.00000,1.014,0.143,0
527.4620,0.08751,-0.05001,-0.00914,0.00000,0.00000,1.020,0.137,0
527.5140,0.08709,-0.04982,-0.00922,0.00000,0.00000,1.026,0.130,0
527.5660,0.08663,-0.04966,-0.00928,0.00000,0.00000,1.031,0.123,0
527.6180,0.08613,-0.04953,-0.00932,0.00000,0.00000,1.035,0.117,0
527.6700,0.08559,-0.04944,-0.00934,0.00000,0.00000,1.038,0.110,0
527.7220,0.08502,-0.04937,-0.00934,0.00000,0.00000,1.042,0.103,0
527.7740,0.08440,-0.04933,-0.00932,0.00000,0.00000,1.045,0.097,0
527.8260,0.08374,-0.04932,-0.00928,0.00000,0.00000,1.047,0.091,0
527.8780,0.08305,-0.04933,-0.00922,0.00000,0.00000,1.049,0.084,0
527.9300,0.08231,-0.04935,-0.00914,0.00000,0.00000,1.050,0.078,0
527.9820,0.08154,-0.04941,-0.00906,0.00000,0.00000,1.051,0.073,0
528.0340,0.08074,-0.04948,-0.00895,0.00000,0.00000,1.051,0.067,0
528.0860,0.07990,-0.04958,-0.00884,0.00000,0.00000,1.051,0.061,0
528.1380,0.07903,-0.04970,-0.00872,0.00000,0.00000,1.051,0.056,0
528.1900,0.07814,-0.04985,-0.00858,0.00000,0.00000,1.050,0.051,0
528.2420,0.07722,-0.05003,-0.00844,0.00000,0.00000,1.049,0.046,0
528.2940,0.07628,-0.05023,-0.00829,0.00000,0.00000,1.048,0.042,0
528.3460,0.07531,-0.05045,-0.00813,0.00000,0.00000,1.046,0.037,0
528.3980,0.07433,-0.05070,-0.00797,0.00000,0.00000,1.045,0.033,0
528.4500,0.07331,-0.05095,-0.00781,0.00000,0.00000,1.043,0.029,0
528.5020,0.07228,-0.05121,-0.00765,0.00000,0.00000,1.041,0.025,0
528.5540,0.07123,-0.05150,-0.00749,0.00000,0.00000,1.038,0.021,0
528.6060,0.07017,-0.05182,-0.00733,0.00000,0.00000,1.036,0.018,0
528.6580,0.06909,-0.05214,-0.00717,0.00000,0.00000,1.033,0.015,0
528.7100,0.06799,-0.05246,-0.00702,0.00000,0.00000,1.031,0.012,0
528.7620,0.06687,-0.05279,-0.00687,0.00000,0.00000,1.028,0.009,0
528.8140,0.06574,-0.05312,-0.00673,0.00000,0.00000,1.025,0.006,0
528.8660,0.06459,-0.05347,-0.00659,0.00000,0.00000,1.022,0.003,0
528.9180,0.06344,-0.05382,-0.00647,0.00000,0.00000,1.018,0.001,0
528.9700,0.06227,-0.05416,-0.00635,0.00000,0.00000,1.015,-0.001,0
529.0220,0.06108,-0.05450,-0.00624,0.00000,0.00000,1.011,-0.004,0
529.0740,0.05987,-0.05483,-0.00614,0.00000,0.00000,1.007,-0.006,0
529.1260,0.05865,-0.05513,-0.00606,0.00000,0.00000,1.003,-0.008,0
529.1780,0.05741,-0.05543,-0.00598,0.00000,0.00000,0.998,-0.010,0
529.2300,0.05615,-0.05570,-0.00592,0.00000,0.00000,0.993,-0.012,0
529.2820,0.05487,-0.05596,-0.00587,0.00000,0.00000,0.988,-0.014,0
529.3340,0.05357,-0.05619,-0.00582,0.00000,0.00000,0.982,-0.015,0
529.3860,0.05225,-0.05640,-0.00580,0.00000,0.00000,0.976,-0.017,0
529.4380,0.05091,-0.05657,-0.00578,0.00000,0.00000,0.969,-0.019,0
529.4900,0.04955,-0.05670,-0.00577,0.00000,0.00000,0.962,-0.021,0
529.5420,0.04816,-0.05680,-0.00578,0.00000,0.00000,0.955,-0.022,0
529.5940,0.04675,-0.05687,-0.00580,0.00000,0.00000,0.946,-0.024,0
529.6460,0.04532,-0.05690,-0.00582,0.00000,0.00000,0.938,-0.026,0
529.6980,0.04388,-0.05691,-0.00586,0.00000,0.00000,0.929,-0.027,0
529.7500,0.04241,-0.05688,-0.00590,0.00000,0.00000,0.920,-0.029,0
529.8020,0.04093,-0.05682,-0.00595,0.00000,0.00000,0.910,-0.031,0
529.8540,0.03943,-0.05672,-0.00601,0.00000,0.00000,0.900,-0.032,0
529.9060,0.03791,-0.05658,-0.00607,0.00000,0.00000,0.889,-0.034,0
529.9580,0.03637,-0.05641,-0.00614,0.00000,0.00000,0.878,-0.036,0
530.0100,0.03481,-0.05618,-0.00622,0.00000,0.00000,0.866,-0.037,0
530.0620,0.03324,-0.05592,-0.00629,0.00000,0.00000,0.854,-0.039,0
530.1140,0.03165,-0.05563,-0.00637,0.00000,0.00000,0.841,-0.040,0
530.1660,0.03005,-0.05529,-0.00644,0.00000,0.00000,0.828,-0.042,0
530.2180,0.02844,-0.05491,-0.00652,0.00000,0.00000,0.814,-0.043,0
530.2700,0.02681,-0.05449,-0.00659,0.00000,0.00000,0.800,-0.045,0
530.3220,0.02516,-0.05402,-0.00667,0.00000,0.00000,0.785,-0.046,0
530.3740,0.02352,-0.05352,-0.00673,0.00000,0.00000,0.770,-0.047,0
530.4260,0.02187,-0.05298,-0.00679,0.00000,0.00000,0.754,-0.049,0
530.4780,0.02021,-0.05240,-0.00684,0.00000,0.00000,0.738,-0.050,0
530.5300,0.01855,-0.05178,-0.00689,0.00000,0.00000,0.721,-0.051,0
530.5820,0.01689,-0.05112,-0.00693,0.00000,0.00000,0.704,-0.052,0
530.6340,0.01523,-0.05042,-0.00695,0.00000,0.00000,0.687,-0.052,0
530.6860,0.01357,-0.04968,-0.00697,0.00000,0.00000,0.669,-0.053,0
530.7380,0.01193,-0.04891,-0.00697,0.00000,0.00000,0.650,-0.053,0
530.7900,0.01029,-0.04810,-0.00696,0.00000,0.00000,0.631,-0.054,0
530.8420,0.00867,-0.04726,-0.00693,0.00000,0.00000,0.612,-0.054,0
530.8940,0.00707,-0.04639,-0.00689,0.00000,0.00000,0.593,-0.054,0
530.9460,0.00549,-0.04550,-0.00684,0.00000,0.00000,0.573,-0.054,0
530.9980,0.00395,-0.04459,-0.00677,0.00000,0.00000,0.553,-0.054,0
531.0500,0.00243,-0.04366,-0.00669,0.00000,0.00000,0.533,-0.053,0
531.1020,0.00096,-0.04272,-0.00659,0.00000,0.00000,0.513,-0.053,0
531.1540,-0.00049,-0.04175,-0.00647,0.00000,0.00000,0.493,-0.052,0
531.2060,-0.00189,-0.04076,-0.00633,0.00000,0.00000,0.473,-0.051,0
531.2580,-0.00324,-0.03977,-0.00618,0.00000,0.00000,0.453,-0.050,0
531.3100,-0.00454,-0.03877,-0.00602,0.00000,0.00000,0.433,-0.049,0
531.3620,-0.00578,-0.03779,-0.00584,0.00000,0.00000,0.413,-0.048,0
531.4140,-0.00695,-0.03680,-0.00564,0.00000,0.00000,0.394,-0.046,0
531.4660,-0.00807,-0.03581,-0.00542,0.00000,0.00000,0.375,-0.045,0
531.5180,-0.00912,-0.03483,-0.00520,0.00000,0.00000,0.356,-0.043,0
531.5700,-0.01010,-0.03385,-0.00495,0.00000,0.00000,0.337,-0.042,0
531.6220,-0.01101,-0.03289,-0.00470,0.00000,0.00000,0.319,-0.040,0
531.6740,-0.01184,-0.03195,-0.00443,0.00000,0.00000,0.301,-0.038,0
531.7260,-0.01259,-0.03101,-0.00415,0.00000,0.00000,0.283,-0.036,0
531.7780,-0.01327,-0.03009,-0.00386,0.00000,0.00000,0.267,-0.034,0
531.8300,-0.01387,-0.02917,-0.00357,0.00000,0.00000,0.250,-0.032,0
531.8820,-0.01440,-0.02826,-0.00326,0.00000,0.00000,0.234,-0.030,0
531.9340,-0.01486,-0.02735,-0.00295,0.00000,0.00000,0.218,-0.028,0
531.9860,-0.01524,-0.02645,-0.00263,0.00000,0.00000,0.203,-0.026,0
532.0380,-0.01553,-0.02558,-0.00231,0.00000,0.00000,0.188,-0.024,0
532.0900,-0.01574,-0.02474,-0.00199,0.00000,0.00000,0.174,-0.022,0
532.1420,-0.01587,-0.02392,-0.00166,0.00000,0.00000,0.161,-0.020,0
532.1940,-0.01592,-0.02310,-0.00134,0.00000,0.00000,0.149,-0.019,0
532.2460,-0.01590,-0.02232,-0.00102,0.00000,0.00000,0.137,-0.017,0
532.2980,-0.01580,-0.02154,-0.00070,0.00000,0.00000,0.125,-0.015,0
532.3500,-0.01563,-0.02079,-0.00038,0.00000,0.00000,0.115,-0.013,0
532.4020,-0.01539,-0.02005,-0.00008,0.00000,0.00000,0.104,-0.012,0
532.4540,-0.01509,-0.01932,0.00022,0.00000,0.00000,0.095,-0.010,0
532.5060,-0.01472,-0.01862,0.00051,0.00000,0.00000,0.086,-0.009,0
532.5580,-0.01429,-0.01792,0.00079,0.00000,0.00000,0.078,-0.008,0
532.6100,-0.01382,-0.01723,0.00106,0.00000,0.00000,0.070,-0.006,0
532.6620,-0.01328,-0.01655,0.00131,0.00000,0.00000,0.064,-0.005,0
532.7140,-0.01270,-0.01589,0.00155,0.00000,0.00000,0.057,-0.004,0
532.7660,-0.01208,-0.01523,0.00178,0.00000,0.00000,0.051,-0.003,0
532.8180,-0.01142,-0.01457,0.00199,0.00000,0.00000,0.046,-0.003,0
532.8700,-0.01072,-0.01391,0.00218,0.00000,0.00000,0.042,-0.002,0
532.9220,-0.01000,-0.01327,0.00235,0.00000,0.00000,0.037,-0.001,0
532.9740,-0.00925,-0.01262,0.00250,0.00000,0.00000,0.034,-0.001,0
533.0260,-0.00848,-0.01196,0.00264,0.00000,0.00000,0.031,-0.000,0
533.0780,-0.00769,-0.01131,0.00275,0.00000,0.00000,0.028,0.000,0
533.1300,-0.00689,-0.01066,0.00285,0.00000,0.00000,0.026,0.001,0
533.1820,-0.00608,-0.01001,0.00292,0.00000,0.00000,0.024,0.001,0
533.2340,-0.00526,-0.00936,0.00297,0.00000,0.00000,0.022,0.001,0
533.2860,-0.00445,-0.00869,0.00301,0.00000,0.00000,0.021,0.002,0
533.3380,-0.00365,-0.00802,0.00302,0.00000,0.00000,0.020,0.002,0
533.3900,-0.00285,-0.00734,0.00301,0.00000,0.00000,0.020,0.002,0
533.4420,-0.00207,-0.00665,0.00299,0.00000,0.00000,0.019,0.002,0
533.4940,-0.00130,-0.00595,0.00294,0.00000,0.00000,0.019,0.002,0
533.5460,-0.00056,-0.00523,0.00288,0.00000,0.00000,0.019,0.002,0
533.5980,0.00016,-0.00451,0.00280,0.00000,0.00000,0.020,0.002,0
533.6500,0.00087,-0.00380,0.00271,0.00000,0.00000,0.020,0.003,0
533.7020,0.00155,-0.00309,0.00260,0.00000,0.00000,0.021,0.003,0
533.7540,0.00221,-0.00237,0.00247,0.00000,0.00000,0.021,0.003,0
533.8060,0.00283,-0.00166,0.00233,0.00000,0.00000,0.022,0.003,0
533.8580,0.00342,-0.00093,0.00218,0.00000,0.00000,0.023,0.003,0
533.9100,0.00397,-0.00019,0.00202,0.00000,0.00000,0.024,0.003,0
533.9620,0.00448,0.00055,0.00185,0.00000,0.00000,0.025,0.003,0
534.0140,0.00496,0.00129,0.00167,0.00000,0.00000,0.026,0.003,0
534.0660,0.00540,0.00202,0.00148,0.00000,0.00000,0.027,0.003,0
534.1180,0.00581,0.00275,0.00129,0.00000,0.00000,0.027,0.003,0
534.1700,0.00619,0.00347,0.00110,0.00000,0.00000,0.028,0.003,0
534.2220,0.00652,0.00417,0.00091,0.00000,0.00000,0.029,0.004,0
534.2740,0.00681,0.00488,0.00071,0.00000,0.00000,0.030,0.004,0
534.3260,0.00706,0.00559,0.00052,0.00000,0.00000,0.030,0.004,0
534.3780,0.00727,0.00630,0.00033,0.00000,0.00000,0.030,0.004,0
534.4300,0.00745,0.00698,0.00014,0.00000,0.00000,0.030,0.004,0
534.4820,0.00759,0.00764,-0.00004,0.00000,0.00000,0.031,0.004,0
534.5340,0.00770,0.00828,-0.00021,0.00000,0.00000,0.030,0.004,0
534.5860,0.00779,0.00888,-0.00037,0.00000,0.00000,0.030,0.004,0
534.6380,0.00784,0.00947,-0.00053,0.00000,0.00000,0.030,0.004,0
534.6900,0.00787,0.01002,-0.00067,0.00000,0.00000,0.030,0.004,0
534.7420,0.00788,0.01053,-0.00080,0.00000,0.00000,0.029,0.004,0
534.7940,0.00786,0.01099,-0.00092,0.00000,0.00000,0.028,0.004,0
534.8460,0.00783,0.01143,-0.00102,0.00000,0.00000,0.028,0.004,0
534.8980,0.00777,0.01183,-0.00111,0.00000,0.00000,0.027,0.004,0
534.9500,0.00769,0.01219,-0.00118,0.00000,0.00000,0.026,0.004,0
535.0020,0.00760,0.01250,-0.00123,0.00000,0.00000,0.025,0.004,0
535.0540,0.00751,0.01276,-0.00127,0.00000,0.00000,0.024,0.004,0
535.1060,0.00741,0.01296,-0.00129,0.00000,0.00000,0.023,0.004,0
535.1580,0.00730,0.01309,-0.00129,0.00000,0.00000,0.022,0.004,0
535.2100,0.00720,0.01317,-0.00127,0.00000,0.00000,0.020,0.004,0
535.2620,0.00710,0.01319,-0.00124,0.00000,0.00000,0.019,0.004,0
535.3140,0.00701,0.01314,-0.00118,0.00000,0.00000,0.018,0.004,0
535.3660,0.00691,0.01305,-0.00111,0.00000,0.00000,0.017,0.005,0
535.4180,0.00682,0.01290,-0.00102,0.00000,0.00000,0.016,0.005,0
535.4700,0.00675,0.01267,-0.00092,0.00000,0.00000,0.014,0.005,0
535.5220,0.00668,0.01239,-0.00079,0.00000,0.00000,0.013,0.005,0
535.5740,0.00663,0.01204,-0.00065,0.00000,0.00000,0.012,0.005,0
535.6260,0.00660,0.01162,-0.00050,0.00000,0.00000,0.011,0.005,0
535.6780,0.00659,0.01115,-0.00033,0.00000,0.00000,0.010,0.006,0
535.7300,0.00660,0.01061,-0.00015,0.00000,0.00000,0.009,0.006,0
535.7820,0.00663,0.01001,0.00004,0.00000,0.00000,0.008,0.006,0
535.8340,0.00667,0.00935,0.00024,0.00000,0.00000,0.008,0.006,0
535.8860,0.00675,0.00864,0.00045,0.00000,0.00000,0.007,0.007,0
535.9380,0.00684,0.00786,0.00067,0.00000,0.00000,0.007,0.007,0
535.9900,0.00697,0.00704,0.00089,0.00000,0.00000,0.006,0.008,0
536.0420,0.00712,0.00615,0.00112,0.00000,0.00000,0.006,0.008,0
536.0940,0.00730,0.00521,0.00135,0.00000,0.00000,0.006,0.009,0
536.1460,0.00751,0.00421,0.00158,0.00000,0.00000,0.006,0.009,0
536.1980,0.00775,0.00317,0.00181,0.00000,0.00000,0.006,0.010,0
536.2500,0.00801,0.00209,0.00204,0.00000,0.00000,0.006,0.010,0
536.3020,0.00830,0.00096,0.00227,0.00000,0.00000,0.007,0.011,0
536.3540,0.00861,-0.00020,0.00249,0.00000,0.00000,0.007,0.012,0
536.4060,0.00895,-0.00139,0.00270,0.00000,0.00000,0.008,0.013,0
536.4580,0.00930,-0.00260,0.00290,0.00000,0.00000,0.009,0.014,0
536.5100,0.00968,-0.00384,0.00309,0.00000,0.00000,0.010,0.014,0
536.5620,0.01007,-0.00510,0.00327,0.00000,0.00000,0.012,0.015,0
536.6140,0.01047,-0.00635,0.00343,0.00000,0.00000,0.013,0.016,0
536.6660,0.01090,-0.00764,0.00358,0.00000,0.00000,0.015,0.017,0
536.7180,0.01134,-0.00894,0.00371,0.00000,0.00000,0.017,0.018,0
536.7700,0.01179,-0.01024,0.00383,0.00000,0.00000,0.019,0.019,0
536.8220,0.01225,-0.01153,0.00392,0.00000,0.00000,0.022,0.021,0
536.8740,0.01271,-0.01282,0.00399,0.00000,0.00000,0.025,0.022,0
536.9260,0.01317,-0.01410,0.00404,0.00000,0.00000,0.027,0.023,0
536.9780,0.01363,-0.01535,0.00407,0.00000,0.00000,0.031,0.024,0
537.0300,0.01409,-0.01659,0.00408,0.00000,0.00000,0.034,0.025,0
537.0820,0.01453,-0.01778,0.00406,0.00000,0.00000,0.038,0.026,0
537.1340,0.01495,-0.01895,0.00401,0.00000,0.00000,0.041,0.028,0
537.1860,0.01537,-0.02008,0.00395,0.00000,0.00000,0.045,0.029,0
537.2380,0.01577,-0.02118,0.00385,0.00000,0.00000,0.050,0.030,0
537.2900,0.01614,-0.02222,0.00374,0.00000,0.00000,0.054,0.031,0
537.3420,0.01648,-0.02323,0.00359,0.00000,0.00000,0.059,0.032,0
537.3940,0.01681,-0.02418,0.00343,0.00000,0.00000,0.063,0.033,0
537.4460,0.01710,-0.02508,0.00323,0.00000,0.00000,0.068,0.034,0
537.4980,0.01736,-0.02593,0.00302,0.00000,0.00000,0.073,0.035,0
537.5500,0.01759,-0.02674,0.00278,0.00000,0.00000,0.078,0.036,0
537.6020,0.01779,-0.02749,0.00252,0.00000,0.00000,0.084,0.037,0
537.6540,0.01794,-0.02818,0.00224,0.00000,0.00000,0.089,0.038,0
537.7060,0.01806,-0.02881,0.00194,0.00000,0.00000,0.094,0.038,0
537.7580,0.01813,-0.02938,0.00162,0.00000,0.00000,0.100,0.039,0
537.8100,0.01816,-0.02988,0.00128,0.00000,0.00000,0.105,0.039,0
537.8620,0.01814,-0.03031,0.00092,0.00000,0.00000,0.111,0.039,0
537.9140,0.01807,-0.03068,0.00056,0.00000,0.00000,0.116,0.039,0
537.9660,0.01795,-0.03098,0.00017,0.00000,0.00000,0.121,0.039,0
538.0180,0.01779,-0.03122,-0.00022,0.00000,0.00000,0.126,0.039,0
538.0700,0.01757,-0.03140,-0.00062,0.00000,0.00000,0.131,0.039,0
538.1220,0.01731,-0.03151,-0.00102,0.00000,0.00000,0.135,0.038,0
538.1740,0.01699,-0.03155,-0.00144,0.00000,0.00000,0.140,0.038,0
538.2260,0.01661,-0.03151,-0.00185,0.00000,0.00000,0.144,0.037,0
538.2780,0.01618,-0.03141,-0.00227,0.00000,0.00000,0.147,0.036,0
538.3300,0.01570,-0.03124,-0.00268,0.00000,0.00000,0.150,0.035,0
538.3820,0.01516,-0.03102,-0.00309,0.00000,0.00000,0.153,0.034,0
538.4340,0.01459,-0.03073,-0.00349,0.00000,0.00000,0.156,0.033,0
538.4860,0.01396,-0.03040,-0.00389,0.00000,0.00000,0.158,0.032,0
538.5380,0.01329,-0.03001,-0.00428,0.00000,0.00000,0.160,0.030,0
538.5900,0.01259,-0.02957,-0.00465,0.00000,0.00000,0.161,0.029,0
538.6420,0.01184,-0.02909,-0.00501,0.00000,0.00000,0.162,0.027,0
538.6940,0.01106,-0.02856,-0.00535,0.00000,0.00000,0.162,0.025,0
538.7460,0.01024,-0.02799,-0.00567,0.00000,0.00000,0.162,0.023,0
538.7980,0.00940,-0.02740,-0.00597,0.00000,0.00000,0.162,0.022,0
538.8500,0.00853,-0.02678,-0.00625,0.00000,0.00000,0.161,0.020,0
538.9020,0.00765,-0.02614,-0.00651,0.00000,0.00000,0.160,0.018,0
538.9540,0.00675,-0.02547,-0.00674,0.00000,0.00000,0.159,0.016,0
539.0060,0.00584,-0.02478,-0.00694,0.00000,0.00000,0.157,0.015,0
539.0580,0.00490,-0.02406,-0.00711,0.00000,0.00000,0.154,0.013,0
539.1100,0.00396,-0.02333,-0.00726,0.00000,0.00000,0.152,0.011,0
539.1620,0.00303,-0.02260,-0.00737,0.00000,0.00000,0.149,0.009,0
539.2140,0.00210,-0.02186,-0.00746,0.00000,0.00000,0.145,0.008,0
539.2660,0.00117,-0.02112,-0.00751,0.00000,0.00000,0.142,0.006,0
539.3180,0.00025,-0.02038,-0.00753,0.00000,0.00000,0.137,0.005,0
539.3700,-0.00065,-0.01965,-0.00751,0.00000,0.00000,0.133,0.004,0
539.4220,-0.00152,-0.01893,-0.00747,0.00000,0.00000,0.129,0.002,0
539.4740,-0.00237,-0.01822,-0.00739,0.00000,0.00000,0.124,0.001,0
539.5260,-0.00319,-0.01753,-0.00728,0.00000,0.00000,0.119,0.000,0
539.5780,-0.00397,-0.01686,-0.00713,0.00000,0.00000,0.114,-0.000,0
539.6300,-0.00472,-0.01622,-0.00696,0.00000,0.00000,0.109,-0.001,0
539.6820,-0.00542,-0.01561,-0.00675,0.00000,0.00000,0.104,-0.002,0
539.7340,-0.00608,-0.01501,-0.00651,0.00000,0.00000,0.099,-0.002,0
539.7860,-0.00669,-0.01446,-0.00625,0.00000,0.00000,0.093,-0.003,0
539.8380,-0.00723,-0.01396,-0.00595,0.00000,0.00000,0.088,-0.003,0
539.8900,-0.00771,-0.01352,-0.00563,0.00000,0.00000,0.083,-0.003,0
539.9420,-0.00812,-0.01313,-0.00529,0.00000,0.00000,0.078,-0.003,0
539.9940,-0.00846,-0.01280,-0.00492,0.00000,0.00000,0.073,-0.003,0
540.0460,-0.00873,-0.01252,-0.00453,0.00000,0.00000,0.069,-0.003,0
540.0980,-0.00894,-0.01230,-0.00413,0.00000,0.00000,0.064,-0.003,0
540.1500,-0.00907,-0.01212,-0.00370,0.00000,0.00000,0.060,-0.003,0
540.2020,-0.00915,-0.01198,-0.00326,0.00000,0.00000,0.055,-0.003,0
540.2540,-0.00914,-0.01191,-0.00281,0.00000,0.00000,0.051,-0.003,0
540.3060,-0.00906,-0.01190,-0.00235,0.00000,0.00000,0.048,-0.002,0
540.3580,-0.00891,-0.01197,-0.00187,0.00000,0.00000,0.044,-0.002,0
540.4100,-0.00868,-0.01207,-0.00140,0.00000,0.00000,0.041,-0.001,0
540.4620,-0.00839,-0.01225,-0.00092,0.00000,0.00000,0.038,-0.001,0
540.5140,-0.00802,-0.01248,-0.00043,0.00000,0.00000,0.035,-0.001,0
540.5660,-0.00757,-0.01278,0.00005,0.00000,0.00000,0.032,-0.000,0
540.6180,-0.00707,-0.01314,0.00052,0.00000,0.00000,0.030,0.000,0
540.6700,-0.00648,-0.01357,0.00100,0.00000,0.00000,0.028,0.001,0
540.7220,-0.00584,-0.01405,0.00146,0.00000,0.00000,0.027,0.001,0
540.7740,-0.00515,-0.01456,0.00191,0.00000,0.00000,0.026,0.002,0
540.8260,-0.00440,-0.01514,0.00235,0.00000,0.00000,0.025,0.002,0
540.8780,-0.00360,-0.01577,0.00277,0.00000,0.00000,0.024,0.002,0
540.9300,-0.00274,-0.01646,0.00318,0.00000,0.00000,0.024,0.003,0
540.9820,-0.00183,-0.01719,0.00357,0.00000,0.00000,0.024,0.003,0
541.0340,-0.00089,-0.01797,0.00394,0.00000,0.00000,0.024,0.004,0
541.0860,0.00009,-0.01879,0.00428,0.00000,0.00000,0.025,0.004,0
541.1380,0.00111,-0.01965,0.00461,0.00000,0.00000,0.026,0.005,0
541.1900,0.00215,-0.02054,0.00490,0.00000,0.00000,0.028,0.006,0
541.2420,0.00321,-0.02145,0.00517,0.00000,0.00000,0.030,0.006,0
541.2940,0.00429,-0.02239,0.00542,0.00000,0.00000,0.032,0.007,0
541.3460,0.00538,-0.02336,0.00563,0.00000,0.00000,0.035,0.008,0
541.3980,0.00648,-0.02435,0.00582,0.00000,0.00000,0.038,0.009,0
541.4500,0.00759,-0.02536,0.00597,0.00000,0.00000,0.041,0.010,0
541.5020,0.00870,-0.02638,0.00610,0.00000,0.00000,0.045,0.011,0
541.5540,0.00981,-0.02741,0.00620,0.00000,0.00000,0.050,0.012,0
541.6060,0.01090,-0.02844,0.00626,0.00000,0.00000,0.055,0.013,0
541.6580,0.01197,-0.02947,0.00629,0.00000,0.00000,0.060,0.014,0
541.7100,0.01303,-0.03049,0.00630,0.00000,0.00000,0.065,0.015,0
541.7620,0.01407,-0.03152,0.00627,0.00000,0.00000,0.071,0.017,0
541.8140,0.01509,-0.03253,0.00622,0.00000,0.00000,0.077,0.018,0
541.8660,0.01609,-0.03354,0.00613,0.00000,0.00000,0.084,0.020,0
541.9180,0.01705,-0.03454,0.00602,0.00000,0.00000,0.091,0.021,0
541.9700,0.01799,-0.03553,0.00588,0.00000,0.00000,0.099,0.023,0
542.0220,0.01889,-0.03649,0.00572,0.00000,0.00000,0.107,0.024,0
542.0740,0.01975,-0.03745,0.00553,0.00000,0.00000,0.115,0.026,0
542.1260,0.02058,-0.03837,0.00532,0.00000,0.00000,0.124,0.028,0
542.1780,0.02137,-0.03928,0.00508,0.00000,0.00000,0.132,0.029,0
542.2300,0.02212,-0.04017,0.00483,0.00000,0.00000,0.142,0.031,0
542.2820,0.02284,-0.04104,0.00455,0.00000,0.00000,0.151,0.033,0
542.3340,0.02351,-0.04189,0.00426,0.00000,0.00000,0.161,0.035,0
542.3860,0.02415,-0.04271,0.00395,0.00000,0.00000,0.171,0.036,0
542.4380,0.02474,-0.04350,0.00363,0.00000,0.00000,0.182,0.038,0
542.4900,0.02528,-0.04426,0.00330,0.00000,0.00000,0.192,0.039,0
542.5420,0.02579,-0.04500,0.00296,0.00000,0.00000,0.203,0.041,0
542.5940,0.02625,-0.04571,0.00261,0.00000,0.00000,0.214,0.042,0
542.6460,0.02667,-0.04638,0.00225,0.00000,0.00000,0.225,0.043,0
542.6980,0.02705,-0.04701,0.00189,0.00000,0.00000,0.236,0.044,0
542.7500,0.02738,-0.04762,0.00153,0.00000,0.00000,0.247,0.045,0
542.8020,0.02767,-0.04819,0.00116,0.00000,0.00000,0.257,0.046,0
542.8540,0.02792,-0.04872,0.00080,0.00000,0.00000,0.268,0.047,0
542.9060,0.02812,-0.04920,0.00045,0.00000,0.00000,0.279,0.048,0
542.9580,0.02828,-0.04964,0.00009,0.00000,0.00000,0.289,0.048,0
543.0100,0.02841,-0.05006,-0.00025,0.00000,0.00000,0.299,0.048,0
543.0620,0.02850,-0.05043,-0.00059,0.00000,0.00000,0.309,0.049,0
543.1140,0.02856,-0.05078,-0.00092,0.00000,0.00000,0.319,0.049,0
543.1660,0.02859,-0.05109,-0.00123,0.00000,0.00000,0.329,0.049,0
543.2180,0.02859,-0.05137,-0.00153,0.00000,0.00000,0.338,0.048,0
543.2700,0.02856,-0.05162,-0.00182,0.00000,0.00000,0.347,0.048,0
543.3220,0.02851,-0.05184,-0.00209,0.00000,0.00000,0.356,0.048,0
543.3740,0.02844,-0.05204,-0.00235,0.00000,0.00000,0.364,0.047,0
543.4260,0.02835,-0.05221,-0.00258,0.00000,0.00000,0.372,0.047,0
543.4780,0.02825,-0.05237,-0.00280,0.00000,0.00000,0.380,0.046,0
543.5300,0.02815,-0.05252,-0.00300,0.00000,0.00000,0.388,0.045,0
543.5820,0.02803,-0.05264,-0.00317,0.00000,0.00000,0.395,0.044,0
543.6340,0.02791,-0.05275,-0.00333,0.00000,0.00000,0.403,0.044,0
543.6860,0.02779,-0.05284,-0.00347,0.00000,0.00000,0.410,0.043,0
543.7380,0.02766,-0.05290,-0.00358,0.00000,0.00000,0.416,0.042,0
543.7900,0.02752,-0.05294,-0.00368,0.00000,0.00000,0.422,0.041,0
543.8420,0.02739,-0.05296,-0.00375,0.00000,0.00000,0.428,0.040,0
543.8940,0.02726,-0.05295,-0.00380,0.00000,0.00000,0.434,0.039,0
543.9460,0.02713,-0.05292,-0.00383,0.00000,0.00000,0.439,0.038,0
543.9980,0.02702,-0.05288,-0.00384,0.00000,0.00000,0.444,0.037,0
544.0500,0.02692,-0.05283,-0.00384,0.00000,0.00000,0.448,0.036,0
544.1020,0.02683,-0.05277,-0.00381,0.00000,0.00000,0.453,0.035,0
544.1540,0.02676,-0.05269,-0.00376,0.00000,0.00000,0.457,0.034,0
544.2060,0.02670,-0.05259,-0.00370,0.00000,0.00000,0.461,0.033,0
544.2580,0.02666,-0.05248,-0.00362,0.00000,0.00000,0.465,0.033,0
544.3100,0.02664,-0.05234,-0.00353,0.00000,0.00000,0.468,0.032,0
544.3620,0.02664,-0.05220,-0.00343,0.00000,0.00000,0.471,0.031,0
544.4140,0.02667,-0.05205,-0.00331,0.00000,0.00000,0.475,0.031,0
544.4660,0.02672,-0.05188,-0.00318,0.00000,0.00000,0.478,0.031,0
544.5180,0.02680,-0.05172,-0.00304,0.00000,0.00000,0.481,0.030,0
544.5700,0.02692,-0.05155,-0.00289,0.00000,0.00000,0.484,0.030,0
544.6220,0.02705,-0.05136,-0.00274,0.00000,0.00000,0.487,0.030,0
544.6740,0.02722,-0.05116,-0.00257,0.00000,0.00000,0.490,0.030,0
544.7260,0.02741,-0.05095,-0.00241,0.00000,0.00000,0.493,0.030,0
544.7780,0.02762,-0.05072,-0.00224,0.00000,0.00000,0.496,0.030,0
544.8300,0.02786,-0.05047,-0.00208,0.00000,0.00000,0.499,0.030,0
544.8820,0.02812,-0.05020,-0.00191,0.00000,0.00000,0.501,0.030,0
544.9340,0.02841,-0.04992,-0.00174,0.00000,0.00000,0.504,0.030,0
544.9860,0.02871,-0.04963,-0.00158,0.00000,0.00000,0.507,0.031,0
545.0380,0.02904,-0.04931,-0.00143,0.00000,0.00000,0.509,0.031,0
545.0900,0.02939,-0.04896,-0.00127,0.00000,0.00000,0.512,0.032,0
545.1420,0.02975,-0.04860,-0.00113,0.00000,0.00000,0.515,0.032,0
545.1940,0.03014,-0.04823,-0.00100,0.00000,0.00000,0.517,0.033,0
545.2460,0.03054,-0.04783,-0.00087,0.00000,0.00000,0.520,0.034,0
545.2980,0.03095,-0.04741,-0.00075,0.00000,0.00000,0.523,0.035,0
545.3500,0.03139,-0.04699,-0.00065,0.00000,0.00000,0.526,0.035,0
545.4020,0.03185,-0.04657,-0.00056,0.00000,0.00000,0.529,0.036,0
545.4540,0.03232,-0.04613,-0.00048,0.00000,0.00000,0.532,0.037,0
545.5060,0.03280,-0.04568,-0.00041,0.00000,0.00000,0.535,0.038,0
545.5580,0.03328,-0.04521,-0.00036,0.00000,0.00000,0.539,0.039,0
545.6100,0.03377,-0.04471,-0.00032,0.00000,0.00000,0.542,0.039,0
545.6620,0.03425,-0.04419,-0.00030,0.00000,0.00000,0.545,0.040,0
545.7140,0.03473,-0.04364,-0.00029,0.00000,0.00000,0.549,0.041,0
545.7660,0.03520,-0.04306,-0.00030,0.00000,0.00000,0.552,0.042,0
545.8180,0.03566,-0.04244,-0.00032,0.00000,0.00000,0.554,0.043,0
545.8700,0.03609,-0.04178,-0.00036,0.00000,0.00000,0.557,0.043,0
545.9220,0.03651,-0.04109,-0.00041,0.00000,0.00000,0.559,0.044,0
545.9740,0.03691,-0.04037,-0.00047,0.00000,0.00000,0.561,0.044,0
546.0260,0.03730,-0.03963,-0.00055,0.00000,0.00000,0.562,0.045,0
546.0780,0.03766,-0.03887,-0.00064,0.00000,0.00000,0.564,0.045,0
546.1300,0.03801,-0.03809,-0.00074,0.00000,0.00000,0.565,0.045,0
546.1820,0.03833,-0.03729,-0.00085,0.00000,0.00000,0.566,0.045,0
546.2340,0.03863,-0.03645,-0.00098,0.00000,0.00000,0.566,0.046,0
546.2860,0.03889,-0.03559,-0.00111,0.00000,0.00000,0.567,0.046,0
546.3380,0.03912,-0.03470,-0.00125,0.00000,0.00000,0.567,0.045,0
546.3900,0.03931,-0.03378,-0.00141,0.00000,0.00000,0.566,0.045,0
546.4420,0.03947,-0.03284,-0.00156,0.00000,0.00000,0.565,0.045,0
546.4940,0.03959,-0.03189,-0.00172,0.00000,0.00000,0.564,0.044,0
546.5460,0.03968,-0.03091,-0.00189,0.00000,0.00000,0.562,0.044,0
546.5980,0.03973,-0.02991,-0.00206,0.00000,0.00000,0.560,0.043,0
546.6500,0.03974,-0.02890,-0.00223,0.00000,0.00000,0.557,0.042,0
546.7020,0.03971,-0.02788,-0.00241,0.00000,0.00000,0.554,0.041,0
546.7540,0.03965,-0.02685,-0.00258,0.00000,0.00000,0.550,0.040,0
546.8060,0.03955,-0.02582,-0.00276,0.00000,0.00000,0.546,0.039,0
546.8580,0.03941,-0.02480,-0.00293,0.00000,0.00000,0.542,0.038,0
546.9100,0.03924,-0.02377,-0.00309,0.00000,0.00000,0.537,0.037,0
546.9620,0.03903,-0.02275,-0.00325,0.00000,0.00000,0.532,0.035,0
547.0140,0.03879,-0.02173,-0.00341,0.00000,0.00000,0.526,0.034,0
547.0660,0.03850,-0.02071,-0.00356,0.00000,0.00000,0.521,0.032,0
547.1180,0.03818,-0.01970,-0.00371,0.00000,0.00000,0.514,0.031,0
547.1700,0.03782,-0.01870,-0.00384,0.00000,0.00000,0.508,0.029,0
547.2220,0.03742,-0.01770,-0.00397,0.00000,0.00000,0.500,0.027,0
547.2740,0.03699,-0.01673,-0.00409,0.00000,0.00000,0.493,0.026,0
547.3260,0.03652,-0.01577,-0.00419,0.00000,0.00000,0.485,0.024,0
547.3780,0.03603,-0.01482,-0.00429,0.00000,0.00000,0.477,0.022,0
547.4300,0.03549,-0.01389,-0.00437,0.00000,0.00000,0.468,0.020,0
547.4820,0.03493,-0.01299,-0.00445,0.00000,0.00000,0.460,0.018,0
547.5340,0.03434,-0.01211,-0.00451,0.00000,0.00000,0.451,0.017,0
547.5860,0.03372,-0.01126,-0.00456,0.00000,0.00000,0.441,0.015,0
547.6380,0.03308,-0.01044,-0.00460,0.00000,0.00000,0.432,0.013,0
547.6900,0.03242,-0.00965,-0.00462,0.00000,0.00000,0.422,0.012,0
547.7420,0.03173,-0.00891,-0.00464,0.00000,0.00000,0.412,0.010,0
547.7940,0.03103,-0.00818,-0.00464,0.00000,0.00000,0.403,0.009,0
547.8460,0.03029,-0.00748,-0.00463,0.00000,0.00000,0.392,0.007,0
547.8980,0.02955,-0.00682,-0.00461,0.00000,0.00000,0.382,0.006,0
547.9500,0.02879,-0.00621,-0.00458,0.00000,0.00000,0.372,0.004,0
548.0020,0.02803,-0.00565,-0.00454,0.00000,0.00000,0.362,0.003,0
548.0540,0.02726,-0.00514,-0.00449,0.00000,0.00000,0.352,0.002,0
548.1060,0.02649,-0.00469,-0.00443,0.00000,0.00000,0.343,0.001,0
548.1580,0.02571,-0.00428,-0.00436,0.00000,0.00000,0.333,-0.000,0
548.2100,0.02494,-0.00392,-0.00429,0.00000,0.00000,0.324,-0.001,0
548.2620,0.02416,-0.00360,-0.00421,0.00000,0.00000,0.315,-0.002,0
548.3140,0.02337,-0.00331,-0.00412,0.00000,0.00000,0.305,-0.003,0
548.3660,0.02258,-0.00305,-0.00403,0.00000,0.00000,0.296,-0.003,0
548.4180,0.02178,-0.00282,-0.00393,0.00000,0.00000,0.287,-0.004,0
548.4700,0.02098,-0.00264,-0.00383,0.00000,0.00000,0.279,-0.005,0
548.5220,0.02019,-0.00250,-0.00373,0.00000,0.00000,0.270,-0.005,0
548.5740,0.01941,-0.00240,-0.00363,0.00000,0.00000,0.262,-0.005,0
548.6260,0.01864,-0.00236,-0.00353,0.00000,0.00000,0.254,-0.006,0
548.6780,0.01788,-0.00235,-0.00343,0.00000,0.00000,0.246,-0.006,0
548.7300,0.01713,-0.00239,-0.00333,0.00000,0.00000,0.239,-0.006,0
548.7820,0.01638,-0.00246,-0.00323,0.00000,0.00000,0.232,-0.006,0
548.8340,0.01564,-0.00254,-0.00314,0.00000,0.00000,0.225,-0.006,0
548.8860,0.01490,-0.00265,-0.00305,0.00000,0.00000,0.219,-0.006,0
548.9380,0.01416,-0.00277,-0.00296,0.00000,0.00000,0.212,-0.006,0
548.9900,0.01343,-0.00292,-0.00288,0.00000,0.00000,0.206,-0.006,0
549.0420,0.01270,-0.00308,-0.00281,0.00000,0.00000,0.200,-0.006,0
549.0940,0.01198,-0.00326,-0.00274,0.00000,0.00000,0.194,-0.006,0
549.1460,0.01127,-0.00345,-0.00268,0.00000,0.00000,0.188,-0.006,0
549.1980,0.01056,-0.00366,-0.00263,0.00000,0.00000,0.183,-0.006,0
549.2500,0.00985,-0.00388,-0.00259,0.00000,0.00000,0.178,-0.006,0
549.3020,0.00915,-0.00410,-0.00255,0.00000,0.00000,0.172,-0.006,0
549.3540,0.00845,-0.00432,-0.00252,0.00000,0.00000,0.168,-0.005,0
549.4060,0.00776,-0.00454,-0.00250,0.00000,0.00000,0.163,-0.005,0
549.4580,0.00706,-0.00476,-0.00249,0.00000,0.00000,0.158,-0.005,0
549.5100,0.00638,-0.00499,-0.00249,0.00000,0.00000,0.153,-0.005,0
549.5620,0.00569,-0.00521,-0.00250,0.00000,0.00000,0.149,-0.005,0
549.6140,0.00501,-0.00543,-0.00251,0.00000,0.00000,0.145,-0.005,0
549.6660,0.00433,-0.00565,-0.00253,0.00000,0.00000,0.141,-0.005,0
549.7180,0.00366,-0.00587,-0.00255,0.00000,0.00000,0.137,-0.005,0
549.7700,0.00300,-0.00609,-0.00259,0.00000,0.00000,0.133,-0.005,0
549.8220,0.00233,-0.00629,-0.00262,0.00000,0.00000,0.129,-0.005,0
549.8740,0.00168,-0.00650,-0.00267,0.00000,0.00000,0.125,-0.005,0
549.9260,0.00103,-0.00671,-0.00271,0.00000,0.00000,0.122,-0.005,0
549.9780,0.00039,-0.00690,-0.00276,0.00000,0.00000,0.118,-0.005,0
550.0300,-0.00025,-0.00709,-0.00281,0.00000,0.00000,0.115,-0.005,0
550.0820,-0.00087,-0.00729,-0.00287,0.00000,0.00000,0.112,-0.005,0
550.1340,-0.00148,-0.00748,-0.00292,0.00000,0.00000,0.108,-0.005,0
550.1860,-0.00209,-0.00766,-0.00297,0.00000,0.00000,0.105,-0.005,0
550.2380,-0.00269,-0.00783,-0.00303,0.00000,0.00000,0.102,-0.005,0
550.2900,-0.00328,-0.00800,-0.00307,0.00000,0.00000,0.099,-0.005,0
550.3420,-0.00386,-0.00815,-0.00312,0.00000,0.00000,0.096,-0.005,0
550.3940,-0.00444,-0.00828,-0.00316,0.00000,0.00000,0.093,-0.005,0
550.4460,-0.00501,-0.00839,-0.00319,0.00000,0.00000,0.090,-0.005,0
550.4980,-0.00557,-0.00849,-0.00322,0.00000,0.00000,0.087,-0.005,0
550.5500,-0.00612,-0.00859,-0.00324,0.00000,0.00000,0.083,-0.005,0
550.6020,-0.00665,-0.00867,-0.00325,0.00000,0.00000,0.080,-0.005,0
550.6540,-0.00717,-0.00874,-0.00325,0.00000,0.00000,0.077,-0.005,0
550.7060,-0.00768,-0.00880,-0.00324,0.00000,0.00000,0.074,-0.005,0
550.7580,-0.00816,-0.00886,-0.00322,0.00000,0.00000,0.070,-0.005,0
550.8100,-0.00863,-0.00891,-0.00319,0.00000,0.00000,0.067,-0.005,0
550.8620,-0.00908,-0.00895,-0.00315,0.00000,0.00000,0.064,-0.005,0
550.9140,-0.00950,-0.00899,-0.00309,0.00000,0.00000,0.061,-0.005,0
550.9660,-0.00990,-0.00902,-0.00302,0.00000,0.00000,0.057,-0.004,0
551.0180,-0.01026,-0.00907,-0.00293,0.00000,0.00000,0.054,-0.004,0
551.0700,-0.01059,-0.00912,-0.00283,0.00000,0.00000,0.051,-0.004,0
551.1220,-0.01089,-0.00918,-0.00271,0.00000,0.00000,0.048,-0.004,0
551.1740,-0.01115,-0.00926,-0.00258,0.00000,0.00000,0.045,-0.004,0
551.2260,-0.01137,-0.00935,-0.00243,0.00000,0.00000,0.042,-0.003,0
551.2780,-0.01156,-0.00943,-0.00227,0.00000,0.00000,0.039,-0.003,0
551.3300,-0.01170,-0.00953,-0.00210,0.00000,0.00000,0.036,-0.003,0
551.3820,-0.01181,-0.00964,-0.00190,0.00000,0.00000,0.033,-0.002,0
551.4340,-0.01186,-0.00979,-0.00170,0.00000,0.00000,0.030,-0.002,0
551.4860,-0.01187,-0.00995,-0.00148,0.00000,0.00000,0.027,-0.002,0
551.5380,-0.01184,-0.01013,-0.00125,0.00000,0.00000,0.025,-0.001,0
551.5900,-0.01175,-0.01034,-0.00101,0.00000,0.00000,0.022,-0.001,0
551.6420,-0.01161,-0.01058,-0.00075,0.00000,0.00000,0.020,-0.001,0
551.6940,-0.01142,-0.01085,-0.00049,0.00000,0.00000,0.017,-0.001,0
551.7460,-0.01117,-0.01116,-0.00022,0.00000,0.00000,0.015,-0.000,0
551.7980,-0.01087,-0.01151,0.00007,0.00000,0.00000,0.013,0.000,0
551.8500,-0.01051,-0.01189,0.00035,0.00000,0.00000,0.011,0.000,0
551.9020,-0.01010,-0.01231,0.00065,0.00000,0.00000,0.009,0.001,0
551.9540,-0.00964,-0.01276,0.00095,0.00000,0.00000,0.008,0.001,0
552.0060,-0.00914,-0.01323,0.00125,0.00000,0.00000,0.006,0.001,0
552.0580,-0.00858,-0.01374,0.00155,0.00000,0.00000,0.005,0.001,0
552.1100,-0.00799,-0.01427,0.00186,0.00000,0.00000,0.004,0.001,0
552.1620,-0.00734,-0.01483,0.00216,0.00000,0.00000,0.003,0.001,0
552.2140,-0.00666,-0.01542,0.00245,0.00000,0.00000,0.002,0.001,0
552.2660,-0.00593,-0.01604,0.00275,0.00000,0.00000,0.002,0.001,0
552.3180,-0.00516,-0.01668,0.00304,0.00000,0.00000,0.001,0.002,0
552.3700,-0.00436,-0.01735,0.00331,0.00000,0.00000,0.001,0.002,0
552.4220,-0.00353,-0.01805,0.00358,0.00000,0.00000,0.001,0.002,0
552.4740,-0.00267,-0.01876,0.00384,0.00000,0.00000,0.001,0.002,0
552.5260,-0.00178,-0.01948,0.00409,0.00000,0.00000,0.002,0.002,0
552.5780,-0.00087,-0.02022,0.00432,0.00000,0.00000,0.002,0.002,0
552.6300,0.00007,-0.02098,0.00454,0.00000,0.00000,0.003,0.002,0
552.6820,0.00102,-0.02175,0.00474,0.00000,0.00000,0.005,0.003,0
552.7340,0.00198,-0.02253,0.00492,0.00000,0.00000,0.006,0.003,0
552.7860,0.00296,-0.02331,0.00509,0.00000,0.00000,0.008,0.003,0
552.8380,0.00393,-0.02409,0.00523,0.00000,0.00000,0.010,0.003,0
552.8900,0.00492,-0.02488,0.00536,0.00000,0.00000,0.012,0.004,0
552.9420,0.00591,-0.02567,0.00546,0.00000,0.00000,0.015,0.004,0
552.9940,0.00689,-0.02646,0.00554,0.00000,0.00000,0.018,0.005,0
553.0460,0.00787,-0.02725,0.00559,0.00000,0.00000,0.021,0.006,0
553.0980,0.00884,-0.02804,0.00562,0.00000,0.00000,0.025,0.006,0
553.1500,0.00981,-0.02883,0.00563,0.00000,0.00000,0.029,0.007,0
553.2020,0.01076,-0.02961,0.00561,0.00000,0.00000,0.033,0.008,0
553.2540,0.01168,-0.03036,0.00557,0.00000,0.00000,0.038,0.009,0
553.3060,0.01259,-0.03110,0.00550,0.00000,0.00000,0.043,0.010,0
553.3580,0.01346,-0.03181,0.00541,0.00000,0.00000,0.048,0.011,0
553.4100,0.01432,-0.03251,0.00530,0.00000,0.00000,0.053,0.012,0
553.4620,0.01514,-0.03319,0.00516,0.00000,0.00000,0.059,0.014,0
553.5140,0.01593,-0.03383,0.00499,0.00000,0.00000,0.066,0.015,0
553.5660,0.01668,-0.03443,0.00481,0.00000,0.00000,0.072,0.016,0
553.6180,0.01739,-0.03500,0.00460,0.00000,0.00000,0.079,0.018,0
553.6700,0.01807,-0.03554,0.00437,0.00000,0.00000,0.085,0.019,0
553.7220,0.01870,-0.03605,0.00412,0.00000,0.00000,0.092,0.020,0
553.7740,0.01930,-0.03652,0.00385,0.00000,0.00000,0.100,0.022,0
553.8260,0.01984,-0.03695,0.00356,0.00000,0.00000,0.107,0.023,0
553.8780,0.02035,-0.03734,0.00325,0.00000,0.00000,0.115,0.024,0
553.9300,0.02080,-0.03768,0.00293,0.00000,0.00000,0.122,0.025,0
553.9820,0.02122,-0.03799,0.00260,0.00000,0.00000,0.130,0.027,0
554.0340,0.02158,-0.03826,0.00225,0.00000,0.00000,0.138,0.028,0
554.0860,0.02189,-0.03848,0.00190,0.00000,0.00000,0.146,0.029,0
554.1380,0.02216,-0.03866,0.00153,0.00000,0.00000,0.153,0.030,0
554.1900,0.02239,-0.03880,0.00116,0.00000,0.00000,0.161,0.031,0
554.2420,0.02257,-0.03891,0.00078,0.00000,0.00000,0.169,0.031,0
554.2940,0.02271,-0.03898,0.00040,0.00000,0.00000,0.176,0.032,0
554.3460,0.02280,-0.03901,0.00002,0.00000,0.00000,0.184,0.032,0
554.3980,0.02284,-0.03899,-0.00037,0.00000,0.00000,0.191,0.033,0
554.4500,0.02284,-0.03892,-0.00075,0.00000,0.00000,0.198,0.033,0
554.5020,0.02279,-0.03882,-0.00112,0.00000,0.00000,0.204,0.033,0
554.5540,0.02270,-0.03867,-0.00150,0.00000,0.00000,0.211,0.033,0
554.6060,0.02257,-0.03849,-0.00186,0.00000,0.00000,0.217,0.033,0
554.6580,0.02239,-0.03827,-0.00221,0.00000,0.00000,0.223,0.033,0
554.7100,0.02218,-0.03801,-0.00255,0.00000,0.00000,0.228,0.033,0
554.7620,0.02192,-0.03770,-0.00288,0.00000,0.00000,0.233,0.032,0
554.8140,0.02164,-0.03736,-0.00320,0.00000,0.00000,0.237,0.032,0
554.8660,0.02132,-0.03699,-0.00350,0.00000,0.00000,0.241,0.031,0
554.9180,0.02097,-0.03660,-0.00378,0.00000,0.00000,0.245,0.030,0
554.9700,0.02060,-0.03618,-0.00404,0.00000,0.00000,0.248,0.029,0
555.0220,0.02020,-0.03575,-0.00428,0.00000,0.00000,0.251,0.028,0
555.0740,0.01979,-0.03528,-0.00450,0.00000,0.00000,0.254,0.027,0
555.1260,0.01935,-0.03481,-0.00470,0.00000,0.00000,0.256,0.026,0
555.1780,0.01890,-0.03430,-0.00488,0.00000,0.00000,0.258,0.025,0
555.2300,0.01843,-0.03378,-0.00503,0.00000,0.00000,0.259,0.024,0
555.2820,0.01795,-0.03325,-0.00516,0.00000,0.00000,0.260,0.022,0
555.3340,0.01746,-0.03271,-0.00526,0.00000,0.00000,0.260,0.021,0
555.3860,0.01697,-0.03217,-0.00534,0.00000,0.00000,0.261,0.020,0
555.4380,0.01648,-0.03162,-0.00540,0.00000,0.00000,0.260,0.019,0
555.4900,0.01600,-0.03107,-0.00543,0.00000,0.00000,0.260,0.018,0
555.5420,0.01552,-0.03054,-0.00543,0.00000,0.00000,0.259,0.016,0
555.5940,0.01505,-0.03001,-0.00542,0.00000,0.00000,0.258,0.015,0
555.6460,0.01459,-0.02947,-0.00537,0.00000,0.00000,0.257,0.014,0
555.6980,0.01414,-0.02893,-0.00531,0.00000,0.00000,0.255,0.013,0
555.7500,0.01369,-0.02840,-0.00522,0.00000,0.00000,0.253,0.012,0
555.8020,0.01326,-0.02787,-0.00512,0.00000,0.00000,0.251,0.011,0
555.8540,0.01285,-0.02735,-0.00499,0.00000,0.00000,0.249,0.010,0
555.9060,0.01247,-0.02685,-0.00484,0.00000,0.00000,0.246,0.010,0
555.9580,0.01210,-0.02636,-0.00468,0.00000,0.00000,0.243,0.009,0
556.0100,0.01176,-0.02589,-0.00450,0.00000,0.00000,0.241,0.008,0
556.0620,0.01145,-0.02545,-0.00431,0.00000,0.00000,0.238,0.008,0
556.1140,0.01116,-0.02502,-0.00410,0.00000,0.00000,0.235,0.007,0
556.1660,0.01091,-0.02462,-0.00388,0.00000,0.00000,0.232,0.007,0
556.2180,0.01069,-0.02425,-0.00366,0.00000,0.00000,0.229,0.007,0
556.2700,0.01050,-0.02389,-0.00343,0.00000,0.00000,0.226,0.007,0
556.3220,0.01033,-0.02356,-0.00319,0.00000,0.00000,0.224,0.007,0
556.3740,0.01020,-0.02325,-0.00294,0.00000,0.00000,0.221,0.007,0
556.4260,0.01009,-0.02297,-0.00270,0.00000,0.00000,0.218,0.007,0
556.4780,0.01002,-0.02270,-0.00246,0.00000,0.00000,0.216,0.007,0
556.5300,0.00997,-0.02246,-0.00222,0.00000,0.00000,0.213,0.007,0
556.5820,0.00994,-0.02224,-0.00198,0.00000,0.00000,0.211,0.007,0
556.6340,0.00994,-0.02202,-0.00175,0.00000,0.00000,0.209,0.007,0
556.6860,0.00995,-0.02183,-0.00153,0.00000,0.00000,0.206,0.008,0
556.7380,0.00999,-0.02165,-0.00132,0.00000,0.00000,0.204,0.008,0
556.7900,0.01005,-0.02149,-0.00112,0.00000,0.00000,0.202,0.009,0
556.8420,0.01012,-0.02135,-0.00093,0.00000,0.00000,0.201,0.009,0
556.8940,0.01022,-0.02122,-0.00075,0.00000,0.00000,0.199,0.010,0
556.9460,0.01032,-0.02110,-0.00060,0.00000,0.00000,0.197,0.010,0
556.9980,0.01043,-0.02099,-0.00046,0.00000,0.00000,0.196,0.011,0
557.0500,0.01054,-0.02088,-0.00034,0.00000,0.00000,0.195,0.011,0
557.1020,0.01066,-0.02078,-0.00023,0.00000,0.00000,0.194,0.012,0
557.1540,0.01078,-0.02069,-0.00015,0.00000,0.00000,0.192,0.012,0
557.2060,0.01089,-0.02060,-0.00009,0.00000,0.00000,0.192,0.013,0
557.2580,0.01100,-0.02051,-0.00005,0.00000,0.00000,0.191,0.013,0
557.3100,0.01111,-0.02042,-0.00003,0.00000,0.00000,0.190,0.014,0
557.3620,0.01120,-0.02033,-0.00004,0.00000,0.00000,0.189,0.014,0
557.4140,0.01127,-0.02023,-0.00006,0.00000,0.00000,0.189,0.015,0
557.4660,0.01133,-0.02012,-0.00011,0.00000,0.00000,0.188,0.015,0
557.5180,0.01136,-0.01999,-0.00018,0.00000,0.00000,0.187,0.015,0
557.5700,0.01137,-0.01985,-0.00027,0.00000,0.00000,0.187,0.015,0
557.6220,0.01134,-0.01969,-0.00039,0.00000,0.00000,0.186,0.016,0
557.6740,0.01129,-0.01952,-0.00052,0.00000,0.00000,0.185,0.016,0
557.7260,0.01121,-0.01932,-0.00067,0.00000,0.00000,0.185,0.016,0
557.7780,0.01109,-0.01911,-0.00084,0.00000,0.00000,0.184,0.016,0
557.8300,0.01093,-0.01887,-0.00102,0.00000,0.00000,0.183,0.016,0
557.8820,0.01074,-0.01862,-0.00122,0.00000,0.00000,0.182,0.015,0
557.9340,0.01051,-0.01834,-0.00144,0.00000,0.00000,0.180,0.015,0
557.9860,0.01024,-0.01805,-0.00166,0.00000,0.00000,0.179,0.015,0
558.0380,0.00994,-0.01773,-0.00190,0.00000,0.00000,0.177,0.014,0
558.0900,0.00959,-0.01739,-0.00215,0.00000,0.00000,0.176,0.014,0
558.1420,0.00920,-0.01703,-0.00240,0.00000,0.00000,0.174,0.013,0
558.1940,0.00877,-0.01664,-0.00265,0.00000,0.00000,0.172,0.013,0
558.2460,0.00829,-0.01622,-0.00291,0.00000,0.00000,0.170,0.012,0
558.2980,0.00778,-0.01579,-0.00317,0.00000,0.00000,0.167,0.011,0
558.3500,0.00722,-0.01533,-0.00343,0.00000,0.00000,0.164,0.010,0
558.4020,0.00663,-0.01485,-0.00368,0.00000,0.00000,0.161,0.009,0
558.4540,0.00600,-0.01435,-0.00393,0.00000,0.00000,0.158,0.009,0
558.5060,0.00534,-0.01384,-0.00417,0.00000,0.00000,0.155,0.008,0
558.5580,0.00466,-0.01333,-0.00439,0.00000,0.00000,0.151,0.007,0
558.6100,0.00395,-0.01281,-0.00461,0.00000,0.00000,0.147,0.006,0
558.6620,0.00323,-0.01229,-0.00481,0.00000,0.00000,0.143,0.005,0
558.7140,0.00248,-0.01176,-0.00499,0.00000,0.00000,0.139,0.004,0
558.7660,0.00171,-0.01123,-0.00515,0.00000,0.00000,0.135,0.003,0
558.8180,0.00094,-0.01070,-0.00530,0.00000,0.00000,0.131,0.002,0
558.8700,0.00017,-0.01020,-0.00542,0.00000,0.00000,0.126,0.001,0
558.9220,-0.00060,-0.00970,-0.00551,0.00000,0.00000,0.122,0.000,0
558.9740,-0.00138,-0.00920,-0.00558,0.00000,0.00000,0.117,-0.000,0
559.0260,-0.00215,-0.00870,-0.00562,0.00000,0.00000,0.112,-0.001,0
559.0780,-0.00291,-0.00821,-0.00563,0.00000,0.00000,0.107,-0.002,0
559.1300,-0.00366,-0.00773,-0.00561,0.00000,0.00000,0.102,-0.002,0
559.1820,-0.00440,-0.00727,-0.00556,0.00000,0.00000,0.097,-0.003,0
559.2340,-0.00510,-0.00683,-0.00548,0.00000,0.00000,0.091,-0.003,0
559.2860,-0.00577,-0.00642,-0.00536,0.00000,0.00000,0.086,-0.003,0
559.3380,-0.00641,-0.00604,-0.00522,0.00000,0.00000,0.081,-0.004,0
559.3900,-0.00699,-0.00569,-0.00503,0.00000,0.00000,0.076,-0.004,0
559.4420,-0.00753,-0.00537,-0.00482,0.00000,0.00000,0.071,-0.004,0
559.4940,-0.00801,-0.00511,-0.00457,0.00000,0.00000,0.066,-0.004,0
559.5460,-0.00843,-0.00490,-0.00429,0.00000,0.00000,0.061,-0.004,0
559.5980,-0.00878,-0.00474,-0.00397,0.00000,0.00000,0.057,-0.004,0
559.6500,-0.00906,-0.00462,-0.00363,0.00000,0.00000,0.052,-0.004,0
559.7020,-0.00927,-0.00454,-0.00325,0.00000,0.00000,0.048,-0.003,0
559.7540,-0.00941,-0.00452,-0.00284,0.00000,0.00000,0.044,-0.003,0
559.8060,-0.00946,-0.00457,-0.00241,0.00000,0.00000,0.040,-0.003,0
559.8580,-0.00942,-0.00468,-0.00194,0.00000,0.00000,0.036,-0.002,0
559.9100,-0.00928,-0.00486,-0.00145,0.00000,0.00000,0.033,-0.002,0
559.9620,-0.00905,-0.00512,-0.00094,0.00000,0.00000,0.030,-0.001,0
560.0140,-0.00873,-0.00544,-0.00041,0.00000,0.00000,0.027,-0.001,0
560.0660,-0.00831,-0.00583,0.00014,0.00000,0.00000,0.024,-0.000,0
560.1180,-0.00781,-0.00627,0.00071,0.00000,0.00000,0.022,0.000,0
560.1700,-0.00721,-0.00678,0.00129,0.00000,0.00000,0.020,0.001,0
560.2220,-0.00651,-0.00735,0.00189,0.00000,0.00000,0.018,0.001,0
560.2740,-0.00571,-0.00799,0.00249,0.00000,0.00000,0.017,0.002,0
560.3260,-0.00482,-0.00871,0.00310,0.00000,0.00000,0.016,0.002,0
560.3780,-0.00383,-0.00950,0.00372,0.00000,0.00000,0.015,0.003,0
560.4300,-0.00275,-0.01035,0.00433,0.00000,0.00000,0.015,0.003,0
560.4820,-0.00157,-0.01128,0.00494,0.00000,0.00000,0.015,0.004,0
560.5340,-0.00031,-0.01226,0.00555,0.00000,0.00000,0.016,0.005,0
560.5860,0.00103,-0.01330,0.00615,0.00000,0.00000,0.017,0.005,0
560.6380,0.00245,-0.01440,0.00674,0.00000,0.00000,0.018,0.006,0
560.6900,0.00395,-0.01556,0.00731,0.00000,0.00000,0.020,0.007,0
560.7420,0.00551,-0.01676,0.00787,0.00000,0.00000,0.022,0.008,0
560.7940,0.00715,-0.01802,0.00840,0.00000,0.00000,0.025,0.010,0
560.8460,0.00886,-0.01934,0.00892,0.00000,0.00000,0.029,0.011,0
560.8980,0.01062,-0.02070,0.00941,0.00000,0.00000,0.033,0.013,0
560.9500,0.01243,-0.02209,0.00987,0.00000,0.00000,0.038,0.015,0
561.0020,0.01428,-0.02351,0.01030,0.00000,0.00000,0.044,0.017,0
561.0540,0.01618,-0.02496,0.01070,0.00000,0.00000,0.050,0.019,0
561.1060,0.01810,-0.02643,0.01106,0.00000,0.00000,0.057,0.022,0
561.1580,0.02006,-0.02792,0.01139,0.00000,0.00000,0.065,0.025,0
561.2100,0.02204,-0.02943,0.01168,0.00000,0.00000,0.073,0.028,0
561.2620,0.02403,-0.03093,0.01193,0.00000,0.00000,0.083,0.032,0
561.3140,0.02604,-0.03245,0.01213,0.00000,0.00000,0.093,0.036,0
561.3660,0.02806,-0.03398,0.01230,0.00000,0.00000,0.104,0.040,0
561.4180,0.03008,-0.03551,0.01242,0.00000,0.00000,0.117,0.045,0
561.4700,0.03209,-0.03703,0.01249,0.00000,0.00000,0.130,0.050,0
561.5220,0.03410,-0.03854,0.01252,0.00000,0.00000,0.144,0.055,0
561.5740,0.03610,-0.04003,0.01250,0.00000,0.00000,0.160,0.061,0
561.6260,0.03808,-0.04151,0.01243,0.00000,0.00000,0.176,0.066,0
561.6780,0.04003,-0.04296,0.01232,0.00000,0.00000,0.193,0.073,0
561.7300,0.04196,-0.04437,0.01216,0.00000,0.00000,0.212,0.079,0
561.7820,0.04386,-0.04576,0.01195,0.00000,0.00000,0.231,0.085,0
561.8340,0.04572,-0.04711,0.01170,0.00000,0.00000,0.251,0.092,0
561.8860,0.04755,-0.04843,0.01140,0.00000,0.00000,0.272,0.099,0
561.9380,0.04932,-0.04970,0.01105,0.00000,0.00000,0.294,0.105,0
561.9900,0.05105,-0.05091,0.01066,0.00000,0.00000,0.317,0.112,0
562.0420,0.05272,-0.05207,0.01023,0.00000,0.00000,0.341,0.119,0
562.0940,0.05434,-0.05317,0.00976,0.00000,0.00000,0.365,0.125,0
562.1460,0.05589,-0.05421,0.00925,0.00000,0.00000,0.390,0.131,0
562.1980,0.05738,-0.05519,0.00870,0.00000,0.00000,0.415,0.137,0
562.2500,0.05880,-0.05609,0.00812,0.00000,0.00000,0.440,0.143,0
562.3020,0.06015,-0.05693,0.00750,0.00000,0.00000,0.466,0.149,0
562.3540,0.06142,-0.05771,0.00686,0.00000,0.00000,0.491,0.154,0
562.4060,0.06263,-0.05843,0.00618,0.00000,0.00000,0.517,0.158,0
562.4580,0.06376,-0.05908,0.00548,0.00000,0.00000,0.543,0.163,0
562.5100,0.06480,-0.05965,0.00475,0.00000,0.00000,0.569,0.166,0
562.5620,0.06576,-0.06015,0.00401,0.00000,0.00000,0.595,0.169,0
562.6140,0.06663,-0.06058,0.00324,0.00000,0.00000,0.620,0.172,0
562.6660,0.06741,-0.06092,0.00247,0.00000,0.00000,0.645,0.174,0
562.7180,0.06809,-0.06119,0.00168,0.00000,0.00000,0.669,0.175,0
562.7700,0.06868,-0.06137,0.00088,0.00000,0.00000,0.692,0.176,0
562.8220,0.06917,-0.06148,0.00008,0.00000,0.00000,0.715,0.176,0
562.8740,0.06957,-0.06151,-0.00072,0.00000,0.00000,0.736,0.175,0
562.9260,0.06987,-0.06148,-0.00152,0.00000,0.00000,0.757,0.173,0
562.9780,0.07008,-0.06139,-0.00231,0.00000,0.00000,0.777,0.171,0
563.0300,0.07020,-0.06124,-0.00309,0.00000,0.00000,0.796,0.169,0
563.0820,0.07022,-0.06101,-0.00386,0.00000,0.00000,0.813,0.165,0
563.1340,0.07014,-0.06071,-0.00462,0.00000,0.00000,0.830,0.161,0
563.1860,0.06996,-0.06035,-0.00536,0.00000,0.00000,0.845,0.157,0
563.2380,0.06969,-0.05991,-0.00607,0.00000,0.00000,0.859,0.151,0
563.2900,0.06931,-0.05941,-0.00676,0.00000,0.00000,0.871,0.146,0
563.3420,0.06884,-0.05885,-0.00742,0.00000,0.00000,0.882,0.139,0
563.3940,0.06828,-0.05823,-0.00805,0.00000,0.00000,0.891,0.133,0
563.4460,0.06761,-0.05753,-0.00865,0.00000,0.00000,0.899,0.125,0
563.4980,0.06685,-0.05677,-0.00921,0.00000,0.00000,0.905,0.118,0
563.5500,0.06601,-0.05596,-0.00973,0.00000,0.00000,0.909,0.110,0
563.6020,0.06508,-0.05510,-0.01021,0.00000,0.00000,0.912,0.102,0
563.6540,0.06408,-0.05421,-0.01066,0.00000,0.00000,0.913,0.094,0
563.7060,0.06302,-0.05328,-0.01105,0.00000,0.00000,0.913,0.085,0
563.7580,0.06188,-0.05233,-0.01140,0.00000,0.00000,0.912,0.077,0
563.8100,0.06069,-0.05135,-0.01171,0.00000,0.00000,0.910,0.068,0
563.8620,0.05943,-0.05034,-0.01196,0.00000,0.00000,0.906,0.060,0
563.9140,0.05813,-0.04931,-0.01217,0.00000,0.00000,0.901,0.052,0
563.9660,0.05677,-0.04825,-0.01233,0.00000,0.00000,0.895,0.043,0
564.0180,0.05537,-0.04717,-0.01245,0.00000,0.00000,0.887,0.035,0
564.0700,0.05394,-0.04607,-0.01251,0.00000,0.00000,0.879,0.027,0
564.1220,0.05247,-0.04497,-0.01253,0.00000,0.00000,0.869,0.020,0
564.1740,0.05099,-0.04387,-0.01249,0.00000,0.00000,0.859,0.012,0
564.2260,0.04949,-0.04277,-0.01242,0.00000,0.00000,0.847,0.006,0
564.2780,0.04798,-0.04167,-0.01229,0.00000,0.00000,0.835,-0.001,0
564.3300,0.04647,-0.04059,-0.01213,0.00000,0.00000,0.822,-0.007,0
564.3820,0.04496,-0.03952,-0.01192,0.00000,0.00000,0.809,-0.013,0
564.4340,0.04348,-0.03847,-0.01167,0.00000,0.00000,0.795,-0.018,0
564.4860,0.04201,-0.03745,-0.01138,0.00000,0.00000,0.780,-0.023,0
564.5380,0.04056,-0.03646,-0.01106,0.00000,0.00000,0.766,-0.027,0
564.5900,0.03915,-0.03548,-0.01071,0.00000,0.00000,0.751,-0.031,0
564.6420,0.03777,-0.03455,-0.01032,0.00000,0.00000,0.736,-0.035,0
564.6940,0.03644,-0.03364,-0.00991,0.00000,0.00000,0.721,-0.038,0
564.7460,0.03514,-0.03277,-0.00947,0.00000,0.00000,0.705,-0.040,0
564.7980,0.03389,-0.03192,-0.00901,0.00000,0.00000,0.690,-0.042,0
564.8500,0.03269,-0.03112,-0.00853,0.00000,0.00000,0.675,-0.044,0
564.9020,0.03155,-0.03034,-0.00803,0.00000,0.00000,0.660,-0.045,0
564.9540,0.03046,-0.02961,-0.00752,0.00000,0.00000,0.644,-0.046,0
565.0060,0.02944,-0.02891,-0.00700,0.00000,0.00000,0.630,-0.046,0
565.0580,0.02849,-0.02827,-0.00648,0.00000,0.00000,0.615,-0.046,0
565.1100,0.02760,-0.02767,-0.00595,0.00000,0.00000,0.601,-0.045,0
565.1620,0.02677,-0.02711,-0.00543,0.00000,0.00000,0.587,-0.045,0
565.2140,0.02600,-0.02658,-0.00491,0.00000,0.00000,0.574,-0.043,0
565.2660,0.02529,-0.02608,-0.00439,0.00000,0.00000,0.560,-0.042,0
565.3180,0.02465,-0.02561,-0.00389,0.00000,0.00000,0.548,-0.041,0
565.3700,0.02406,-0.02519,-0.00340,0.00000,0.00000,0.535,-0.039,0
565.4220,0.02354,-0.02481,-0.00293,0.00000,0.00000,0.524,-0.037,0
565.4740,0.02308,-0.02446,-0.00248,0.00000,0.00000,0.512,-0.035,0
565.5260,0.02268,-0.02415,-0.00205,0.00000,0.00000,0.502,-0.032,0
565.5780,0.02232,-0.02387,-0.00164,0.00000,0.00000,0.491,-0.030,0
565.6300,0.02201,-0.02360,-0.00127,0.00000,0.00000,0.482,-0.028,0
565.6820,0.02173,-0.02335,-0.00092,0.00000,0.00000,0.472,-0.025,0
565.7340,0.02150,-0.02312,-0.00061,0.00000,0.00000,0.463,-0.023,0
565.7860,0.02129,-0.02291,-0.00033,0.00000,0.00000,0.455,-0.020,0
565.8380,0.02111,-0.02270,-0.00009,0.00000,0.00000,0.447,-0.018,0
565.8900,0.02095,-0.02251,0.00012,0.00000,0.00000,0.439,-0.015,0
565.9420,0.02080,-0.02233,0.00028,0.00000,0.00000,0.431,-0.013,0
565.9940,0.02067,-0.02215,0.00041,0.00000,0.00000,0.425,-0.011,0
566.0460,0.02053,-0.02196,0.00049,0.00000,0.00000,0.418,-0.009,0
566.0980,0.02038,-0.02175,0.00054,0.00000,0.00000,0.411,-0.007,0
566.1500,0.02022,-0.02154,0.00054,0.00000,0.00000,0.405,-0.005,0
566.2020,0.02006,-0.02133,0.00050,0.00000,0.00000,0.399,-0.003,0
566.2540,0.01986,-0.02109,0.00042,0.00000,0.00000,0.393,-0.002,0
566.3060,0.01963,-0.02084,0.00030,0.00000,0.00000,0.387,-0.000,0
566.3580,0.01937,-0.02057,0.00013,0.00000,0.00000,0.381,0.001,0
566.4100,0.01907,-0.02027,-0.00007,0.00000,0.00000,0.376,0.002,0
566.4620,0.01872,-0.01994,-0.00031,0.00000,0.00000,0.370,0.002,0
566.5140,0.01832,-0.01958,-0.00058,0.00000,0.00000,0.364,0.003,0
566.5660,0.01786,-0.01919,-0.00089,0.00000,0.00000,0.358,0.003,0
566.6180,0.01733,-0.01877,-0.00124,0.00000,0.00000,0.352,0.003,0
566.6700,0.01674,-0.01831,-0.00161,0.00000,0.00000,0.346,0.003,0
566.7220,0.01608,-0.01780,-0.00201,0.00000,0.00000,0.339,0.002,0
566.7740,0.01533,-0.01723,-0.00244,0.00000,0.00000,0.333,0.002,0
566.8260,0.01450,-0.01663,-0.00290,0.00000,0.00000,0.325,0.001,0
566.8780,0.01360,-0.01600,-0.00337,0.00000,0.00000,0.318,-0.001,0
566.9300,0.01262,-0.01533,-0.00387,0.00000,0.00000,0.311,-0.002,0
566.9820,0.01156,-0.01463,-0.00437,0.00000,0.00000,0.303,-0.003,0
567.0340,0.01041,-0.01388,-0.00490,0.00000,0.00000,0.295,-0.005,0
567.0860,0.00917,-0.01308,-0.00543,0.00000,0.00000,0.286,-0.007,0
567.1380,0.00785,-0.01223,-0.00596,0.00000,0.00000,0.277,-0.009,0
567.1900,0.00644,-0.01135,-0.00650,0.00000,0.00000,0.268,-0.011,0
567.2420,0.00493,-0.01040,-0.00704,0.00000,0.00000,0.258,-0.013,0
567.2940,0.00334,-0.00941,-0.00758,0.00000,0.00000,0.248,-0.015,0
567.3460,0.00167,-0.00839,-0.00811,0.00000,0.00000,0.237,-0.017,0
567.3980,-0.00008,-0.00734,-0.00862,0.00000,0.00000,0.226,-0.019,0
567.4500,-0.00190,-0.00625,-0.00913,0.00000,0.00000,0.215,-0.021,0
567.5020,-0.00379,-0.00512,-0.00962,0.00000,0.00000,0.204,-0.022,0
567.5540,-0.00575,-0.00396,-0.01009,0.00000,0.00000,0.192,-0.024,0
567.6060,-0.00777,-0.00277,-0.01054,0.00000,0.00000,0.180,-0.025,0
567.6580,-0.00985,-0.00154,-0.01096,0.00000,0.00000,0.168,-0.026,0
567.7100,-0.01197,-0.00030,-0.01135,0.00000,0.00000,0.155,-0.027,0
567.7620,-0.01412,0.00095,-0.01171,0.00000,0.00000,0.143,-0.028,0
567.8140,-0.01630,0.00221,-0.01204,0.00000,0.00000,0.131,-0.028,0
567.8660,-0.01851,0.00349,-0.01234,0.00000,0.00000,0.118,-0.028,0
567.9180,-0.02072,0.00477,-0.01259,0.00000,0.00000,0.106,-0.028,0
567.9700,-0.02294,0.00605,-0.01281,0.00000,0.00000,0.094,-0.027,0
568.0220,-0.02514,0.00732,-0.01298,0.00000,0.00000,0.083,-0.026,0
568.0740,-0.02732,0.00858,-0.01311,0.00000,0.00000,0.071,-0.024,0
568.1260,-0.02947,0.00982,-0.01319,0.00000,0.00000,0.060,-0.022,0
568.1780,-0.03157,0.01104,-0.01323,0.00000,0.00000,0.050,-0.019,0
568.2300,-0.03361,0.01223,-0.01322,0.00000,0.00000,0.040,-0.017,0
568.2820,-0.03560,0.01340,-0.01316,0.00000,0.00000,0.031,-0.013,0
568.3340,-0.03751,0.01453,-0.01305,0.00000,0.00000,0.022,-0.009,0
568.3860,-0.03935,0.01564,-0.01289,0.00000,0.00000,0.014,-0.005,0
568.4380,-0.04110,0.01670,-0.01268,0.00000,0.00000,0.007,-0.001,0
568.4900,-0.04277,0.01771,-0.01242,0.00000,0.00000,0.001,0.004,0
568.5420,-0.04434,0.01867,-0.01211,0.00000,0.00000,-0.004,0.009,0
568.5940,-0.04582,0.01957,-0.01175,0.00000,0.00000,-0.008,0.014,0
568.6460,-0.04720,0.02039,-0.01134,0.00000,0.00000,-0.012,0.020,0
568.6980,-0.04847,0.02114,-0.01089,0.00000,0.00000,-0.014,0.025,0
568.7500,-0.04963,0.02182,-0.01038,0.00000,0.00000,-0.015,0.030,0
568.8020,-0.05069,0.02241,-0.00983,0.00000,0.00000,-0.015,0.036,0
568.8540,-0.05163,0.02291,-0.00923,0.00000,0.00000,-0.015,0.041,0
568.9060,-0.05246,0.02332,-0.00859,0.00000,0.00000,-0.013,0.046,0
568.9580,-0.05319,0.02365,-0.00791,0.00000,0.00000,-0.011,0.051,0
569.0100,-0.05380,0.02389,-0.00718,0.00000,0.00000,-0.008,0.055,0
569.0620,-0.05429,0.02403,-0.00642,0.00000,0.00000,-0.004,0.059,0
569.1140,-0.05467,0.02409,-0.00563,0.00000,0.00000,0.000,0.063,0
569.1660,-0.05493,0.02405,-0.00480,0.00000,0.00000,0.005,0.066,0
569.2180,-0.05508,0.02393,-0.00393,0.00000,0.00000,0.010,0.069,0
569.2700,-0.05511,0.02371,-0.00305,0.00000,0.00000,0.016,0.071,0
569.3220,-0.05501,0.02339,-0.00213,0.00000,0.00000,0.022,0.073,0
569.3740,-0.05479,0.02299,-0.00120,0.00000,0.00000,0.028,0.073,0
569.4260,-0.05444,0.02248,-0.00024,0.00000,0.00000,0.034,0.074,0
569.4780,-0.05396,0.02189,0.00073,0.00000,0.00000,0.040,0.073,0
569.5300,-0.05335,0.02121,0.00171,0.00000,0.00000,0.046,0.072,0
569.5820,-0.05262,0.02044,0.00270,0.00000,0.00000,0.051,0.070,0
569.6340,-0.05175,0.01958,0.00370,0.00000,0.00000,0.057,0.068,0
569.6860,-0.05074,0.01864,0.00470,0.00000,0.00000,0.062,0.064,0
569.7380,-0.04961,0.01763,0.00569,0.00000,0.00000,0.066,0.060,0
569.7900,-0.04834,0.01655,0.00668,0.00000,0.00000,0.070,0.056,0
569.8420,-0.04694,0.01539,0.00766,0.00000,0.00000,0.073,0.051,0
569.8940,-0.04540,0.01415,0.00863,0.00000,0.00000,0.076,0.045,0
569.9460,-0.04372,0.01282,0.00958,0.00000,0.00000,0.078,0.039,0
569.9980,-0.04191,0.01142,0.01051,0.00000,0.00000,0.079,0.032,0
570.0500,-0.03996,0.00996,0.01141,0.00000,0.00000,0.079,0.025,0
570.1020,-0.03788,0.00844,0.01229,0.00000,0.00000,0.079,0.018,0
570.1540,-0.03567,0.00686,0.01314,0.00000,0.00000,0.078,0.010,0
570.2060,-0.03334,0.00523,0.01395,0.00000,0.00000,0.076,0.002,0
570.2580,-0.03090,0.00356,0.01473,0.00000,0.00000,0.073,-0.006,0
570.3100,-0.02834,0.00184,0.01547,0.00000,0.00000,0.070,-0.014,0
570.3620,-0.02566,0.00007,0.01616,0.00000,0.00000,0.066,-0.022,0
570.4140,-0.02288,-0.00172,0.01682,0.00000,0.00000,0.061,-0.030,0
570.4660,-0.02001,-0.00355,0.01743,0.00000,0.00000,0.056,-0.038,0
570.5180,-0.01705,-0.00540,0.01799,0.00000,0.00000,0.051,-0.045,0
570.5700,-0.01401,-0.00727,0.01850,0.00000,0.00000,0.045,-0.052,0
570.6220,-0.01089,-0.00915,0.01897,0.00000,0.00000,0.038,-0.058,0
570.6740,-0.00772,-0.01104,0.01938,0.00000,0.00000,0.032,-0.064,0
570.7260,-0.00448,-0.01294,0.01974,0.00000,0.00000,0.026,-0.069,0
570.7780,-0.00120,-0.01484,0.02004,0.00000,0.00000,0.019,-0.074,0
570.8300,0.00211,-0.01674,0.02029,0.00000,0.00000,0.013,-0.077,0
570.8820,0.00544,-0.01863,0.02049,0.00000,0.00000,0.006,-0.080,0
570.9340,0.00879,-0.02051,0.02063,0.00000,0.00000,0.001,-0.082,0
570.9860,0.01213,-0.02238,0.02072,0.00000,0.00000,-0.005,-0.083,0
571.0380,0.01547,-0.02424,0.02076,0.00000,0.00000,-0.010,-0.084,0
571.0900,0.01878,-0.02608,0.02074,0.00000,0.00000,-0.014,-0.083,0
571.1420,0.02205,-0.02790,0.02066,0.00000,0.00000,-0.017,-0.081,0
571.1940,0.02526,-0.02968,0.02053,0.00000,0.00000,-0.019,-0.079,0
571.2460,0.02840,-0.03142,0.02035,0.00000,0.00000,-0.020,-0.075,0
571.2980,0.03147,-0.03313,0.02012,0.00000,0.00000,-0.020,-0.071,0
571.3500,0.03443,-0.03481,0.01984,0.00000,0.00000,-0.019,-0.065,0
571.4020,0.03729,-0.03644,0.01951,0.00000,0.00000,-0.016,-0.059,0
571.4540,0.04003,-0.03801,0.01913,0.00000,0.00000,-0.012,-0.052,0
571.5060,0.04263,-0.03955,0.01871,0.00000,0.00000,-0.007,-0.044,0
571.5580,0.04510,-0.04105,0.01823,0.00000,0.00000,0.001,-0.035,0
571.6100,0.04745,-0.04251,0.01772,0.00000,0.00000,0.009,-0.026,0
571.6620,0.04965,-0.04393,0.01717,0.00000,0.00000,0.020,-0.016,0
571.7140,0.05171,-0.04530,0.01657,0.00000,0.00000,0.032,-0.005,0
571.7660,0.05363,-0.04663,0.01594,0.00000,0.00000,0.045,0.006,0
571.8180,0.05542,-0.04792,0.01527,0.00000,0.00000,0.060,0.017,0
571.8700,0.05708,-0.04916,0.01457,0.00000,0.00000,0.077,0.028,0
571.9220,0.05860,-0.05035,0.01384,0.00000,0.00000,0.095,0.040,0
571.9740,0.06000,-0.05150,0.01308,0.00000,0.00000,0.115,0.051,0
572.0260,0.06128,-0.05259,0.01229,0.00000,0.00000,0.136,0.063,0
572.0780,0.06244,-0.05363,0.01149,0.00000,0.00000,0.158,0.074,0
572.1300,0.06348,-0.05462,0.01066,0.00000,0.00000,0.181,0.085,0
572.1820,0.06442,-0.05555,0.00981,0.00000,0.00000,0.205,0.096,0
572.2340,0.06525,-0.05643,0.00894,0.00000,0.00000,0.230,0.106,0
572.2860,0.06598,-0.05725,0.00807,0.00000,0.00000,0.255,0.116,0
572.3380,0.06660,-0.05800,0.00718,0.00000,0.00000,0.281,0.125,0
572.3900,0.06713,-0.05870,0.00628,0.00000,0.00000,0.307,0.133,0
572.4420,0.06758,-0.05936,0.00539,0.00000,0.00000,0.334,0.141,0
572.4940,0.06793,-0.05996,0.00448,0.00000,0.00000,0.360,0.148,0
572.5460,0.06820,-0.06051,0.00358,0.00000,0.00000,0.387,0.154,0
572.5980,0.06839,-0.06101,0.00268,0.00000,0.00000,0.413,0.160,0
572.6500,0.06850,-0.06145,0.00179,0.00000,0.00000,0.440,0.164,0
572.7020,0.06852,-0.06184,0.00091,0.00000,0.00000,0.465,0.168,0
572.7540,0.06847,-0.06217,0.00003,0.00000,0.00000,0.491,0.171,0
572.8060,0.06833,-0.06243,-0.00083,0.00000,0.00000,0.516,0.173,0
572.8580,0.06811,-0.06266,-0.00167,0.00000,0.00000,0.539,0.174,0
572.9100,0.06783,-0.06284,-0.00250,0.00000,0.00000,0.563,0.174,0
572.9620,0.06748,-0.06297,-0.00330,0.00000,0.00000,0.585,0.174,0
573.0140,0.06705,-0.06305,-0.00408,0.00000,0.00000,0.607,0.172,0
573.0660,0.06655,-0.06308,-0.00484,0.00000,0.00000,0.628,0.171,0
573.1180,0.06597,-0.06305,-0.00557,0.00000,0.00000,0.647,0.168,0
573.1700,0.06533,-0.06298,-0.00627,0.00000,0.00000,0.665,0.165,0
573.2220,0.06461,-0.06286,-0.00695,0.00000,0.00000,0.682,0.161,0
573.2740,0.06384,-0.06269,-0.00758,0.00000,0.00000,0.698,0.156,0
573.3260,0.06300,-0.06249,-0.00819,0.00000,0.00000,0.713,0.151,0
573.3780,0.06210,-0.06225,-0.00876,0.00000,0.00000,0.727,0.145,0
573.4300,0.06114,-0.06197,-0.00929,0.00000,0.00000,0.739,0.139,0
573.4820,0.06012,-0.06164,-0.00978,0.00000,0.00000,0.750,0.133,0
573.5340,0.05905,-0.06127,-0.01024,0.00000,0.00000,0.760,0.126,0
573.5860,0.05792,-0.06086,-0.01065,0.00000,0.00000,0.768,0.119,0
573.6380,0.05674,-0.06043,-0.01102,0.00000,0.00000,0.775,0.112,0
573.6900,0.05553,-0.05996,-0.01136,0.00000,0.00000,0.780,0.105,0
573.7420,0.05427,-0.05946,-0.01165,0.00000,0.00000,0.785,0.097,0
573.7940,0.05298,-0.05894,-0.01190,0.00000,0.00000,0.788,0.090,0
573.8460,0.05165,-0.05839,-0.01210,0.00000,0.00000,0.791,0.082,0
573.8980,0.05029,-0.05781,-0.01226,0.00000,0.00000,0.791,0.075,0
573.9500,0.04891,-0.05721,-0.01239,0.00000,0.00000,0.791,0.068,0
574.0020,0.04750,-0.05659,-0.01247,0.00000,0.00000,0.790,0.060,0
574.0540,0.04608,-0.05595,-0.01250,0.00000,0.00000,0.787,0.053,0
574.1060,0.04464,-0.05528,-0.01250,0.00000,0.00000,0.784,0.046,0
574.1580,0.04319,-0.05460,-0.01246,0.00000,0.00000,0.779,0.039,0
574.2100,0.04174,-0.05389,-0.01237,0.00000,0.00000,0.773,0.033,0
574.2620,0.04028,-0.05317,-0.01225,0.00000,0.00000,0.767,0.027,0
574.3140,0.03884,-0.05246,-0.01209,0.00000,0.00000,0.759,0.021,0
574.3660,0.03741,-0.05173,-0.01190,0.00000,0.00000,0.751,0.015,0
574.4180,0.03599,-0.05100,-0.01167,0.00000,0.00000,0.743,0.010,0
574.4700,0.03460,-0.05028,-0.01141,0.00000,0.00000,0.733,0.006,0
574.5220,0.03324,-0.04957,-0.01112,0.00000,0.00000,0.723,0.001,0
574.5740,0.03192,-0.04886,-0.01080,0.00000,0.00000,0.713,-0.003,0
574.6260,0.03063,-0.04818,-0.01044,0.00000,0.00000,0.703,-0.006,0
574.6780,0.02939,-0.04751,-0.01007,0.00000,0.00000,0.692,-0.010,0
574.7300,0.02821,-0.04686,-0.00966,0.00000,0.00000,0.681,-0.013,0
574.7820,0.02707,-0.04624,-0.00924,0.00000,0.00000,0.670,-0.015,0
574.8340,0.02598,-0.04562,-0.00879,0.00000,0.00000,0.658,-0.017,0
574.8860,0.02496,-0.04503,-0.00833,0.00000,0.00000,0.647,-0.019,0
574.9380,0.02400,-0.04447,-0.00785,0.00000,0.00000,0.636,-0.020,0
574.9900,0.02310,-0.04393,-0.00735,0.00000,0.00000,0.624,-0.021,0
575.0420,0.02228,-0.04345,-0.00684,0.00000,0.00000,0.613,-0.022,0
575.0940,0.02155,-0.04301,-0.00632,0.00000,0.00000,0.602,-0.022,0
575.1460,0.02088,-0.04260,-0.00579,0.00000,0.00000,0.592,-0.022,0
575.1980,0.02030,-0.04224,-0.00525,0.00000,0.00000,0.582,-0.022,0
575.2500,0.01980,-0.04192,-0.00471,0.00000,0.00000,0.572,-0.021,0
575.3020,0.01938,-0.04164,-0.00416,0.00000,0.00000,0.563,-0.020,0
575.3540,0.01904,-0.04141,-0.00361,0.00000,0.00000,0.554,-0.019,0
575.4060,0.01879,-0.04121,-0.00307,0.00000,0.00000,0.546,-0.018,0
575.4580,0.01861,-0.04105,-0.00252,0.00000,0.00000,0.538,-0.016,0
575.5100,0.01852,-0.04093,-0.00198,0.00000,0.00000,0.531,-0.014,0
575.5620,0.01851,-0.04085,-0.00145,0.00000,0.00000,0.524,-0.012,0
575.6140,0.01857,-0.04080,-0.00092,0.00000,0.00000,0.518,-0.010,0
575.6660,0.01870,-0.04078,-0.00041,0.00000,0.00000,0.512,-0.008,0
575.7180,0.01892,-0.04080,0.00010,0.00000,0.00000,0.506,-0.005,0
575.7700,0.01921,-0.04087,0.00059,0.00000,0.00000,0.502,-0.003,0
575.8220,0.01958,-0.04097,0.00107,0.00000,0.00000,0.498,-0.000,0
575.8740,0.02003,-0.04112,0.00153,0.00000,0.00000,0.495,0.003,0
575.9260,0.02055,-0.04130,0.00197,0.00000,0.00000,0.492,0.006,0
575.9780,0.02113,-0.04151,0.00240,0.00000,0.00000,0.491,0.009,0
576.0300,0.02177,-0.04174,0.00280,0.00000,0.00000,0.490,0.012,0
576.0820,0.02248,-0.04200,0.00319,0.00000,0.00000,0.489,0.015,0
576.1340,0.02324,-0.04228,0.00355,0.00000,0.00000,0.489,0.018,0
576.1860,0.02406,-0.04259,0.00389,0.00000,0.00000,0.490,0.022,0
576.2380,0.02493,-0.04292,0.00421,0.00000,0.00000,0.492,0.025,0
576.2900,0.02585,-0.04326,0.00450,0.00000,0.00000,0.494,0.029,0
576.3420,0.02682,-0.04364,0.00476,0.00000,0.00000,0.497,0.032,0
576.3940,0.02784,-0.04402,0.00500,0.00000,0.00000,0.500,0.036,0
576.4460,0.02889,-0.04442,0.00522,0.00000,0.00000,0.505,0.039,0
576.4980,0.02999,-0.04484,0.00540,0.00000,0.00000,0.510,0.043,0
576.5500,0.03112,-0.04528,0.00556,0.00000,0.00000,0.516,0.046,0
576.6020,0.03227,-0.04571,0.00569,0.00000,0.00000,0.522,0.050,0
576.6540,0.03346,-0.04615,0.00579,0.00000,0.00000,0.529,0.054,0
576.7060,0.03467,-0.04660,0.00586,0.00000,0.00000,0.537,0.057,0
576.7580,0.03590,-0.04705,0.00591,0.00000,0.00000,0.545,0.061,0
576.8100,0.03713,-0.04748,0.00592,0.00000,0.00000,0.555,0.065,0
576.8620,0.03837,-0.04789,0.00590,0.00000,0.00000,0.564,0.068,0
576.9140,0.03961,-0.04828,0.00586,0.00000,0.00000,0.574,0.072,0
576.9660,0.04086,-0.04866,0.00578,0.00000,0.00000,0.584,0.075,0
577.0180,0.04209,-0.04901,0.00568,0.00000,0.00000,0.594,0.079,0
577.0700,0.04332,-0.04934,0.00554,0.00000,0.00000,0.605,0.082,0
577.1220,0.04455,-0.04966,0.00538,0.00000,0.00000,0.617,0.085,0
577.1740,0.04576,-0.04996,0.00519,0.00000,0.00000,0.628,0.088,0
577.2260,0.04694,-0.05020,0.00497,0.00000,0.00000,0.640,0.091,0
577.2780,0.04810,-0.05041,0.00472,0.00000,0.00000,0.652,0.094,0
577.3300,0.04922,-0.05057,0.00444,0.00000,0.00000,0.664,0.096,0
577.3820,0.05031,-0.05069,0.00414,0.00000,0.00000,0.676,0.099,0
577.4340,0.05136,-0.05076,0.00380,0.00000,0.00000,0.688,0.101,0
577.4860,0.05237,-0.05079,0.00344,0.00000,0.00000,0.700,0.103,0
577.5380,0.05333,-0.05078,0.00306,0.00000,0.00000,0.711,0.104,0
577.5900,0.05424,-0.05070,0.00265,0.00000,0.00000,0.723,0.106,0
577.6420,0.05508,-0.05055,0.00221,0.00000,0.00000,0.734,0.107,0
577.6940,0.05586,-0.05034,0.00175,0.00000,0.00000,0.745,0.107,0
577.7460,0.05657,-0.05007,0.00127,0.00000,0.00000,0.755,0.107,0
577.7980,0.05721,-0.04972,0.00076,0.00000,0.00000,0.765,0.107,0
577.8500,0.05776,-0.04930,0.00023,0.00000,0.00000,0.773,0.107,0
577.9020,0.05825,-0.04883,-0.00031,0.00000,0.00000,0.782,0.106,0
577.9540,0.05865,-0.04829,-0.00088,0.00000,0.00000,0.789,0.104,0
578.0060,0.05896,-0.04768,-0.00147,0.00000,0.00000,0.796,0.103,0
578.0580,0.05917,-0.04698,-0.00207,0.00000,0.00000,0.802,0.100,0
578.1100,0.05928,-0.04620,-0.00269,0.00000,0.00000,0.807,0.098,0
578.1620,0.05928,-0.04534,-0.00332,0.00000,0.00000,0.811,0.094,0
578.2140,0.05917,-0.04439,-0.00397,0.00000,0.00000,0.813,0.091,0
578.2660,0.05895,-0.04337,-0.00462,0.00000,0.00000,0.814,0.087,0
578.3180,0.05862,-0.04227,-0.00529,0.00000,0.00000,0.815,0.082,0
578.3700,0.05816,-0.04110,-0.00596,0.00000,0.00000,0.813,0.077,0
578.4220,0.05758,-0.03984,-0.00665,0.00000,0.00000,0.811,0.071,0
578.4740,0.05687,-0.03850,-0.00733,0.00000,0.00000,0.807,0.065,0
578.5260,0.05602,-0.03708,-0.00802,0.00000,0.00000,0.802,0.059,0
578.5780,0.05504,-0.03557,-0.00871,0.00000,0.00000,0.795,0.052,0
578.6300,0.05393,-0.03400,-0.00940,0.00000,0.00000,0.787,0.045,0
578.6820,0.05268,-0.03236,-0.01008,0.00000,0.00000,0.778,0.037,0
578.7340,0.05128,-0.03064,-0.01076,0.00000,0.00000,0.767,0.029,0
578.7860,0.04974,-0.02885,-0.01143,0.00000,0.00000,0.755,0.021,0
578.8380,0.04806,-0.02699,-0.01209,0.00000,0.00000,0.741,0.013,0
578.8900,0.04623,-0.02506,-0.01275,0.00000,0.00000,0.726,0.004,0
578.9420,0.04424,-0.02306,-0.01338,0.00000,0.00000,0.709,-0.004,0
578.9940,0.04211,-0.02099,-0.01400,0.00000,0.00000,0.691,-0.013,0
579.0460,0.03983,-0.01886,-0.01461,0.00000,0.00000,0.671,-0.022,0
579.0980,0.03740,-0.01668,-0.01519,0.00000,0.00000,0.650,-0.031,0
579.1500,0.03483,-0.01445,-0.01576,0.00000,0.00000,0.628,-0.039,0
579.2020,0.03213,-0.01218,-0.01630,0.00000,0.00000,0.604,-0.048,0
579.2540,0.02929,-0.00987,-0.01681,0.00000,0.00000,0.580,-0.056,0
579.3060,0.02631,-0.00752,-0.01730,0.00000,0.00000,0.555,-0.064,0
579.3580,0.02320,-0.00514,-0.01776,0.00000,0.00000,0.529,-0.071,0
579.4100,0.01998,-0.00275,-0.01819,0.00000,0.00000,0.502,-0.078,0
579.4620,0.01664,-0.00034,-0.01859,0.00000,0.00000,0.475,-0.084,0
579.5140,0.01320,0.00207,-0.01895,0.00000,0.00000,0.447,-0.090,0
579.5660,0.00965,0.00449,-0.01928,0.00000,0.00000,0.419,-0.095,0
579.6180,0.00602,0.00691,-0.01957,0.00000,0.00000,0.390,-0.100,0
579.6700,0.00231,0.00931,-0.01982,0.00000,0.00000,0.362,-0.104,0
579.7220,-0.00146,0.01168,-0.02004,0.00000,0.00000,0.334,-0.107,0
579.7740,-0.00529,0.01403,-0.02021,0.00000,0.00000,0.306,-0.109,0
579.8260,-0.00917,0.01635,-0.02034,0.00000,0.00000,0.279,-0.110,0
579.8780,-0.01307,0.01862,-0.02042,0.00000,0.00000,0.252,-0.110,0
579.9300,-0.01699,0.02084,-0.02046,0.00000,0.00000,0.226,-0.109,0
579.9820,-0.02092,0.02302,-0.02046,0.00000,0.00000,0.201,-0.107,0
580.0340,-0.02483,0.02513,-0.02040,0.00000,0.00000,0.177,-0.104,0
580.0860,-0.02870,0.02716,-0.02030,0.00000,0.00000,0.154,-0.101,0
580.1380,-0.03252,0.02911,-0.02016,0.00000,0.00000,0.133,-0.096,0
580.1900,-0.03627,0.03096,-0.01996,0.00000,0.00000,0.114,-0.090,0
580.2420,-0.03994,0.03272,-0.01971,0.00000,0.00000,0.096,-0.083,0
580.2940,-0.04350,0.03437,-0.01941,0.00000,0.00000,0.080,-0.075,0
580.3460,-0.04693,0.03590,-0.01907,0.00000,0.00000,0.066,-0.067,0
580.3980,-0.05023,0.03732,-0.01867,0.00000,0.00000,0.054,-0.057,0
580.4500,-0.05338,0.03863,-0.01822,0.00000,0.00000,0.045,-0.047,0
580.5020,-0.05638,0.03982,-0.01772,0.00000,0.00000,0.037,-0.036,0
580.5540,-0.05921,0.04088,-0.01717,0.00000,0.00000,0.032,-0.025,0
580.6060,-0.06188,0.04182,-0.01658,0.00000,0.00000,0.030,-0.013,0
580.6580,-0.06438,0.04262,-0.01593,0.00000,0.00000,0.030,-0.000,0
580.7100,-0.06671,0.04329,-0.01523,0.00000,0.00000,0.032,0.012,0
580.7620,-0.06887,0.04383,-0.01449,0.00000,0.00000,0.036,0.025,0
580.8140,-0.07087,0.04423,-0.01370,0.00000,0.00000,0.042,0.037,0
580.8660,-0.07270,0.04449,-0.01287,0.00000,0.00000,0.051,0.050,0
580.9180,-0.07439,0.04463,-0.01199,0.00000,0.00000,0.061,0.062,0
580.9700,-0.07592,0.04465,-0.01107,0.00000,0.00000,0.073,0.074,0
581.0220,-0.07729,0.04454,-0.01011,0.00000,0.00000,0.086,0.085,0
581.0740,-0.07853,0.04432,-0.00910,0.00000,0.00000,0.100,0.095,0
581.1260,-0.07963,0.04399,-0.00807,0.00000,0.00000,0.116,0.105,0
581.1780,-0.08059,0.04354,-0.00699,0.00000,0.00000,0.133,0.114,0
581.2300,-0.08141,0.04299,-0.00588,0.00000,0.00000,0.150,0.122,0
581.2820,-0.08209,0.04232,-0.00475,0.00000,0.00000,0.168,0.129,0
581.3340,-0.08263,0.04153,-0.00358,0.00000,0.00000,0.185,0.135,0
581.3860,-0.08302,0.04064,-0.00239,0.00000,0.00000,0.203,0.140,0
581.4380,-0.08326,0.03964,-0.00118,0.00000,0.00000,0.221,0.143,0
581.4900,-0.08336,0.03852,0.00006,0.00000,0.00000,0.238,0.145,0
581.5420,-0.08331,0.03731,0.00131,0.00000,0.00000,0.254,0.146,0
581.5940,-0.08310,0.03600,0.00257,0.00000,0.00000,0.270,0.145,0
581.6460,-0.08274,0.03459,0.00384,0.00000,0.00000,0.285,0.144,0
581.6980,-0.08221,0.03308,0.00512,0.00000,0.00000,0.298,0.140,0
581.7500,-0.08152,0.03148,0.00640,0.00000,0.00000,0.310,0.136,0
581.8020,-0.08066,0.02979,0.00768,0.00000,0.00000,0.321,0.130,0
581.8540,-0.07963,0.02802,0.00895,0.00000,0.00000,0.330,0.123,0
581.9060,-0.07842,0.02615,0.01021,0.00000,0.00000,0.338,0.114,0
581.9580,-0.07702,0.02419,0.01146,0.00000,0.00000,0.343,0.105,0
582.0100,-0.07544,0.02215,0.01268,0.00000,0.00000,0.347,0.094,0
582.0620,-0.07367,0.02003,0.01389,0.00000,0.00000,0.349,0.082,0
582.1140,-0.07172,0.01785,0.01507,0.00000,0.00000,0.349,0.070,0
582.1660,-0.06957,0.01560,0.01621,0.00000,0.00000,0.347,0.056,0
582.2180,-0.06723,0.01328,0.01732,0.00000,0.00000,0.343,0.042,0
582.2700,-0.06471,0.01091,0.01839,0.00000,0.00000,0.338,0.027,0
582.3220,-0.06199,0.00848,0.01942,0.00000,0.00000,0.331,0.012,0
582.3740,-0.05908,0.00600,0.02041,0.00000,0.00000,0.321,-0.003,0
582.4260,-0.05598,0.00347,0.02134,0.00000,0.00000,0.310,-0.019,0
582.4780,-0.05271,0.00091,0.02223,0.00000,0.00000,0.298,-0.035,0
582.5300,-0.04926,-0.00166,0.02306,0.00000,0.00000,0.284,-0.050,0
582.5820,-0.04565,-0.00425,0.02383,0.00000,0.00000,0.269,-0.065,0
582.6340,-0.04187,-0.00686,0.02454,0.00000,0.00000,0.253,-0.080,0
582.6860,-0.03795,-0.00948,0.02520,0.00000,0.00000,0.236,-0.094,0
582.7380,-0.03387,-0.01210,0.02579,0.00000,0.00000,0.218,-0.108,0
582.7900,-0.02966,-0.01471,0.02631,0.00000,0.00000,0.199,-0.120,0
582.8420,-0.02533,-0.01731,0.02677,0.00000,0.00000,0.180,-0.132,0
582.8940,-0.02089,-0.01988,0.02717,0.00000,0.00000,0.161,-0.143,0
582.9460,-0.01636,-0.02241,0.02749,0.00000,0.00000,0.141,-0.152,0
582.9980,-0.01175,-0.02489,0.02775,0.00000,0.00000,0.122,-0.160,0
583.0500,-0.00708,-0.02734,0.02794,0.00000,0.00000,0.103,-0.166,0
583.1020,-0.00235,-0.02974,0.02806,0.00000,0.00000,0.085,-0.171,0
583.1540,0.00241,-0.03209,0.02811,0.00000,0.00000,0.067,-0.175,0
583.2060,0.00719,-0.03437,0.02809,0.00000,0.00000,0.051,-0.177,0
583.2580,0.01196,-0.03659,0.02800,0.00000,0.00000,0.035,-0.177,0
583.3100,0.01671,-0.03874,0.02784,0.00000,0.00000,0.021,-0.176,0
583.3620,0.02142,-0.04081,0.02761,0.00000,0.00000,0.009,-0.173,0
583.4140,0.02606,-0.04281,0.02732,0.00000,0.00000,-0.002,-0.168,0
583.4660,0.03062,-0.04473,0.02696,0.00000,0.00000,-0.010,-0.162,0
583.5180,0.03508,-0.04658,0.02654,0.00000,0.00000,-0.016,-0.154,0
583.5700,0.03941,-0.04836,0.02606,0.00000,0.00000,-0.020,-0.144,0
583.6220,0.04360,-0.05005,0.02551,0.00000,0.00000,-0.022,-0.133,0
583.6740,0.04762,-0.05167,0.02490,0.00000,0.00000,-0.021,-0.121,0
583.7260,0.05147,-0.05321,0.02424,0.00000,0.00000,-0.017,-0.108,0
583.7780,0.05511,-0.05469,0.02352,0.00000,0.00000,-0.011,-0.093,0
583.8300,0.05855,-0.05608,0.02274,0.00000,0.00000,-0.002,-0.077,0
583.8820,0.06178,-0.05742,0.02192,0.00000,0.00000,0.010,-0.060,0
583.9340,0.06479,-0.05869,0.02104,0.00000,0.00000,0.025,-0.043,0
583.9860,0.06759,-0.05989,0.02013,0.00000,0.00000,0.043,-0.024,0
584.0380,0.07017,-0.06103,0.01917,0.00000,0.00000,0.063,-0.006,0
584.0900,0.07256,-0.06210,0.01817,0.00000,0.00000,0.086,0.013,0
584.1420,0.07474,-0.06311,0.01713,0.00000,0.00000,0.111,0.033,0
584.1940,0.07674,-0.06407,0.01607,0.00000,0.00000,0.139,0.052,0
584.2460,0.07855,-0.06496,0.01497,0.00000,0.00000,0.168,0.071,0
584.2980,0.08017,-0.06576,0.01385,0.00000,0.00000,0.199,0.089,0
584.3500,0.08162,-0.06650,0.01270,0.00000,0.00000,0.232,0.107,0
584.4020,0.08292,-0.06718,0.01154,0.00000,0.00000,0.266,0.124,0
584.4540,0.08407,-0.06781,0.01037,0.00000,0.00000,0.300,0.140,0
584.5060,0.08508,-0.06839,0.00918,0.00000,0.00000,0.336,0.155,0
584.5580,0.08596,-0.06892,0.00799,0.00000,0.00000,0.373,0.170,0
584.6100,0.08672,-0.06940,0.00679,0.00000,0.00000,0.409,0.183,0
584.6620,0.08735,-0.06983,0.00560,0.00000,0.00000,0.446,0.195,0
584.7140,0.08788,-0.07022,0.00441,0.00000,0.00000,0.484,0.205,0
584.7660,0.08829,-0.07056,0.00323,0.00000,0.00000,0.521,0.214,0
584.8180,0.08859,-0.07086,0.00206,0.00000,0.00000,0.557,0.222,0
584.8700,0.08879,-0.07112,0.00091,0.00000,0.00000,0.593,0.229,0
584.9220,0.08890,-0.07134,-0.00022,0.00000,0.00000,0.629,0.234,0
584.9740,0.08891,-0.07153,-0.00133,0.00000,0.00000,0.663,0.238,0
585.0260,0.08882,-0.07167,-0.00241,0.00000,0.00000,0.697,0.240,0
585.0780,0.08864,-0.07176,-0.00346,0.00000,0.00000,0.730,0.241,0
585.1300,0.08836,-0.07183,-0.00448,0.00000,0.00000,0.761,0.241,0
585.1820,0.08800,-0.07186,-0.00546,0.00000,0.00000,0.791,0.239,0
585.2340,0.08756,-0.07187,-0.00640,0.00000,0.00000,0.819,0.237,0
585.2860,0.08703,-0.07185,-0.00730,0.00000,0.00000,0.847,0.233,0
585.3380,0.08641,-0.07179,-0.00815,0.00000,0.00000,0.873,0.228,0
585.3900,0.08573,-0.07173,-0.00895,0.00000,0.00000,0.897,0.223,0
585.4420,0.08496,-0.07163,-0.00971,0.00000,0.00000,0.920,0.216,0
585.4940,0.08412,-0.07151,-0.01041,0.00000,0.00000,0.941,0.209,0
585.5460,0.08321,-0.07136,-0.01105,0.00000,0.00000,0.960,0.201,0
585.5980,0.08222,-0.07118,-0.01165,0.00000,0.00000,0.978,0.192,0
585.6500,0.08116,-0.07098,-0.01218,0.00000,0.00000,0.994,0.183,0
585.7020,0.08006,-0.07078,-0.01266,0.00000,0.00000,1.008,0.174,0
585.7540,0.07889,-0.07056,-0.01307,0.00000,0.00000,1.021,0.164,0
585.8060,0.07767,-0.07031,-0.01343,0.00000,0.00000,1.033,0.154,0
585.8580,0.07640,-0.07005,-0.01373,0.00000,0.00000,1.042,0.144,0
585.9100,0.07509,-0.06977,-0.01397,0.00000,0.00000,1.050,0.133,0
585.9620,0.07374,-0.06948,-0.01415,0.00000,0.00000,1.057,0.123,0
586.0140,0.07235,-0.06918,-0.01427,0.00000,0.00000,1.062,0.112,0
586.0660,0.07095,-0.06888,-0.01433,0.00000,0.00000,1.065,0.102,0
586.1180,0.06953,-0.06857,-0.01434,0.00000,0.00000,1.068,0.092,0
586.1700,0.06809,-0.06825,-0.01429,0.00000,0.00000,1.069,0.083,0
586.2220,0.06664,-0.06791,-0.01419,0.00000,0.00000,1.069,0.073,0
586.2740,0.06519,-0.06757,-0.01403,0.00000,0.00000,1.068,0.064,0
586.3260,0.06375,-0.06723,-0.01383,0.00000,0.00000,1.066,0.056,0
586.3780,0.06232,-0.06690,-0.01358,0.00000,0.00000,1.063,0.047,0
586.4300,0.06092,-0.06657,-0.01328,0.00000,0.00000,1.059,0.040,0
586.4820,0.05955,-0.06625,-0.01294,0.00000,0.00000,1.054,0.033,0
586.5340,0.05821,-0.06594,-0.01256,0.00000,0.00000,1.050,0.026,0
586.5860,0.05692,-0.06564,-0.01215,0.00000,0.00000,1.044,0.020,0
586.6380,0.05567,-0.06534,-0.01170,0.00000,0.00000,1.038,0.014,0
586.6900,0.05447,-0.06505,-0.01123,0.00000,0.00000,1.032,0.009,0
586.7420,0.05333,-0.06476,-0.01073,0.00000,0.00000,1.026,0.005,0
586.7940,0.05225,-0.06449,-0.01020,0.00000,0.00000,1.019,0.001,0
586.8460,0.05122,-0.06420,-0.00966,0.00000,0.00000,1.012,-0.002,0
586.8980,0.05026,-0.06391,-0.00910,0.00000,0.00000,1.005,-0.005,0
586.9500,0.04936,-0.06361,-0.00853,0.00000,0.00000,0.998,-0.007,0
587.0020,0.04854,-0.06333,-0.00795,0.00000,0.00000,0.990,-0.009,0
587.0540,0.04780,-0.06305,-0.00737,0.00000,0.00000,0.983,-0.010,0
587.1060,0.04712,-0.06275,-0.00678,0.00000,0.00000,0.976,-0.011,0
587.1580,0.04652,-0.06247,-0.00620,0.00000,0.00000,0.969,-0.011,0
587.2100,0.04600,-0.06217,-0.00562,0.00000,0.00000,0.962,-0.011,0
587.2620,0.04555,-0.06187,-0.00506,0.00000,0.00000,0.955,-0.011,0
587.3140,0.04517,-0.06155,-0.00450,0.00000,0.00000,0.949,-0.010,0
587.3660,0.04487,-0.06123,-0.00396,0.00000,0.00000,0.943,-0.009,0
587.4180,0.04463,-0.06088,-0.00344,0.00000,0.00000,0.937,-0.007,0
587.4700,0.04446,-0.06053,-0.00294,0.00000,0.00000,0.931,-0.005,0
587.5220,0.04436,-0.06016,-0.00246,0.00000,0.00000,0.925,-0.004,0
587.5740,0.04433,-0.05977,-0.00201,0.00000,0.00000,0.920,-0.001,0
587.6260,0.04435,-0.05936,-0.00159,0.00000,0.00000,0.916,0.001,0
587.6780,0.04443,-0.05894,-0.00120,0.00000,0.00000,0.911,0.003,0
587.7300,0.04457,-0.05850,-0.00084,0.00000,0.00000,0.907,0.006,0
587.7820,0.04474,-0.05802,-0.00052,0.00000,0.00000,0.904,0.009,0
587.8340,0.04496,-0.05751,-0.00023,0.00000,0.00000,0.900,0.011,0
587.8860,0.04521,-0.05697,0.00003,0.00000,0.00000,0.897,0.014,0
587.9380,0.04550,-0.05639,0.00024,0.00000,0.00000,0.894,0.017,0
587.9900,0.04581,-0.05579,0.00042,0.00000,0.00000,0.891,0.019,0
588.0420,0.04614,-0.05515,0.00056,0.00000,0.00000,0.888,0.022,0
588.0940,0.04648,-0.05447,0.00067,0.00000,0.00000,0.885,0.024,0
588.1460,0.04683,-0.05375,0.00073,0.00000,0.00000,0.883,0.027,0
588.1980,0.04718,-0.05298,0.00076,0.00000,0.00000,0.880,0.029,0
588.2500,0.04753,-0.05216,0.00075,0.00000,0.00000,0.877,0.031,0
588.3020,0.04786,-0.05129,0.00070,0.00000,0.00000,0.874,0.033,0
588.3540,0.04817,-0.05037,0.00062,0.00000,0.00000,0.871,0.035,0
588.4060,0.04846,-0.04942,0.00050,0.00000,0.00000,0.867,0.036,0
588.4580,0.04872,-0.04841,0.00035,0.00000,0.00000,0.863,0.037,0
588.5100,0.04896,-0.04736,0.00016,0.00000,0.00000,0.859,0.038,0
588.5620,0.04916,-0.04628,-0.00005,0.00000,0.00000,0.855,0.039,0
588.6140,0.04931,-0.04514,-0.00029,0.00000,0.00000,0.850,0.039,0
588.6660,0.04942,-0.04396,-0.00056,0.00000,0.00000,0.845,0.039,0
588.7180,0.04947,-0.04273,-0.00085,0.00000,0.00000,0.839,0.039,0
588.7700,0.04947,-0.04146,-0.00116,0.00000,0.00000,0.833,0.038,0
588.8220,0.04941,-0.04015,-0.00149,0.00000,0.00000,0.826,0.038,0
588.8740,0.04928,-0.03881,-0.00185,0.00000,0.00000,0.819,0.036,0
588.9260,0.04909,-0.03742,-0.00221,0.00000,0.00000,0.811,0.035,0
588.9780,0.04882,-0.03599,-0.00259,0.00000,0.00000,0.802,0.033,0
589.0300,0.04849,-0.03453,-0.00298,0.00000,0.00000,0.793,0.031,0
589.0820,0.04807,-0.03304,-0.00338,0.00000,0.00000,0.782,0.029,0
589.1340,0.04758,-0.03153,-0.00378,0.00000,0.00000,0.771,0.026,0
589.1860,0.04700,-0.02998,-0.00418,0.00000,0.00000,0.760,0.023,0
589.2380,0.04636,-0.02843,-0.00459,0.00000,0.00000,0.747,0.020,0
589.2900,0.04563,-0.02686,-0.00499,0.00000,0.00000,0.734,0.017,0
589.3420,0.04481,-0.02527,-0.00539,0.00000,0.00000,0.720,0.014,0
589.3940,0.04392,-0.02368,-0.00578,0.00000,0.00000,0.706,0.010,0
589.4460,0.04294,-0.02209,-0.00616,0.00000,0.00000,0.691,0.006,0
589.4980,0.04189,-0.02050,-0.00653,0.00000,0.00000,0.675,0.002,0
589.5500,0.04076,-0.01892,-0.00689,0.00000,0.00000,0.659,-0.002,0
589.6020,0.03955,-0.01735,-0.00723,0.00000,0.00000,0.642,-0.006,0
589.6540,0.03827,-0.01579,-0.00756,0.00000,0.00000,0.625,-0.010,0
589.7060,0.03690,-0.01424,-0.00786,0.00000,0.00000,0.607,-0.014,0
589.7580,0.03547,-0.01271,-0.00815,0.00000,0.00000,0.588,-0.019,0
589.8100,0.03396,-0.01121,-0.00841,0.00000,0.00000,0.570,-0.023,0
589.8620,0.03239,-0.00975,-0.00865,0.00000,0.00000,0.550,-0.027,0
589.9140,0.03076,-0.00832,-0.00887,0.00000,0.00000,0.531,-0.031,0
589.9660,0.02908,-0.00694,-0.00906,0.00000,0.00000,0.511,-0.034,0
590.0180,0.02733,-0.00560,-0.00923,0.00000,0.00000,0.492,-0.038,0
590.0700,0.02554,-0.00431,-0.00936,0.00000,0.00000,0.472,-0.042,0
590.1220,0.02370,-0.00306,-0.00948,0.00000,0.00000,0.452,-0.045,0
590.1740,0.02182,-0.00187,-0.00956,0.00000,0.00000,0.432,-0.048,0
590.2260,0.01990,-0.00075,-0.00962,0.00000,0.00000,0.412,-0.051,0
590.2780,0.01797,0.00030,-0.00965,0.00000,0.00000,0.392,-0.053,0
590.3300,0.01601,0.00128,-0.00966,0.00000,0.00000,0.373,-0.055,0
590.3820,0.01403,0.00218,-0.00964,0.00000,0.00000,0.354,-0.057,0
590.4340,0.01204,0.00302,-0.00959,0.00000,0.00000,0.335,-0.059,0
590.4860,0.01005,0.00378,-0.00952,0.00000,0.00000,0.317,-0.060,0
590.5380,0.00805,0.00446,-0.00942,0.00000,0.00000,0.299,-0.061,0
590.5900,0.00605,0.00508,-0.00930,0.00000,0.00000,0.281,-0.062,0
590.6420,0.00406,0.00563,-0.00915,0.00000,0.00000,0.264,-0.063,0
590.6940,0.00208,0.00611,-0.00899,0.00000,0.00000,0.247,-0.063,0
590.7460,0.00012,0.00652,-0.00880,0.00000,0.00000,0.231,-0.063,0
590.7980,-0.00183,0.00685,-0.00860,0.00000,0.00000,0.215,-0.062,0
590.8500,-0.00374,0.00711,-0.00838,0.00000,0.00000,0.200,-0.061,0
590.9020,-0.00562,0.00730,-0.00814,0.00000,0.00000,0.185,-0.060,0
590.9540,-0.00745,0.00742,-0.00789,0.00000,0.00000,0.171,-0.059,0
591.0060,-0.00924,0.00745,-0.00762,0.00000,0.00000,0.158,-0.058,0
591.0580,-0.01099,0.00743,-0.00735,0.00000,0.00000,0.146,-0.056,0
591.1100,-0.01268,0.00733,-0.00706,0.00000,0.00000,0.133,-0.054,0
591.1620,-0.01431,0.00717,-0.00677,0.00000,0.00000,0.122,-0.052,0
591.2140,-0.01589,0.00695,-0.00647,0.00000,0.00000,0.111,-0.050,0
591.2660,-0.01740,0.00667,-0.00616,0.00000,0.00000,0.101,-0.047,0
591.3180,-0.01886,0.00636,-0.00586,0.00000,0.00000,0.091,-0.045,0
591.3700,-0.02025,0.00601,-0.00555,0.00000,0.00000,0.082,-0.042,0
591.4220,-0.02158,0.00562,-0.00524,0.00000,0.00000,0.073,-0.039,0
591.4740,-0.02283,0.00518,-0.00494,0.00000,0.00000,0.065,-0.037,0
591.5260,-0.02402,0.00472,-0.00464,0.00000,0.00000,0.057,-0.034,0
591.5780,-0.02514,0.00423,-0.00434,0.00000,0.00000,0.050,-0.031,0
591.6300,-0.02619,0.00372,-0.00405,0.00000,0.00000,0.043,-0.028,0
591.6820,-0.02716,0.00318,-0.00377,0.00000,0.00000,0.036,-0.025,0
591.7340,-0.02806,0.00263,-0.00349,0.00000,0.00000,0.030,-0.022,0
591.7860,-0.02888,0.00206,-0.00323,0.00000,0.00000,0.024,-0.020,0
591.8380,-0.02963,0.00149,-0.00297,0.00000,0.00000,0.018,-0.017,0
591.8900,-0.03032,0.00091,-0.00273,0.00000,0.00000,0.012,-0.014,0
591.9420,-0.03093,0.00033,-0.00250,0.00000,0.00000,0.007,-0.012,0
591.9940,-0.03149,-0.00023,-0.00228,0.00000,0.00000,0.002,-0.009,0
592.0460,-0.03198,-0.00079,-0.00208,0.00000,0.00000,-0.003,-0.007,0
592.0980,-0.03242,-0.00133,-0.00189,0.00000,0.00000,-0.008,-0.004,0
592.1500,-0.03281,-0.00186,-0.00171,0.00000,0.00000,-0.012,-0.002,0
592.2020,-0.03315,-0.00236,-0.00155,0.00000,0.00000,-0.017,-0.000,0
592.2540,-0.03345,-0.00286,-0.00140,0.00000,0.00000,-0.021,0.002,0
592.3060,-0.03370,-0.00333,-0.00126,0.00000,0.00000,-0.025,0.003,0
592.3580,-0.03392,-0.00378,-0.00114,0.00000,0.00000,-0.029,0.005,0
592.4100,-0.03411,-0.00420,-0.00103,0.00000,0.00000,-0.033,0.006,0
592.4620,-0.03426,-0.00459,-0.00093,0.00000,0.00000,-0.037,0.008,0
592.5140,-0.03439,-0.00497,-0.00085,0.00000,0.00000,-0.041,0.009,0
592.5660,-0.03449,-0.00531,-0.00077,0.00000,0.00000,-0.045,0.010,0
592.6180,-0.03457,-0.00562,-0.00071,0.00000,0.00000,-0.049,0.011,0
592.6700,-0.03464,-0.00589,-0.00065,0.00000,0.00000,-0.053,0.012,0
592.7220,-0.03469,-0.00612,-0.00061,0.00000,0.00000,-0.056,0.013,0
592.7740,-0.03474,-0.00631,-0.00057,0.00000,0.00000,-0.060,0.014,0
592.8260,-0.03476,-0.00648,-0.00053,0.00000,0.00000,-0.063,0.014,0
592.8780,-0.03479,-0.00659,-0.00050,0.00000,0.00000,-0.067,0.015,0
592.9300,-0.03481,-0.00665,-0.00048,0.00000,0.00000,-0.070,0.016,0
592.9820,-0.03483,-0.00666,-0.00045,0.00000,0.00000,-0.073,0.016,0
593.0340,-0.03484,-0.00663,-0.00043,0.00000,0.00000,-0.076,0.016,0
593.0860,-0.03485,-0.00656,-0.00041,0.00000,0.00000,-0.079,0.017,0
593.1380,-0.03484,-0.00645,-0.00038,0.00000,0.00000,-0.082,0.017,0
593.1900,-0.03483,-0.00631,-0.00035,0.00000,0.00000,-0.085,0.017,0
593.2420,-0.03482,-0.00612,-0.00032,0.00000,0.00000,-0.087,0.017,0
593.2940,-0.03479,-0.00591,-0.00028,0.00000,0.00000,-0.089,0.017,0
593.3460,-0.03474,-0.00567,-0.00024,0.00000,0.00000,-0.091,0.017,0
593.3980,-0.03468,-0.00542,-0.00019,0.00000,0.00000,-0.093,0.017,0
593.4500,-0.03460,-0.00513,-0.00013,0.00000,0.00000,-0.095,0.017,0
593.5020,-0.03451,-0.00480,-0.00006,0.00000,0.00000,-0.096,0.017,0
593.5540,-0.03440,-0.00446,0.00003,0.00000,0.00000,-0.097,0.016,0
593.6060,-0.03427,-0.00411,0.00012,0.00000,0.00000,-0.098,0.016,0
593.6580,-0.03411,-0.00374,0.00022,0.00000,0.00000,-0.099,0.015,0
593.7100,-0.03393,-0.00335,0.00034,0.00000,0.00000,-0.099,0.015,0
593.7620,-0.03373,-0.00295,0.00048,0.00000,0.00000,-0.100,0.014,0
593.8140,-0.03348,-0.00257,0.00062,0.00000,0.00000,-0.100,0.013,0
593.8660,-0.03320,-0.00219,0.00078,0.00000,0.00000,-0.099,0.013,0
593.9180,-0.03288,-0.00182,0.00096,0.00000,0.00000,-0.099,0.012,0
593.9700,-0.03251,-0.00146,0.00115,0.00000,0.00000,-0.098,0.010,0
594.0220,-0.03210,-0.00112,0.00136,0.00000,0.00000,-0.097,0.009,0
594.0740,-0.03164,-0.00080,0.00158,0.00000,0.00000,-0.096,0.008,0
594.1260,-0.03114,-0.00050,0.00181,0.00000,0.00000,-0.095,0.007,0
594.1780,-0.03058,-0.00022,0.00206,0.00000,0.00000,-0.093,0.005,0
594.2300,-0.02997,0.00003,0.00232,0.00000,0.00000,-0.092,0.003,0
594.2820,-0.02930,0.00024,0.00259,0.00000,0.00000,-0.090,0.001,0
594.3340,-0.02858,0.00041,0.00288,0.00000,0.00000,-0.088,-0.000,0
594.3860,-0.02778,0.00053,0.00317,0.00000,0.00000,-0.087,-0.003,0
594.4380,-0.02693,0.00061,0.00348,0.00000,0.00000,-0.085,-0.005,0
594.4900,-0.02603,0.00066,0.00379,0.00000,0.00000,-0.083,-0.007,0
594.5420,-0.02506,0.00068,0.00411,0.00000,0.00000,-0.081,-0.009,0
594.5940,-0.02404,0.00066,0.00444,0.00000,0.00000,-0.079,-0.012,0
594.6460,-0.02296,0.00059,0.00477,0.00000,0.00000,-0.077,-0.014,0
594.6980,-0.02181,0.00047,0.00511,0.00000,0.00000,-0.075,-0.017,0
594.7500,-0.02061,0.00032,0.00545,0.00000,0.00000,-0.073,-0.020,0
594.8020,-0.01934,0.00011,0.00579,0.00000,0.00000,-0.071,-0.022,0
594.8540,-0.01801,-0.00016,0.00613,0.00000,0.00000,-0.069,-0.025,0
594.9060,-0.01661,-0.00049,0.00646,0.00000,0.00000,-0.068,-0.028,0
594.9580,-0.01516,-0.00088,0.00679,0.00000,0.00000,-0.066,-0.030,0
595.0100,-0.01365,-0.00130,0.00711,0.00000,0.00000,-0.065,-0.033,0
595.0620,-0.01209,-0.00178,0.00743,0.00000,0.00000,-0.063,-0.035,0
595.1140,-0.01048,-0.00229,0.00774,0.00000,0.00000,-0.062,-0.038,0
595.1660,-0.00882,-0.00285,0.00803,0.00000,0.00000,-0.061,-0.040,0
595.2180,-0.00712,-0.00345,0.00832,0.00000,0.00000,-0.059,-0.042,0
595.2700,-0.00538,-0.00411,0.00859,0.00000,0.00000,-0.058,-0.044,0
595.3220,-0.00359,-0.00481,0.00884,0.00000,0.00000,-0.057,-0.046,0
595.3740,-0.00177,-0.00556,0.00907,0.00000,0.00000,-0.056,-0.048,0
595.4260,0.00009,-0.00636,0.00929,0.00000,0.00000,-0.055,-0.049,0
595.4780,0.00197,-0.00719,0.00949,0.00000,0.00000,-0.055,-0.050,0
595.5300,0.00387,-0.00805,0.00966,0.00000,0.00000,-0.054,-0.051,0
595.5820,0.00578,-0.00894,0.00982,0.00000,0.00000,-0.053,-0.051,0
595.6340,0.00770,-0.00986,0.00995,0.00000,0.00000,-0.052,-0.052,0
595.6860,0.00963,-0.01080,0.01005,0.00000,0.00000,-0.051,-0.052,0
595.7380,0.01154,-0.01175,0.01013,0.00000,0.00000,-0.049,-0.051,0
595.7900,0.01345,-0.01272,0.01019,0.00000,0.00000,-0.048,-0.050,0
595.8420,0.01534,-0.01371,0.01021,0.00000,0.00000,-0.046,-0.049,0
595.8940,0.01721,-0.01469,0.01021,0.00000,0.00000,-0.044,-0.048,0
595.9460,0.01904,-0.01567,0.01019,0.00000,0.00000,-0.042,-0.046,0
595.9980,0.02085,-0.01667,0.01014,0.00000,0.00000,-0.039,-0.044,0
596.0500,0.02262,-0.01768,0.01006,0.00000,0.00000,-0.036,-0.041,0
596.1020,0.02434,-0.01868,0.00995,0.00000,0.00000,-0.033,-0.039,0
596.1540,0.02601,-0.01967,0.00981,0.00000,0.00000,-0.029,-0.035,0
596.2060,0.02762,-0.02066,0.00965,0.00000,0.00000,-0.025,-0.032,0
596.2580,0.02918,-0.02165,0.00947,0.00000,0.00000,-0.020,-0.028,0
596.3100,0.03067,-0.02264,0.00926,0.00000,0.00000,-0.015,-0.024,0
596.3620,0.03209,-0.02360,0.00902,0.00000,0.00000,-0.009,-0.020,0
596.4140,0.03344,-0.02453,0.00876,0.00000,0.00000,-0.002,-0.015,0
596.4660,0.03471,-0.02545,0.00848,0.00000,0.00000,0.005,-0.010,0
596.5180,0.03591,-0.02634,0.00818,0.00000,0.00000,0.012,-0.005,0
596.5700,0.03703,-0.02720,0.00785,0.00000,0.00000,0.020,0.000,0
596.6220,0.03809,-0.02804,0.00751,0.00000,0.00000,0.029,0.005,0
596.6740,0.03908,-0.02885,0.00716,0.00000,0.00000,0.038,0.011,0
596.7260,0.04000,-0.02963,0.00678,0.00000,0.00000,0.048,0.016,0
596.7780,0.04086,-0.03037,0.00639,0.00000,0.00000,0.058,0.022,0
596.8300,0.04166,-0.03108,0.00599,0.00000,0.00000,0.069,0.027,0
596.8820,0.04240,-0.03176,0.00558,0.00000,0.00000,0.080,0.032,0
596.9340,0.04309,-0.03240,0.00517,0.00000,0.00000,0.092,0.038,0
596.9860,0.04372,-0.03300,0.00474,0.00000,0.00000,0.104,0.043,0
597.0380,0.04431,-0.03357,0.00431,0.00000,0.00000,0.116,0.048,0
597.0900,0.04486,-0.03412,0.00388,0.00000,0.00000,0.129,0.053,0
597.1420,0.04537,-0.03463,0.00345,0.00000,0.00000,0.142,0.057,0
597.1940,0.04585,-0.03511,0.00302,0.00000,0.00000,0.156,0.062,0
597.2460,0.04629,-0.03555,0.00260,0.00000,0.00000,0.169,0.066,0
597.2980,0.04669,-0.03594,0.00218,0.00000,0.00000,0.183,0.070,0
597.3500,0.04706,-0.03629,0.00177,0.00000,0.00000,0.197,0.074,0
597.4020,0.04740,-0.03660,0.00136,0.00000,0.00000,0.210,0.077,0
597.4540,0.04771,-0.03688,0.00097,0.00000,0.00000,0.224,0.080,0
597.5060,0.04801,-0.03712,0.00060,0.00000,0.00000,0.238,0.083,0
597.5580,0.04828,-0.03733,0.00023,0.00000,0.00000,0.251,0.086,0
597.6100,0.04855,-0.03752,-0.00011,0.00000,0.00000,0.265,0.088,0
597.6620,0.04880,-0.03767,-0.00044,0.00000,0.00000,0.278,0.090,0
597.7140,0.04904,-0.03781,-0.00075,0.00000,0.00000,0.291,0.092,0
597.7660,0.04928,-0.03793,-0.00103,0.00000,0.00000,0.304,0.093,0
597.8180,0.04953,-0.03803,-0.00130,0.00000,0.00000,0.317,0.095,0
597.8700,0.04977,-0.03813,-0.00154,0.00000,0.00000,0.330,0.096,0
597.9220,0.05001,-0.03820,-0.00175,0.00000,0.00000,0.343,0.097,0
597.9740,0.05026,-0.03827,-0.00194,0.00000,0.00000,0.356,0.098,0
598.0260,0.05052,-0.03832,-0.00211,0.00000,0.00000,0.368,0.098,0
598.0780,0.05078,-0.03837,-0.00225,0.00000,0.00000,0.380,0.099,0
598.1300,0.05106,-0.03841,-0.00236,0.00000,0.00000,0.392,0.099,0
598.1820,0.05135,-0.03845,-0.00245,0.00000,0.00000,0.404,0.100,0
598.2340,0.05166,-0.03849,-0.00251,0.00000,0.00000,0.415,0.100,0
598.2860,0.05199,-0.03854,-0.00254,0.00000,0.00000,0.427,0.100,0
598.3380,0.05234,-0.03859,-0.00254,0.00000,0.00000,0.438,0.100,0
598.3900,0.05271,-0.03865,-0.00252,0.00000,0.00000,0.449,0.101,0
598.4420,0.05310,-0.03871,-0.00248,0.00000,0.00000,0.460,0.101,0
598.4940,0.05352,-0.03878,-0.00241,0.00000,0.00000,0.471,0.101,0
598.5460,0.05397,-0.03887,-0.00232,0.00000,0.00000,0.482,0.101,0
598.5980,0.05445,-0.03898,-0.00220,0.00000,0.00000,0.492,0.102,0
598.6500,0.05496,-0.03912,-0.00207,0.00000,0.00000,0.503,0.102,0
598.7020,0.05551,-0.03928,-0.00191,0.00000,0.00000,0.514,0.103,0
598.7540,0.05611,-0.03948,-0.00173,0.00000,0.00000,0.524,0.104,0
598.8060,0.05674,-0.03972,-0.00154,0.00000,0.00000,0.536,0.105,0
598.8580,0.05741,-0.03997,-0.00133,0.00000,0.00000,0.547,0.106,0
598.9100,0.05811,-0.04025,-0.00111,0.00000,0.00000,0.558,0.107,0
598.9620,0.05887,-0.04059,-0.00088,0.00000,0.00000,0.570,0.109,0
599.0140,0.05966,-0.04095,-0.00064,0.00000,0.00000,0.582,0.110,0
599.0660,0.06049,-0.04134,-0.00039,0.00000,0.00000,0.594,0.112,0
599.1180,0.06136,-0.04177,-0.00013,0.00000,0.00000,0.607,0.114,0
599.1700,0.06227,-0.04222,0.00013,0.00000,0.00000,0.619,0.116,0
599.2220,0.06322,-0.04271,0.00039,0.00000,0.00000,0.632,0.119,0
599.2740,0.06421,-0.04324,0.00065,0.00000,0.00000,0.646,0.121,0
599.3260,0.06523,-0.04381,0.00090,0.00000,0.00000,0.660,0.124,0
599.3780,0.06629,-0.04440,0.00115,0.00000,0.00000,0.674,0.127,0
599.4300,0.06738,-0.04502,0.00140,0.00000,0.00000,0.689,0.131,0
599.4820,0.06849,-0.04565,0.00163,0.00000,0.00000,0.704,0.134,0
599.5340,0.06963,-0.04630,0.00185,0.00000,0.00000,0.720,0.138,0
599.5860,0.07079,-0.04697,0.00206,0.00000,0.00000,0.735,0.141,0
599.6380,0.07197,-0.04766,0.00225,0.00000,0.00000,0.751,0.145,0
599.6900,0.07317,-0.04837,0.00243,0.00000,0.00000,0.768,0.149,0
599.7420,0.07439,-0.04912,0.00258,0.00000,0.00000,0.785,0.153,0
599.7940,0.07563,-0.04989,0.00271,0.00000,0.00000,0.802,0.157,0
599.8460,0.07688,-0.05067,0.00283,0.00000,0.00000,0.820,0.161,0
599.8980,0.07814,-0.05146,0.00291,0.00000,0.00000,0.839,0.165,0
599.9500,0.07941,-0.05227,0.00297,0.00000,0.00000,0.858,0.169,0
600.0020,0.08067,-0.05309,0.00301,0.00000,0.00000,0.877,0.174,0
600.0540,0.08192,-0.05390,0.00301,0.00000,0.00000,0.897,0.178,0
600.1060,0.08317,-0.05471,0.00299,0.00000,0.00000,0.917,0.181,0
600.1580,0.08439,-0.05551,0.00294,0.00000,0.00000,0.937,0.185,0
600.2100,0.08560,-0.05629,0.00286,0.00000,0.00000,0.957,0.189,0
600.2620,0.08679,-0.05709,0.00274,0.00000,0.00000,0.978,0.192,0
600.3140,0.08795,-0.05787,0.00260,0.00000,0.00000,0.998,0.195,0
600.3660,0.08908,-0.05862,0.00242,0.00000,0.00000,1.019,0.198,0
600.4180,0.09016,-0.05936,0.00221,0.00000,0.00000,1.040,0.201,0
600.4700,0.09122,-0.06009,0.00197,0.00000,0.00000,1.061,0.203,0
600.5220,0.09223,-0.06080,0.00170,0.00000,0.00000,1.082,0.205,0
600.5740,0.09318,-0.06148,0.00140,0.00000,0.00000,1.103,0.206,0
600.6260,0.09408,-0.06212,0.00107,0.00000,0.00000,1.123,0.207,0
600.6780,0.09492,-0.06273,0.00071,0.00000,0.00000,1.144,0.207,0
600.7300,0.09569,-0.06330,0.00033,0.00000,0.00000,1.164,0.207,0
600.7820,0.09639,-0.06382,-0.00009,0.00000,0.00000,1.183,0.207,0
600.8340,0.09700,-0.06430,-0.00053,0.00000,0.00000,1.202,0.205,0
600.8860,0.09754,-0.06473,-0.00099,0.00000,0.00000,1.221,0.204,0
600.9380,0.09799,-0.06511,-0.00148,0.00000,0.00000,1.238,0.201,0
600.9900,0.09836,-0.06545,-0.00199,0.00000,0.00000,1.255,0.198,0
601.0420,0.09863,-0.06572,-0.00252,0.00000,0.00000,1.271,0.195,0
601.0940,0.09880,-0.06594,-0.00307,0.00000,0.00000,1.286,0.191,0
601.1460,0.09886,-0.06609,-0.00364,0.00000,0.00000,1.300,0.186,0
601.1980,0.09881,-0.06617,-0.00422,0.00000,0.00000,1.313,0.180,0
601.2500,0.09865,-0.06617,-0.00481,0.00000,0.00000,1.324,0.174,0
601.3020,0.09836,-0.06611,-0.00541,0.00000,0.00000,1.334,0.167,0
601.3540,0.09796,-0.06596,-0.00602,0.00000,0.00000,1.343,0.160,0
601.4060,0.09743,-0.06575,-0.00663,0.00000,0.00000,1.349,0.152,0
601.4580,0.09679,-0.06548,-0.00724,0.00000,0.00000,1.355,0.143,0
601.5100,0.09601,-0.06513,-0.00786,0.00000,0.00000,1.359,0.134,0
601.5620,0.09511,-0.06470,-0.00848,0.00000,0.00000,1.362,0.125,0
601.6140,0.09408,-0.06420,-0.00909,0.00000,0.00000,1.363,0.115,0
601.6660,0.09291,-0.06362,-0.00969,0.00000,0.00000,1.362,0.104,0
601.7180,0.09161,-0.06296,-0.01029,0.00000,0.00000,1.359,0.093,0
601.7700,0.09017,-0.06223,-0.01087,0.00000,0.00000,1.355,0.082,0
601.8220,0.08859,-0.06141,-0.01144,0.00000,0.00000,1.348,0.070,0
601.8740,0.08688,-0.06051,-0.01199,0.00000,0.00000,1.340,0.058,0
601.9260,0.08502,-0.05953,-0.01253,0.00000,0.00000,1.330,0.046,0
601.9780,0.08304,-0.05847,-0.01304,0.00000,0.00000,1.318,0.034,0
602.0300,0.08091,-0.05733,-0.01354,0.00000,0.00000,1.304,0.022,0
602.0820,0.07866,-0.05613,-0.01401,0.00000,0.00000,1.288,0.009,0
602.1340,0.07629,-0.05486,-0.01445,0.00000,0.00000,1.270,-0.003,0
602.1860,0.07378,-0.05351,-0.01487,0.00000,0.00000,1.251,-0.015,0
602.2380,0.07115,-0.05211,-0.01526,0.00000,0.00000,1.230,-0.027,0
602.2900,0.06841,-0.05065,-0.01562,0.00000,0.00000,1.208,-0.039,0
602.3420,0.06556,-0.04913,-0.01595,0.00000,0.00000,1.184,-0.051,0
602.3940,0.06259,-0.04755,-0.01626,0.00000,0.00000,1.158,-0.062,0
602.4460,0.05953,-0.04594,-0.01653,0.00000,0.00000,1.132,-0.073,0
602.4980,0.05638,-0.04427,-0.01676,0.00000,0.00000,1.104,-0.083,0
602.5500,0.05312,-0.04256,-0.01697,0.00000,0.00000,1.075,-0.093,0
602.6020,0.04978,-0.04080,-0.01714,0.00000,0.00000,1.044,-0.102,0
602.6540,0.04636,-0.03899,-0.01728,0.00000,0.00000,1.012,-0.110,0
602.7060,0.04286,-0.03715,-0.01739,0.00000,0.00000,0.979,-0.118,0
602.7580,0.03930,-0.03527,-0.01747,0.00000,0.00000,0.945,-0.126,0
602.8100,0.03569,-0.03338,-0.01751,0.00000,0.00000,0.911,-0.132,0
602.8620,0.03203,-0.03149,-0.01752,0.00000,0.00000,0.876,-0.138,0
602.9140,0.02834,-0.02957,-0.01750,0.00000,0.00000,0.840,-0.143,0
602.9660,0.02461,-0.02765,-0.01745,0.00000,0.00000,0.804,-0.147,0
603.0180,0.02086,-0.02571,-0.01737,0.00000,0.00000,0.768,-0.151,0
603.0700,0.01710,-0.02377,-0.01726,0.00000,0.00000,0.731,-0.153,0
603.1220,0.01334,-0.02185,-0.01712,0.00000,0.00000,0.694,-0.155,0
603.1740,0.00957,-0.01992,-0.01695,0.00000,0.00000,0.657,-0.156,0
603.2260,0.00582,-0.01800,-0.01676,0.00000,0.00000,0.620,-0.156,0
603.2780,0.00210,-0.01608,-0.01654,0.00000,0.00000,0.583,-0.155,0
603.3300,-0.00160,-0.01419,-0.01630,0.00000,0.00000,0.546,-0.154,0
603.3820,-0.00525,-0.01232,-0.01603,0.00000,0.00000,0.510,-0.152,0
603.4340,-0.00884,-0.01049,-0.01574,0.00000,0.00000,0.474,-0.149,0
603.4860,-0.01237,-0.00870,-0.01543,0.00000,0.00000,0.439,-0.145,0
603.5380,-0.01583,-0.00694,-0.01510,0.00000,0.00000,0.405,-0.141,0
603.5900,-0.01921,-0.00522,-0.01475,0.00000,0.00000,0.371,-0.136,0
603.6420,-0.02248,-0.00355,-0.01439,0.00000,0.00000,0.339,-0.131,0
603.6940,-0.02566,-0.00194,-0.01400,0.00000,0.00000,0.307,-0.125,0
603.7460,-0.02873,-0.00038,-0.01361,0.00000,0.00000,0.276,-0.118,0
603.7980,-0.03168,0.00112,-0.01320,0.00000,0.00000,0.246,-0.111,0
603.8500,-0.03452,0.00258,-0.01277,0.00000,0.00000,0.218,-0.104,0
603.9020,-0.03723,0.00399,-0.01234,0.00000,0.00000,0.190,-0.096,0
603.9540,-0.03980,0.00535,-0.01190,0.00000,0.00000,0.164,-0.088,0
604.0060,-0.04223,0.00665,-0.01145,0.00000,0.00000,0.139,-0.079,0
604.0580,-0.04452,0.00789,-0.01099,0.00000,0.00000,0.115,-0.070,0
604.1100,-0.04665,0.00908,-0.01052,0.00000,0.00000,0.093,-0.061,0
604.1620,-0.04864,0.01020,-0.01005,0.00000,0.00000,0.072,-0.052,0
604.2140,-0.05047,0.01127,-0.00958,0.00000,0.00000,0.052,-0.043,0
604.2660,-0.05216,0.01227,-0.00910,0.00000,0.00000,0.034,-0.034,0
604.3180,-0.05370,0.01321,-0.00862,0.00000,0.00000,0.017,-0.024,0
604.3700,-0.05510,0.01407,-0.00814,0.00000,0.00000,0.002,-0.015,0
604.4220,-0.05637,0.01488,-0.00766,0.00000,0.00000,-0.011,-0.006,0
604.4740,-0.05753,0.01562,-0.00718,0.00000,0.00000,-0.023,0.002,0
604.5260,-0.05858,0.01632,-0.00670,0.00000,0.00000,-0.034,0.011,0
604.5780,-0.05953,0.01696,-0.00622,0.00000,0.00000,-0.043,0.019,0
604.6300,-0.06038,0.01754,-0.00575,0.00000,0.00000,-0.051,0.027,0
604.6820,-0.06115,0.01806,-0.00527,0.00000,0.00000,-0.057,0.035,0
604.7340,-0.06184,0.01852,-0.00480,0.00000,0.00000,-0.062,0.042,0
604.7860,-0.06246,0.01891,-0.00433,0.00000,0.00000,-0.066,0.048,0
604.8380,-0.06301,0.01925,-0.00387,0.00000,0.00000,-0.068,0.055,0
604.8900,-0.06350,0.01954,-0.00341,0.00000,0.00000,-0.070,0.060,0
604.9420,-0.06393,0.01976,-0.00295,0.00000,0.00000,-0.070,0.066,0
604.9940,-0.06432,0.01993,-0.00250,0.00000,0.00000,-0.070,0.070,0
605.0460,-0.06466,0.02006,-0.00205,0.00000,0.00000,-0.068,0.075,0
605.0980,-0.06496,0.02014,-0.00160,0.00000,0.00000,-0.066,0.078,0
605.1500,-0.06521,0.02016,-0.00116,0.00000,0.00000,-0.063,0.082,0
605.2020,-0.06542,0.02014,-0.00072,0.00000,0.00000,-0.060,0.084,0
605.2540,-0.06560,0.02008,-0.00029,0.00000,0.00000,-0.056,0.086,0
605.3060,-0.06575,0.01998,0.00014,0.00000,0.00000,-0.051,0.088,0
605.3580,-0.06586,0.01985,0.00056,0.00000,0.00000,-0.046,0.089,0
605.4100,-0.06594,0.01969,0.00098,0.00000,0.00000,-0.041,0.090,0
605.4620,-0.06599,0.01950,0.00140,0.00000,0.00000,-0.035,0.090,0
605.5140,-0.06599,0.01926,0.00181,0.00000,0.00000,-0.029,0.090,0
605.5660,-0.06595,0.01898,0.00222,0.00000,0.00000,-0.023,0.089,0
605.6180,-0.06586,0.01866,0.00263,0.00000,0.00000,-0.016,0.088,0
605.6700,-0.06572,0.01831,0.00303,0.00000,0.00000,-0.010,0.086,0
605.7220,-0.06554,0.01794,0.00343,0.00000,0.00000,-0.004,0.084,0
605.7740,-0.06531,0.01754,0.00383,0.00000,0.00000,0.002,0.081,0
605.8260,-0.06503,0.01710,0.00422,0.00000,0.00000,0.008,0.078,0
605.8780,-0.06469,0.01664,0.00461,0.00000,0.00000,0.014,0.075,0
605.9300,-0.06429,0.01615,0.00500,0.00000,0.00000,0.020,0.071,0
605.9820,-0.06384,0.01565,0.00538,0.00000,0.00000,0.025,0.067,0
606.0340,-0.06332,0.01512,0.00576,0.00000,0.00000,0.030,0.062,0
606.0860,-0.06274,0.01457,0.00613,0.00000,0.00000,0.035,0.058,0
606.1380,-0.06210,0.01400,0.00650,0.00000,0.00000,0.040,0.052,0
606.1900,-0.06139,0.01343,0.00687,0.00000,0.00000,0.045,0.047,0
606.2420,-0.06060,0.01283,0.00723,0.00000,0.00000,0.049,0.041,0
606.2940,-0.05974,0.01220,0.00759,0.00000,0.00000,0.052,0.035,0
606.3460,-0.05880,0.01154,0.00794,0.00000,0.00000,0.056,0.029,0
606.3980,-0.05777,0.01086,0.00828,0.00000,0.00000,0.058,0.022,0
606.4500,-0.05667,0.01017,0.00862,0.00000,0.00000,0.061,0.015,0
606.5020,-0.05549,0.00946,0.00896,0.00000,0.00000,0.063,0.009,0
606.5540,-0.05422,0.00873,0.00928,0.00000,0.00000,0.064,0.002,0
606.6060,-0.05288,0.00799,0.00960,0.00000,0.00000,0.065,-0.005,0
606.6580,-0.05146,0.00724,0.00991,0.00000,0.00000,0.066,-0.013,0
606.7100,-0.04995,0.00647,0.01022,0.00000,0.00000,0.066,-0.020,0
606.7620,-0.04835,0.00568,0.01051,0.00000,0.00000,0.066,-0.027,0
606.8140,-0.04667,0.00487,0.01080,0.00000,0.00000,0.065,-0.034,0
606.8660,-0.04491,0.00403,0.01108,0.00000,0.00000,0.064,-0.041,0
606.9180,-0.04306,0.00319,0.01135,0.00000,0.00000,0.062,-0.048,0
606.9700,-0.04114,0.00234,0.01161,0.00000,0.00000,0.060,-0.055,0
607.0220,-0.03914,0.00147,0.01186,0.00000,0.00000,0.057,-0.062,0
607.0740,-0.03706,0.00058,0.01209,0.00000,0.00000,0.054,-0.069,0
607.1260,-0.03490,-0.00033,0.01232,0.00000,0.00000,0.051,-0.075,0
607.1780,-0.03266,-0.00125,0.01253,0.00000,0.00000,0.048,-0.081,0
607.2300,-0.03036,-0.00219,0.01273,0.00000,0.00000,0.044,-0.087,0
607.2820,-0.02799,-0.00313,0.01292,0.00000,0.00000,0.039,-0.092,0
607.3340,-0.02556,-0.00409,0.01310,0.00000,0.00000,0.035,-0.098,0
607.3860,-0.02306,-0.00507,0.01326,0.00000,0.00000,0.030,-0.102,0
607.4380,-0.02051,-0.00605,0.01341,0.00000,0.00000,0.025,-0.107,0
607.4900,-0.01791,-0.00706,0.01354,0.00000,0.00000,0.020,-0.110,0
607.5420,-0.01525,-0.00807,0.01366,0.00000,0.00000,0.015,-0.114,0
607.5940,-0.01255,-0.00909,0.01376,0.00000,0.00000,0.010,-0.117,0
607.6460,-0.00982,-0.01012,0.01385,0.00000,0.00000,0.005,-0.119,0
607.6980,-0.00705,-0.01115,0.01392,0.00000,0.00000,-0.001,-0.121,0
607.7500,-0.00425,-0.01220,0.01397,0.00000,0.00000,-0.006,-0.122,0
607.8020,-0.00144,-0.01325,0.01401,0.00000,0.00000,-0.011,-0.123,0
607.8540,0.00139,-0.01429,0.01403,0.00000,0.00000,-0.016,-0.123,0
607.9060,0.00421,-0.01533,0.01404,0.00000,0.00000,-0.020,-0.123,0
607.9580,0.00705,-0.01638,0.01402,0.00000,0.00000,-0.024,-0.122,0
608.0100,0.00987,-0.01743,0.01400,0.00000,0.00000,-0.028,-0.121,0
608.0620,0.01269,-0.01849,0.01395,0.00000,0.00000,-0.031,-0.118,0
608.1140,0.01549,-0.01956,0.01389,0.00000,0.00000,-0.034,-0.116,0
608.1660,0.01827,-0.02062,0.01381,0.00000,0.00000,-0.037,-0.112,0
608.2180,0.02100,-0.02167,0.01371,0.00000,0.00000,-0.038,-0.108,0
608.2700,0.02370,-0.02271,0.01360,0.00000,0.00000,-0.039,-0.104,0
608.3220,0.02634,-0.02375,0.01347,0.00000,0.00000,-0.039,-0.099,0
608.3740,0.02893,-0.02479,0.01332,0.00000,0.00000,-0.039,-0.093,0
608.4260,0.03145,-0.02581,0.01316,0.00000,0.00000,-0.037,-0.087,0
608.4780,0.03391,-0.02683,0.01299,0.00000,0.00000,-0.035,-0.080,0
608.5300,0.03629,-0.02785,0.01279,0.00000,0.00000,-0.032,-0.073,0
608.5820,0.03859,-0.02888,0.01259,0.00000,0.00000,-0.028,-0.065,0
608.6340,0.04082,-0.02990,0.01237,0.00000,0.00000,-0.022,-0.057,0
608.6860,0.04294,-0.03091,0.01213,0.00000,0.00000,-0.016,-0.048,0
608.7380,0.04497,-0.03191,0.01188,0.00000,0.00000,-0.008,-0.039,0
608.7900,0.04691,-0.03289,0.01162,0.00000,0.00000,0.000,-0.029,0
608.8420,0.04875,-0.03385,0.01135,0.00000,0.00000,0.010,-0.020,0
608.8940,0.05050,-0.03480,0.01106,0.00000,0.00000,0.021,-0.010,0
608.9460,0.05218,-0.03574,0.01077,0.00000,0.00000,0.033,0.001,0
608.9980,0.05378,-0.03668,0.01046,0.00000,0.00000,0.046,0.011,0
609.0500,0.05532,-0.03761,0.01015,0.00000,0.00000,0.060,0.022,0
609.1020,0.05678,-0.03852,0.00982,0.00000,0.00000,0.075,0.033,0
609.1540,0.05819,-0.03942,0.00949,0.00000,0.00000,0.092,0.044,0
609.2060,0.05955,-0.04031,0.00915,0.00000,0.00000,0.109,0.054,0
609.2580,0.06086,-0.04120,0.00880,0.00000,0.00000,0.127,0.065,0
609.3100,0.06213,-0.04206,0.00844,0.00000,0.00000,0.147,0.076,0
609.3620,0.06336,-0.04290,0.00808,0.00000,0.00000,0.167,0.087,0
609.4140,0.06456,-0.04373,0.00771,0.00000,0.00000,0.188,0.097,0
609.4660,0.06574,-0.04455,0.00734,0.00000,0.00000,0.210,0.107,0
609.5180,0.06689,-0.04533,0.00697,0.00000,0.00000,0.232,0.117,0
609.5700,0.06802,-0.04610,0.00659,0.00000,0.00000,0.255,0.127,0
609.6220,0.06913,-0.04684,0.00620,0.00000,0.00000,0.279,0.136,0
609.6740,0.07022,-0.04755,0.00582,0.00000,0.00000,0.303,0.145,0
609.7260,0.07130,-0.04825,0.00543,0.00000,0.00000,0.327,0.154,0
609.7780,0.07238,-0.04893,0.00504,0.00000,0.00000,0.352,0.162,0
609.8300,0.07345,-0.04959,0.00465,0.00000,0.00000,0.378,0.170,0
609.8820,0.07450,-0.05021,0.00425,0.00000,0.00000,0.404,0.177,0
609.9340,0.07556,-0.05084,0.00386,0.00000,0.00000,0.430,0.185,0
609.9860,0.07662,-0.05143,0.00346,0.00000,0.00000,0.456,0.191,0
610.0380,0.07767,-0.05201,0.00307,0.00000,0.00000,0.483,0.198,0
610.0900,0.07872,-0.05259,0.00268,0.00000,0.00000,0.510,0.203,0
610.1420,0.07977,-0.05315,0.00228,0.00000,0.00000,0.537,0.209,0
610.1940,0.08082,-0.05370,0.00189,0.00000,0.00000,0.564,0.214,0
610.2460,0.08187,-0.05422,0.00149,0.00000,0.00000,0.592,0.218,0
610.2980,0.08290,-0.05471,0.00110,0.00000,0.00000,0.620,0.222,0
610.3500,0.08392,-0.05519,0.00071,0.00000,0.00000,0.647,0.226,0
610.4020,0.08493,-0.05564,0.00031,0.00000,0.00000,0.675,0.229,0
610.4540,0.08592,-0.05606,-0.00008,0.00000,0.00000,0.702,0.232,0
610.5060,0.08690,-0.05647,-0.00047,0.00000,0.00000,0.729,0.234,0
610.5580,0.08786,-0.05685,-0.00086,0.00000,0.00000,0.756,0.235,0
610.6100,0.08880,-0.05720,-0.00125,0.00000,0.00000,0.783,0.237,0
610.6620,0.08970,-0.05752,-0.00164,0.00000,0.00000,0.809,0.237,0
610.7140,0.09059,-0.05781,-0.00202,0.00000,0.00000,0.835,0.238,0
610.7660,0.09144,-0.05807,-0.00241,0.00000,0.00000,0.860,0.237,0
610.8180,0.09225,-0.05830,-0.00279,0.00000,0.00000,0.885,0.237,0
610.8700,0.09303,-0.05850,-0.00318,0.00000,0.00000,0.910,0.235,0
610.9220,0.09377,-0.05867,-0.00356,0.00000,0.00000,0.934,0.234,0
610.9740,0.09447,-0.05880,-0.00395,0.00000,0.00000,0.957,0.232,0
611.0260,0.09512,-0.05891,-0.00433,0.00000,0.00000,0.979,0.229,0
611.0780,0.09571,-0.05896,-0.00471,0.00000,0.00000,1.001,0.226,0
611.1300,0.09625,-0.05897,-0.00509,0.00000,0.00000,1.022,0.222,0
611.1820,0.09673,-0.05896,-0.00547,0.00000,0.00000,1.042,0.218,0
611.2340,0.09715,-0.05889,-0.00585,0.00000,0.00000,1.061,0.214,0
611.2860,0.09750,-0.05879,-0.00623,0.00000,0.00000,1.079,0.209,0
611.3380,0.09779,-0.05865,-0.00660,0.00000,0.00000,1.096,0.204,0
611.3900,0.09800,-0.05846,-0.00697,0.00000,0.00000,1.112,0.198,0
611.4420,0.09815,-0.05823,-0.00735,0.00000,0.00000,1.127,0.192,0
611.4940,0.09821,-0.05795,-0.00772,0.00000,0.00000,1.140,0.185,0
611.5460,0.09818,-0.05761,-0.00808,0.00000,0.00000,1.153,0.178,0
611.5980,0.09808,-0.05723,-0.00845,0.00000,0.00000,1.164,0.171,0
611.6500,0.09788,-0.05680,-0.00881,0.00000,0.00000,1.173,0.163,0
611.7020,0.09760,-0.05632,-0.00916,0.00000,0.00000,1.182,0.155,0
611.7540,0.09722,-0.05581,-0.00952,0.00000,0.00000,1.189,0.147,0
611.8060,0.09676,-0.05525,-0.00986,0.00000,0.00000,1.195,0.138,0
611.8580,0.09620,-0.05464,-0.01021,0.00000,0.00000,1.199,0.129,0
611.9100,0.09554,-0.05397,-0.01054,0.00000,0.00000,1.202,0.120,0
611.9620,0.09478,-0.05325,-0.01087,0.00000,0.00000,1.204,0.110,0
612.0140,0.09391,-0.05247,-0.01119,0.00000,0.00000,1.204,0.100,0
612.0660,0.09294,-0.05164,-0.01150,0.00000,0.00000,1.202,0.090,0
612.1180,0.09186,-0.05077,-0.01181,0.00000,0.00000,1.199,0.080,0
612.1700,0.09067,-0.04984,-0.01210,0.00000,0.00000,1.194,0.070,0
612.2220,0.08939,-0.04887,-0.01238,0.00000,0.00000,1.188,0.059,0
612.2740,0.08799,-0.04786,-0.01265,0.00000,0.00000,1.180,0.049,0
612.3260,0.08650,-0.04680,-0.01291,0.00000,0.00000,1.171,0.038,0
612.3780,0.08490,-0.04570,-0.01315,0.00000,0.00000,1.161,0.027,0
612.4300,0.08319,-0.04456,-0.01338,0.00000,0.00000,1.149,0.017,0
612.4820,0.08138,-0.04337,-0.01360,0.00000,0.00000,1.136,0.006,0
612.5340,0.07947,-0.04214,-0.01380,0.00000,0.00000,1.121,-0.004,0
612.5860,0.07745,-0.04087,-0.01398,0.00000,0.00000,1.105,-0.014,0
612.6380,0.07534,-0.03957,-0.01415,0.00000,0.00000,1.088,-0.024,0
612.6900,0.07312,-0.03821,-0.01430,0.00000,0.00000,1.069,-0.034,0
612.7420,0.07082,-0.03684,-0.01443,0.00000,0.00000,1.049,-0.044,0
612.7940,0.06842,-0.03543,-0.01454,0.00000,0.00000,1.028,-0.053,0
612.8460,0.06595,-0.03400,-0.01463,0.00000,0.00000,1.006,-0.062,0
612.8980,0.06340,-0.03257,-0.01470,0.00000,0.00000,0.983,-0.071,0
612.9500,0.06078,-0.03113,-0.01476,0.00000,0.00000,0.959,-0.079,0
613.0020,0.05809,-0.02967,-0.01479,0.00000,0.00000,0.935,-0.087,0
613.0540,0.05533,-0.02820,-0.01480,0.00000,0.00000,0.909,-0.094,0
613.1060,0.05251,-0.02672,-0.01478,0.00000,0.00000,0.883,-0.101,0
613.1580,0.04964,-0.02522,-0.01475,0.00000,0.00000,0.857,-0.107,0
613.2100,0.04671,-0.02373,-0.01469,0.00000,0.00000,0.829,-0.113,0
613.2620,0.04374,-0.02223,-0.01461,0.00000,0.00000,0.801,-0.119,0
613.3140,0.04074,-0.02075,-0.01450,0.00000,0.00000,0.773,-0.123,0
613.3660,0.03772,-0.01928,-0.01438,0.00000,0.00000,0.744,-0.127,0
613.4180,0.03467,-0.01782,-0.01422,0.00000,0.00000,0.716,-0.131,0
613.4700,0.03161,-0.01638,-0.01405,0.00000,0.00000,0.687,-0.134,0
613.5220,0.02854,-0.01496,-0.01385,0.00000,0.00000,0.658,-0.136,0
613.5740,0.02547,-0.01356,-0.01363,0.00000,0.00000,0.628,-0.138,0
613.6260,0.02242,-0.01219,-0.01339,0.00000,0.00000,0.599,-0.139,0
613.6780,0.01938,-0.01085,-0.01312,0.00000,0.00000,0.571,-0.140,0
613.7300,0.01636,-0.00956,-0.01284,0.00000,0.00000,0.542,-0.140,0
613.7820,0.01338,-0.00830,-0.01253,0.00000,0.00000,0.514,-0.139,0
613.8340,0.01044,-0.00709,-0.01219,0.00000,0.00000,0.486,-0.138,0
613.8860,0.00755,-0.00592,-0.01184,0.00000,0.00000,0.458,-0.136,0
613.9380,0.00471,-0.00480,-0.01147,0.00000,0.00000,0.431,-0.134,0
613.9900,0.00193,-0.00373,-0.01108,0.00000,0.00000,0.405,-0.131,0
614.0420,-0.00077,-0.00272,-0.01067,0.00000,0.00000,0.379,-0.128,0
614.0940,-0.00339,-0.00176,-0.01024,0.00000,0.00000,0.354,-0.125,0
614.1460,-0.00593,-0.00087,-0.00980,0.00000,0.00000,0.330,-0.121,0
614.1980,-0.00838,-0.00004,-0.00934,0.00000,0.00000,0.306,-0.117,0
614.2500,-0.01073,0.00073,-0.00887,0.00000,0.00000,0.283,-0.112,0
614.3020,-0.01298,0.00143,-0.00838,0.00000,0.00000,0.261,-0.108,0
614.3540,-0.01512,0.00206,-0.00788,0.00000,0.00000,0.240,-0.102,0
614.4060,-0.01715,0.00262,-0.00737,0.00000,0.00000,0.220,-0.097,0
614.4580,-0.01906,0.00311,-0.00685,0.00000,0.00000,0.201,-0.092,0
614.5100,-0.02084,0.00352,-0.00632,0.00000,0.00000,0.182,-0.086,0
614.5620,-0.02250,0.00386,-0.00579,0.00000,0.00000,0.165,-0.081,0
614.6140,-0.02403,0.00413,-0.00525,0.00000,0.00000,0.149,-0.075,0
614.6660,-0.02544,0.00433,-0.00470,0.00000,0.00000,0.133,-0.070,0
614.7180,-0.02671,0.00446,-0.00416,0.00000,0.00000,0.118,-0.064,0
614.7700,-0.02784,0.00451,-0.00361,0.00000,0.00000,0.104,-0.058,0
614.8220,-0.02885,0.00450,-0.00306,0.00000,0.00000,0.091,-0.053,0
614.8740,-0.02973,0.00443,-0.00251,0.00000,0.00000,0.079,-0.048,0
614.9260,-0.03047,0.00428,-0.00197,0.00000,0.00000,0.067,-0.043,0
614.9780,-0.03108,0.00406,-0.00143,0.00000,0.00000,0.057,-0.038,0
615.0300,-0.03156,0.00379,-0.00090,0.00000,0.00000,0.047,-0.033,0
615.0820,-0.03192,0.00346,-0.00037,0.00000,0.00000,0.038,-0.028,0
615.1340,-0.03216,0.00308,0.00014,0.00000,0.00000,0.029,-0.024,0
615.1860,-0.03228,0.00264,0.00065,0.00000,0.00000,0.021,-0.020,0
615.2380,-0.03229,0.00215,0.00115,0.00000,0.00000,0.014,-0.016,0
615.2900,-0.03220,0.00162,0.00163,0.00000,0.00000,0.007,-0.013,0
615.3420,-0.03200,0.00103,0.00210,0.00000,0.00000,0.000,-0.010,0
615.3940,-0.03170,0.00039,0.00256,0.00000,0.00000,-0.005,-0.007,0
615.4460,-0.03131,-0.00030,0.00300,0.00000,0.00000,-0.011,-0.005,0
615.4980,-0.03084,-0.00103,0.00342,0.00000,0.00000,-0.016,-0.003,0
615.5500,-0.03029,-0.00180,0.00383,0.00000,0.00000,-0.020,-0.001,0
615.6020,-0.02968,-0.00260,0.00422,0.00000,0.00000,-0.025,0.001,0
615.6540,-0.02899,-0.00344,0.00459,0.00000,0.00000,-0.029,0.002,0
615.7060,-0.02825,-0.00430,0.00494,0.00000,0.00000,-0.032,0.003,0
615.7580,-0.02746,-0.00519,0.00527,0.00000,0.00000,-0.036,0.003,0
615.8100,-0.02662,-0.00611,0.00559,0.00000,0.00000,-0.039,0.004,0
615.8620,-0.02573,-0.00705,0.00588,0.00000,0.00000,-0.042,0.004,0
615.9140,-0.02480,-0.00801,0.00615,0.00000,0.00000,-0.045,0.004,0
615.9660,-0.02383,-0.00900,0.00640,0.00000,0.00000,-0.048,0.003,0
616.0180,-0.02283,-0.01001,0.00663,0.00000,0.00000,-0.051,0.003,0
616.0700,-0.02179,-0.01104,0.00684,0.00000,0.00000,-0.053,0.002,0
616.1220,-0.02073,-0.01209,0.00703,0.00000,0.00000,-0.055,0.001,0
616.1740,-0.01964,-0.01314,0.00721,0.00000,0.00000,-0.058,0.000,0
616.2260,-0.01853,-0.01421,0.00736,0.00000,0.00000,-0.060,-0.001,0
616.2780,-0.01740,-0.01528,0.00749,0.00000,0.00000,-0.062,-0.002,0
616.3300,-0.01625,-0.01637,0.00760,0.00000,0.00000,-0.064,-0.003,0
616.3820,-0.01510,-0.01744,0.00770,0.00000,0.00000,-0.065,-0.004,0
616.4340,-0.01394,-0.01850,0.00778,0.00000,0.00000,-0.067,-0.005,0
616.4860,-0.01277,-0.01956,0.00784,0.00000,0.00000,-0.068,-0.007,0
616.5380,-0.01159,-0.02060,0.00789,0.00000,0.00000,-0.070,-0.008,0
616.5900,-0.01041,-0.02165,0.00792,0.00000,0.00000,-0.071,-0.009,0
616.6420,-0.00923,-0.02268,0.00794,0.00000,0.00000,-0.072,-0.010,0
616.6940,-0.00803,-0.02371,0.00795,0.00000,0.00000,-0.073,-0.011,0
616.7460,-0.00684,-0.02473,0.00794,0.00000,0.00000,-0.073,-0.012,0
616.7980,-0.00565,-0.02574,0.00792,0.00000,0.00000,-0.074,-0.013,0
616.8500,-0.00445,-0.02673,0.00789,0.00000,0.00000,-0.074,-0.014,0
616.9020,-0.00327,-0.02770,0.00785,0.00000,0.00000,-0.073,-0.015,0
616.9540,-0.00208,-0.02866,0.00780,0.00000,0.00000,-0.073,-0.015,0
617.0060,-0.00089,-0.02961,0.00774,0.00000,0.00000,-0.072,-0.016,0
617.0580,0.00029,-0.03054,0.00768,0.00000,0.00000,-0.071,-0.016,0
617.1100,0.00148,-0.03147,0.00760,0.00000,0.00000,-0.070,-0.016,0
617.1620,0.00266,-0.03238,0.00752,0.00000,0.00000,-0.068,-0.016,0
617.2140,0.00383,-0.03327,0.00744,0.00000,0.00000,-0.066,-0.016,0
617.2660,0.00499,-0.03414,0.00735,0.00000,0.00000,-0.063,-0.016,0
617.3180,0.00615,-0.03500,0.00725,0.00000,0.00000,-0.060,-0.016,0
617.3700,0.00730,-0.03585,0.00715,0.00000,0.00000,-0.057,-0.015,0
617.4220,0.00844,-0.03668,0.00705,0.00000,0.00000,-0.053,-0.015,0
617.4740,0.00957,-0.03749,0.00694,0.00000,0.00000,-0.049,-0.014,0
617.5260,0.01069,-0.03828,0.00683,0.00000,0.00000,-0.044,-0.013,0
617.5780,0.01179,-0.03905,0.00672,0.00000,0.00000,-0.039,-0.012,0
617.6300,0.01290,-0.03983,0.00660,0.00000,0.00000,-0.033,-0.011,0
617.6820,0.01399,-0.04059,0.00649,0.00000,0.00000,-0.027,-0.010,0
617.7340,0.01506,-0.04134,0.00637,0.00000,0.00000,-0.021,-0.008,0
617.7860,0.01612,-0.04206,0.00625,0.00000,0.00000,-0.013,-0.007,0
617.8380,0.01716,-0.04277,0.00612,0.00000,0.00000,-0.006,-0.005,0
617.8900,0.01819,-0.04347,0.00600,0.00000,0.00000,0.003,-0.003,0
617.9420,0.01919,-0.04414,0.00587,0.00000,0.00000,0.011,-0.001,0
617.9940,0.02018,-0.04478,0.00574,0.00000,0.00000,0.020,0.001,0
618.0460,0.02114,-0.04541,0.00560,0.00000,0.00000,0.030,0.003,0
618.0980,0.02210,-0.04601,0.00546,0.00000,0.00000,0.040,0.005,0
618.1500,0.02303,-0.04661,0.00532,0.00000,0.00000,0.051,0.008,0
618.2020,0.02397,-0.04719,0.00518,0.00000,0.00000,0.062,0.010,0
618.2540,0.02488,-0.04777,0.00503,0.00000,0.00000,0.073,0.013,0
618.3060,0.02578,-0.04832,0.00487,0.00000,0.00000,0.085,0.015,0
618.3580,0.02668,-0.04887,0.00471,0.00000,0.00000,0.098,0.018,0
618.4100,0.02755,-0.04938,0.00455,0.00000,0.00000,0.111,0.021,0
618.4620,0.02841,-0.04988,0.00438,0.00000,0.00000,0.124,0.024,0
618.5140,0.02926,-0.05035,0.00420,0.00000,0.00000,0.138,0.027,0
618.5660,0.03009,-0.05080,0.00401,0.00000,0.00000,0.152,0.030,0
618.6180,0.03090,-0.05123,0.00382,0.00000,0.00000,0.167,0.032,0
618.6700,0.03170,-0.05163,0.00362,0.00000,0.00000,0.182,0.035,0
618.7220,0.03247,-0.05199,0.00341,0.00000,0.00000,0.197,0.038,0
618.7740,0.03322,-0.05231,0.00319,0.00000,0.00000,0.212,0.041,0
618.8260,0.03395,-0.05260,0.00296,0.00000,0.00000,0.227,0.044,0
618.8780,0.03465,-0.05284,0.00272,0.00000,0.00000,0.243,0.047,0
618.9300,0.03533,-0.05304,0.00247,0.00000,0.00000,0.258,0.049,0
618.9820,0.03597,-0.05320,0.00221,0.00000,0.00000,0.273,0.052,0
619.0340,0.03660,-0.05332,0.00193,0.00000,0.00000,0.289,0.054,0
619.0860,0.03718,-0.05339,0.00165,0.00000,0.00000,0.304,0.057,0
619.1380,0.03774,-0.05341,0.00135,0.00000,0.00000,0.319,0.059,0
619.1900,0.03827,-0.05339,0.00104,0.00000,0.00000,0.334,0.061,0
619.2420,0.03876,-0.05333,0.00072,0.00000,0.00000,0.349,0.063,0
619.2940,0.03922,-0.05322,0.00039,0.00000,0.00000,0.364,0.064,0
619.3460,0.03965,-0.05306,0.00005,0.00000,0.00000,0.379,0.066,0
619.3980,0.04003,-0.05285,-0.00031,0.00000,0.00000,0.393,0.067,0
619.4500,0.04037,-0.05259,-0.00067,0.00000,0.00000,0.407,0.068,0
619.5020,0.04067,-0.05227,-0.00105,0.00000,0.00000,0.420,0.069,0
619.5540,0.04092,-0.05190,-0.00144,0.00000,0.00000,0.433,0.070,0
619.6060,0.04111,-0.05145,-0.00184,0.00000,0.00000,0.446,0.070,0
619.6580,0.04125,-0.05095,-0.00224,0.00000,0.00000,0.458,0.070,0
619.7100,0.04134,-0.05038,-0.00266,0.00000,0.00000,0.469,0.070,0
619.7620,0.04138,-0.04975,-0.00308,0.00000,0.00000,0.479,0.070,0
619.8140,0.04135,-0.04906,-0.00351,0.00000,0.00000,0.489,0.069,0
619.8660,0.04127,-0.04830,-0.00395,0.00000,0.00000,0.498,0.068,0
619.9180,0.04112,-0.04746,-0.00439,0.00000,0.00000,0.506,0.067,0
619.9700,0.04089,-0.04654,-0.00484,0.00000,0.00000,0.513,0.065,0
620.0220,0.04060,-0.04556,-0.00528,0.00000,0.00000,0.519,0.063,0
620.0740,0.04024,-0.04450,-0.00573,0.00000,0.00000,0.524,0.061,0
620.1260,0.03981,-0.04338,-0.00618,0.00000,0.00000,0.528,0.058,0
620.1780,0.03931,-0.04219,-0.00663,0.00000,0.00000,0.532,0.056,0
620.2300,0.03874,-0.04092,-0.00707,0.00000,0.00000,0.534,0.052,0
620.2820,0.03809,-0.03958,-0.00751,0.00000,0.00000,0.534,0.049,0
620.3340,0.03737,-0.03818,-0.00794,0.00000,0.00000,0.534,0.046,0
620.3860,0.03658,-0.03671,-0.00836,0.00000,0.00000,0.533,0.042,0
620.4380,0.03572,-0.03518,-0.00878,0.00000,0.00000,0.530,0.038,0
620.4900,0.03479,-0.03360,-0.00918,0.00000,0.00000,0.527,0.034,0
620.5420,0.03378,-0.03195,-0.00957,0.00000,0.00000,0.522,0.030,0
620.5940,0.03270,-0.03025,-0.00995,0.00000,0.00000,0.517,0.025,0
620.6460,0.03155,-0.02847,-0.01031,0.00000,0.00000,0.510,0.021,0
620.6980,0.03032,-0.02664,-0.01065,0.00000,0.00000,0.502,0.016,0
620.7500,0.02904,-0.02476,-0.01097,0.00000,0.00000,0.492,0.011,0
620.8020,0.02768,-0.02283,-0.01127,0.00000,0.00000,0.482,0.007,0
620.8540,0.02625,-0.02085,-0.01155,0.00000,0.00000,0.471,0.002,0
620.9060,0.02477,-0.01884,-0.01181,0.00000,0.00000,0.459,-0.002,0
620.9580,0.02324,-0.01680,-0.01204,0.00000,0.00000,0.446,-0.007,0
621.0100,0.02166,-0.01474,-0.01224,0.00000,0.00000,0.432,-0.011,0
621.0620,0.02003,-0.01266,-0.01242,0.00000,0.00000,0.418,-0.016,0
621.1140,0.01836,-0.01057,-0.01257,0.00000,0.00000,0.403,-0.020,0
621.1660,0.01665,-0.00847,-0.01269,0.00000,0.00000,0.387,-0.024,0
621.2180,0.01491,-0.00637,-0.01278,0.00000,0.00000,0.371,-0.027,0
621.2700,0.01314,-0.00426,-0.01284,0.00000,0.00000,0.354,-0.031,0
621.3220,0.01135,-0.00216,-0.01287,0.00000,0.00000,0.337,-0.034,0
621.3740,0.00953,-0.00007,-0.01287,0.00000,0.00000,0.320,-0.037,0
621.4260,0.00771,0.00200,-0.01283,0.00000,0.00000,0.302,-0.040,0
621.4780,0.00588,0.00405,-0.01276,0.00000,0.00000,0.284,-0.042,0
621.5300,0.00405,0.00605,-0.01266,0.00000,0.00000,0.267,-0.044,0
621.5820,0.00222,0.00802,-0.01253,0.00000,0.00000,0.249,-0.046,0
621.6340,0.00041,0.00995,-0.01237,0.00000,0.00000,0.231,-0.047,0
621.6860,-0.00139,0.01182,-0.01217,0.00000,0.00000,0.214,-0.048,0
621.7380,-0.00315,0.01363,-0.01194,0.00000,0.00000,0.197,-0.049,0
621.7900,-0.00488,0.01537,-0.01168,0.00000,0.00000,0.180,-0.049,0
621.8420,-0.00658,0.01704,-0.01139,0.00000,0.00000,0.164,-0.049,0
621.8940,-0.00823,0.01863,-0.01107,0.00000,0.00000,0.148,-0.049,0
621.9460,-0.00982,0.02014,-0.01072,0.00000,0.00000,0.133,-0.048,0
621.9980,-0.01136,0.02156,-0.01034,0.00000,0.00000,0.119,-0.047,0
622.0500,-0.01283,0.02287,-0.00994,0.00000,0.00000,0.105,-0.046,0
622.1020,-0.01423,0.02408,-0.00950,0.00000,0.00000,0.092,-0.044,0
622.1540,-0.01555,0.02519,-0.00904,0.00000,0.00000,0.080,-0.043,0
622.2060,-0.01680,0.02620,-0.00856,0.00000,0.00000,0.069,-0.041,0
622.2580,-0.01796,0.02709,-0.00805,0.00000,0.00000,0.058,-0.038,0
622.3100,-0.01902,0.02785,-0.00753,0.00000,0.00000,0.049,-0.036,0
622.3620,-0.01999,0.02850,-0.00698,0.00000,0.00000,0.040,-0.034,0
622.4140,-0.02088,0.02904,-0.00641,0.00000,0.00000,0.032,-0.031,0
622.4660,-0.02166,0.02945,-0.00583,0.00000,0.00000,0.025,-0.029,0
622.5180,-0.02233,0.02974,-0.00523,0.00000,0.00000,0.019,-0.026,0
622.5700,-0.02291,0.02992,-0.00462,0.00000,0.00000,0.014,-0.024,0
622.6220,-0.02339,0.02999,-0.00400,0.00000,0.00000,0.010,-0.021,0
622.6740,-0.02377,0.02995,-0.00337,0.00000,0.00000,0.006,-0.018,0
622.7260,-0.02403,0.02978,-0.00274,0.00000,0.00000,0.003,-0.016,0
622.7780,-0.02419,0.02950,-0.00209,0.00000,0.00000,0.001,-0.013,0
622.8300,-0.02424,0.02909,-0.00145,0.00000,0.00000,-0.000,-0.011,0
622.8820,-0.02418,0.02858,-0.00080,0.00000,0.00000,-0.001,-0.009,0
622.9340,-0.02403,0.02796,-0.00015,0.00000,0.00000,-0.002,-0.007,0
622.9860,-0.02378,0.02725,0.00049,0.00000,0.00000,-0.001,-0.005,0
623.0380,-0.02344,0.02644,0.00113,0.00000,0.00000,-0.001,-0.004,0
623.0900,-0.02301,0.02555,0.00177,0.00000,0.00000,-0.000,-0.002,0
623.1420,-0.02251,0.02458,0.00239,0.00000,0.00000,0.001,-0.001,0
623.1940,-0.02191,0.02353,0.00301,0.00000,0.00000,0.002,0.000,0
623.2460,-0.02124,0.02239,0.00362,0.00000,0.00000,0.003,0.001,0
623.2980,-0.02048,0.02116,0.00421,0.00000,0.00000,0.005,0.002,0
623.3500,-0.01965,0.01986,0.00478,0.00000,0.00000,0.006,0.002,0
623.4020,-0.01875,0.01850,0.00534,0.00000,0.00000,0.008,0.002,0
623.4540,-0.01778,0.01707,0.00589,0.00000,0.00000,0.009,0.002,0
623.5060,-0.01674,0.01558,0.00641,0.00000,0.00000,0.010,0.002,0
623.5580,-0.01565,0.01405,0.00691,0.00000,0.00000,0.011,0.002,0
623.6100,-0.01451,0.01247,0.00739,0.00000,0.00000,0.012,0.001,0
623.6620,-0.01331,0.01085,0.00785,0.00000,0.00000,0.013,0.001,0
623.7140,-0.01206,0.00919,0.00829,0.00000,0.00000,0.013,0.000,0
623.7660,-0.01078,0.00750,0.00870,0.00000,0.00000,0.014,-0.001,0
623.8180,-0.00945,0.00580,0.00909,0.00000,0.00000,0.014,-0.001,0
623.8700,-0.00809,0.00408,0.00945,0.00000,0.00000,0.014,-0.002,0
623.9220,-0.00669,0.00235,0.00979,0.00000,0.00000,0.014,-0.003,0
623.9740,-0.00525,0.00059,0.01010,0.00000,0.00000,0.013,-0.004,0
624.0260,-0.00378,-0.00117,0.01039,0.00000,0.00000,0.012,-0.004,0
624.0780,-0.00229,-0.00294,0.01065,0.00000,0.00000,0.012,-0.005,0
624.1300,-0.00078,-0.00469,0.01088,0.00000,0.00000,0.011,-0.005,0
624.1820,0.00076,-0.00644,0.01109,0.00000,0.00000,0.010,-0.006,0
624.2340,0.00231,-0.00819,0.01128,0.00000,0.00000,0.009,-0.006,0
624.2860,0.00387,-0.00992,0.01143,0.00000,0.00000,0.008,-0.006,0
624.3380,0.00545,-0.01163,0.01157,0.00000,0.00000,0.007,-0.006,0
624.3900,0.00704,-0.01332,0.01168,0.00000,0.00000,0.007,-0.006,0
624.4420,0.00863,-0.01498,0.01176,0.00000,0.00000,0.006,-0.005,0
624.4940,0.01022,-0.01662,0.01182,0.00000,0.00000,0.006,-0.004,0
624.5460,0.01181,-0.01821,0.01186,0.00000,0.00000,0.006,-0.003,0
624.5980,0.01338,-0.01977,0.01188,0.00000,0.00000,0.006,-0.002,0
624.6500,0.01496,-0.02130,0.01187,0.00000,0.00000,0.007,-0.001,0
624.7020,0.01652,-0.02278,0.01184,0.00000,0.00000,0.008,0.001,0
624.7540,0.01807,-0.02422,0.01180,0.00000,0.00000,0.010,0.003,0
624.8060,0.01961,-0.02563,0.01173,0.00000,0.00000,0.012,0.006,0
624.8580,0.02113,-0.02701,0.01164,0.00000,0.00000,0.014,0.008,0
624.9100,0.02265,-0.02834,0.01154,0.00000,0.00000,0.018,0.011,0
624.9620,0.02414,-0.02961,0.01142,0.00000,0.00000,0.022,0.015,0
625.0140,0.02561,-0.03084,0.01128,0.00000,0.00000,0.027,0.018,0
625.0660,0.02706,-0.03203,0.01113,0.00000,0.00000,0.032,0.022,0
625.1180,0.02850,-0.03317,0.01096,0.00000,0.00000,0.038,0.026,0
625.1700,0.02992,-0.03427,0.01077,0.00000,0.00000,0.045,0.030,0
625.2220,0.03133,-0.03534,0.01057,0.00000,0.00000,0.053,0.034,0
625.2740,0.03273,-0.03637,0.01036,0.00000,0.00000,0.061,0.039,0
625.3260,0.03411,-0.03735,0.01014,0.00000,0.00000,0.070,0.044,0
625.3780,0.03547,-0.03830,0.00990,0.00000,0.00000,0.081,0.049,0
625.4300,0.03681,-0.03920,0.00965,0.00000,0.00000,0.091,0.054,0
625.4820,0.03814,-0.04006,0.00939,0.00000,0.00000,0.103,0.059,0
625.5340,0.03945,-0.04089,0.00912,0.00000,0.00000,0.115,0.064,0
625.5860,0.04076,-0.04170,0.00884,0.00000,0.00000,0.128,0.069,0
625.6380,0.04205,-0.04248,0.00855,0.00000,0.00000,0.142,0.075,0
625.6900,0.04333,-0.04323,0.00825,0.00000,0.00000,0.156,0.080,0
625.7420,0.04459,-0.04396,0.00794,0.00000,0.00000,0.172,0.086,0
625.7940,0.04585,-0.04467,0.00763,0.00000,0.00000,0.188,0.091,0
625.8460,0.04708,-0.04534,0.00730,0.00000,0.00000,0.204,0.097,0
625.8980,0.04830,-0.04598,0.00697,0.00000,0.00000,0.221,0.102,0
625.9500,0.04951,-0.04662,0.00663,0.00000,0.00000,0.239,0.107,0
626.0020,0.05070,-0.04723,0.00628,0.00000,0.00000,0.257,0.113,0
626.0540,0.05186,-0.04782,0.00592,0.00000,0.00000,0.276,0.118,0
626.1060,0.05301,-0.04839,0.00556,0.00000,0.00000,0.295,0.123,0
626.1580,0.05414,-0.04895,0.00519,0.00000,0.00000,0.315,0.127,0
626.2100,0.05525,-0.04949,0.00481,0.00000,0.00000,0.334,0.132,0
626.2620,0.05633,-0.05003,0.00443,0.00000,0.00000,0.355,0.136,0
626.3140,0.05740,-0.05056,0.00404,0.00000,0.00000,0.375,0.140,0
626.3660,0.05844,-0.05109,0.00364,0.00000,0.00000,0.397,0.144,0
626.4180,0.05945,-0.05159,0.00324,0.00000,0.00000,0.418,0.148,0
626.4700,0.06042,-0.05209,0.00283,0.00000,0.00000,0.439,0.151,0
626.5220,0.06136,-0.05259,0.00241,0.00000,0.00000,0.461,0.154,0
626.5740,0.06227,-0.05307,0.00199,0.00000,0.00000,0.482,0.157,0
626.6260,0.06313,-0.05355,0.00156,0.00000,0.00000,0.504,0.160,0
626.6780,0.06396,-0.05403,0.00113,0.00000,0.00000,0.525,0.162,0
626.7300,0.06474,-0.05450,0.00069,0.00000,0.00000,0.547,0.163,0
626.7820,0.06547,-0.05496,0.00025,0.00000,0.00000,0.569,0.165,0
626.8340,0.06614,-0.05540,-0.00020,0.00000,0.00000,0.590,0.166,0
626.8860,0.06676,-0.05584,-0.00066,0.00000,0.00000,0.611,0.166,0
626.9380,0.06733,-0.05626,-0.00111,0.00000,0.00000,0.632,0.166,0
626.9900,0.06783,-0.05668,-0.00157,0.00000,0.00000,0.652,0.166,0
627.0420,0.06826,-0.05708,-0.00204,0.00000,0.00000,0.672,0.165,0
627.0940,0.06863,-0.05748,-0.00250,0.00000,0.00000,0.692,0.164,0
627.1460,0.06892,-0.05786,-0.00297,0.00000,0.00000,0.711,0.162,0
627.1980,0.06915,-0.05823,-0.00344,0.00000,0.00000,0.730,0.160,0
627.2500,0.06929,-0.05859,-0.00391,0.00000,0.00000,0.748,0.158,0
627.3020,0.06936,-0.05894,-0.00439,0.00000,0.00000,0.765,0.155,0
627.3540,0.06935,-0.05927,-0.00486,0.00000,0.00000,0.782,0.151,0
627.4060,0.06926,-0.05959,-0.00533,0.00000,0.00000,0.798,0.147,0
627.4580,0.06908,-0.05990,-0.00579,0.00000,0.00000,0.813,0.143,0
627.5100,0.06882,-0.06019,-0.00626,0.00000,0.00000,0.828,0.139,0
627.5620,0.06847,-0.06048,-0.00671,0.00000,0.00000,0.841,0.134,0
627.6140,0.06804,-0.06076,-0.00717,0.00000,0.00000,0.855,0.128,0
627.6660,0.06753,-0.06104,-0.00761,0.00000,0.00000,0.867,0.122,0
627.7180,0.06694,-0.06131,-0.00805,0.00000,0.00000,0.879,0.116,0
627.7700,0.06625,-0.06156,-0.00849,0.00000,0.00000,0.890,0.110,0
627.8220,0.06548,-0.06180,-0.00891,0.00000,0.00000,0.901,0.103,0
627.8740,0.06461,-0.06201,-0.00932,0.00000,0.00000,0.910,0.096,0
627.9260,0.06365,-0.06219,-0.00971,0.00000,0.00000,0.918,0.089,0
627.9780,0.06260,-0.06236,-0.01010,0.00000,0.00000,0.925,0.082,0
628.0300,0.06146,-0.06249,-0.01047,0.00000,0.00000,0.931,0.074,0
628.0820,0.06023,-0.06259,-0.01082,0.00000,0.00000,0.935,0.066,0
628.1340,0.05890,-0.06266,-0.01116,0.00000,0.00000,0.939,0.058,0
628.1860,0.05749,-0.06269,-0.01147,0.00000,0.00000,0.941,0.050,0
628.2380,0.05598,-0.06267,-0.01177,0.00000,0.00000,0.941,0.042,0
628.2900,0.05439,-0.06262,-0.01205,0.00000,0.00000,0.941,0.034,0
628.3420,0.05272,-0.06252,-0.01231,0.00000,0.00000,0.939,0.026,0
628.3940,0.05097,-0.06238,-0.01254,0.00000,0.00000,0.935,0.019,0
628.4460,0.04913,-0.06219,-0.01275,0.00000,0.00000,0.931,0.011,0
628.4980,0.04723,-0.06197,-0.01294,0.00000,0.00000,0.925,0.003,0
628.5500,0.04526,-0.06169,-0.01310,0.00000,0.00000,0.918,-0.004,0
628.6020,0.04322,-0.06137,-0.01324,0.00000,0.00000,0.909,-0.012,0
628.6540,0.04113,-0.06100,-0.01335,0.00000,0.00000,0.899,-0.019,0
628.7060,0.03899,-0.06060,-0.01343,0.00000,0.00000,0.889,-0.025,0
628.7580,0.03681,-0.06015,-0.01349,0.00000,0.00000,0.877,-0.032,0
628.8100,0.03458,-0.05965,-0.01352,0.00000,0.00000,0.864,-0.038,0
628.8620,0.03232,-0.05911,-0.01353,0.00000,0.00000,0.849,-0.044,0
628.9140,0.03003,-0.05852,-0.01351,0.00000,0.00000,0.834,-0.049,0
628.9660,0.02772,-0.05789,-0.01346,0.00000,0.00000,0.818,-0.054,0
629.0180,0.02540,-0.05721,-0.01339,0.00000,0.00000,0.801,-0.058,0
629.0700,0.02307,-0.05649,-0.01329,0.00000,0.00000,0.783,-0.062,0
629.1220,0.02074,-0.05573,-0.01316,0.00000,0.00000,0.764,-0.066,0
629.1740,0.01842,-0.05493,-0.01301,0.00000,0.00000,0.745,-0.069,0
629.2260,0.01610,-0.05408,-0.01284,0.00000,0.00000,0.724,-0.072,0
629.2780,0.01381,-0.05319,-0.01264,0.00000,0.00000,0.703,-0.074,0
629.3300,0.01154,-0.05226,-0.01242,0.00000,0.00000,0.682,-0.076,0
629.3820,0.00930,-0.05129,-0.01217,0.00000,0.00000,0.659,-0.077,0
629.4340,0.00710,-0.05028,-0.01191,0.00000,0.00000,0.637,-0.078,0
629.4860,0.00496,-0.04926,-0.01162,0.00000,0.00000,0.614,-0.079,0
629.5380,0.00286,-0.04821,-0.01132,0.00000,0.00000,0.591,-0.079,0
629.5900,0.00082,-0.04712,-0.01099,0.00000,0.00000,0.568,-0.079,0
629.6420,-0.00116,-0.04600,-0.01065,0.00000,0.00000,0.544,-0.078,0
629.6940,-0.00307,-0.04484,-0.01030,0.00000,0.00000,0.520,-0.077,0
629.7460,-0.00492,-0.04366,-0.00993,0.00000,0.00000,0.496,-0.076,0
629.7980,-0.00669,-0.04245,-0.00955,0.00000,0.00000,0.472,-0.074,0
629.8500,-0.00838,-0.04123,-0.00917,0.00000,0.00000,0.448,-0.072,0
629.9020,-0.00999,-0.04000,-0.00877,0.00000,0.00000,0.425,-0.070,0
629.9540,-0.01151,-0.03875,-0.00836,0.00000,0.00000,0.402,-0.068,0
630.0060,-0.01295,-0.03749,-0.00795,0.00000,0.00000,0.378,-0.065,0
630.0580,-0.01430,-0.03620,-0.00754,0.00000,0.00000,0.356,-0.062,0
630.1100,-0.01557,-0.03490,-0.00712,0.00000,0.00000,0.333,-0.059,0
630.1620,-0.01675,-0.03358,-0.00670,0.00000,0.00000,0.311,-0.056,0
630.2140,-0.01785,-0.03224,-0.00629,0.00000,0.00000,0.288,-0.053,0
630.2660,-0.01887,-0.03090,-0.00587,0.00000,0.00000,0.267,-0.050,0
630.3180,-0.01979,-0.02956,-0.00546,0.00000,0.00000,0.246,-0.047,0
630.3700,-0.02062,-0.02823,-0.00506,0.00000,0.00000,0.226,-0.044,0
630.4220,-0.02137,-0.02690,-0.00467,0.00000,0.00000,0.206,-0.040,0
630.4740,-0.02204,-0.02557,-0.00428,0.00000,0.00000,0.187,-0.037,0
630.5260,-0.02263,-0.02424,-0.00391,0.00000,0.00000,0.168,-0.034,0
630.5780,-0.02314,-0.02292,-0.00355,0.00000,0.00000,0.150,-0.031,0
630.6300,-0.02359,-0.02160,-0.00320,0.00000,0.00000,0.133,-0.028,0
630.6820,-0.02396,-0.02029,-0.00287,0.00000,0.00000,0.116,-0.025,0
630.7340,-0.02427,-0.01899,-0.00255,0.00000,0.00000,0.100,-0.022,0
630.7860,-0.02451,-0.01772,-0.00225,0.00000,0.00000,0.085,-0.019,0
630.8380,-0.02469,-0.01648,-0.00196,0.00000,0.00000,0.071,-0.017,0
630.8900,-0.02481,-0.01525,-0.00170,0.00000,0.00000,0.058,-0.014,0
630.9420,-0.02488,-0.01405,-0.00145,0.00000,0.00000,0.045,-0.012,0
630.9940,-0.02492,-0.01285,-0.00122,0.00000,0.00000,0.033,-0.010,0
631.0460,-0.02492,-0.01168,-0.00101,0.00000,0.00000,0.021,-0.008,0
631.0980,-0.02488,-0.01054,-0.00082,0.00000,0.00000,0.010,-0.006,0
631.1500,-0.02481,-0.00943,-0.00065,0.00000,0.00000,0.000,-0.004,0
631.2020,-0.02472,-0.00835,-0.00050,0.00000,0.00000,-0.009,-0.003,0
631.2540,-0.02461,-0.00730,-0.00037,0.00000,0.00000,-0.018,-0.001,0
631.3060,-0.02449,-0.00629,-0.00026,0.00000,0.00000,-0.026,0.000,0
631.3580,-0.02435,-0.00530,-0.00016,0.00000,0.00000,-0.033,0.001,0
631.4100,-0.02421,-0.00436,-0.00008,0.00000,0.00000,-0.040,0.002,0
631.4620,-0.02407,-0.00345,-0.00002,0.00000,0.00000,-0.046,0.003,0
631.5140,-0.02394,-0.00256,0.00002,0.00000,0.00000,-0.051,0.004,0
631.5660,-0.02381,-0.00170,0.00005,0.00000,0.00000,-0.056,0.005,0
631.6180,-0.02370,-0.00088,0.00007,0.00000,0.00000,-0.061,0.006,0
631.6700,-0.02360,-0.00008,0.00008,0.00000,0.00000,-0.065,0.006,0
631.7220,-0.02351,0.00069,0.00008,0.00000,0.00000,-0.069,0.007,0
631.7740,-0.02344,0.00143,0.00006,0.00000,0.00000,-0.072,0.007,0
631.8260,-0.02338,0.00213,0.00005,0.00000,0.00000,-0.075,0.008,0
631.8780,-0.02333,0.00278,0.00002,0.00000,0.00000,-0.077,0.008,0
631.9300,-0.02330,0.00340,-0.00001,0.00000,0.00000,-0.079,0.008,0
631.9820,-0.02328,0.00398,-0.00004,0.00000,0.00000,-0.081,0.009,0
632.0340,-0.02327,0.00452,-0.00007,0.00000,0.00000,-0.082,0.009,0
632.0860,-0.02328,0.00504,-0.00009,0.00000,0.00000,-0.084,0.009,0
632.1380,-0.02330,0.00552,-0.00012,0.00000,0.00000,-0.084,0.009,0
632.1900,-0.02333,0.00597,-0.00013,0.00000,0.00000,-0.085,0.009,0
632.2420,-0.02336,0.00638,-0.00014,0.00000,0.00000,-0.086,0.010,0
632.2940,-0.02340,0.00677,-0.00014,0.00000,0.00000,-0.086,0.010,0
632.3460,-0.02343,0.00711,-0.00013,0.00000,0.00000,-0.086,0.010,0
632.3980,-0.02346,0.00742,-0.00011,0.00000,0.00000,-0.085,0.010,0
632.4500,-0.02348,0.00770,-0.00007,0.00000,0.00000,-0.085,0.010,0
632.5020,-0.02350,0.00794,-0.00002,0.00000,0.00000,-0.084,0.010,0
632.5540,-0.02349,0.00815,0.00006,0.00000,0.00000,-0.084,0.009,0
632.6060,-0.02346,0.00830,0.00015,0.00000,0.00000,-0.083,0.009,0
632.6580,-0.02339,0.00842,0.00026,0.00000,0.00000,-0.082,0.009,0
632.7100,-0.02330,0.00850,0.00039,0.00000,0.00000,-0.081,0.009,0
632.7620,-0.02317,0.00855,0.00055,0.00000,0.00000,-0.079,0.008,0
632.8140,-0.02301,0.00857,0.00073,0.00000,0.00000,-0.078,0.008,0
632.8660,-0.02280,0.00855,0.00093,0.00000,0.00000,-0.077,0.007,0
632.9180,-0.02254,0.00849,0.00116,0.00000,0.00000,-0.075,0.007,0
632.9700,-0.02222,0.00839,0.00142,0.00000,0.00000,-0.073,0.006,0
633.0220,-0.02184,0.00825,0.00170,0.00000,0.00000,-0.072,0.005,0
633.0740,-0.02138,0.00807,0.00201,0.00000,0.00000,-0.070,0.004,0
633.1260,-0.02086,0.00784,0.00234,0.00000,0.00000,-0.068,0.003,0
633.1780,-0.02026,0.00759,0.00269,0.00000,0.00000,-0.067,0.002,0
633.2300,-0.01958,0.00728,0.00308,0.00000,0.00000,-0.065,0.001,0
633.2820,-0.01881,0.00694,0.00348,0.00000,0.00000,-0.063,-0.001,0
633.3340,-0.01796,0.00657,0.00391,0.00000,0.00000,-0.061,-0.002,0
633.3860,-0.01702,0.00616,0.00436,0.00000,0.00000,-0.060,-0.004,0
633.4380,-0.01597,0.00571,0.00484,0.00000,0.00000,-0.058,-0.006,0
633.4900,-0.01483,0.00522,0.00533,0.00000,0.00000,-0.056,-0.008,0
633.5420,-0.01359,0.00469,0.00584,0.00000,0.00000,-0.055,-0.010,0
633.5940,-0.01223,0.00411,0.00637,0.00000,0.00000,-0.053,-0.012,0
633.6460,-0.01077,0.00349,0.00691,0.00000,0.00000,-0.051,-0.013,0
633.6980,-0.00920,0.00283,0.00746,0.00000,0.00000,-0.050,-0.016,0
633.7500,-0.00751,0.00213,0.00803,0.00000,0.00000,-0.048,-0.018,0
633.8020,-0.00572,0.00139,0.00860,0.00000,0.00000,-0.047,-0.019,0
633.8540,-0.00382,0.00061,0.00918,0.00000,0.00000,-0.045,-0.021,0
633.9060,-0.00181,-0.00022,0.00976,0.00000,0.00000,-0.044,-0.023,0
633.9580,0.00031,-0.00107,0.01034,0.00000,0.00000,-0.042,-0.025,0
634.0100,0.00253,-0.00196,0.01092,0.00000,0.00000,-0.041,-0.026,0
634.0620,0.00484,-0.00288,0.01150,0.00000,0.00000,-0.039,-0.027,0
634.1140,0.00725,-0.00383,0.01206,0.00000,0.00000,-0.038,-0.028,0
634.1660,0.00975,-0.00481,0.01262,0.00000,0.00000,-0.036,-0.028,0
634.2180,0.01233,-0.00581,0.01317,0.00000,0.00000,-0.034,-0.028,0
634.2700,0.01498,-0.00683,0.01369,0.00000,0.00000,-0.031,-0.028,0
634.3220,0.01769,-0.00787,0.01420,0.00000,0.00000,-0.029,-0.027,0
634.3740,0.02047,-0.00894,0.01469,0.00000,0.00000,-0.026,-0.026,0
634.4260,0.02329,-0.01002,0.01515,0.00000,0.00000,-0.022,-0.024,0
634.4780,0.02616,-0.01113,0.01559,0.00000,0.00000,-0.018,-0.021,0
634.5300,0.02907,-0.01227,0.01599,0.00000,0.00000,-0.014,-0.017,0
634.5820,0.03199,-0.01343,0.01637,0.00000,0.00000,-0.009,-0.013,0
634.6340,0.03493,-0.01459,0.01671,0.00000,0.00000,-0.004,-0.008,0
634.6860,0.03786,-0.01576,0.01701,0.00000,0.00000,0.003,-0.002,0
634.7380,0.04079,-0.01694,0.01727,0.00000,0.00000,0.010,0.004,0
634.7900,0.04371,-0.01812,0.01749,0.00000,0.00000,0.018,0.012,0
634.8420,0.04661,-0.01930,0.01766,0.00000,0.00000,0.026,0.020,0
634.8940,0.04950,-0.02049,0.01779,0.00000,0.00000,0.036,0.029,0
634.9460,0.05237,-0.02170,0.01787,0.00000,0.00000,0.047,0.039,0
634.9980,0.05521,-0.02289,0.01791,0.00000,0.00000,0.059,0.050,0
635.0500,0.05803,-0.02409,0.01789,0.00000,0.00000,0.072,0.062,0
635.1020,0.06081,-0.02527,0.01782,0.00000,0.00000,0.086,0.074,0
635.1540,0.06356,-0.02643,0.01770,0.00000,0.00000,0.101,0.087,0
635.2060,0.06628,-0.02760,0.01752,0.00000,0.00000,0.117,0.101,0
635.2580,0.06898,-0.02875,0.01730,0.00000,0.00000,0.135,0.115,0
635.3100,0.07163,-0.02990,0.01701,0.00000,0.00000,0.153,0.129,0
635.3620,0.07425,-0.03103,0.01668,0.00000,0.00000,0.173,0.144,0
635.4140,0.07682,-0.03213,0.01629,0.00000,0.00000,0.194,0.159,0
635.4660,0.07936,-0.03322,0.01584,0.00000,0.00000,0.217,0.175,0
635.5180,0.08186,-0.03429,0.01535,0.00000,0.00000,0.240,0.190,0
635.5700,0.08432,-0.03535,0.01479,0.00000,0.00000,0.265,0.205,0
635.6220,0.08677,-0.03637,0.01419,0.00000,0.00000,0.290,0.220,0
635.6740,0.08920,-0.03736,0.01354,0.00000,0.00000,0.317,0.235,0
635.7260,0.09164,-0.03832,0.01283,0.00000,0.00000,0.345,0.249,0
635.7780,0.09410,-0.03924,0.01208,0.00000,0.00000,0.373,0.263,0
635.8300,0.09658,-0.04012,0.01128,0.00000,0.00000,0.401,0.275,0
635.8820,0.09908,-0.04098,0.01043,0.00000,0.00000,0.430,0.287,0
635.9340,0.10162,-0.04179,0.00954,0.00000,0.00000,0.460,0.298,0
635.9860,0.10419,-0.04256,0.00861,0.00000,0.00000,0.490,0.308,0
636.0380,0.10678,-0.04329,0.00764,0.00000,0.00000,0.521,0.316,0
636.0900,0.10940,-0.04398,0.00663,0.00000,0.00000,0.552,0.324,0
636.1420,0.11204,-0.04462,0.00560,0.00000,0.00000,0.583,0.330,0
636.1940,0.11467,-0.04520,0.00453,0.00000,0.00000,0.614,0.335,0
636.2460,0.11729,-0.04572,0.00343,0.00000,0.00000,0.645,0.338,0
636.2980,0.11988,-0.04620,0.00231,0.00000,0.00000,0.676,0.339,0
636.3500,0.12243,-0.04661,0.00117,0.00000,0.00000,0.706,0.340,0
636.4020,0.12493,-0.04697,0.00001,0.00000,0.00000,0.735,0.338,0
636.4540,0.12735,-0.04728,-0.00116,0.00000,0.00000,0.764,0.335,0
636.5060,0.12967,-0.04753,-0.00233,0.00000,0.00000,0.791,0.331,0
636.5580,0.13187,-0.04772,-0.00352,0.00000,0.00000,0.818,0.325,0
636.6100,0.13392,-0.04785,-0.00470,0.00000,0.00000,0.843,0.318,0
636.6620,0.13582,-0.04793,-0.00588,0.00000,0.00000,0.867,0.310,0
636.7140,0.13751,-0.04794,-0.00705,0.00000,0.00000,0.889,0.300,0
636.7660,0.13898,-0.04787,-0.00821,0.00000,0.00000,0.909,0.289,0
636.8180,0.14019,-0.04773,-0.00935,0.00000,0.00000,0.928,0.277,0
636.8700,0.14114,-0.04754,-0.01047,0.00000,0.00000,0.943,0.264,0
636.9220,0.14178,-0.04730,-0.01156,0.00000,0.00000,0.957,0.250,0
636.9740,0.14209,-0.04699,-0.01263,0.00000,0.00000,0.969,0.235,0
637.0260,0.14206,-0.04664,-0.01366,0.00000,0.00000,0.980,0.220,0
637.0780,0.14164,-0.04622,-0.01466,0.00000,0.00000,0.988,0.205,0
637.1300,0.14081,-0.04576,-0.01561,0.00000,0.00000,0.996,0.188,0
637.1820,0.13955,-0.04524,-0.01652,0.00000,0.00000,1.002,0.172,0
637.2340,0.13783,-0.04467,-0.01739,0.00000,0.00000,1.007,0.155,0
637.2860,0.13562,-0.04404,-0.01820,0.00000,0.00000,1.011,0.137,0
637.3380,0.13292,-0.04336,-0.01895,0.00000,0.00000,1.014,0.119,0
637.3900,0.12982,-0.04263,-0.01966,0.00000,0.00000,1.017,0.101,0
637.4420,0.12636,-0.04187,-0.02030,0.00000,0.00000,1.019,0.082,0
637.4940,0.12259,-0.04107,-0.02088,0.00000,0.00000,1.018,0.063,0
637.5460,0.11855,-0.04022,-0.02141,0.00000,0.00000,1.016,0.044,0
637.5980,0.11428,-0.03932,-0.02187,0.00000,0.00000,1.012,0.025,0
637.6500,0.10980,-0.03837,-0.02227,0.00000,0.00000,1.005,0.006,0
637.7020,0.10514,-0.03738,-0.02261,0.00000,0.00000,0.996,-0.012,0
637.7540,0.10034,-0.03635,-0.02288,0.00000,0.00000,0.984,-0.031,0
637.8060,0.09541,-0.03528,-0.02309,0.00000,0.00000,0.970,-0.048,0
637.8580,0.09038,-0.03420,-0.02324,0.00000,0.00000,0.953,-0.065,0
637.9100,0.08527,-0.03310,-0.02333,0.00000,0.00000,0.936,-0.081,0
637.9620,0.08010,-0.03198,-0.02336,0.00000,0.00000,0.916,-0.097,0
638.0140,0.07488,-0.03083,-0.02333,0.00000,0.00000,0.895,-0.111,0
638.0660,0.06963,-0.02967,-0.02324,0.00000,0.00000,0.872,-0.124,0
638.1180,0.06436,-0.02848,-0.02309,0.00000,0.00000,0.847,-0.136,0
638.1700,0.05908,-0.02728,-0.02289,0.00000,0.00000,0.821,-0.147,0
638.2220,0.05381,-0.02607,-0.02264,0.00000,0.00000,0.794,-0.157,0
638.2740,0.04857,-0.02486,-0.02234,0.00000,0.00000,0.767,-0.165,0
638.3260,0.04336,-0.02363,-0.02199,0.00000,0.00000,0.738,-0.172,0
638.3780,0.03821,-0.02241,-0.02159,0.00000,0.00000,0.708,-0.178,0
638.4300,0.03312,-0.02120,-0.02115,0.00000,0.00000,0.678,-0.182,0
638.4820,0.02812,-0.02000,-0.02067,0.00000,0.00000,0.648,-0.186,0
638.5340,0.02321,-0.01881,-0.02016,0.00000,0.00000,0.618,-0.188,0
638.5860,0.01841,-0.01765,-0.01960,0.00000,0.00000,0.587,-0.189,0
638.6380,0.01372,-0.01650,-0.01902,0.00000,0.00000,0.556,-0.188,0
638.6900,0.00916,-0.01537,-0.01841,0.00000,0.00000,0.526,-0.187,0
638.7420,0.00473,-0.01426,-0.01777,0.00000,0.00000,0.496,-0.185,0
638.7940,0.00044,-0.01317,-0.01710,0.00000,0.00000,0.465,-0.182,0
638.8460,-0.00369,-0.01210,-0.01642,0.00000,0.00000,0.436,-0.178,0
638.8980,-0.00766,-0.01106,-0.01572,0.00000,0.00000,0.406,-0.173,0
638.9500,-0.01147,-0.01005,-0.01500,0.00000,0.00000,0.377,-0.167,0
639.0020,-0.01511,-0.00906,-0.01427,0.00000,0.00000,0.349,-0.161,0
639.0540,-0.01856,-0.00809,-0.01354,0.00000,0.00000,0.321,-0.154,0
639.1060,-0.02184,-0.00715,-0.01279,0.00000,0.00000,0.294,-0.146,0
639.1580,-0.02492,-0.00625,-0.01204,0.00000,0.00000,0.268,-0.138,0
639.2100,-0.02782,-0.00537,-0.01130,0.00000,0.00000,0.242,-0.130,0
639.2620,-0.03052,-0.00452,-0.01055,0.00000,0.00000,0.217,-0.121,0
639.3140,-0.03303,-0.00371,-0.00981,0.00000,0.00000,0.193,-0.112,0
639.3660,-0.03533,-0.00294,-0.00907,0.00000,0.00000,0.171,-0.103,0
639.4180,-0.03743,-0.00221,-0.00834,0.00000,0.00000,0.149,-0.094,0
639.4700,-0.03934,-0.00152,-0.00762,0.00000,0.00000,0.128,-0.085,0
639.5220,-0.04105,-0.00087,-0.00691,0.00000,0.00000,0.108,-0.076,0
639.5740,-0.04256,-0.00026,-0.00622,0.00000,0.00000,0.089,-0.067,0
639.6260,-0.04388,0.00031,-0.00554,0.00000,0.00000,0.071,-0.058,0
639.6780,-0.04502,0.00085,-0.00487,0.00000,0.00000,0.054,-0.050,0
639.7300,-0.04598,0.00134,-0.00423,0.00000,0.00000,0.038,-0.041,0
639.7820,-0.04678,0.00180,-0.00360,0.00000,0.00000,0.023,-0.033,0
639.8340,-0.04741,0.00220,-0.00299,0.00000,0.00000,0.009,-0.026,0
639.8860,-0.04791,0.00257,-0.00240,0.00000,0.00000,-0.003,-0.019,0
639.9380,-0.04827,0.00290,-0.00183,0.00000,0.00000,-0.015,-0.012,0
639.9900,-0.04851,0.00319,-0.00128,0.00000,0.00000,-0.026,-0.006,0
640.0420,-0.04864,0.00343,-0.00075,0.00000,0.00000,-0.036,0.000,0
640.0940,-0.04867,0.00362,-0.00024,0.00000,0.00000,-0.045,0.005,0
640.1460,-0.04860,0.00377,0.00024,0.00000,0.00000,-0.053,0.010,0
640.1980,-0.04845,0.00388,0.00071,0.00000,0.00000,-0.060,0.014,0
640.2500,-0.04824,0.00395,0.00116,0.00000,0.00000,-0.067,0.018,0
640.3020,-0.04796,0.00398,0.00158,0.00000,0.00000,-0.072,0.021,0
640.3540,-0.04763,0.00396,0.00199,0.00000,0.00000,-0.077,0.024,0
640.4060,-0.04724,0.00390,0.00238,0.00000,0.00000,-0.082,0.026,0
640.4580,-0.04681,0.00379,0.00276,0.00000,0.00000,-0.086,0.028,0
640.5100,-0.04634,0.00364,0.00312,0.00000,0.00000,-0.089,0.029,0
640.5620,-0.04584,0.00345,0.00346,0.00000,0.00000,-0.092,0.030,0
640.6140,-0.04530,0.00322,0.00379,0.00000,0.00000,-0.095,0.030,0
640.6660,-0.04474,0.00296,0.00410,0.00000,0.00000,-0.097,0.030,0
640.7180,-0.04415,0.00265,0.00440,0.00000,0.00000,-0.099,0.030,0
640.7700,-0.04354,0.00231,0.00470,0.00000,0.00000,-0.101,0.030,0
640.8220,-0.04291,0.00193,0.00498,0.00000,0.00000,-0.102,0.029,0
640.8740,-0.04225,0.00151,0.00525,0.00000,0.00000,-0.104,0.027,0
640.9260,-0.04156,0.00103,0.00552,0.00000,0.00000,-0.105,0.026,0
640.9780,-0.04085,0.00053,0.00577,0.00000,0.00000,-0.106,0.024,0
641.0300,-0.04011,-0.00001,0.00603,0.00000,0.00000,-0.107,0.022,0
641.0820,-0.03935,-0.00060,0.00627,0.00000,0.00000,-0.108,0.020,0
641.1340,-0.03855,-0.00122,0.00652,0.00000,0.00000,-0.109,0.017,0
641.1860,-0.03773,-0.00188,0.00676,0.00000,0.00000,-0.110,0.014,0
641.2380,-0.03687,-0.00258,0.00699,0.00000,0.00000,-0.111,0.012,0
641.2900,-0.03597,-0.00332,0.00723,0.00000,0.00000,-0.112,0.008,0
641.3420,-0.03504,-0.00410,0.00746,0.00000,0.00000,-0.113,0.005,0
641.3940,-0.03405,-0.00493,0.00770,0.00000,0.00000,-0.115,0.002,0
641.4460,-0.03303,-0.00579,0.00793,0.00000,0.00000,-0.116,-0.001,0
641.4980,-0.03196,-0.00669,0.00817,0.00000,0.00000,-0.118,-0.005,0
641.5500,-0.03084,-0.00764,0.00840,0.00000,0.00000,-0.120,-0.008,0
641.6020,-0.02966,-0.00862,0.00864,0.00000,0.00000,-0.121,-0.012,0
641.6540,-0.02843,-0.00964,0.00888,0.00000,0.00000,-0.123,-0.016,0
641.7060,-0.02715,-0.01070,0.00912,0.00000,0.00000,-0.125,-0.019,0
641.7580,-0.02580,-0.01180,0.00935,0.00000,0.00000,-0.128,-0.023,0
641.8100,-0.02440,-0.01293,0.00959,0.00000,0.00000,-0.130,-0.027,0
641.8620,-0.02294,-0.01408,0.00983,0.00000,0.00000,-0.132,-0.030,0
641.9140,-0.02143,-0.01524,0.01007,0.00000,0.00000,-0.134,-0.034,0
641.9660,-0.01986,-0.01642,0.01031,0.00000,0.00000,-0.137,-0.038,0
642.0180,-0.01823,-0.01763,0.01055,0.00000,0.00000,-0.139,-0.041,0
642.0700,-0.01655,-0.01886,0.01078,0.00000,0.00000,-0.141,-0.044,0
642.1220,-0.01481,-0.02009,0.01101,0.00000,0.00000,-0.143,-0.048,0
642.1740,-0.01301,-0.02134,0.01124,0.00000,0.00000,-0.144,-0.051,0
642.2260,-0.01116,-0.02260,0.01146,0.00000,0.00000,-0.146,-0.053,0
642.2780,-0.00925,-0.02388,0.01167,0.00000,0.00000,-0.147,-0.056,0
642.3300,-0.00729,-0.02516,0.01188,0.00000,0.00000,-0.148,-0.058,0
642.3820,-0.00528,-0.02646,0.01208,0.00000,0.00000,-0.149,-0.061,0
642.4340,-0.00321,-0.02778,0.01227,0.00000,0.00000,-0.149,-0.062,0
642.4860,-0.00108,-0.02912,0.01244,0.00000,0.00000,-0.149,-0.064,0
642.5380,0.00109,-0.03048,0.01261,0.00000,0.00000,-0.148,-0.065,0
642.5900,0.00331,-0.03183,0.01276,0.00000,0.00000,-0.147,-0.066,0
642.6420,0.00556,-0.03319,0.01290,0.00000,0.00000,-0.145,-0.066,0
642.6940,0.00784,-0.03455,0.01302,0.00000,0.00000,-0.142,-0.066,0
642.7460,0.01015,-0.03591,0.01313,0.00000,0.00000,-0.138,-0.065,0
642.7980,0.01248,-0.03725,0.01322,0.00000,0.00000,-0.134,-0.064,0
642.8500,0.01483,-0.03860,0.01328,0.00000,0.00000,-0.129,-0.063,0
642.9020,0.01718,-0.03993,0.01333,0.00000,0.00000,-0.123,-0.061,0
642.9540,0.01954,-0.04125,0.01336,0.00000,0.00000,-0.116,-0.059,0
643.0060,0.02190,-0.04255,0.01336,0.00000,0.00000,-0.108,-0.056,0
643.0580,0.02425,-0.04386,0.01334,0.00000,0.00000,-0.098,-0.052,0
643.1100,0.02658,-0.04516,0.01330,0.00000,0.00000,-0.088,-0.048,0
643.1620,0.02890,-0.04644,0.01323,0.00000,0.00000,-0.076,-0.044,0
643.2140,0.03117,-0.04769,0.01314,0.00000,0.00000,-0.063,-0.039,0
643.2660,0.03341,-0.04891,0.01302,0.00000,0.00000,-0.049,-0.033,0
643.3180,0.03560,-0.05012,0.01288,0.00000,0.00000,-0.034,-0.027,0
643.3700,0.03775,-0.05130,0.01271,0.00000,0.00000,-0.017,-0.021,0
643.4220,0.03984,-0.05245,0.01251,0.00000,0.00000,0.002,-0.014,0
643.4740,0.04187,-0.05356,0.01229,0.00000,0.00000,0.021,-0.006,0
643.5260,0.04385,-0.05464,0.01204,0.00000,0.00000,0.042,0.002,0
643.5780,0.04577,-0.05567,0.01176,0.00000,0.00000,0.064,0.010,0
643.6300,0.04763,-0.05665,0.01146,0.00000,0.00000,0.087,0.018,0
643.6820,0.04944,-0.05759,0.01114,0.00000,0.00000,0.112,0.027,0
643.7340,0.05119,-0.05848,0.01079,0.00000,0.00000,0.137,0.036,0
643.7860,0.05289,-0.05933,0.01041,0.00000,0.00000,0.164,0.045,0
643.8380,0.05454,-0.06013,0.01001,0.00000,0.00000,0.191,0.054,0
643.8900,0.05615,-0.06089,0.00959,0.00000,0.00000,0.219,0.063,0
643.9420,0.05772,-0.06159,0.00915,0.00000,0.00000,0.249,0.073,0
643.9940,0.05924,-0.06225,0.00869,0.00000,0.00000,0.279,0.082,0
644.0460,0.06072,-0.06284,0.00821,0.00000,0.00000,0.309,0.091,0
644.0980,0.06215,-0.06336,0.00771,0.00000,0.00000,0.340,0.100,0
644.1500,0.06354,-0.06382,0.00720,0.00000,0.00000,0.371,0.109,0
644.2020,0.06490,-0.06422,0.00667,0.00000,0.00000,0.403,0.117,0
644.2540,0.06622,-0.06456,0.00613,0.00000,0.00000,0.434,0.125,0
644.3060,0.06751,-0.06485,0.00557,0.00000,0.00000,0.466,0.133,0
644.3580,0.06876,-0.06506,0.00501,0.00000,0.00000,0.497,0.140,0
644.4100,0.06998,-0.06520,0.00444,0.00000,0.00000,0.529,0.147,0
644.4620,0.07117,-0.06529,0.00386,0.00000,0.00000,0.560,0.154,0
644.5140,0.07233,-0.06533,0.00328,0.00000,0.00000,0.591,0.160,0
644.5660,0.07347,-0.06531,0.00269,0.00000,0.00000,0.622,0.166,0
644.6180,0.07457,-0.06522,0.00211,0.00000,0.00000,0.652,0.171,0
644.6700,0.07564,-0.06507,0.00152,0.00000,0.00000,0.682,0.175,0
644.7220,0.07667,-0.06484,0.00094,0.00000,0.00000,0.711,0.179,0
644.7740,0.07766,-0.06454,0.00036,0.00000,0.00000,0.740,0.183,0
644.8260,0.07862,-0.06418,-0.00021,0.00000,0.00000,0.767,0.186,0
644.8780,0.07955,-0.06377,-0.00078,0.00000,0.00000,0.793,0.188,0
644.9300,0.08045,-0.06331,-0.00133,0.00000,0.00000,0.819,0.189,0
644.9820,0.08132,-0.06279,-0.00188,0.00000,0.00000,0.843,0.191,0
645.0340,0.08215,-0.06221,-0.00241,0.00000,0.00000,0.867,0.191,0
645.0860,0.08294,-0.06158,-0.00293,0.00000,0.00000,0.890,0.191,0
645.1380,0.08369,-0.06089,-0.00343,0.00000,0.00000,0.911,0.191,0
645.1900,0.08440,-0.06014,-0.00392,0.00000,0.00000,0.932,0.189,0
645.2420,0.08508,-0.05935,-0.00439,0.00000,0.00000,0.950,0.188,0
645.2940,0.08571,-0.05851,-0.00484,0.00000,0.00000,0.968,0.186,0
645.3460,0.08630,-0.05762,-0.00527,0.00000,0.00000,0.984,0.183,0
645.3980,0.08685,-0.05669,-0.00568,0.00000,0.00000,1.000,0.180,0
645.4500,0.08735,-0.05572,-0.00607,0.00000,0.00000,1.013,0.177,0
645.5020,0.08782,-0.05471,-0.00644,0.00000,0.00000,1.026,0.173,0
645.5540,0.08823,-0.05367,-0.00679,0.00000,0.00000,1.037,0.169,0
645.6060,0.08860,-0.05259,-0.00712,0.00000,0.00000,1.047,0.164,0
645.6580,0.08893,-0.05148,-0.00742,0.00000,0.00000,1.056,0.160,0
645.7100,0.08921,-0.05035,-0.00770,0.00000,0.00000,1.063,0.155,0
645.7620,0.08945,-0.04921,-0.00796,0.00000,0.00000,1.069,0.149,0
645.8140,0.08964,-0.04805,-0.00820,0.00000,0.00000,1.074,0.144,0
645.8660,0.08978,-0.04687,-0.00842,0.00000,0.00000,1.077,0.138,0
645.9180,0.08988,-0.04568,-0.00862,0.00000,0.00000,1.080,0.132,0
645.9700,0.08992,-0.04446,-0.00879,0.00000,0.00000,1.081,0.126,0
646.0220,0.08990,-0.04324,-0.00895,0.00000,0.00000,1.081,0.120,0
646.0740,0.08984,-0.04201,-0.00909,0.00000,0.00000,1.080,0.113,0
646.1260,0.08972,-0.04078,-0.00922,0.00000,0.00000,1.077,0.107,0
646.1780,0.08956,-0.03956,-0.00932,0.00000,0.00000,1.074,0.101,0
646.2300,0.08934,-0.03833,-0.00941,0.00000,0.00000,1.069,0.094,0
646.2820,0.08906,-0.03712,-0.00949,0.00000,0.00000,1.064,0.088,0
646.3340,0.08874,-0.03593,-0.00956,0.00000,0.00000,1.058,0.081,0
646.3860,0.08836,-0.03474,-0.00961,0.00000,0.00000,1.051,0.074,0
646.4380,0.08792,-0.03357,-0.00965,0.00000,0.00000,1.043,0.068,0
646.4900,0.08742,-0.03241,-0.00969,0.00000,0.00000,1.034,0.062,0
646.5420,0.08686,-0.03127,-0.00972,0.00000,0.00000,1.025,0.055,0
646.5940,0.08623,-0.03015,-0.00974,0.00000,0.00000,1.015,0.049,0
646.6460,0.08555,-0.02905,-0.00976,0.00000,0.00000,1.004,0.042,0
646.6980,0.08480,-0.02796,-0.00977,0.00000,0.00000,0.992,0.036,0
646.7500,0.08396,-0.02688,-0.00978,0.00000,0.00000,0.980,0.030,0
646.8020,0.08306,-0.02581,-0.00980,0.00000,0.00000,0.967,0.024,0
646.8540,0.08208,-0.02476,-0.00981,0.00000,0.00000,0.953,0.017,0
646.9060,0.08103,-0.02373,-0.00983,0.00000,0.00000,0.938,0.011,0
646.9580,0.07990,-0.02272,-0.00985,0.00000,0.00000,0.923,0.005,0
647.0100,0.07869,-0.02173,-0.00987,0.00000,0.00000,0.908,-0.001,0
647.0620,0.07740,-0.02076,-0.00990,0.00000,0.00000,0.891,-0.007,0
647.1140,0.07603,-0.01982,-0.00994,0.00000,0.00000,0.875,-0.012,0
647.1660,0.07457,-0.01889,-0.00999,0.00000,0.00000,0.858,-0.018,0
647.2180,0.07302,-0.01797,-0.01004,0.00000,0.00000,0.840,-0.024,0
647.2700,0.07139,-0.01707,-0.01010,0.00000,0.00000,0.822,-0.030,0
647.3220,0.06967,-0.01619,-0.01017,0.00000,0.00000,0.804,-0.035,0
647.3740,0.06786,-0.01533,-0.01024,0.00000,0.00000,0.786,-0.041,0
647.4260,0.06596,-0.01448,-0.01033,0.00000,0.00000,0.767,-0.046,0
647.4780,0.06397,-0.01365,-0.01043,0.00000,0.00000,0.747,-0.051,0
647.5300,0.06189,-0.01284,-0.01053,0.00000,0.00000,0.728,-0.057,0
647.5820,0.05972,-0.01205,-0.01064,0.00000,0.00000,0.708,-0.062,0
647.6340,0.05746,-0.01128,-0.01077,0.00000,0.00000,0.688,-0.067,0
647.6860,0.05511,-0.01052,-0.01089,0.00000,0.00000,0.668,-0.072,0
647.7380,0.05267,-0.00976,-0.01103,0.00000,0.00000,0.648,-0.077,0
647.7900,0.05014,-0.00901,-0.01117,0.00000,0.00000,0.627,-0.081,0
647.8420,0.04752,-0.00827,-0.01131,0.00000,0.00000,0.607,-0.086,0
647.8940,0.04481,-0.00753,-0.01146,0.00000,0.00000,0.586,-0.090,0
647.9460,0.04201,-0.00679,-0.01161,0.00000,0.00000,0.565,-0.094,0
647.9980,0.03913,-0.00605,-0.01176,0.00000,0.00000,0.543,-0.098,0
648.0500,0.03617,-0.00531,-0.01191,0.00000,0.00000,0.522,-0.102,0
648.1020,0.03314,-0.00459,-0.01206,0.00000,0.00000,0.500,-0.105,0
648.1540,0.03003,-0.00387,-0.01220,0.00000,0.00000,0.479,-0.108,0
648.2060,0.02686,-0.00313,-0.01234,0.00000,0.00000,0.457,-0.111,0
648.2580,0.02362,-0.00240,-0.01248,0.00000,0.00000,0.436,-0.114,0
648.3100,0.02033,-0.00169,-0.01260,0.00000,0.00000,0.414,-0.116,0
648.3620,0.01700,-0.00098,-0.01271,0.00000,0.00000,0.393,-0.117,0
648.4140,0.01364,-0.00029,-0.01281,0.00000,0.00000,0.372,-0.118,0
648.4660,0.01025,0.00039,-0.01290,0.00000,0.00000,0.351,-0.119,0
648.5180,0.00683,0.00106,-0.01296,0.00000,0.00000,0.331,-0.119,0
648.5700,0.00340,0.00172,-0.01302,0.00000,0.00000,0.310,-0.119,0
648.6220,-0.00003,0.00237,-0.01305,0.00000,0.00000,0.290,-0.119,0
648.6740,-0.00346,0.00302,-0.01306,0.00000,0.00000,0.271,-0.118,0
648.7260,-0.00689,0.00367,-0.01304,0.00000,0.00000,0.251,-0.116,0
648.7780,-0.01029,0.00431,-0.01301,0.00000,0.00000,0.232,-0.114,0
648.8300,-0.01366,0.00493,-0.01294,0.00000,0.00000,0.213,-0.111,0
648.8820,-0.01698,0.00554,-0.01285,0.00000,0.00000,0.195,-0.108,0
648.9340,-0.02024,0.00612,-0.01273,0.00000,0.00000,0.177,-0.104,0
648.9860,-0.02343,0.00668,-0.01258,0.00000,0.00000,0.160,-0.100,0
649.0380,-0.02655,0.00723,-0.01240,0.00000,0.00000,0.144,-0.095,0
649.0900,-0.02958,0.00777,-0.01219,0.00000,0.00000,0.128,-0.090,0
649.1420,-0.03250,0.00827,-0.01195,0.00000,0.00000,0.112,-0.084,0
649.1940,-0.03532,0.00875,-0.01167,0.00000,0.00000,0.098,-0.078,0
649.2460,-0.03800,0.00921,-0.01136,0.00000,0.00000,0.084,-0.072,0
649.2980,-0.04056,0.00964,-0.01102,0.00000,0.00000,0.071,-0.065,0
649.3500,-0.04296,0.01003,-0.01065,0.00000,0.00000,0.058,-0.058,0
649.4020,-0.04521,0.01040,-0.01024,0.00000,0.00000,0.047,-0.050,0
649.4540,-0.04730,0.01072,-0.00979,0.00000,0.00000,0.036,-0.043,0
649.5060,-0.04923,0.01102,-0.00932,0.00000,0.00000,0.026,-0.035,0
649.5580,-0.05099,0.01128,-0.00881,0.00000,0.00000,0.016,-0.027,0
649.6100,-0.05258,0.01149,-0.00828,0.00000,0.00000,0.008,-0.019,0
649.6620,-0.05400,0.01165,-0.00771,0.00000,0.00000,0.001,-0.011,0
649.7140,-0.05526,0.01175,-0.00711,0.00000,0.00000,-0.006,-0.004,0
649.7660,-0.05635,0.01180,-0.00649,0.00000,0.00000,-0.012,0.004,0
649.8180,-0.05729,0.01179,-0.00584,0.00000,0.00000,-0.017,0.011,0
649.8700,-0.05807,0.01172,-0.00516,0.00000,0.00000,-0.021,0.018,0
649.9220,-0.05871,0.01160,-0.00447,0.00000,0.00000,-0.025,0.024,0
649.9740,-0.05922,0.01142,-0.00375,0.00000,0.00000,-0.028,0.030,0
650.0260,-0.05959,0.01117,-0.00302,0.00000,0.00000,-0.030,0.035,0
650.0780,-0.05983,0.01087,-0.00226,0.00000,0.00000,-0.032,0.040,0
650.1300,-0.05996,0.01051,-0.00150,0.00000,0.00000,-0.034,0.044,0
650.1820,-0.05995,0.01008,-0.00072,0.00000,0.00000,-0.035,0.048,0
650.2340,-0.05984,0.00959,0.00006,0.00000,0.00000,-0.036,0.051,0
650.2860,-0.05962,0.00906,0.00085,0.00000,0.00000,-0.036,0.053,0
650.3380,-0.05929,0.00846,0.00165,0.00000,0.00000,-0.036,0.055,0
650.3900,-0.05886,0.00781,0.00244,0.00000,0.00000,-0.037,0.056,0
650.4420,-0.05832,0.00708,0.00324,0.00000,0.00000,-0.037,0.056,0
650.4940,-0.05768,0.00629,0.00402,0.00000,0.00000,-0.037,0.055,0
650.5460,-0.05694,0.00545,0.00480,0.00000,0.00000,-0.038,0.054,0
650.5980,-0.05611,0.00455,0.00557,0.00000,0.00000,-0.038,0.052,0
650.6500,-0.05518,0.00361,0.00632,0.00000,0.00000,-0.039,0.049,0
650.7020,-0.05416,0.00261,0.00706,0.00000,0.00000,-0.040,0.046,0
650.7540,-0.05306,0.00157,0.00778,0.00000,0.00000,-0.042,0.042,0
650.8060,-0.05186,0.00050,0.00847,0.00000,0.00000,-0.043,0.038,0
650.8580,-0.05058,-0.00062,0.00914,0.00000,0.00000,-0.045,0.033,0
650.9100,-0.04921,-0.00178,0.00979,0.00000,0.00000,-0.048,0.028,0
650.9620,-0.04777,-0.00297,0.01040,0.00000,0.00000,-0.050,0.022,0
651.0140,-0.04624,-0.00418,0.01098,0.00000,0.00000,-0.053,0.016,0
651.0660,-0.04464,-0.00541,0.01152,0.00000,0.00000,-0.057,0.010,0
651.1180,-0.04298,-0.00666,0.01203,0.00000,0.00000,-0.060,0.003,0
651.1700,-0.04123,-0.00792,0.01250,0.00000,0.00000,-0.064,-0.004,0
651.2220,-0.03943,-0.00919,0.01293,0.00000,0.00000,-0.068,-0.010,0
651.2740,-0.03756,-0.01047,0.01332,0.00000,0.00000,-0.073,-0.017,0
651.3260,-0.03563,-0.01175,0.01367,0.00000,0.00000,-0.077,-0.024,0
651.3780,-0.03365,-0.01304,0.01398,0.00000,0.00000,-0.082,-0.031,0
651.4300,-0.03161,-0.01432,0.01425,0.00000,0.00000,-0.087,-0.038,0
651.4820,-0.02952,-0.01561,0.01447,0.00000,0.00000,-0.092,-0.044,0
651.5340,-0.02739,-0.01686,0.01465,0.00000,0.00000,-0.097,-0.050,0
651.5860,-0.02523,-0.01811,0.01478,0.00000,0.00000,-0.102,-0.056,0
651.6380,-0.02303,-0.01934,0.01487,0.00000,0.00000,-0.107,-0.062,0
651.6900,-0.02079,-0.02056,0.01492,0.00000,0.00000,-0.112,-0.067,0
651.7420,-0.01854,-0.02174,0.01493,0.00000,0.00000,-0.116,-0.072,0
651.7940,-0.01628,-0.02289,0.01490,0.00000,0.00000,-0.121,-0.076,0
651.8460,-0.01400,-0.02400,0.01482,0.00000,0.00000,-0.125,-0.080,0
651.8980,-0.01171,-0.02509,0.01471,0.00000,0.00000,-0.128,-0.084,0
651.9500,-0.00943,-0.02614,0.01456,0.00000,0.00000,-0.132,-0.086,0
652.0020,-0.00714,-0.02717,0.01437,0.00000,0.00000,-0.134,-0.089,0
652.0540,-0.00486,-0.02815,0.01415,0.00000,0.00000,-0.137,-0.090,0
652.1060,-0.00260,-0.02908,0.01389,0.00000,0.00000,-0.138,-0.092,0
652.1580,-0.00036,-0.02996,0.01360,0.00000,0.00000,-0.139,-0.092,0
652.2100,0.00184,-0.03079,0.01329,0.00000,0.00000,-0.140,-0.093,0
652.2620,0.00402,-0.03157,0.01294,0.00000,0.00000,-0.140,-0.092,0
652.3140,0.00617,-0.03231,0.01257,0.00000,0.00000,-0.139,-0.091,0
652.3660,0.00826,-0.03298,0.01218,0.00000,0.00000,-0.137,-0.090,0
652.4180,0.01031,-0.03359,0.01177,0.00000,0.00000,-0.135,-0.088,0
652.4700,0.01231,-0.03415,0.01134,0.00000,0.00000,-0.132,-0.086,0
652.5220,0.01425,-0.03465,0.01089,0.00000,0.00000,-0.128,-0.083,0
652.5740,0.01613,-0.03508,0.01043,0.00000,0.00000,-0.123,-0.080,0
652.6260,0.01794,-0.03545,0.00996,0.00000,0.00000,-0.118,-0.077,0
652.6780,0.01969,-0.03577,0.00948,0.00000,0.00000,-0.112,-0.073,0
652.7300,0.02137,-0.03602,0.00899,0.00000,0.00000,-0.106,-0.069,0
652.7820,0.02299,-0.03622,0.00850,0.00000,0.00000,-0.098,-0.065,0
652.8340,0.02453,-0.03637,0.00801,0.00000,0.00000,-0.090,-0.061,0
652.8860,0.02601,-0.03648,0.00752,0.00000,0.00000,-0.081,-0.056,0
652.9380,0.02742,-0.03653,0.00703,0.00000,0.00000,-0.072,-0.051,0
652.9900,0.02875,-0.03653,0.00655,0.00000,0.00000,-0.062,-0.046,0
653.0420,0.03001,-0.03649,0.00607,0.00000,0.00000,-0.051,-0.041,0
653.0940,0.03119,-0.03639,0.00561,0.00000,0.00000,-0.040,-0.035,0
653.1460,0.03231,-0.03624,0.00515,0.00000,0.00000,-0.029,-0.030,0
653.1980,0.03335,-0.03605,0.00471,0.00000,0.00000,-0.017,-0.024,0
653.2500,0.03434,-0.03582,0.00429,0.00000,0.00000,-0.005,-0.019,0
653.3020,0.03527,-0.03556,0.00388,0.00000,0.00000,0.008,-0.014,0
653.3540,0.03615,-0.03525,0.00349,0.00000,0.00000,0.021,-0.008,0
653.4060,0.03697,-0.03491,0.00312,0.00000,0.00000,0.034,-0.003,0
653.4580,0.03776,-0.03454,0.00277,0.00000,0.00000,0.048,0.002,0
653.5100,0.03851,-0.03415,0.00244,0.00000,0.00000,0.061,0.007,0
653.5620,0.03924,-0.03375,0.00213,0.00000,0.00000,0.075,0.012,0
653.6140,0.03995,-0.03333,0.00185,0.00000,0.00000,0.088,0.017,0
653.6660,0.04064,-0.03289,0.00159,0.00000,0.00000,0.102,0.022,0
653.7180,0.04131,-0.03243,0.00135,0.00000,0.00000,0.115,0.027,0
653.7700,0.04197,-0.03195,0.00114,0.00000,0.00000,0.129,0.032,0
653.8220,0.04262,-0.03147,0.00095,0.00000,0.00000,0.142,0.036,0
653.8740,0.04328,-0.03099,0.00078,0.00000,0.00000,0.155,0.040,0
653.9260,0.04394,-0.03050,0.00064,0.00000,0.00000,0.168,0.044,0
653.9780,0.04461,-0.03003,0.00052,0.00000,0.00000,0.181,0.049,0
654.0300,0.04529,-0.02957,0.00042,0.00000,0.00000,0.194,0.052,0
654.0820,0.04600,-0.02914,0.00034,0.00000,0.00000,0.206,0.056,0
654.1340,0.04672,-0.02873,0.00028,0.00000,0.00000,0.219,0.060,0
654.1860,0.04747,-0.02835,0.00024,0.00000,0.00000,0.231,0.064,0
654.2380,0.04825,-0.02802,0.00022,0.00000,0.00000,0.244,0.068,0
654.2900,0.04905,-0.02771,0.00021,0.00000,0.00000,0.256,0.071,0
654.3420,0.04987,-0.02743,0.00022,0.00000,0.00000,0.268,0.075,0
654.3940,0.05072,-0.02719,0.00023,0.00000,0.00000,0.281,0.078,0
654.4460,0.05159,-0.02699,0.00026,0.00000,0.00000,0.293,0.082,0
654.4980,0.05248,-0.02683,0.00030,0.00000,0.00000,0.305,0.085,0
654.5500,0.05338,-0.02670,0.00035,0.00000,0.00000,0.316,0.089,0
654.6020,0.05431,-0.02663,0.00040,0.00000,0.00000,0.328,0.092,0
654.6540,0.05526,-0.02660,0.00046,0.00000,0.00000,0.340,0.096,0
654.7060,0.05621,-0.02661,0.00051,0.00000,0.00000,0.352,0.099,0
654.7580,0.05718,-0.02667,0.00057,0.00000,0.00000,0.363,0.103,0
654.8100,0.05816,-0.02678,0.00063,0.00000,0.00000,0.375,0.106,0
654.8620,0.05915,-0.02695,0.00068,0.00000,0.00000,0.387,0.110,0
654.9140,0.06015,-0.02718,0.00072,0.00000,0.00000,0.398,0.113,0
654.9660,0.06114,-0.02746,0.00076,0.00000,0.00000,0.410,0.116,0
655.0180,0.06214,-0.02779,0.00079,0.00000,0.00000,0.423,0.120,0
655.0700,0.06312,-0.02817,0.00081,0.00000,0.00000,0.435,0.123,0
655.1220,0.06410,-0.02861,0.00082,0.00000,0.00000,0.447,0.126,0
655.1740,0.06506,-0.02910,0.00081,0.00000,0.00000,0.460,0.129,0
655.2260,0.06601,-0.02965,0.00079,0.00000,0.00000,0.473,0.132,0
655.2780,0.06694,-0.03026,0.00075,0.00000,0.00000,0.486,0.135,0
655.3300,0.06784,-0.03091,0.00069,0.00000,0.00000,0.499,0.138,0
655.3820,0.06871,-0.03161,0.00061,0.00000,0.00000,0.513,0.141,0
655.4340,0.06955,-0.03237,0.00052,0.00000,0.00000,0.526,0.143,0
655.4860,0.07036,-0.03318,0.00040,0.00000,0.00000,0.541,0.145,0
655.5380,0.07112,-0.03404,0.00027,0.00000,0.00000,0.555,0.147,0
655.5900,0.07184,-0.03494,0.00011,0.00000,0.00000,0.570,0.149,0
655.6420,0.07250,-0.03587,-0.00007,0.00000,0.00000,0.585,0.151,0
655.6940,0.07310,-0.03684,-0.00027,0.00000,0.00000,0.601,0.152,0
655.7460,0.07364,-0.03783,-0.00049,0.00000,0.00000,0.616,0.153,0
655.7980,0.07411,-0.03885,-0.00073,0.00000,0.00000,0.632,0.154,0
655.8500,0.07452,-0.03991,-0.00099,0.00000,0.00000,0.648,0.154,0
655.9020,0.07486,-0.04099,-0.00128,0.00000,0.00000,0.664,0.154,0
655.9540,0.07512,-0.04208,-0.00158,0.00000,0.00000,0.680,0.153,0
656.0060,0.07529,-0.04318,-0.00190,0.00000,0.00000,0.696,0.152,0
656.0580,0.07538,-0.04430,-0.00224,0.00000,0.00000,0.712,0.151,0
656.1100,0.07538,-0.04542,-0.00259,0.00000,0.00000,0.728,0.149,0
656.1620,0.07530,-0.04655,-0.00296,0.00000,0.00000,0.744,0.147,0
656.2140,0.07512,-0.04768,-0.00335,0.00000,0.00000,0.760,0.144,0
656.2660,0.07484,-0.04879,-0.00374,0.00000,0.00000,0.775,0.141,0
656.3180,0.07446,-0.04989,-0.00415,0.00000,0.00000,0.791,0.138,0
656.3700,0.07399,-0.05098,-0.00456,0.00000,0.00000,0.805,0.134,0
656.4220,0.07342,-0.05206,-0.00499,0.00000,0.00000,0.820,0.130,0
656.4740,0.07274,-0.05312,-0.00541,0.00000,0.00000,0.834,0.125,0
656.5260,0.07197,-0.05415,-0.00584,0.00000,0.00000,0.847,0.120,0
656.5780,0.07110,-0.05514,-0.00627,0.00000,0.00000,0.860,0.114,0
656.6300,0.07012,-0.05610,-0.00670,0.00000,0.00000,0.872,0.108,0
656.6820,0.06905,-0.05703,-0.00713,0.00000,0.00000,0.883,0.102,0
656.7340,0.06788,-0.05792,-0.00754,0.00000,0.00000,0.893,0.096,0
656.7860,0.06661,-0.05877,-0.00796,0.00000,0.00000,0.902,0.089,0
656.8380,0.06526,-0.05957,-0.00836,0.00000,0.00000,0.911,0.082,0
656.8900,0.06381,-0.06032,-0.00874,0.00000,0.00000,0.919,0.075,0
656.9420,0.06228,-0.06102,-0.00912,0.00000,0.00000,0.925,0.067,0
656.9940,0.06067,-0.06166,-0.00947,0.00000,0.00000,0.931,0.060,0
657.0460,0.05897,-0.06223,-0.00981,0.00000,0.00000,0.935,0.052,0
657.0980,0.05718,-0.06272,-0.01013,0.00000,0.00000,0.937,0.045,0
657.1500,0.05532,-0.06313,-0.01042,0.00000,0.00000,0.938,0.037,0
657.2020,0.05340,-0.06349,-0.01069,0.00000,0.00000,0.938,0.030,0
657.2540,0.05143,-0.06379,-0.01094,0.00000,0.00000,0.937,0.022,0
657.3060,0.04941,-0.06402,-0.01115,0.00000,0.00000,0.935,0.015,0
657.3580,0.04735,-0.06418,-0.01134,0.00000,0.00000,0.931,0.008,0
657.4100,0.04524,-0.06426,-0.01150,0.00000,0.00000,0.926,0.001,0
657.4620,0.04311,-0.06427,-0.01163,0.00000,0.00000,0.920,-0.006,0
657.5140,0.04095,-0.06419,-0.01172,0.00000,0.00000,0.913,-0.013,0
657.5660,0.03878,-0.06403,-0.01179,0.00000,0.00000,0.904,-0.019,0
657.6180,0.03659,-0.06379,-0.01182,0.00000,0.00000,0.894,-0.025,0
657.6700,0.03440,-0.06347,-0.01182,0.00000,0.00000,0.883,-0.030,0
657.7220,0.03222,-0.06306,-0.01179,0.00000,0.00000,0.870,-0.035,0
657.7740,0.03005,-0.06256,-0.01172,0.00000,0.00000,0.857,-0.040,0
657.8260,0.02789,-0.06198,-0.01163,0.00000,0.00000,0.842,-0.044,0
657.8780,0.02576,-0.06130,-0.01150,0.00000,0.00000,0.826,-0.048,0
657.9300,0.02367,-0.06054,-0.01133,0.00000,0.00000,0.809,-0.052,0
657.9820,0.02162,-0.05971,-0.01114,0.00000,0.00000,0.792,-0.055,0
658.0340,0.01963,-0.05881,-0.01092,0.00000,0.00000,0.774,-0.057,0
658.0860,0.01771,-0.05785,-0.01067,0.00000,0.00000,0.755,-0.060,0
658.1380,0.01585,-0.05682,-0.01039,0.00000,0.00000,0.736,-0.061,0
658.1900,0.01407,-0.05572,-0.01008,0.00000,0.00000,0.716,-0.063,0
658.2420,0.01236,-0.05455,-0.00975,0.00000,0.00000,0.696,-0.064,0
658.2940,0.01074,-0.05330,-0.00940,0.00000,0.00000,0.676,-0.064,0
658.3460,0.00920,-0.05200,-0.00902,0.00000,0.00000,0.655,-0.064,0
658.3980,0.00775,-0.05064,-0.00863,0.00000,0.00000,0.634,-0.064,0
658.4500,0.00640,-0.04921,-0.00821,0.00000,0.00000,0.613,-0.064,0
658.5020,0.00514,-0.04772,-0.00778,0.00000,0.00000,0.592,-0.063,0
658.5540,0.00399,-0.04620,-0.00734,0.00000,0.00000,0.571,-0.062,0
658.6060,0.00293,-0.04463,-0.00688,0.00000,0.00000,0.550,-0.061,0
658.6580,0.00198,-0.04300,-0.00642,0.00000,0.00000,0.529,-0.059,0
658.7100,0.00114,-0.04135,-0.00594,0.00000,0.00000,0.508,-0.058,0
658.7620,0.00040,-0.03966,-0.00546,0.00000,0.00000,0.488,-0.056,0
658.8140,-0.00024,-0.03795,-0.00498,0.00000,0.00000,0.468,-0.054,0
658.8660,-0.00077,-0.03621,-0.00450,0.00000,0.00000,0.449,-0.052,0
658.9180,-0.00120,-0.03447,-0.00401,0.00000,0.00000,0.430,-0.049,0
658.9700,-0.00153,-0.03272,-0.00353,0.00000,0.00000,0.411,-0.047,0
659.0220,-0.00176,-0.03096,-0.00306,0.00000,0.00000,0.394,-0.044,0
659.0740,-0.00190,-0.02919,-0.00260,0.00000,0.00000,0.377,-0.042,0
659.1260,-0.00195,-0.02742,-0.00214,0.00000,0.00000,0.360,-0.039,0
659.1780,-0.00191,-0.02566,-0.00170,0.00000,0.00000,0.344,-0.037,0
659.2300,-0.00180,-0.02391,-0.00127,0.00000,0.00000,0.329,-0.034,0
659.2820,-0.00161,-0.02218,-0.00086,0.00000,0.00000,0.315,-0.032,0
659.3340,-0.00136,-0.02047,-0.00046,0.00000,0.00000,0.301,-0.030,0
659.3860,-0.00104,-0.01877,-0.00009,0.00000,0.00000,0.288,-0.027,0
659.4380,-0.00067,-0.01710,0.00027,0.00000,0.00000,0.275,-0.025,0
659.4900,-0.00024,-0.01547,0.00060,0.00000,0.00000,0.264,-0.022,0
659.5420,0.00023,-0.01388,0.00091,0.00000,0.00000,0.252,-0.020,0
659.5940,0.00075,-0.01235,0.00119,0.00000,0.00000,0.242,-0.018,0
659.6460,0.00131,-0.01087,0.00145,0.00000,0.00000,0.232,-0.016,0
659.6980,0.00189,-0.00944,0.00168,0.00000,0.00000,0.223,-0.014,0
659.7500,0.00250,-0.00806,0.00189,0.00000,0.00000,0.215,-0.012,0
659.8020,0.00311,-0.00673,0.00206,0.00000,0.00000,0.207,-0.010,0
659.8540,0.00373,-0.00545,0.00221,0.00000,0.00000,0.199,-0.009,0
659.9060,0.00435,-0.00424,0.00233,0.00000,0.00000,0.192,-0.007,0
659.9580,0.00497,-0.00308,0.00242,0.00000,0.00000,0.186,-0.005,0
660.0100,0.00557,-0.00199,0.00248,0.00000,0.00000,0.179,-0.004,0
660.0620,0.00616,-0.00095,0.00252,0.00000,0.00000,0.173,-0.003,0
660.1140,0.00672,0.00002,0.00253,0.00000,0.00000,0.168,-0.001,0
660.1660,0.00726,0.00091,0.00251,0.00000,0.00000,0.163,-0.000,0
660.2180,0.00777,0.00174,0.00246,0.00000,0.00000,0.158,0.001,0
660.2700,0.00824,0.00250,0.00239,0.00000,0.00000,0.153,0.002,0
660.3220,0.00867,0.00319,0.00229,0.00000,0.00000,0.149,0.003,0
660.3740,0.00906,0.00383,0.00217,0.00000,0.00000,0.144,0.004,0
660.4260,0.00939,0.00440,0.00203,0.00000,0.00000,0.140,0.004,0
660.4780,0.00967,0.00491,0.00187,0.00000,0.00000,0.136,0.005,0
660.5300,0.00989,0.00537,0.00169,0.00000,0.00000,0.132,0.006,0
660.5820,0.01005,0.00576,0.00149,0.00000,0.00000,0.129,0.006,0
660.6340,0.01016,0.00610,0.00128,0.00000,0.00000,0.125,0.006,0
660.6860,0.01020,0.00637,0.00105,0.00000,0.00000,0.121,0.007,0
660.7380,0.01019,0.00659,0.00081,0.00000,0.00000,0.117,0.007,0
660.7900,0.01010,0.00676,0.00056,0.00000,0.00000,0.114,0.007,0
660.8420,0.00996,0.00687,0.00030,0.00000,0.00000,0.110,0.007,0
660.8940,0.00976,0.00693,0.00004,0.00000,0.00000,0.107,0.007,0
660.9460,0.00950,0.00693,-0.00023,0.00000,0.00000,0.104,0.007,0
660.9980,0.00918,0.00687,-0.00051,0.00000,0.00000,0.100,0.007,0
661.0500,0.00880,0.00677,-0.00079,0.00000,0.00000,0.097,0.007,0
661.1020,0.00836,0.00663,-0.00106,0.00000,0.00000,0.094,0.006,0
661.1540,0.00787,0.00644,-0.00133,0.00000,0.00000,0.091,0.006,0
661.2060,0.00733,0.00620,-0.00160,0.00000,0.00000,0.088,0.005,0
661.2580,0.00674,0.00593,-0.00187,0.00000,0.00000,0.085,0.005,0
661.3100,0.00609,0.00563,-0.00212,0.00000,0.00000,0.082,0.004,0
661.3620,0.00540,0.00529,-0.00237,0.00000,0.00000,0.079,0.004,0
661.4140,0.00467,0.00492,-0.00260,0.00000,0.00000,0.076,0.003,0
661.4660,0.00390,0.00455,-0.00282,0.00000,0.00000,0.073,0.003,0
661.5180,0.00308,0.00415,-0.00303,0.00000,0.00000,0.070,0.002,0
661.5700,0.00223,0.00374,-0.00323,0.00000,0.00000,0.067,0.002,0
661.6220,0.00135,0.00331,-0.00340,0.00000,0.00000,0.064,0.001,0
661.6740,0.00044,0.00288,-0.00356,0.00000,0.00000,0.062,0.000,0
661.7260,-0.00049,0.00243,-0.00370,0.00000,0.00000,0.059,-0.000,0
661.7780,-0.00143,0.00196,-0.00383,0.00000,0.00000,0.056,-0.001,0
661.8300,-0.00237,0.00148,-0.00393,0.00000,0.00000,0.053,-0.001,0
661.8820,-0.00332,0.00099,-0.00401,0.00000,0.00000,0.051,-0.002,0
661.9340,-0.00426,0.00048,-0.00407,0.00000,0.00000,0.048,-0.002,0
661.9860,-0.00519,-0.00004,-0.00410,0.00000,0.00000,0.046,-0.002,0
662.0380,-0.00611,-0.00057,-0.00412,0.00000,0.00000,0.043,-0.003,0
662.0900,-0.00701,-0.00110,-0.00411,0.00000,0.00000,0.041,-0.003,0
662.1420,-0.00789,-0.00164,-0.00408,0.00000,0.00000,0.039,-0.003,0
662.1940,-0.00874,-0.00218,-0.00403,0.00000,0.00000,0.036,-0.003,0
662.2460,-0.00956,-0.00273,-0.00396,0.00000,0.00000,0.034,-0.003,0
662.2980,-0.01034,-0.00328,-0.00386,0.00000,0.00000,0.031,-0.003,0
662.3500,-0.01108,-0.00384,-0.00375,0.00000,0.00000,0.029,-0.003,0
662.4020,-0.01177,-0.00440,-0.00361,0.00000,0.00000,0.027,-0.003,0
662.4540,-0.01241,-0.00496,-0.00345,0.00000,0.00000,0.025,-0.003,0
662.5060,-0.01300,-0.00552,-0.00328,0.00000,0.00000,0.022,-0.003,0
662.5580,-0.01353,-0.00608,-0.00308,0.00000,0.00000,0.020,-0.002,0
662.6100,-0.01400,-0.00663,-0.00287,0.00000,0.00000,0.018,-0.002,0
662.6620,-0.01442,-0.00717,-0.00264,0.00000,0.00000,0.016,-0.002,0
662.7140,-0.01479,-0.00768,-0.00240,0.00000,0.00000,0.013,-0.002,0
662.7660,-0.01509,-0.00819,-0.00214,0.00000,0.00000,0.011,-0.001,0
662.8180,-0.01532,-0.00869,-0.00187,0.00000,0.00000,0.009,-0.001,0
662.8700,-0.01549,-0.00920,-0.00158,0.00000,0.00000,0.006,-0.001,0
662.9220,-0.01560,-0.00968,-0.00129,0.00000,0.00000,0.004,-0.000,0
662.9740,-0.01563,-0.01016,-0.00099,0.00000,0.00000,0.002,-0.000,0
663.0260,-0.01560,-0.01063,-0.00068,0.00000,0.00000,-0.001,-0.000,0
663.0780,-0.01550,-0.01111,-0.00037,0.00000,0.00000,-0.003,0.000,0
663.1300,-0.01533,-0.01158,-0.00005,0.00000,0.00000,-0.005,0.000,0
663.1820,-0.01510,-0.01205,0.00028,0.00000,0.00000,-0.007,0.000,0
663.2340,-0.01481,-0.01252,0.00060,0.00000,0.00000,-0.009,0.000,0
663.2860,-0.01445,-0.01299,0.00092,0.00000,0.00000,-0.011,0.000,0
663.3380,-0.01402,-0.01346,0.00125,0.00000,0.00000,-0.013,0.000,0
663.3900,-0.01354,-0.01394,0.00157,0.00000,0.00000,-0.015,0.000,0
663.4420,-0.01300,-0.01440,0.00188,0.00000,0.00000,-0.017,0.000,0
663.4940,-0.01242,-0.01487,0.00219,0.00000,0.00000,-0.018,-0.000,0
663.5460,-0.01178,-0.01533,0.00249,0.00000,0.00000,-0.020,-0.000,0
663.5980,-0.01109,-0.01579,0.00279,0.00000,0.00000,-0.021,-0.000,0
663.6500,-0.01036,-0.01625,0.00307,0.00000,0.00000,-0.023,-0.001,0
663.7020,-0.00959,-0.01670,0.00335,0.00000,0.00000,-0.024,-0.001,0
663.7540,-0.00877,-0.01716,0.00361,0.00000,0.00000,-0.025,-0.001,0
663.8060,-0.00792,-0.01762,0.00386,0.00000,0.00000,-0.026,-0.002,0
663.8580,-0.00703,-0.01809,0.00410,0.00000,0.00000,-0.026,-0.002,0
663.9100,-0.00611,-0.01856,0.00432,0.00000,0.00000,-0.027,-0.002,0
663.9620,-0.00516,-0.01904,0.00453,0.00000,0.00000,-0.027,-0.003,0
664.0140,-0.00419,-0.01950,0.00473,0.00000,0.00000,-0.027,-0.003,0
664.0660,-0.00320,-0.01996,0.00490,0.00000,0.00000,-0.027,-0.003,0
664.1180,-0.00220,-0.02041,0.00506,0.00000,0.00000,-0.026,-0.003,0
664.1700,-0.00118,-0.02086,0.00521,0.00000,0.00000,-0.026,-0.004,0
664.2220,-0.00015,-0.02131,0.00533,0.00000,0.00000,-0.025,-0.004,0
664.2740,0.00089,-0.02176,0.00544,0.00000,0.00000,-0.024,-0.004,0
664.3260,0.00193,-0.02221,0.00553,0.00000,0.00000,-0.022,-0.004,0
664.3780,0.00297,-0.02265,0.00560,0.00000,0.00000,-0.021,-0.004,0
664.4300,0.00401,-0.02308,0.00565,0.00000,0.00000,-0.019,-0.004,0
664.4820,0.00503,-0.02350,0.00569,0.00000,0.00000,-0.017,-0.003,0
664.5340,0.00605,-0.02391,0.00571,0.00000,0.00000,-0.014,-0.003,0
664.5860,0.00706,-0.02432,0.00571,0.00000,0.00000,-0.011,-0.002,0
664.6380,0.00805,-0.02474,0.00569,0.00000,0.00000,-0.008,-0.002,0
664.6900,0.00904,-0.02516,0.00566,0.00000,0.00000,-0.005,-0.001,0
664.7420,0.01001,-0.02557,0.00561,0.00000,0.00000,-0.002,-0.000,0
664.7940,0.01096,-0.02597,0.00554,0.00000,0.00000,0.002,0.000,0
664.8460,0.01188,-0.02636,0.00546,0.00000,0.00000,0.007,0.001,0
664.8980,0.01278,-0.02674,0.00536,0.00000,0.00000,0.011,0.002,0
664.9500,0.01364,-0.02711,0.00525,0.00000,0.00000,0.016,0.004,0
665.0020,0.01449,-0.02747,0.00513,0.00000,0.00000,0.021,0.005,0
665.0540,0.01530,-0.02781,0.00499,0.00000,0.00000,0.026,0.006,0
665.1060,0.01608,-0.02813,0.00485,0.00000,0.00000,0.031,0.007,0
665.1580,0.01683,-0.02842,0.00469,0.00000,0.00000,0.037,0.009,0
665.2100,0.01754,-0.02870,0.00452,0.00000,0.00000,0.043,0.010,0
665.2620,0.01823,-0.02897,0.00434,0.00000,0.00000,0.048,0.012,0
665.3140,0.01890,-0.02923,0.00415,0.00000,0.00000,0.055,0.013,0
665.3660,0.01954,-0.02947,0.00396,0.00000,0.00000,0.061,0.015,0
665.4180,0.02015,-0.02971,0.00376,0.00000,0.00000,0.067,0.017,0
665.4700,0.02073,-0.02993,0.00355,0.00000,0.00000,0.074,0.018,0
665.5220,0.02129,-0.03012,0.00334,0.00000,0.00000,0.081,0.020,0
665.5740,0.02181,-0.03029,0.00312,0.00000,0.00000,0.088,0.021,0
665.6260,0.02232,-0.03045,0.00291,0.00000,0.00000,0.094,0.023,0
665.6780,0.02281,-0.03061,0.00269,0.00000,0.00000,0.101,0.025,0
665.7300,0.02327,-0.03074,0.00246,0.00000,0.00000,0.109,0.026,0
665.7820,0.02370,-0.03086,0.00224,0.00000,0.00000,0.116,0.028,0
665.8340,0.02412,-0.03096,0.00202,0.00000,0.00000,0.123,0.029,0
665.8860,0.02453,-0.03105,0.00180,0.00000,0.00000,0.130,0.031,0
665.9380,0.02492,-0.03113,0.00158,0.00000,0.00000,0.138,0.032,0
665.9900,0.02529,-0.03120,0.00137,0.00000,0.00000,0.145,0.034,0
666.0420,0.02565,-0.03125,0.00116,0.00000,0.00000,0.152,0.035,0
666.0940,0.02600,-0.03129,0.00095,0.00000,0.00000,0.160,0.036,0
666.1460,0.02633,-0.03132,0.00075,0.00000,0.00000,0.167,0.038,0
666.1980,0.02666,-0.03133,0.00055,0.00000,0.00000,0.175,0.039,0
666.2500,0.02697,-0.03134,0.00037,0.00000,0.00000,0.182,0.040,0
666.3020,0.02728,-0.03133,0.00018,0.00000,0.00000,0.189,0.041,0
666.3540,0.02758,-0.03131,0.00001,0.00000,0.00000,0.196,0.042,0
666.4060,0.02787,-0.03127,-0.00015,0.00000,0.00000,0.204,0.043,0
666.4580,0.02815,-0.03122,-0.00031,0.00000,0.00000,0.211,0.044,0
666.5100,0.02842,-0.03115,-0.00046,0.00000,0.00000,0.218,0.045,0
666.5620,0.02870,-0.03109,-0.00060,0.00000,0.00000,0.224,0.046,0
666.6140,0.02897,-0.03101,-0.00073,0.00000,0.00000,0.231,0.046,0
666.6660,0.02924,-0.03092,-0.00085,0.00000,0.00000,0.238,0.047,0
666.7180,0.02951,-0.03081,-0.00096,0.00000,0.00000,0.244,0.047,0
666.7700,0.02977,-0.03070,-0.00106,0.00000,0.00000,0.251,0.048,0
666.8220,0.03004,-0.03058,-0.00115,0.00000,0.00000,0.257,0.049,0
666.8740,0.03030,-0.03046,-0.00122,0.00000,0.00000,0.263,0.049,0
666.9260,0.03057,-0.03033,-0.00129,0.00000,0.00000,0.269,0.049,0
666.9780,0.03085,-0.03021,-0.00135,0.00000,0.00000,0.275,0.050,0
667.0300,0.03113,-0.03008,-0.00140,0.00000,0.00000,0.281,0.050,0
667.0820,0.03142,-0.02996,-0.00144,0.00000,0.00000,0.287,0.051,0
667.1340,0.03171,-0.02984,-0.00146,0.00000,0.00000,0.292,0.051,0
667.1860,0.03201,-0.02972,-0.00148,0.00000,0.00000,0.298,0.051,0
667.2380,0.03232,-0.02962,-0.00149,0.00000,0.00000,0.303,0.052,0
667.2900,0.03265,-0.02953,-0.00149,0.00000,0.00000,0.309,0.052,0
667.3420,0.03298,-0.02946,-0.00149,0.00000,0.00000,0.314,0.052,0
667.3940,0.03333,-0.02939,-0.00147,0.00000,0.00000,0.320,0.053,0
667.4460,0.03369,-0.02934,-0.00145,0.00000,0.00000,0.325,0.053,0
667.4980,0.03405,-0.02931,-0.00142,0.00000,0.00000,0.331,0.054,0
667.5500,0.03443,-0.02927,-0.00138,0.00000,0.00000,0.336,0.054,0
667.6020,0.03481,-0.02926,-0.00133,0.00000,0.00000,0.341,0.055,0
667.6540,0.03521,-0.02927,-0.00129,0.00000,0.00000,0.347,0.055,0
667.7060,0.03562,-0.02929,-0.00123,0.00000,0.00000,0.352,0.056,0
667.7580,0.03603,-0.02932,-0.00118,0.00000,0.00000,0.357,0.056,0
667.8100,0.03646,-0.02938,-0.00111,0.00000,0.00000,0.362,0.057,0
667.8620,0.03690,-0.02947,-0.00105,0.00000,0.00000,0.368,0.057,0
667.9140,0.03735,-0.02958,-0.00099,0.00000,0.00000,0.373,0.058,0
667.9660,0.03781,-0.02971,-0.00092,0.00000,0.00000,0.379,0.058,0
668.0180,0.03828,-0.02986,-0.00085,0.00000,0.00000,0.385,0.059,0
668.0700,0.03875,-0.03003,-0.00079,0.00000,0.00000,0.390,0.060,0
668.1220,0.03923,-0.03023,-0.00072,0.00000,0.00000,0.396,0.061,0
668.1740,0.03972,-0.03046,-0.00066,0.00000,0.00000,0.402,0.061,0
668.2260,0.04022,-0.03070,-0.00060,0.00000,0.00000,0.408,0.062,0
668.2780,0.04071,-0.03097,-0.00054,0.00000,0.00000,0.415,0.063,0
668.3300,0.04121,-0.03125,-0.00049,0.00000,0.00000,0.421,0.064,0
668.3820,0.04170,-0.03156,-0.00045,0.00000,0.00000,0.427,0.065,0
668.4340,0.04220,-0.03189,-0.00041,0.00000,0.00000,0.434,0.066,0
668.4860,0.04269,-0.03225,-0.00037,0.00000,0.00000,0.440,0.067,0
668.5380,0.04319,-0.03262,-0.00035,0.00000,0.00000,0.447,0.067,0
668.5900,0.04367,-0.03302,-0.00033,0.00000,0.00000,0.454,0.068,0
668.6420,0.04415,-0.03343,-0.00033,0.00000,0.00000,0.461,0.069,0
668.6940,0.04462,-0.03386,-0.00033,0.00000,0.00000,0.469,0.070,0
668.7460,0.04509,-0.03433,-0.00034,0.00000,0.00000,0.476,0.071,0
668.7980,0.04554,-0.03480,-0.00037,0.00000,0.00000,0.484,0.072,0
668.8500,0.04598,-0.03530,-0.00041,0.00000,0.00000,0.492,0.072,0
668.9020,0.04640,-0.03581,-0.00046,0.00000,0.00000,0.500,0.073,0
668.9540,0.04679,-0.03632,-0.00052,0.00000,0.00000,0.508,0.073,0
669.0060,0.04717,-0.03684,-0.00060,0.00000,0.00000,0.516,0.074,0
669.0580,0.04751,-0.03736,-0.00069,0.00000,0.00000,0.524,0.074,0
669.1100,0.04783,-0.03789,-0.00080,0.00000,0.00000,0.533,0.074,0
669.1620,0.04811,-0.03842,-0.00092,0.00000,0.00000,0.541,0.075,0
669.2140,0.04835,-0.03893,-0.00106,0.00000,0.00000,0.549,0.075,0
669.2660,0.04855,-0.03944,-0.00121,0.00000,0.00000,0.557,0.074,0
669.3180,0.04871,-0.03993,-0.00138,0.00000,0.00000,0.565,0.074,0
669.3700,0.04883,-0.04042,-0.00156,0.00000,0.00000,0.573,0.074,0
669.4220,0.04890,-0.04091,-0.00176,0.00000,0.00000,0.580,0.073,0
669.4740,0.04892,-0.04139,-0.00197,0.00000,0.00000,0.588,0.072,0
669.5260,0.04890,-0.04186,-0.00220,0.00000,0.00000,0.595,0.071,0
669.5780,0.04882,-0.04231,-0.00245,0.00000,0.00000,0.603,0.070,0
669.6300,0.04868,-0.04274,-0.00271,0.00000,0.00000,0.610,0.069,0
669.6820,0.04847,-0.04315,-0.00298,0.00000,0.00000,0.617,0.067,0
669.7340,0.04821,-0.04353,-0.00327,0.00000,0.00000,0.623,0.065,0
669.7860,0.04787,-0.04388,-0.00357,0.00000,0.00000,0.629,0.063,0
669.8380,0.04746,-0.04419,-0.00389,0.00000,0.00000,0.634,0.061,0
669.8900,0.04698,-0.04447,-0.00422,0.00000,0.00000,0.639,0.058,0
669.9420,0.04642,-0.04472,-0.00455,0.00000,0.00000,0.644,0.055,0
669.9940,0.04578,-0.04493,-0.00490,0.00000,0.00000,0.647,0.052,0
670.0460,0.04508,-0.04512,-0.00526,0.00000,0.00000,0.651,0.049,0
670.0980,0.04429,-0.04527,-0.00563,0.00000,0.00000,0.653,0.045,0
670.1500,0.04342,-0.04538,-0.00600,0.00000,0.00000,0.656,0.042,0
670.2020,0.04247,-0.04545,-0.00638,0.00000,0.00000,0.657,0.038,0
670.2540,0.04143,-0.04547,-0.00676,0.00000,0.00000,0.658,0.034,0
670.3060,0.04030,-0.04543,-0.00715,0.00000,0.00000,0.657,0.030,0
670.3580,0.03907,-0.04534,-0.00753,0.00000,0.00000,0.656,0.025,0
670.4100,0.03776,-0.04520,-0.00792,0.00000,0.00000,0.654,0.021,0
670.4620,0.03636,-0.04501,-0.00831,0.00000,0.00000,0.650,0.016,0
670.5140,0.03487,-0.04475,-0.00869,0.00000,0.00000,0.646,0.011,0
670.5660,0.03328,-0.04444,-0.00907,0.00000,0.00000,0.641,0.006,0
670.6180,0.03161,-0.04409,-0.00944,0.00000,0.00000,0.634,0.001,0
670.6700,0.02986,-0.04368,-0.00980,0.00000,0.00000,0.627,-0.003,0
670.7220,0.02803,-0.04323,-0.01016,0.00000,0.00000,0.619,-0.008,0
670.7740,0.02612,-0.04273,-0.01050,0.00000,0.00000,0.610,-0.013,0
670.8260,0.02414,-0.04219,-0.01083,0.00000,0.00000,0.600,-0.018,0
670.8780,0.02208,-0.04161,-0.01114,0.00000,0.00000,0.589,-0.023,0
670.9300,0.01995,-0.04096,-0.01143,0.00000,0.00000,0.577,-0.027,0
670.9820,0.01775,-0.04028,-0.01171,0.00000,0.00000,0.564,-0.031,0
671.0340,0.01550,-0.03956,-0.01197,0.00000,0.00000,0.551,-0.036,0
671.0860,0.01319,-0.03879,-0.01221,0.00000,0.00000,0.536,-0.039,0
671.1380,0.01083,-0.03798,-0.01242,0.00000,0.00000,0.520,-0.043,0
671.1900,0.00843,-0.03713,-0.01261,0.00000,0.00000,0.504,-0.046,0
671.2420,0.00599,-0.03626,-0.01277,0.00000,0.00000,0.487,-0.049,0
671.2940,0.00353,-0.03536,-0.01290,0.00000,0.00000,0.469,-0.052,0
671.3460,0.00105,-0.03444,-0.01301,0.00000,0.00000,0.451,-0.054,0
671.3980,-0.00143,-0.03351,-0.01308,0.00000,0.00000,0.432,-0.056,0
671.4500,-0.00393,-0.03255,-0.01312,0.00000,0.00000,0.413,-0.058,0
671.5020,-0.00642,-0.03157,-0.01313,0.00000,0.00000,0.393,-0.059,0
671.5540,-0.00889,-0.03057,-0.01311,0.00000,0.00000,0.372,-0.059,0
671.6060,-0.01136,-0.02955,-0.01305,0.00000,0.00000,0.351,-0.059,0
671.6580,-0.01379,-0.02852,-0.01296,0.00000,0.00000,0.330,-0.059,0
671.7100,-0.01618,-0.02748,-0.01283,0.00000,0.00000,0.308,-0.058,0
671.7620,-0.01852,-0.02644,-0.01266,0.00000,0.00000,0.287,-0.057,0
671.8140,-0.02080,-0.02540,-0.01246,0.00000,0.00000,0.265,-0.056,0
671.8660,-0.02301,-0.02436,-0.01222,0.00000,0.00000,0.243,-0.054,0
671.9180,-0.02515,-0.02332,-0.01194,0.00000,0.00000,0.221,-0.051,0
671.9700,-0.02719,-0.02231,-0.01162,0.00000,0.00000,0.199,-0.048,0
672.0220,-0.02913,-0.02131,-0.01127,0.00000,0.00000,0.177,-0.045,0
672.0740,-0.03096,-0.02034,-0.01088,0.00000,0.00000,0.156,-0.042,0
672.1260,-0.03268,-0.01939,-0.01045,0.00000,0.00000,0.134,-0.038,0
672.1780,-0.03427,-0.01846,-0.00999,0.00000,0.00000,0.113,-0.034,0
672.2300,-0.03573,-0.01756,-0.00949,0.00000,0.00000,0.093,-0.030,0
672.2820,-0.03704,-0.01671,-0.00895,0.00000,0.00000,0.073,-0.026,0
672.3340,-0.03821,-0.01590,-0.00838,0.00000,0.00000,0.053,-0.021,0
672.3860,-0.03923,-0.01513,-0.00778,0.00000,0.00000,0.035,-0.017,0
672.4380,-0.04010,-0.01440,-0.00715,0.00000,0.00000,0.016,-0.012,0
672.4900,-0.04083,-0.01370,-0.00649,0.00000,0.00000,-0.001,-0.008,0
672.5420,-0.04141,-0.01306,-0.00580,0.00000,0.00000,-0.018,-0.003,0
672.5940,-0.04184,-0.01247,-0.00508,0.00000,0.00000,-0.034,0.001,0
672.6460,-0.04211,-0.01194,-0.00434,0.00000,0.00000,-0.049,0.005,0
672.6980,-0.04225,-0.01147,-0.00358,0.00000,0.00000,-0.063,0.008,0
672.7500,-0.04224,-0.01105,-0.00280,0.00000,0.00000,-0.076,0.012,0
672.8020,-0.04210,-0.01068,-0.00200,0.00000,0.00000,-0.089,0.015,0
672.8540,-0.04183,-0.01037,-0.00119,0.00000,0.00000,-0.100,0.017,0
672.9060,-0.04141,-0.01012,-0.00036,0.00000,0.00000,-0.111,0.019,0
672.9580,-0.04087,-0.00993,0.00048,0.00000,0.00000,-0.120,0.021,0
673.0100,-0.04020,-0.00979,0.00132,0.00000,0.00000,-0.129,0.023,0
673.0620,-0.03940,-0.00971,0.00217,0.00000,0.00000,-0.137,0.023,0
673.1140,-0.03848,-0.00968,0.00302,0.00000,0.00000,-0.144,0.024,0
673.1660,-0.03744,-0.00971,0.00386,0.00000,0.00000,-0.150,0.024,0
673.2180,-0.03629,-0.00979,0.00470,0.00000,0.00000,-0.155,0.023,0
673.2700,-0.03501,-0.00994,0.00554,0.00000,0.00000,-0.160,0.022,0
673.3220,-0.03361,-0.01014,0.00636,0.00000,0.00000,-0.164,0.021,0
673.3740,-0.03211,-0.01040,0.00716,0.00000,0.00000,-0.167,0.019,0
673.4260,-0.03050,-0.01069,0.00795,0.00000,0.00000,-0.169,0.017,0
673.4780,-0.02878,-0.01104,0.00872,0.00000,0.00000,-0.171,0.014,0
673.5300,-0.02696,-0.01144,0.00946,0.00000,0.00000,-0.172,0.011,0
673.5820,-0.02504,-0.01188,0.01018,0.00000,0.00000,-0.173,0.008,0
673.6340,-0.02303,-0.01235,0.01087,0.00000,0.00000,-0.173,0.005,0
673.6860,-0.02092,-0.01287,0.01152,0.00000,0.00000,-0.172,0.002,0
673.7380,-0.01873,-0.01342,0.01215,0.00000,0.00000,-0.171,-0.002,0
673.7900,-0.01646,-0.01401,0.01273,0.00000,0.00000,-0.169,-0.005,0
673.8420,-0.01411,-0.01462,0.01328,0.00000,0.00000,-0.167,-0.009,0
673.8940,-0.01171,-0.01522,0.01379,0.00000,0.00000,-0.164,-0.012,0
673.9460,-0.00925,-0.01584,0.01425,0.00000,0.00000,-0.160,-0.016,0
673.9980,-0.00674,-0.01647,0.01467,0.00000,0.00000,-0.156,-0.019,0
674.0500,-0.00418,-0.01710,0.01505,0.00000,0.00000,-0.152,-0.022,0
674.1020,-0.00159,-0.01773,0.01537,0.00000,0.00000,-0.146,-0.024,0
674.1540,0.00103,-0.01836,0.01566,0.00000,0.00000,-0.141,-0.027,0
674.2060,0.00368,-0.01900,0.01589,0.00000,0.00000,-0.134,-0.029,0
674.2580,0.00634,-0.01962,0.01607,0.00000,0.00000,-0.127,-0.030,0
674.3100,0.00900,-0.02023,0.01620,0.00000,0.00000,-0.120,-0.031,0
674.3620,0.01165,-0.02083,0.01629,0.00000,0.00000,-0.112,-0.031,0
674.4140,0.01429,-0.02140,0.01632,0.00000,0.00000,-0.103,-0.031,0
674.4660,0.01690,-0.02194,0.01631,0.00000,0.00000,-0.094,-0.031,0
674.5180,0.01948,-0.02247,0.01624,0.00000,0.00000,-0.084,-0.029,0
674.5700,0.02202,-0.02299,0.01612,0.00000,0.00000,-0.073,-0.028,0
674.6220,0.02451,-0.02350,0.01596,0.00000,0.00000,-0.062,-0.025,0
674.6740,0.02694,-0.02396,0.01575,0.00000,0.00000,-0.050,-0.022,0
674.7260,0.02928,-0.02438,0.01549,0.00000,0.00000,-0.037,-0.019,0
674.7780,0.03154,-0.02475,0.01519,0.00000,0.00000,-0.024,-0.015,0
674.8300,0.03370,-0.02507,0.01484,0.00000,0.00000,-0.011,-0.010,0
674.8820,0.03577,-0.02535,0.01446,0.00000,0.00000,0.003,-0.005,0
674.9340,0.03775,-0.02559,0.01403,0.00000,0.00000,0.017,0.000,0
674.9860,0.03964,-0.02579,0.01356,0.00000,0.00000,0.032,0.006,0
675.0380,0.04142,-0.02594,0.01305,0.00000,0.00000,0.047,0.013,0
675.0900,0.04310,-0.02604,0.01251,0.00000,0.00000,0.063,0.019,0
675.1420,0.04470,-0.02610,0.01194,0.00000,0.00000,0.078,0.026,0
675.1940,0.04620,-0.02613,0.01134,0.00000,0.00000,0.094,0.033,0
675.2460,0.04760,-0.02611,0.01071,0.00000,0.00000,0.110,0.040,0
675.2980,0.04892,-0.02605,0.01005,0.00000,0.00000,0.126,0.047,0
675.3500,0.05014,-0.02594,0.00938,0.00000,0.00000,0.142,0.054,0
675.4020,0.05127,-0.02579,0.00868,0.00000,0.00000,0.158,0.061,0
675.4540,0.05232,-0.02558,0.00797,0.00000,0.00000,0.174,0.067,0
675.5060,0.05328,-0.02533,0.00724,0.00000,0.00000,0.189,0.074,0
675.5580,0.05415,-0.02503,0.00650,0.00000,0.00000,0.204,0.080,0
675.6100,0.05494,-0.02467,0.00576,0.00000,0.00000,0.219,0.086,0
675.6620,0.05565,-0.02428,0.00501,0.00000,0.00000,0.233,0.091,0
675.7140,0.05630,-0.02385,0.00426,0.00000,0.00000,0.247,0.097,0
675.7660,0.05687,-0.02338,0.00351,0.00000,0.00000,0.260,0.101,0
675.8180,0.05737,-0.02288,0.00276,0.00000,0.00000,0.272,0.105,0
675.8700,0.05781,-0.02234,0.00202,0.00000,0.00000,0.284,0.109,0
675.9220,0.05818,-0.02178,0.00130,0.00000,0.00000,0.296,0.112,0
675.9740,0.05848,-0.02117,0.00058,0.00000,0.00000,0.306,0.115,0
676.0260,0.05873,-0.02055,-0.00012,0.00000,0.00000,0.316,0.117,0
676.0780,0.05892,-0.01990,-0.00080,0.00000,0.00000,0.325,0.119,0
676.1300,0.05906,-0.01924,-0.00146,0.00000,0.00000,0.333,0.120,0
676.1820,0.05914,-0.01855,-0.00210,0.00000,0.00000,0.341,0.121,0
676.2340,0.05918,-0.01785,-0.00271,0.00000,0.00000,0.348,0.121,0
676.2860,0.05916,-0.01714,-0.00329,0.00000,0.00000,0.353,0.120,0
676.3380,0.05910,-0.01641,-0.00385,0.00000,0.00000,0.359,0.119,0
676.3900,0.05899,-0.01568,-0.00437,0.00000,0.00000,0.363,0.118,0
676.4420,0.05884,-0.01495,-0.00486,0.00000,0.00000,0.366,0.116,0
676.4940,0.05865,-0.01422,-0.00532,0.00000,0.00000,0.369,0.114,0
676.5460,0.05842,-0.01349,-0.00574,0.00000,0.00000,0.371,0.112,0
676.5980,0.05816,-0.01276,-0.00612,0.00000,0.00000,0.372,0.109,0
676.6500,0.05787,-0.01205,-0.00647,0.00000,0.00000,0.372,0.106,0
676.7020,0.05755,-0.01136,-0.00678,0.00000,0.00000,0.372,0.103,0
676.7540,0.05722,-0.01070,-0.00705,0.00000,0.00000,0.371,0.099,0
676.8060,0.05686,-0.01006,-0.00728,0.00000,0.00000,0.370,0.096,0
676.8580,0.05649,-0.00945,-0.00747,0.00000,0.00000,0.368,0.092,0
676.9100,0.05611,-0.00889,-0.00763,0.00000,0.00000,0.366,0.088,0
676.9620,0.05572,-0.00836,-0.00774,0.00000,0.00000,0.364,0.084,0
677.0140,0.05532,-0.00786,-0.00783,0.00000,0.00000,0.361,0.081,0
677.0660,0.05492,-0.00740,-0.00787,0.00000,0.00000,0.358,0.077,0
677.1180,0.05452,-0.00699,-0.00788,0.00000,0.00000,0.354,0.073,0
677.1700,0.05412,-0.00662,-0.00786,0.00000,0.00000,0.351,0.069,0
677.2220,0.05373,-0.00630,-0.00780,0.00000,0.00000,0.347,0.065,0
677.2740,0.05334,-0.00603,-0.00771,0.00000,0.00000,0.343,0.062,0
677.3260,0.05296,-0.00579,-0.00760,0.00000,0.00000,0.339,0.059,0
677.3780,0.05258,-0.00561,-0.00745,0.00000,0.00000,0.335,0.055,0
677.4300,0.05222,-0.00547,-0.00728,0.00000,0.00000,0.331,0.052,0
677.4820,0.05187,-0.00538,-0.00709,0.00000,0.00000,0.327,0.049,0
677.5340,0.05154,-0.00534,-0.00688,0.00000,0.00000,0.323,0.047,0
677.5860,0.05122,-0.00535,-0.00665,0.00000,0.00000,0.319,0.044,0
677.6380,0.05092,-0.00541,-0.00641,0.00000,0.00000,0.316,0.042,0
677.6900,0.05064,-0.00552,-0.00615,0.00000,0.00000,0.312,0.040,0
677.7420,0.05038,-0.00566,-0.00588,0.00000,0.00000,0.309,0.039,0
677.7940,0.05013,-0.00586,-0.00560,0.00000,0.00000,0.306,0.037,0
677.8460,0.04990,-0.00610,-0.00532,0.00000,0.00000,0.303,0.036,0
677.8980,0.04969,-0.00639,-0.00504,0.00000,0.00000,0.300,0.035,0
677.9500,0.04950,-0.00673,-0.00475,0.00000,0.00000,0.298,0.034,0
678.0020,0.04933,-0.00712,-0.00447,0.00000,0.00000,0.296,0.033,0
678.0540,0.04918,-0.00756,-0.00419,0.00000,0.00000,0.295,0.033,0
678.1060,0.04904,-0.00802,-0.00393,0.00000,0.00000,0.294,0.032,0
678.1580,0.04891,-0.00852,-0.00367,0.00000,0.00000,0.293,0.032,0
678.2100,0.04879,-0.00905,-0.00342,0.00000,0.00000,0.293,0.032,0
678.2620,0.04868,-0.00962,-0.00319,0.00000,0.00000,0.293,0.032,0
678.3140,0.04857,-0.01021,-0.00297,0.00000,0.00000,0.293,0.032,0
678.3660,0.04847,-0.01083,-0.00277,0.00000,0.00000,0.294,0.033,0
678.4180,0.04836,-0.01147,-0.00259,0.00000,0.00000,0.295,0.033,0
678.4700,0.04824,-0.01211,-0.00244,0.00000,0.00000,0.297,0.033,0
678.5220,0.04810,-0.01276,-0.00230,0.00000,0.00000,0.299,0.034,0
678.5740,0.04794,-0.01342,-0.00219,0.00000,0.00000,0.300,0.034,0
678.6260,0.04776,-0.01407,-0.00211,0.00000,0.00000,0.302,0.034,0
678.6780,0.04756,-0.01474,-0.00205,0.00000,0.00000,0.305,0.035,0
678.7300,0.04734,-0.01541,-0.00202,0.00000,0.00000,0.307,0.035,0
678.7820,0.04708,-0.01607,-0.00201,0.00000,0.00000,0.310,0.035,0
678.8340,0.04679,-0.01674,-0.00203,0.00000,0.00000,0.313,0.035,0
678.8860,0.04647,-0.01740,-0.00208,0.00000,0.00000,0.316,0.035,0
678.9380,0.04610,-0.01807,-0.00215,0.00000,0.00000,0.319,0.035,0
678.9900,0.04569,-0.01873,-0.00225,0.00000,0.00000,0.322,0.034,0
679.0420,0.04524,-0.01939,-0.00238,0.00000,0.00000,0.326,0.034,0
679.0940,0.04474,-0.02004,-0.00253,0.00000,0.00000,0.330,0.033,0
679.1460,0.04419,-0.02068,-0.00270,0.00000,0.00000,0.333,0.032,0
679.1980,0.04358,-0.02130,-0.00289,0.00000,0.00000,0.337,0.031,0
679.2500,0.04291,-0.02191,-0.00311,0.00000,0.00000,0.341,0.030,0
679.3020,0.04217,-0.02249,-0.00334,0.00000,0.00000,0.344,0.028,0
679.3540,0.04137,-0.02305,-0.00360,0.00000,0.00000,0.348,0.027,0
679.4060,0.04050,-0.02359,-0.00386,0.00000,0.00000,0.351,0.025,0
679.4580,0.03956,-0.02412,-0.00415,0.00000,0.00000,0.354,0.023,0
679.5100,0.03855,-0.02462,-0.00444,0.00000,0.00000,0.357,0.020,0
679.5620,0.03747,-0.02510,-0.00474,0.00000,0.00000,0.359,0.018,0
679.6140,0.03632,-0.02555,-0.00505,0.00000,0.00000,0.361,0.015,0
679.6660,0.03509,-0.02597,-0.00536,0.00000,0.00000,0.363,0.012,0
679.7180,0.03379,-0.02637,-0.00568,0.00000,0.00000,0.364,0.010,0
679.7700,0.03243,-0.02675,-0.00600,0.00000,0.00000,0.366,0.006,0
679.8220,0.03099,-0.02711,-0.00631,0.00000,0.00000,0.366,0.003,0
679.8740,0.02949,-0.02745,-0.00662,0.00000,0.00000,0.366,0.000,0
679.9260,0.02793,-0.02777,-0.00692,0.00000,0.00000,0.366,-0.003,0
679.9780,0.02631,-0.02807,-0.00720,0.00000,0.00000,0.365,-0.006,0
680.0300,0.02461,-0.02833,-0.00748,0.00000,0.00000,0.364,-0.010,0
680.0820,0.02286,-0.02857,-0.00774,0.00000,0.00000,0.362,-0.013,0
680.1340,0.02106,-0.02878,-0.00799,0.00000,0.00000,0.359,-0.016,0
680.1860,0.01922,-0.02899,-0.00821,0.00000,0.00000,0.356,-0.019,0
680.2380,0.01733,-0.02918,-0.00842,0.00000,0.00000,0.352,-0.022,0
680.2900,0.01541,-0.02935,-0.00860,0.00000,0.00000,0.348,-0.025,0
680.3420,0.01346,-0.02950,-0.00875,0.00000,0.00000,0.343,-0.028,0
680.3940,0.01148,-0.02964,-0.00888,0.00000,0.00000,0.338,-0.030,0
680.4460,0.00949,-0.02977,-0.00898,0.00000,0.00000,0.332,-0.032,0
680.4980,0.00750,-0.02990,-0.00905,0.00000,0.00000,0.325,-0.034,0
680.5500,0.00550,-0.03002,-0.00909,0.00000,0.00000,0.318,-0.036,0
680.6020,0.00351,-0.03013,-0.00909,0.00000,0.00000,0.311,-0.038,0
680.6540,0.00153,-0.03023,-0.00906,0.00000,0.00000,0.303,-0.039,0
680.7060,-0.00043,-0.03033,-0.00900,0.00000,0.00000,0.294,-0.040,0
680.7580,-0.00236,-0.03043,-0.00891,0.00000,0.00000,0.285,-0.041,0
680.8100,-0.00425,-0.03053,-0.00878,0.00000,0.00000,0.276,-0.041,0
680.8620,-0.00609,-0.03063,-0.00862,0.00000,0.00000,0.266,-0.041,0
680.9140,-0.00787,-0.03075,-0.00842,0.00000,0.00000,0.256,-0.041,0
680.9660,-0.00959,-0.03088,-0.00819,0.00000,0.00000,0.246,-0.041,0
681.0180,-0.01123,-0.03102,-0.00793,0.00000,0.00000,0.235,-0.040,0
681.0700,-0.01278,-0.03119,-0.00763,0.00000,0.00000,0.225,-0.039,0
681.1220,-0.01425,-0.03137,-0.00730,0.00000,0.00000,0.214,-0.038,0
681.1740,-0.01563,-0.03154,-0.00694,0.00000,0.00000,0.203,-0.037,0
681.2260,-0.01692,-0.03173,-0.00655,0.00000,0.00000,0.191,-0.035,0
681.2780,-0.01809,-0.03194,-0.00614,0.00000,0.00000,0.180,-0.033,0
681.3300,-0.01916,-0.03217,-0.00570,0.00000,0.00000,0.168,-0.032,0
681.3820,-0.02011,-0.03241,-0.00523,0.00000,0.00000,0.157,-0.030,0
681.4340,-0.02095,-0.03266,-0.00475,0.00000,0.00000,0.146,-0.028,0
681.4860,-0.02167,-0.03294,-0.00424,0.00000,0.00000,0.134,-0.025,0
681.5380,-0.02226,-0.03323,-0.00372,0.00000,0.00000,0.123,-0.023,0
681.5900,-0.02273,-0.03353,-0.00318,0.00000,0.00000,0.112,-0.021,0
681.6420,-0.02307,-0.03385,-0.00263,0.00000,0.00000,0.101,-0.019,0
681.6940,-0.02329,-0.03417,-0.00207,0.00000,0.00000,0.090,-0.017,0
681.7460,-0.02339,-0.03452,-0.00151,0.00000,0.00000,0.079,-0.015,0
681.7980,-0.02336,-0.03488,-0.00094,0.00000,0.00000,0.069,-0.013,0
681.8500,-0.02321,-0.03524,-0.00037,0.00000,0.00000,0.059,-0.011,0
681.9020,-0.02295,-0.03561,0.00019,0.00000,0.00000,0.049,-0.009,0
681.9540,-0.02258,-0.03598,0.00075,0.00000,0.00000,0.040,-0.007,0
682.0060,-0.02210,-0.03638,0.00131,0.00000,0.00000,0.031,-0.006,0
682.0580,-0.02151,-0.03678,0.00185,0.00000,0.00000,0.022,-0.005,0
682.1100,-0.02082,-0.03719,0.00238,0.00000,0.00000,0.014,-0.003,0
682.1620,-0.02004,-0.03761,0.00289,0.00000,0.00000,0.007,-0.002,0
682.2140,-0.01918,-0.03803,0.00338,0.00000,0.00000,0.000,-0.001,0
682.2660,-0.01824,-0.03846,0.00384,0.00000,0.00000,-0.006,-0.001,0
682.3180,-0.01722,-0.03889,0.00429,0.00000,0.00000,-0.012,-0.000,0
682.3700,-0.01614,-0.03932,0.00470,0.00000,0.00000,-0.017,0.000,0
682.4220,-0.01501,-0.03974,0.00508,0.00000,0.00000,-0.021,0.001,0
682.4740,-0.01384,-0.04015,0.00544,0.00000,0.00000,-0.025,0.001,0
682.5260,-0.01262,-0.04056,0.00576,0.00000,0.00000,-0.028,0.001,0
682.5780,-0.01138,-0.04094,0.00604,0.00000,0.00000,-0.031,0.001,0
682.6300,-0.01012,-0.04131,0.00629,0.00000,0.00000,-0.033,0.001,0
682.6820,-0.00884,-0.04167,0.00649,0.00000,0.00000,-0.034,0.001,0
682.7340,-0.00756,-0.04199,0.00666,0.00000,0.00000,-0.035,0.001,0
682.7860,-0.00628,-0.04230,0.00679,0.00000,0.00000,-0.035,0.001,0
682.8380,-0.00502,-0.04257,0.00687,0.00000,0.00000,-0.034,0.000,0
682.8900,-0.00378,-0.04280,0.00692,0.00000,0.00000,-0.034,0.000,0
682.9420,-0.00257,-0.04300,0.00692,0.00000,0.00000,-0.032,0.000,0
682.9940,-0.00138,-0.04319,0.00688,0.00000,0.00000,-0.030,-0.000,0
683.0460,-0.00023,-0.04335,0.00680,0.00000,0.00000,-0.027,-0.000,0
683.0980,0.00087,-0.04346,0.00667,0.00000,0.00000,-0.024,-0.000,0
683.1500,0.00191,-0.04354,0.00651,0.00000,0.00000,-0.021,-0.000,0
683.2020,0.00289,-0.04357,0.00631,0.00000,0.00000,-0.017,-0.000,0
683.2540,0.00381,-0.04357,0.00606,0.00000,0.00000,-0.013,-0.000,0
683.3060,0.00466,-0.04352,0.00578,0.00000,0.00000,-0.009,0.000,0
683.3580,0.00543,-0.04341,0.00547,0.00000,0.00000,-0.004,0.000,0
683.4100,0.00611,-0.04327,0.00512,0.00000,0.00000,0.000,0.001,0
683.4620,0.00672,-0.04307,0.00473,0.00000,0.00000,0.005,0.001,0
683.5140,0.00723,-0.04284,0.00432,0.00000,0.00000,0.010,0.001,0
683.5660,0.00767,-0.04257,0.00388,0.00000,0.00000,0.015,0.001,0
683.6180,0.00801,-0.04225,0.00341,0.00000,0.00000,0.020,0.002,0
683.6700,0.00826,-0.04189,0.00292,0.00000,0.00000,0.025,0.002,0
683.7220,0.00842,-0.04149,0.00240,0.00000,0.00000,0.030,0.002,0
683.7740,0.00849,-0.04105,0.00187,0.00000,0.00000,0.034,0.003,0
683.8260,0.00847,-0.04056,0.00132,0.00000,0.00000,0.039,0.003,0
683.8780,0.00835,-0.04003,0.00076,0.00000,0.00000,0.043,0.003,0
683.9300,0.00813,-0.03945,0.00019,0.00000,0.00000,0.047,0.003,0
683.9820,0.00782,-0.03881,-0.00039,0.00000,0.00000,0.050,0.004,0
684.0340,0.00741,-0.03811,-0.00097,0.00000,0.00000,0.053,0.004,0
684.0860,0.00690,-0.03736,-0.00155,0.00000,0.00000,0.055,0.004,0
684.1380,0.00631,-0.03657,-0.00213,0.00000,0.00000,0.057,0.004,0
684.1900,0.00564,-0.03573,-0.00271,0.00000,0.00000,0.058,0.004,0
684.2420,0.00487,-0.03483,-0.00327,0.00000,0.00000,0.058,0.003,0
684.2940,0.00403,-0.03388,-0.00383,0.00000,0.00000,0.058,0.003,0
684.3460,0.00311,-0.03290,-0.00436,0.00000,0.00000,0.057,0.003,0
684.3980,0.00212,-0.03187,-0.00488,0.00000,0.00000,0.056,0.003,0
684.4500,0.00108,-0.03082,-0.00538,0.00000,0.00000,0.054,0.003,0
684.5020,-0.00001,-0.02974,-0.00586,0.00000,0.00000,0.051,0.002,0
684.5540,-0.00116,-0.02864,-0.00631,0.00000,0.00000,0.048,0.002,0
684.6060,-0.00234,-0.02752,-0.00673,0.00000,0.00000,0.044,0.002,0
684.6580,-0.00355,-0.02640,-0.00712,0.00000,0.00000,0.040,0.002,0
684.7100,-0.00479,-0.02525,-0.00748,0.00000,0.00000,0.036,0.001,0
684.7620,-0.00605,-0.02410,-0.00780,0.00000,0.00000,0.031,0.001,0
684.8140,-0.00732,-0.02293,-0.00808,0.00000,0.00000,0.025,0.001,0
684.8660,-0.00860,-0.02175,-0.00833,0.00000,0.00000,0.020,0.001,0
684.9180,-0.00989,-0.02055,-0.00853,0.00000,0.00000,0.013,0.001,0
684.9700,-0.01117,-0.01934,-0.00869,0.00000,0.00000,0.007,0.001,0
685.0220,-0.01244,-0.01813,-0.00881,0.00000,0.00000,-0.000,0.001,0
685.0740,-0.01368,-0.01693,-0.00889,0.00000,0.00000,-0.007,0.002,0
685.1260,-0.01489,-0.01574,-0.00892,0.00000,0.00000,-0.015,0.002,0
685.1780,-0.01606,-0.01457,-0.00891,0.00000,0.00000,-0.022,0.003,0
685.2300,-0.01719,-0.01342,-0.00886,0.00000,0.00000,-0.029,0.003,0
685.2820,-0.01827,-0.01228,-0.00876,0.00000,0.00000,-0.036,0.004,0
685.3340,-0.01930,-0.01116,-0.00861,0.00000,0.00000,-0.043,0.005,0
685.3860,-0.02027,-0.01006,-0.00843,0.00000,0.00000,-0.051,0.005,0
685.4380,-0.02116,-0.00901,-0.00820,0.00000,0.00000,-0.057,0.006,0
685.4900,-0.02197,-0.00801,-0.00792,0.00000,0.00000,-0.064,0.007,0
685.5420,-0.02271,-0.00705,-0.00761,0.00000,0.00000,-0.070,0.008,0
685.5940,-0.02337,-0.00612,-0.00726,0.00000,0.00000,-0.076,0.009,0
685.6460,-0.02395,-0.00523,-0.00687,0.00000,0.00000,-0.082,0.010,0
685.6980,-0.02444,-0.00438,-0.00644,0.00000,0.00000,-0.087,0.011,0
685.7500,-0.02484,-0.00357,-0.00598,0.00000,0.00000,-0.092,0.012,0
685.8020,-0.02515,-0.00280,-0.00549,0.00000,0.00000,-0.096,0.012,0
685.8540,-0.02537,-0.00208,-0.00496,0.00000,0.00000,-0.100,0.013,0
685.9060,-0.02549,-0.00141,-0.00441,0.00000,0.00000,-0.104,0.013,0
685.9580,-0.02550,-0.00079,-0.00383,0.00000,0.00000,-0.107,0.014,0
686.0100,-0.02541,-0.00023,-0.00323,0.00000,0.00000,-0.110,0.014,0
686.0620,-0.02522,0.00027,-0.00260,0.00000,0.00000,-0.112,0.014,0
686.1140,-0.02493,0.00073,-0.00196,0.00000,0.00000,-0.114,0.014,0
686.1660,-0.02452,0.00113,-0.00130,0.00000,0.00000,-0.115,0.014,0
686.2180,-0.02402,0.00148,-0.00063,0.00000,0.00000,-0.116,0.013,0
686.2700,-0.02340,0.00177,0.00005,0.00000,0.00000,-0.116,0.012,0
686.3220,-0.02268,0.00201,0.00073,0.00000,0.00000,-0.116,0.011,0
686.3740,-0.02186,0.00220,0.00142,0.00000,0.00000,-0.115,0.010,0
686.4260,-0.02093,0.00234,0.00212,0.00000,0.00000,-0.115,0.009,0
686.4780,-0.01990,0.00243,0.00281,0.00000,0.00000,-0.114,0.007,0
686.5300,-0.01877,0.00247,0.00349,0.00000,0.00000,-0.112,0.006,0
686.5820,-0.01753,0.00245,0.00417,0.00000,0.00000,-0.110,0.004,0
686.6340,-0.01619,0.00238,0.00484,0.00000,0.00000,-0.108,0.002,0
686.6860,-0.01475,0.00225,0.00549,0.00000,0.00000,-0.106,-0.000,0
686.7380,-0.01322,0.00207,0.00613,0.00000,0.00000,-0.103,-0.002,0
686.7900,-0.01160,0.00185,0.00675,0.00000,0.00000,-0.100,-0.004,0
686.8420,-0.00989,0.00159,0.00735,0.00000,0.00000,-0.097,-0.006,0
686.8940,-0.00810,0.00128,0.00793,0.00000,0.00000,-0.094,-0.009,0
686.9460,-0.00622,0.00092,0.00849,0.00000,0.00000,-0.091,-0.011,0
686.9980,-0.00428,0.00052,0.00902,0.00000,0.00000,-0.087,-0.013,0
687.0500,-0.00226,0.00008,0.00952,0.00000,0.00000,-0.083,-0.015,0
687.1020,-0.00017,-0.00041,0.00999,0.00000,0.00000,-0.079,-0.016,0
687.1540,0.00197,-0.00092,0.01043,0.00000,0.00000,-0.075,-0.018,0
687.2060,0.00416,-0.00148,0.01084,0.00000,0.00000,-0.071,-0.019,0
687.2580,0.00640,-0.00207,0.01122,0.00000,0.00000,-0.067,-0.020,0
687.3100,0.00868,-0.00269,0.01156,0.00000,0.00000,-0.062,-0.021,0
687.3620,0.01099,-0.00334,0.01187,0.00000,0.00000,-0.058,-0.021,0
687.4140,0.01331,-0.00400,0.01214,0.00000,0.00000,-0.053,-0.021,0
687.4660,0.01564,-0.00468,0.01238,0.00000,0.00000,-0.047,-0.021,0
687.5180,0.01799,-0.00540,0.01258,0.00000,0.00000,-0.042,-0.020,0
687.5700,0.02033,-0.00613,0.01275,0.00000,0.00000,-0.037,-0.018,0
687.6220,0.02266,-0.00688,0.01288,0.00000,0.00000,-0.031,-0.017,0
687.6740,0.02497,-0.00763,0.01297,0.00000,0.00000,-0.025,-0.014,0
687.7260,0.02725,-0.00839,0.01303,0.00000,0.00000,-0.018,-0.012,0
687.7780,0.02949,-0.00917,0.01305,0.00000,0.00000,-0.012,-0.008,0
687.8300,0.03170,-0.00996,0.01304,0.00000,0.00000,-0.005,-0.005,0
687.8820,0.03386,-0.01074,0.01300,0.00000,0.00000,0.003,-0.000,0
687.9340,0.03597,-0.01153,0.01292,0.00000,0.00000,0.011,0.004,0
687.9860,0.03803,-0.01233,0.01281,0.00000,0.00000,0.019,0.009,0
688.0380,0.04005,-0.01313,0.01266,0.00000,0.00000,0.027,0.015,0
688.0900,0.04202,-0.01393,0.01249,0.00000,0.00000,0.036,0.021,0
688.1420,0.04393,-0.01472,0.01229,0.00000,0.00000,0.046,0.028,0
688.1940,0.04580,-0.01551,0.01206,0.00000,0.00000,0.055,0.034,0
688.2460,0.04761,-0.01630,0.01181,0.00000,0.00000,0.066,0.042,0
688.2980,0.04939,-0.01709,0.01153,0.00000,0.00000,0.077,0.049,0
688.3500,0.05111,-0.01787,0.01122,0.00000,0.00000,0.088,0.057,0
688.4020,0.05279,-0.01863,0.01090,0.00000,0.00000,0.099,0.064,0
688.4540,0.05443,-0.01939,0.01055,0.00000,0.00000,0.112,0.072,0
688.5060,0.05603,-0.02014,0.01018,0.00000,0.00000,0.124,0.080,0
688.5580,0.05759,-0.02087,0.00980,0.00000,0.00000,0.137,0.088,0
688.6100,0.05912,-0.02160,0.00940,0.00000,0.00000,0.151,0.097,0
688.6620,0.06061,-0.02231,0.00898,0.00000,0.00000,0.164,0.105,0
688.7140,0.06207,-0.02301,0.00855,0.00000,0.00000,0.179,0.112,0
688.7660,0.06352,-0.02371,0.00811,0.00000,0.00000,0.194,0.120,0
688.8180,0.06493,-0.02440,0.00766,0.00000,0.00000,0.209,0.128,0
688.8700,0.06632,-0.02508,0.00719,0.00000,0.00000,0.225,0.136,0
688.9220,0.06769,-0.02574,0.00672,0.00000,0.00000,0.241,0.143,0
688.9740,0.06903,-0.02638,0.00625,0.00000,0.00000,0.257,0.150,0
689.0260,0.07036,-0.02701,0.00577,0.00000,0.00000,0.274,0.157,0
689.0780,0.07166,-0.02761,0.00528,0.00000,0.00000,0.292,0.163,0
689.1300,0.07294,-0.02821,0.00480,0.00000,0.00000,0.309,0.169,0
689.1820,0.07420,-0.02878,0.00431,0.00000,0.00000,0.327,0.175,0
689.2340,0.07544,-0.02933,0.00382,0.00000,0.00000,0.345,0.180,0
689.2860,0.07666,-0.02986,0.00333,0.00000,0.00000,0.363,0.185,0
689.3380,0.07785,-0.03036,0.00285,0.00000,0.00000,0.382,0.189,0
689.3900,0.07902,-0.03083,0.00237,0.00000,0.00000,0.400,0.193,0
689.4420,0.08016,-0.03126,0.00189,0.00000,0.00000,0.419,0.197,0
689.4940,0.08127,-0.03167,0.00141,0.00000,0.00000,0.437,0.200,0
689.5460,0.08236,-0.03203,0.00094,0.00000,0.00000,0.456,0.203,0
689.5980,0.08341,-0.03236,0.00048,0.00000,0.00000,0.474,0.205,0
689.6500,0.08443,-0.03265,0.00003,0.00000,0.00000,0.491,0.206,0
689.7020,0.08541,-0.03290,-0.00042,0.00000,0.00000,0.509,0.208,0
689.7540,0.08636,-0.03311,-0.00086,0.00000,0.00000,0.526,0.208,0
689.8060,0.08727,-0.03330,-0.00130,0.00000,0.00000,0.543,0.209,0
689.8580,0.08816,-0.03347,-0.00172,0.00000,0.00000,0.559,0.208,0
689.9100,0.08901,-0.03360,-0.00213,0.00000,0.00000,0.576,0.208,0
689.9620,0.08983,-0.03371,-0.00254,0.00000,0.00000,0.592,0.207,0
690.0140,0.09061,-0.03379,-0.00293,0.00000,0.00000,0.607,0.206,0
690.0660,0.09134,-0.03382,-0.00332,0.00000,0.00000,0.623,0.204,0
690.1180,0.09204,-0.03383,-0.00370,0.00000,0.00000,0.637,0.201,0
690.1700,0.09269,-0.03382,-0.00406,0.00000,0.00000,0.652,0.199,0
690.2220,0.09330,-0.03378,-0.00442,0.00000,0.00000,0.666,0.196,0
690.2740,0.09387,-0.03371,-0.00476,0.00000,0.00000,0.679,0.193,0
690.3260,0.09440,-0.03362,-0.00510,0.00000,0.00000,0.692,0.189,0
690.3780,0.09487,-0.03351,-0.00542,0.00000,0.00000,0.704,0.185,0
690.4300,0.09530,-0.03337,-0.00573,0.00000,0.00000,0.716,0.181,0
690.4820,0.09567,-0.03320,-0.00604,0.00000,0.00000,0.727,0.176,0
690.5340,0.09599,-0.03300,-0.00633,0.00000,0.00000,0.737,0.171,0
690.5860,0.09625,-0.03278,-0.00661,0.00000,0.00000,0.747,0.166,0
690.6380,0.09645,-0.03253,-0.00689,0.00000,0.00000,0.756,0.160,0
690.6900,0.09659,-0.03226,-0.00715,0.00000,0.00000,0.765,0.154,0
690.7420,0.09667,-0.03196,-0.00740,0.00000,0.00000,0.772,0.148,0
690.7940,0.09668,-0.03164,-0.00764,0.00000,0.00000,0.779,0.142,0
690.8460,0.09662,-0.03128,-0.00788,0.00000,0.00000,0.785,0.136,0
690.8980,0.09649,-0.03091,-0.00810,0.00000,0.00000,0.790,0.129,0
690.9500,0.09630,-0.03053,-0.00831,0.00000,0.00000,0.794,0.122,0
691.0020,0.09603,-0.03013,-0.00852,0.00000,0.00000,0.797,0.115,0
691.0540,0.09568,-0.02971,-0.00871,0.00000,0.00000,0.800,0.108,0
691.1060,0.09526,-0.02927,-0.00889,0.00000,0.00000,0.801,0.101,0
691.1580,0.09477,-0.02883,-0.00907,0.00000,0.00000,0.802,0.094,0
691.2100,0.09420,-0.02838,-0.00923,0.00000,0.00000,0.802,0.086,0
691.2620,0.09356,-0.02793,-0.00939,0.00000,0.00000,0.802,0.079,0
691.3140,0.09284,-0.02749,-0.00953,0.00000,0.00000,0.801,0.071,0
691.3660,0.09205,-0.02704,-0.00966,0.00000,0.00000,0.799,0.064,0
691.4180,0.09118,-0.02661,-0.00979,0.00000,0.00000,0.796,0.056,0
691.4700,0.09023,-0.02618,-0.00990,0.00000,0.00000,0.793,0.049,0
691.5220,0.08920,-0.02575,-0.01000,0.00000,0.00000,0.790,0.041,0
691.5740,0.08809,-0.02533,-0.01010,0.00000,0.00000,0.785,0.034,0
691.6260,0.08689,-0.02491,-0.01018,0.00000,0.00000,0.780,0.026,0
691.6780,0.08562,-0.02451,-0.01025,0.00000,0.00000,0.774,0.019,0
691.7300,0.08426,-0.02412,-0.01031,0.00000,0.00000,0.768,0.011,0
691.7820,0.08282,-0.02374,-0.01036,0.00000,0.00000,0.761,0.004,0
691.8340,0.08131,-0.02340,-0.01040,0.00000,0.00000,0.754,-0.003,0
691.8860,0.07972,-0.02307,-0.01043,0.00000,0.00000,0.746,-0.010,0
691.9380,0.07804,-0.02276,-0.01045,0.00000,0.00000,0.738,-0.016,0
691.9900,0.07630,-0.02249,-0.01046,0.00000,0.00000,0.729,-0.023,0
692.0420,0.07449,-0.02225,-0.01045,0.00000,0.00000,0.720,-0.029,0
692.0940,0.07260,-0.02203,-0.01044,0.00000,0.00000,0.711,-0.035,0
692.1460,0.07064,-0.02184,-0.01041,0.00000,0.00000,0.701,-0.041,0
692.1980,0.06862,-0.02169,-0.01038,0.00000,0.00000,0.691,-0.047,0
692.2500,0.06653,-0.02157,-0.01033,0.00000,0.00000,0.681,-0.052,0
692.3020,0.06437,-0.02148,-0.01027,0.00000,0.00000,0.671,-0.057,0
692.3540,0.06216,-0.02144,-0.01020,0.00000,0.00000,0.660,-0.062,0
692.4060,0.05990,-0.02144,-0.01012,0.00000,0.00000,0.649,-0.066,0
692.4580,0.05760,-0.02150,-0.01002,0.00000,0.00000,0.639,-0.070,0
692.5100,0.05524,-0.02159,-0.00992,0.00000,0.00000,0.628,-0.074,0
692.5620,0.05285,-0.02172,-0.00981,0.00000,0.00000,0.618,-0.078,0
692.6140,0.05041,-0.02189,-0.00968,0.00000,0.00000,0.607,-0.081,0
692.6660,0.04794,-0.02210,-0.00955,0.00000,0.00000,0.596,-0.083,0
692.7180,0.04544,-0.02234,-0.00940,0.00000,0.00000,0.585,-0.086,0
692.7700,0.04290,-0.02260,-0.00925,0.00000,0.00000,0.574,-0.088,0
692.8220,0.04034,-0.02291,-0.00908,0.00000,0.00000,0.563,-0.090,0
692.8740,0.03777,-0.02326,-0.00891,0.00000,0.00000,0.552,-0.091,0
692.9260,0.03519,-0.02364,-0.00873,0.00000,0.00000,0.540,-0.092,0
692.9780,0.03260,-0.02407,-0.00854,0.00000,0.00000,0.529,-0.093,0
693.0300,0.03001,-0.02453,-0.00834,0.00000,0.00000,0.518,-0.093,0
693.0820,0.02744,-0.02503,-0.00813,0.00000,0.00000,0.507,-0.093,0
693.1340,0.02488,-0.02556,-0.00792,0.00000,0.00000,0.497,-0.093,0
693.1860,0.02233,-0.02611,-0.00770,0.00000,0.00000,0.486,-0.093,0
693.2380,0.01980,-0.02670,-0.00747,0.00000,0.00000,0.475,-0.092,0
693.2900,0.01729,-0.02729,-0.00724,0.00000,0.00000,0.464,-0.091,0
693.3420,0.01481,-0.02789,-0.00700,0.00000,0.00000,0.452,-0.089,0
693.3940,0.01237,-0.02852,-0.00676,0.00000,0.00000,0.441,-0.088,0
693.4460,0.00998,-0.02916,-0.00652,0.00000,0.00000,0.430,-0.086,0
693.4980,0.00762,-0.02980,-0.00627,0.00000,0.00000,0.418,-0.084,0
693.5500,0.00531,-0.03045,-0.00602,0.00000,0.00000,0.407,-0.082,0
693.6020,0.00306,-0.03109,-0.00577,0.00000,0.00000,0.395,-0.079,0
693.6540,0.00086,-0.03173,-0.00551,0.00000,0.00000,0.383,-0.077,0
693.7060,-0.00126,-0.03238,-0.00526,0.00000,0.00000,0.371,-0.074,0
693.7580,-0.00331,-0.03303,-0.00501,0.00000,0.00000,0.359,-0.071,0
693.8100,-0.00529,-0.03368,-0.00476,0.00000,0.00000,0.348,-0.068,0
693.8620,-0.00720,-0.03431,-0.00451,0.00000,0.00000,0.335,-0.065,0
693.9140,-0.00902,-0.03492,-0.00426,0.00000,0.00000,0.323,-0.062,0
693.9660,-0.01077,-0.03550,-0.00402,0.00000,0.00000,0.310,-0.059,0
694.0180,-0.01244,-0.03607,-0.00378,0.00000,0.00000,0.298,-0.056,0
694.0700,-0.01402,-0.03660,-0.00354,0.00000,0.00000,0.285,-0.053,0
694.1220,-0.01551,-0.03711,-0.00331,0.00000,0.00000,0.272,-0.050,0
694.1740,-0.01691,-0.03759,-0.00309,0.00000,0.00000,0.259,-0.046,0
694.2260,-0.01822,-0.03803,-0.00287,0.00000,0.00000,0.245,-0.043,0
694.2780,-0.01944,-0.03843,-0.00266,0.00000,0.00000,0.232,-0.040,0
694.3300,-0.02058,-0.03878,-0.00245,0.00000,0.00000,0.218,-0.037,0
694.3820,-0.02162,-0.03909,-0.00225,0.00000,0.00000,0.204,-0.034,0
694.4340,-0.02256,-0.03935,-0.00206,0.00000,0.00000,0.191,-0.031,0
694.4860,-0.02342,-0.03956,-0.00188,0.00000,0.00000,0.177,-0.028,0
694.5380,-0.02419,-0.03972,-0.00170,0.00000,0.00000,0.163,-0.026,0
694.5900,-0.02487,-0.03984,-0.00153,0.00000,0.00000,0.149,-0.023,0
694.6420,-0.02545,-0.03990,-0.00137,0.00000,0.00000,0.135,-0.021,0
694.6940,-0.02595,-0.03991,-0.00122,0.00000,0.00000,0.122,-0.018,0
694.7460,-0.02637,-0.03986,-0.00108,0.00000,0.00000,0.108,-0.016,0
694.7980,-0.02671,-0.03975,-0.00095,0.00000,0.00000,0.094,-0.014,0
694.8500,-0.02696,-0.03958,-0.00082,0.00000,0.00000,0.081,-0.012,0
694.9020,-0.02715,-0.03935,-0.00070,0.00000,0.00000,0.067,-0.010,0
694.9540,-0.02726,-0.03906,-0.00059,0.00000,0.00000,0.054,-0.008,0
695.0060,-0.02730,-0.03870,-0.00049,0.00000,0.00000,0.041,-0.006,0
695.0580,-0.02727,-0.03829,-0.00039,0.00000,0.00000,0.029,-0.005,0
695.1100,-0.02719,-0.03782,-0.00030,0.00000,0.00000,0.016,-0.003,0
695.1620,-0.02706,-0.03728,-0.00022,0.00000,0.00000,0.004,-0.002,0
695.2140,-0.02687,-0.03667,-0.00015,0.00000,0.00000,-0.007,-0.001,0
695.2660,-0.02664,-0.03601,-0.00007,0.00000,0.00000,-0.019,0.000,0
695.3180,-0.02638,-0.03528,-0.00001,0.00000,0.00000,-0.030,0.001,0
695.3700,-0.02607,-0.03449,0.00005,0.00000,0.00000,-0.040,0.002,0
695.4220,-0.02574,-0.03365,0.00011,0.00000,0.00000,-0.050,0.002,0
695.4740,-0.02537,-0.03276,0.00016,0.00000,0.00000,-0.060,0.003,0
695.5260,-0.02497,-0.03184,0.00021,0.00000,0.00000,-0.068,0.004,0
695.5780,-0.02453,-0.03089,0.00025,0.00000,0.00000,-0.077,0.004,0
695.6300,-0.02407,-0.02991,0.00030,0.00000,0.00000,-0.084,0.004,0
695.6820,-0.02359,-0.02890,0.00034,0.00000,0.00000,-0.091,0.005,0
695.7340,-0.02308,-0.02786,0.00038,0.00000,0.00000,-0.098,0.005,0
695.7860,-0.02256,-0.02680,0.00042,0.00000,0.00000,-0.104,0.005,0
695.8380,-0.02203,-0.02572,0.00047,0.00000,0.00000,-0.109,0.005,0
695.8900,-0.02149,-0.02461,0.00051,0.00000,0.00000,-0.114,0.005,0
695.9420,-0.02094,-0.02349,0.00055,0.00000,0.00000,-0.118,0.005,0
695.9940,-0.02039,-0.02236,0.00059,0.00000,0.00000,-0.122,0.005,0
696.0460,-0.01983,-0.02121,0.00064,0.00000,0.00000,-0.125,0.004,0
696.0980,-0.01927,-0.02006,0.00068,0.00000,0.00000,-0.128,0.004,0
696.1500,-0.01870,-0.01890,0.00073,0.00000,0.00000,-0.130,0.004,0
696.2020,-0.01814,-0.01774,0.00079,0.00000,0.00000,-0.132,0.004,0
696.2540,-0.01757,-0.01660,0.00084,0.00000,0.00000,-0.133,0.003,0
696.3060,-0.01699,-0.01549,0.00090,0.00000,0.00000,-0.134,0.003,0
696.3580,-0.01641,-0.01440,0.00096,0.00000,0.00000,-0.135,0.003,0
696.4100,-0.01583,-0.01333,0.00102,0.00000,0.00000,-0.135,0.002,0
696.4620,-0.01525,-0.01228,0.00108,0.00000,0.00000,-0.134,0.002,0
696.5140,-0.01468,-0.01125,0.00115,0.00000,0.00000,-0.134,0.001,0
696.5660,-0.01411,-0.01026,0.00122,0.00000,0.00000,-0.133,0.001,0
696.6180,-0.01353,-0.00931,0.00130,0.00000,0.00000,-0.131,0.000,0
696.6700,-0.01295,-0.00842,0.00137,0.00000,0.00000,-0.130,-0.000,0
696.7220,-0.01237,-0.00757,0.00145,0.00000,0.00000,-0.128,-0.001,0
696.7740,-0.01178,-0.00679,0.00153,0.00000,0.00000,-0.126,-0.002,0
696.8260,-0.01119,-0.00607,0.00161,0.00000,0.00000,-0.124,-0.002,0
696.8780,-0.01061,-0.00539,0.00169,0.00000,0.00000,-0.121,-0.003,0
696.9300,-0.01003,-0.00477,0.00177,0.00000,0.00000,-0.119,-0.003,0
696.9820,-0.00945,-0.00420,0.00185,0.00000,0.00000,-0.116,-0.004,0
697.0340,-0.00887,-0.00370,0.00193,0.00000,0.00000,-0.113,-0.005,0
697.0860,-0.00830,-0.00327,0.00201,0.00000,0.00000,-0.110,-0.005,0
697.1380,-0.00773,-0.00289,0.00208,0.00000,0.00000,-0.107,-0.006,0
697.1900,-0.00716,-0.00259,0.00216,0.00000,0.00000,-0.104,-0.006,0
697.2420,-0.00659,-0.00235,0.00223,0.00000,0.00000,-0.101,-0.007,0
697.2940,-0.00604,-0.00216,0.00229,0.00000,0.00000,-0.098,-0.007,0
697.3460,-0.00549,-0.00203,0.00236,0.00000,0.00000,-0.095,-0.008,0
697.3980,-0.00496,-0.00196,0.00241,0.00000,0.00000,-0.092,-0.009,0
697.4500,-0.00443,-0.00195,0.00246,0.00000,0.00000,-0.089,-0.009,0
697.5020,-0.00390,-0.00201,0.00250,0.00000,0.00000,-0.086,-0.010,0
697.5540,-0.00339,-0.00212,0.00254,0.00000,0.00000,-0.083,-0.010,0
697.6060,-0.00289,-0.00228,0.00257,0.00000,0.00000,-0.080,-0.010,0
697.6580,-0.00241,-0.00250,0.00259,0.00000,0.00000,-0.078,-0.011,0
697.7100,-0.00193,-0.00278,0.00260,0.00000,0.00000,-0.075,-0.011,0
697.7620,-0.00147,-0.00309,0.00260,0.00000,0.00000,-0.072,-0.012,0
697.8140,-0.00103,-0.00345,0.00259,0.00000,0.00000,-0.070,-0.012,0
697.8660,-0.00061,-0.00385,0.00257,0.00000,0.00000,-0.067,-0.012,0
697.9180,-0.00020,-0.00429,0.00254,0.00000,0.00000,-0.065,-0.012,0
697.9700,0.00019,-0.00476,0.00250,0.00000,0.00000,-0.063,-0.012,0
698.0220,0.00056,-0.00527,0.00245,0.00000,0.00000,-0.061,-0.013,0
698.0740,0.00091,-0.00580,0.00239,0.00000,0.00000,-0.059,-0.013,0
698.1260,0.00124,-0.00635,0.00231,0.00000,0.00000,-0.057,-0.013,0
698.1780,0.00154,-0.00692,0.00223,0.00000,0.00000,-0.055,-0.013,0
698.2300,0.00182,-0.00752,0.00213,0.00000,0.00000,-0.053,-0.013,0
698.2820,0.00208,-0.00813,0.00202,0.00000,0.00000,-0.051,-0.013,0
698.3340,0.00232,-0.00874,0.00190,0.00000,0.00000,-0.050,-0.013,0
698.3860,0.00252,-0.00935,0.00177,0.00000,0.00000,-0.048,-0.013,0
698.4380,0.00270,-0.00996,0.00162,0.00000,0.00000,-0.047,-0.012,0
698.4900,0.00285,-0.01056,0.00147,0.00000,0.00000,-0.045,-0.012,0
698.5420,0.00297,-0.01115,0.00131,0.00000,0.00000,-0.044,-0.012,0
698.5940,0.00306,-0.01172,0.00114,0.00000,0.00000,-0.043,-0.012,0
698.6460,0.00311,-0.01228,0.00096,0.00000,0.00000,-0.042,-0.012,0
698.6980,0.00314,-0.01281,0.00077,0.00000,0.00000,-0.041,-0.011,0
698.7500,0.00315,-0.01332,0.00058,0.00000,0.00000,-0.040,-0.011,0
698.8020,0.00313,-0.01382,0.00038,0.00000,0.00000,-0.039,-0.011,0
698.8540,0.00308,-0.01428,0.00017,0.00000,0.00000,-0.038,-0.010,0
698.9060,0.00300,-0.01471,-0.00004,0.00000,0.00000,-0.037,-0.010,0
698.9580,0.00290,-0.01511,-0.00025,0.00000,0.00000,-0.036,-0.010,0
699.0100,0.00278,-0.01547,-0.00046,0.00000,0.00000,-0.035,-0.009,0
699.0620,0.00262,-0.01579,-0.00068,0.00000,0.00000,-0.035,-0.009,0
699.1140,0.00245,-0.01607,-0.00089,0.00000,0.00000,-0.034,-0.009,0
699.1660,0.00225,-0.01632,-0.00111,0.00000,0.00000,-0.033,-0.008,0
699.2180,0.00204,-0.01652,-0.00132,0.00000,0.00000,-0.033,-0.008,0
699.2700,0.00179,-0.01666,-0.00153,0.00000,0.00000,-0.032,-0.008,0
699.3220,0.00152,-0.01674,-0.00173,0.00000,0.00000,-0.032,-0.007,0
699.3740,0.00124,-0.01679,-0.00192,0.00000,0.00000,-0.032,-0.007,0
699.4260,0.00095,-0.01679,-0.00211,0.00000,0.00000,-0.032,-0.007,0
699.4780,0.00064,-0.01674,-0.00229,0.00000,0.00000,-0.032,-0.007,0
699.5300,0.00032,-0.01664,-0.00246,0.00000,0.00000,-0.032,-0.006,0
699.5820,-0.00001,-0.01651,-0.00261,0.00000,0.00000,-0.032,-0.006,0
699.6340,-0.00034,-0.01631,-0.00276,0.00000,0.00000,-0.032,-0.006,0
699.6860,-0.00068,-0.01607,-0.00289,0.00000,0.00000,-0.032,-0.006,0
699.7380,-0.00102,-0.01580,-0.00301,0.00000,0.00000,-0.032,-0.005,0
699.7900,-0.00136,-0.01549,-0.00311,0.00000,0.00000,-0.033,-0.005,0
699.8420,-0.00168,-0.01516,-0.00319,0.00000,0.00000,-0.033,-0.005,0
699.8940,-0.00199,-0.01479,-0.00325,0.00000,0.00000,-0.033,-0.005,0
699.9460,-0.00229,-0.01439,-0.00330,0.00000,0.00000,-0.034,-0.004,0
699.9980,-0.00258,-0.01396,-0.00333,0.00000,0.00000,-0.034,-0.004,0
700.0500,-0.00285,-0.01351,-0.00334,0.00000,0.00000,-0.034,-0.004,0
700.1020,-0.00309,-0.01304,-0.00333,0.00000,0.00000,-0.035,-0.004,0
700.1540,-0.00331,-0.01256,-0.00329,0.00000,0.00000,-0.035,-0.004,0
700.2060,-0.00350,-0.01206,-0.00324,0.00000,0.00000,-0.036,-0.003,0
700.2580,-0.00367,-0.01155,-0.00316,0.00000,0.00000,-0.036,-0.003,0
700.3100,-0.00380,-0.01103,-0.00306,0.00000,0.00000,-0.036,-0.003,0
700.3620,-0.00390,-0.01050,-0.00294,0.00000,0.00000,-0.036,-0.003,0
700.4140,-0.00396,-0.00998,-0.00280,0.00000,0.00000,-0.037,-0.003,0
700.4660,-0.00398,-0.00946,-0.00264,0.00000,0.00000,-0.037,-0.003,0
700.5180,-0.00396,-0.00894,-0.00246,0.00000,0.00000,-0.037,-0.003,0
700.5700,-0.00390,-0.00844,-0.00225,0.00000,0.00000,-0.037,-0.003,0
700.6220,-0.00377,-0.00797,-0.00203,0.00000,0.00000,-0.037,-0.003,0
700.6740,-0.00360,-0.00752,-0.00178,0.00000,0.00000,-0.037,-0.003,0
700.7260,-0.00338,-0.00708,-0.00152,0.00000,0.00000,-0.036,-0.003,0
700.7780,-0.00311,-0.00667,-0.00124,0.00000,0.00000,-0.036,-0.003,0
700.8300,-0.00278,-0.00628,-0.00094,0.00000,0.00000,-0.036,-0.003,0
700.8820,-0.00241,-0.00591,-0.00062,0.00000,0.00000,-0.035,-0.003,0
700.9340,-0.00198,-0.00557,-0.00029,0.00000,0.00000,-0.034,-0.003,0
700.9860,-0.00150,-0.00526,0.00005,0.00000,0.00000,-0.034,-0.003,0
701.0380,-0.00097,-0.00497,0.00041,0.00000,0.00000,-0.033,-0.003,0
701.0900,-0.00038,-0.00473,0.00077,0.00000,0.00000,-0.032,-0.003,0
701.1420,0.00027,-0.00453,0.00115,0.00000,0.00000,-0.031,-0.003,0
701.1940,0.00098,-0.00439,0.00154,0.00000,0.00000,-0.029,-0.003,0
701.2460,0.00175,-0.00429,0.00193,0.00000,0.00000,-0.028,-0.003,0
701.2980,0.00259,-0.00425,0.00233,0.00000,0.00000,-0.026,-0.003,0
701.3500,0.00348,-0.00426,0.00273,0.00000,0.00000,-0.025,-0.003,0
701.4020,0.00442,-0.00432,0.00313,0.00000,0.00000,-0.023,-0.003,0
701.4540,0.00542,-0.00442,0.00354,0.00000,0.00000,-0.021,-0.003,0
701.5060,0.00647,-0.00458,0.00394,0.00000,0.00000,-0.019,-0.002,0
701.5580,0.00757,-0.00478,0.00434,0.00000,0.00000,-0.017,-0.002,0
701.6100,0.00872,-0.00503,0.00474,0.00000,0.00000,-0.014,-0.002,0
701.6620,0.00991,-0.00533,0.00513,0.00000,0.00000,-0.012,-0.001,0
701.7140,0.01114,-0.00568,0.00551,0.00000,0.00000,-0.009,-0.000,0
701.7660,0.01242,-0.00608,0.00588,0.00000,0.00000,-0.006,0.001,0
701.8180,0.01373,-0.00653,0.00625,0.00000,0.00000,-0.003,0.002,0
701.8700,0.01508,-0.00702,0.00660,0.00000,0.00000,0.000,0.003,0
701.9220,0.01647,-0.00756,0.00694,0.00000,0.00000,0.004,0.004,0
701.9740,0.01789,-0.00815,0.00726,0.00000,0.00000,0.007,0.006,0
702.0260,0.01934,-0.00878,0.00756,0.00000,0.00000,0.011,0.008,0
702.0780,0.02082,-0.00946,0.00785,0.00000,0.00000,0.016,0.010,0
702.1300,0.02232,-0.01018,0.00813,0.00000,0.00000,0.020,0.012,0
702.1820,0.02385,-0.01093,0.00838,0.00000,0.00000,0.025,0.015,0
702.2340,0.02540,-0.01172,0.00861,0.00000,0.00000,0.030,0.018,0
702.2860,0.02697,-0.01254,0.00882,0.00000,0.00000,0.036,0.021,0
702.3380,0.02856,-0.01341,0.00901,0.00000,0.00000,0.042,0.024,0
702.3900,0.03017,-0.01430,0.00918,0.00000,0.00000,0.048,0.028,0
702.4420,0.03179,-0.01521,0.00932,0.00000,0.00000,0.055,0.032,0
702.4940,0.03343,-0.01615,0.00944,0.00000,0.00000,0.063,0.037,0
702.5460,0.03509,-0.01712,0.00954,0.00000,0.00000,0.071,0.041,0
702.5980,0.03676,-0.01811,0.00961,0.00000,0.00000,0.079,0.046,0
702.6500,0.03844,-0.01911,0.00966,0.00000,0.00000,0.088,0.051,0
702.7020,0.04012,-0.02012,0.00968,0.00000,0.00000,0.098,0.057,0
702.7540,0.04182,-0.02114,0.00968,0.00000,0.00000,0.108,0.063,0
702.8060,0.04352,-0.02217,0.00966,0.00000,0.00000,0.119,0.069,0
702.8580,0.04523,-0.02321,0.00961,0.00000,0.00000,0.130,0.075,0
702.9100,0.04695,-0.02425,0.00955,0.00000,0.00000,0.143,0.081,0
702.9620,0.04867,-0.02529,0.00945,0.00000,0.00000,0.155,0.088,0
703.0140,0.05039,-0.02632,0.00934,0.00000,0.00000,0.169,0.094,0
703.0660,0.05211,-0.02733,0.00920,0.00000,0.00000,0.183,0.101,0
703.1180,0.05382,-0.02833,0.00905,0.00000,0.00000,0.198,0.108,0
703.1700,0.05555,-0.02933,0.00887,0.00000,0.00000,0.213,0.115,0
703.2220,0.05727,-0.03032,0.00867,0.00000,0.00000,0.229,0.122,0
703.2740,0.05900,-0.03131,0.00846,0.00000,0.00000,0.246,0.129,0
703.3260,0.06073,-0.03229,0.00822,0.00000,0.00000,0.263,0.136,0
703.3780,0.06247,-0.03327,0.00797,0.00000,0.00000,0.282,0.143,0
703.4300,0.06420,-0.03424,0.00771,0.00000,0.00000,0.301,0.150,0
703.4820,0.06594,-0.03520,0.00743,0.00000,0.00000,0.321,0.157,0
703.5340,0.06768,-0.03615,0.00713,0.00000,0.00000,0.341,0.164,0
703.5860,0.06941,-0.03707,0.00682,0.00000,0.00000,0.362,0.171,0
703.6380,0.07113,-0.03796,0.00650,0.00000,0.00000,0.384,0.177,0
703.6900,0.07284,-0.03883,0.00617,0.00000,0.00000,0.406,0.184,0
703.7420,0.07454,-0.03968,0.00583,0.00000,0.00000,0.429,0.190,0
703.7940,0.07623,-0.04051,0.00548,0.00000,0.00000,0.452,0.196,0
703.8460,0.07792,-0.04132,0.00512,0.00000,0.00000,0.475,0.201,0
703.8980,0.07959,-0.04212,0.00476,0.00000,0.00000,0.499,0.207,0
703.9500,0.08126,-0.04289,0.00439,0.00000,0.00000,0.524,0.212,0
704.0020,0.08290,-0.04364,0.00401,0.00000,0.00000,0.548,0.217,0
704.0540,0.08453,-0.04437,0.00364,0.00000,0.00000,0.573,0.221,0
704.1060,0.08613,-0.04506,0.00325,0.00000,0.00000,0.599,0.226,0
704.1580,0.08772,-0.04574,0.00287,0.00000,0.00000,0.624,0.229,0
704.2100,0.08928,-0.04640,0.00248,0.00000,0.00000,0.650,0.233,0
704.2620,0.09082,-0.04703,0.00210,0.00000,0.00000,0.675,0.236,0
704.3140,0.09233,-0.04764,0.00171,0.00000,0.00000,0.701,0.239,0
704.3660,0.09381,-0.04823,0.00132,0.00000,0.00000,0.727,0.241,0
704.4180,0.09525,-0.04879,0.00094,0.00000,0.00000,0.753,0.243,0
704.4700,0.09668,-0.04932,0.00055,0.00000,0.00000,0.778,0.245,0
704.5220,0.09810,-0.04986,0.00017,0.00000,0.00000,0.804,0.246,0
704.5740,0.09951,-0.05038,-0.00021,0.00000,0.00000,0.829,0.247,0
704.6260,0.10092,-0.05087,-0.00059,0.00000,0.00000,0.855,0.247,0
704.6780,0.10232,-0.05133,-0.00096,0.00000,0.00000,0.880,0.247,0
704.7300,0.10373,-0.05177,-0.00133,0.00000,0.00000,0.904,0.246,0
704.7820,0.10514,-0.05219,-0.00170,0.00000,0.00000,0.927,0.245,0
704.8340,0.10656,-0.05259,-0.00207,0.00000,0.00000,0.950,0.244,0
704.8860,0.10797,-0.05297,-0.00243,0.00000,0.00000,0.973,0.242,0
704.9380,0.10938,-0.05332,-0.00279,0.00000,0.00000,0.995,0.240,0
704.9900,0.11078,-0.05364,-0.00314,0.00000,0.00000,1.016,0.237,0
705.0420,0.11217,-0.05395,-0.00349,0.00000,0.00000,1.036,0.234,0
705.0940,0.11353,-0.05424,-0.00384,0.00000,0.00000,1.056,0.231,0
705.1460,0.11488,-0.05450,-0.00419,0.00000,0.00000,1.075,0.227,0
705.1980,0.11620,-0.05476,-0.00453,0.00000,0.00000,1.093,0.222,0
705.2500,0.11747,-0.05498,-0.00487,0.00000,0.00000,1.111,0.218,0
705.3020,0.11869,-0.05518,-0.00521,0.00000,0.00000,1.129,0.213,0
705.3540,0.11984,-0.05535,-0.00554,0.00000,0.00000,1.145,0.208,0
705.4060,0.12092,-0.05550,-0.00588,0.00000,0.00000,1.161,0.202,0
705.4580,0.12191,-0.05563,-0.00621,0.00000,0.00000,1.175,0.196,0
705.5100,0.12281,-0.05574,-0.00654,0.00000,0.00000,1.189,0.190,0
705.5620,0.12359,-0.05582,-0.00687,0.00000,0.00000,1.202,0.183,0
705.6140,0.12425,-0.05588,-0.00720,0.00000,0.00000,1.214,0.176,0
705.6660,0.12477,-0.05592,-0.00752,0.00000,0.00000,1.225,0.169,0
705.7180,0.12514,-0.05595,-0.00785,0.00000,0.00000,1.236,0.161,0
705.7700,0.12533,-0.05594,-0.00817,0.00000,0.00000,1.246,0.153,0
705.8220,0.12533,-0.05590,-0.00850,0.00000,0.00000,1.254,0.145,0
705.8740,0.12513,-0.05582,-0.00882,0.00000,0.00000,1.262,0.137,0
705.9260,0.12468,-0.05570,-0.00915,0.00000,0.00000,1.269,0.128,0
705.9780,0.12400,-0.05555,-0.00947,0.00000,0.00000,1.275,0.119,0
706.0300,0.12306,-0.05539,-0.00979,0.00000,0.00000,1.280,0.109,0
706.0820,0.12186,-0.05520,-0.01011,0.00000,0.00000,1.285,0.100,0
706.1340,0.12041,-0.05497,-0.01043,0.00000,0.00000,1.290,0.090,0
706.1860,0.11874,-0.05470,-0.01075,0.00000,0.00000,1.293,0.080,0
706.2380,0.11687,-0.05439,-0.01106,0.00000,0.00000,1.296,0.070,0
706.2900,0.11482,-0.05405,-0.01138,0.00000,0.00000,1.296,0.059,0
706.3420,0.11261,-0.05367,-0.01169,0.00000,0.00000,1.296,0.049,0
706.3940,0.11025,-0.05326,-0.01200,0.00000,0.00000,1.294,0.038,0
706.4460,0.10774,-0.05279,-0.01230,0.00000,0.00000,1.290,0.027,0
706.4980,0.10508,-0.05227,-0.01260,0.00000,0.00000,1.284,0.017,0
706.5500,0.10230,-0.05171,-0.01290,0.00000,0.00000,1.276,0.006,0
706.6020,0.09939,-0.05111,-0.01319,0.00000,0.00000,1.266,-0.005,0
706.6540,0.09636,-0.05045,-0.01348,0.00000,0.00000,1.255,-0.016,0
706.7060,0.09321,-0.04974,-0.01375,0.00000,0.00000,1.242,-0.027,0
706.7580,0.08995,-0.04898,-0.01402,0.00000,0.00000,1.227,-0.038,0
706.8100,0.08658,-0.04816,-0.01429,0.00000,0.00000,1.210,-0.049,0
706.8620,0.08310,-0.04729,-0.01454,0.00000,0.00000,1.192,-0.059,0
706.9140,0.07953,-0.04638,-0.01478,0.00000,0.00000,1.171,-0.070,0
706.9660,0.07586,-0.04541,-0.01501,0.00000,0.00000,1.150,-0.079,0
707.0180,0.07210,-0.04440,-0.01523,0.00000,0.00000,1.127,-0.089,0
707.0700,0.06826,-0.04335,-0.01543,0.00000,0.00000,1.103,-0.098,0
707.1220,0.06434,-0.04224,-0.01562,0.00000,0.00000,1.077,-0.107,0
707.1740,0.06034,-0.04109,-0.01580,0.00000,0.00000,1.050,-0.115,0
707.2260,0.05627,-0.03989,-0.01595,0.00000,0.00000,1.022,-0.123,0
707.2780,0.05214,-0.03865,-0.01609,0.00000,0.00000,0.992,-0.130,0
707.3300,0.04797,-0.03737,-0.01621,0.00000,0.00000,0.962,-0.137,0
707.3820,0.04375,-0.03607,-0.01631,0.00000,0.00000,0.931,-0.143,0
707.4340,0.03949,-0.03472,-0.01639,0.00000,0.00000,0.899,-0.148,0
707.4860,0.03519,-0.03333,-0.01645,0.00000,0.00000,0.866,-0.153,0
707.5380,0.03088,-0.03191,-0.01648,0.00000,0.00000,0.833,-0.156,0
707.5900,0.02655,-0.03046,-0.01649,0.00000,0.00000,0.798,-0.160,0
707.6420,0.02222,-0.02899,-0.01647,0.00000,0.00000,0.764,-0.162,0
707.6940,0.01791,-0.02750,-0.01643,0.00000,0.00000,0.729,-0.164,0
707.7460,0.01361,-0.02599,-0.01636,0.00000,0.00000,0.694,-0.164,0
707.7980,0.00934,-0.02446,-0.01627,0.00000,0.00000,0.658,-0.164,0
707.8500,0.00511,-0.02290,-0.01614,0.00000,0.00000,0.622,-0.164,0
707.9020,0.00093,-0.02134,-0.01599,0.00000,0.00000,0.586,-0.162,0
707.9540,-0.00318,-0.01977,-0.01581,0.00000,0.00000,0.550,-0.160,0
708.0060,-0.00723,-0.01819,-0.01560,0.00000,0.00000,0.515,-0.157,0
708.0580,-0.01118,-0.01661,-0.01536,0.00000,0.00000,0.479,-0.153,0
708.1100,-0.01503,-0.01504,-0.01509,0.00000,0.00000,0.444,-0.148,0
708.1620,-0.01878,-0.01347,-0.01479,0.00000,0.00000,0.410,-0.143,0
708.2140,-0.02241,-0.01191,-0.01446,0.00000,0.00000,0.376,-0.137,0
708.2660,-0.02590,-0.01037,-0.01410,0.00000,0.00000,0.342,-0.131,0
708.3180,-0.02925,-0.00886,-0.01371,0.00000,0.00000,0.310,-0.124,0
708.3700,-0.03244,-0.00737,-0.01330,0.00000,0.00000,0.278,-0.117,0
708.4220,-0.03546,-0.00590,-0.01285,0.00000,0.00000,0.247,-0.109,0
708.4740,-0.03831,-0.00447,-0.01238,0.00000,0.00000,0.217,-0.100,0
708.5260,-0.04097,-0.00309,-0.01188,0.00000,0.00000,0.188,-0.092,0
708.5780,-0.04343,-0.00175,-0.01136,0.00000,0.00000,0.161,-0.083,0
708.6300,-0.04569,-0.00047,-0.01081,0.00000,0.00000,0.134,-0.073,0
708.6820,-0.04775,0.00079,-0.01024,0.00000,0.00000,0.109,-0.064,0
708.7340,-0.04960,0.00199,-0.00965,0.00000,0.00000,0.085,-0.055,0
708.7860,-0.05125,0.00313,-0.00903,0.00000,0.00000,0.063,-0.045,0
708.8380,-0.05268,0.00422,-0.00840,0.00000,0.00000,0.042,-0.036,0
708.8900,-0.05392,0.00525,-0.00775,0.00000,0.00000,0.022,-0.026,0
708.9420,-0.05496,0.00621,-0.00708,0.00000,0.00000,0.004,-0.017,0
708.9940,-0.05581,0.00711,-0.00640,0.00000,0.00000,-0.013,-0.009,0
709.0460,-0.05649,0.00794,-0.00571,0.00000,0.00000,-0.028,-0.000,0
709.0980,-0.05701,0.00872,-0.00501,0.00000,0.00000,-0.042,0.008,0
709.1500,-0.05737,0.00943,-0.00430,0.00000,0.00000,-0.054,0.015,0
709.2020,-0.05758,0.01008,-0.00358,0.00000,0.00000,-0.065,0.022,0
709.2540,-0.05766,0.01067,-0.00286,0.00000,0.00000,-0.074,0.028,0
709.3060,-0.05762,0.01120,-0.00213,0.00000,0.00000,-0.082,0.034,0
709.3580,-0.05746,0.01167,-0.00141,0.00000,0.00000,-0.089,0.039,0
709.4100,-0.05718,0.01207,-0.00069,0.00000,0.00000,-0.094,0.044,0
709.4620,-0.05679,0.01239,0.00003,0.00000,0.00000,-0.098,0.048,0
709.5140,-0.05630,0.01263,0.00074,0.00000,0.00000,-0.102,0.051,0
709.5660,-0.05570,0.01279,0.00144,0.00000,0.00000,-0.104,0.053,0
709.6180,-0.05502,0.01289,0.00213,0.00000,0.00000,-0.105,0.055,0
709.6700,-0.05425,0.01291,0.00281,0.00000,0.00000,-0.106,0.056,0
709.7220,-0.05341,0.01289,0.00347,0.00000,0.00000,-0.106,0.056,0
709.7740,-0.05250,0.01280,0.00412,0.00000,0.00000,-0.105,0.056,0
709.8260,-0.05152,0.01265,0.00474,0.00000,0.00000,-0.104,0.055,0
709.8780,-0.05046,0.01243,0.00535,0.00000,0.00000,-0.103,0.054,0
709.9300,-0.04935,0.01215,0.00593,0.00000,0.00000,-0.101,0.052,0
709.9820,-0.04817,0.01182,0.00649,0.00000,0.00000,-0.099,0.049,0
710.0340,-0.04694,0.01144,0.00702,0.00000,0.00000,-0.097,0.046,0
710.0860,-0.04566,0.01101,0.00753,0.00000,0.00000,-0.094,0.043,0
710.1380,-0.04434,0.01055,0.00800,0.00000,0.00000,-0.092,0.039,0
710.1900,-0.04296,0.01004,0.00845,0.00000,0.00000,-0.089,0.035,0
710.2420,-0.04155,0.00950,0.00886,0.00000,0.00000,-0.086,0.031,0
710.2940,-0.04009,0.00890,0.00924,0.00000,0.00000,-0.084,0.026,0
710.3460,-0.03860,0.00829,0.00959,0.00000,0.00000,-0.081,0.021,0
710.3980,-0.03708,0.00765,0.00991,0.00000,0.00000,-0.079,0.016,0
710.4500,-0.03553,0.00698,0.01019,0.00000,0.00000,-0.077,0.011,0
710.5020,-0.03396,0.00630,0.01043,0.00000,0.00000,-0.074,0.006,0
710.5540,-0.03236,0.00560,0.01065,0.00000,0.00000,-0.072,0.001,0
710.6060,-0.03074,0.00487,0.01082,0.00000,0.00000,-0.071,-0.004,0
710.6580,-0.02911,0.00413,0.01097,0.00000,0.00000,-0.069,-0.009,0
710.7100,-0.02747,0.00338,0.01108,0.00000,0.00000,-0.068,-0.014,0
710.7620,-0.02581,0.00262,0.01116,0.00000,0.00000,-0.066,-0.019,0
710.8140,-0.02416,0.00186,0.01120,0.00000,0.00000,-0.065,-0.024,0
710.8660,-0.02250,0.00110,0.01122,0.00000,0.00000,-0.064,-0.028,0
710.9180,-0.02085,0.00034,0.01120,0.00000,0.00000,-0.063,-0.032,0
710.9700,-0.01921,-0.00042,0.01116,0.00000,0.00000,-0.063,-0.036,0
711.0220,-0.01758,-0.00117,0.01109,0.00000,0.00000,-0.062,-0.040,0
711.0740,-0.01596,-0.00192,0.01099,0.00000,0.00000,-0.062,-0.044,0
711.1260,-0.01436,-0.00266,0.01086,0.00000,0.00000,-0.061,-0.047,0
711.1780,-0.01278,-0.00340,0.01071,0.00000,0.00000,-0.061,-0.050,0
711.2300,-0.01122,-0.00413,0.01054,0.00000,0.00000,-0.061,-0.052,0
711.2820,-0.00969,-0.00486,0.01035,0.00000,0.00000,-0.061,-0.055,0
711.3340,-0.00819,-0.00558,0.01014,0.00000,0.00000,-0.061,-0.056,0
711.3860,-0.00671,-0.00629,0.00991,0.00000,0.00000,-0.061,-0.058,0
711.4380,-0.00527,-0.00699,0.00967,0.00000,0.00000,-0.061,-0.059,0
711.4900,-0.00387,-0.00768,0.00941,0.00000,0.00000,-0.061,-0.060,0
711.5420,-0.00251,-0.00835,0.00914,0.00000,0.00000,-0.061,-0.061,0
711.5940,-0.00120,-0.00902,0.00885,0.00000,0.00000,-0.061,-0.061,0
711.6460,0.00008,-0.00967,0.00856,0.00000,0.00000,-0.061,-0.062,0
711.6980,0.00131,-0.01032,0.00826,0.00000,0.00000,-0.061,-0.061,0
711.7500,0.00249,-0.01095,0.00796,0.00000,0.00000,-0.061,-0.061,0
711.8020,0.00362,-0.01157,0.00765,0.00000,0.00000,-0.060,-0.061,0
711.8540,0.00471,-0.01219,0.00734,0.00000,0.00000,-0.060,-0.060,0
711.9060,0.00574,-0.01279,0.00702,0.00000,0.00000,-0.060,-0.059,0
711.9580,0.00673,-0.01339,0.00671,0.00000,0.00000,-0.059,-0.057,0
712.0100,0.00766,-0.01398,0.00640,0.00000,0.00000,-0.058,-0.056,0
712.0620,0.00855,-0.01456,0.00609,0.00000,0.00000,-0.058,-0.055,0
712.1140,0.00939,-0.01514,0.00579,0.00000,0.00000,-0.057,-0.053,0
712.1660,0.01019,-0.01572,0.00550,0.00000,0.00000,-0.055,-0.051,0
712.2180,0.01094,-0.01631,0.00521,0.00000,0.00000,-0.054,-0.049,0
712.2700,0.01164,-0.01690,0.00492,0.00000,0.00000,-0.053,-0.047,0
712.3220,0.01229,-0.01746,0.00465,0.00000,0.00000,-0.051,-0.045,0
712.3740,0.01290,-0.01803,0.00439,0.00000,0.00000,-0.050,-0.043,0
712.4260,0.01346,-0.01859,0.00413,0.00000,0.00000,-0.048,-0.041,0
712.4780,0.01398,-0.01916,0.00389,0.00000,0.00000,-0.046,-0.038,0
712.5300,0.01446,-0.01972,0.00366,0.00000,0.00000,-0.044,-0.036,0
712.5820,0.01491,-0.02029,0.00344,0.00000,0.00000,-0.042,-0.034,0
712.6340,0.01532,-0.02088,0.00324,0.00000,0.00000,-0.039,-0.032,0
712.6860,0.01571,-0.02146,0.00305,0.00000,0.00000,-0.037,-0.029,0
712.7380,0.01606,-0.02206,0.00287,0.00000,0.00000,-0.034,-0.027,0
712.7900,0.01639,-0.02267,0.00270,0.00000,0.00000,-0.031,-0.025,0
712.8420,0.01670,-0.02329,0.00254,0.00000,0.00000,-0.028,-0.022,0
712.8940,0.01698,-0.02392,0.00240,0.00000,0.00000,-0.025,-0.020,0
712.9460,0.01724,-0.02456,0.00227,0.00000,0.00000,-0.021,-0.018,0
712.9980,0.01747,-0.02519,0.00215,0.00000,0.00000,-0.018,-0.016,0
713.0500,0.01769,-0.02583,0.00205,0.00000,0.00000,-0.014,-0.013,0
713.1020,0.01789,-0.02648,0.00195,0.00000,0.00000,-0.010,-0.011,0
713.1540,0.01808,-0.02714,0.00187,0.00000,0.00000,-0.006,-0.009,0
713.2060,0.01826,-0.02780,0.00179,0.00000,0.00000,-0.002,-0.007,0
713.2580,0.01843,-0.02847,0.00172,0.00000,0.00000,0.003,-0.005,0
713.3100,0.01860,-0.02914,0.00166,0.00000,0.00000,0.007,-0.003,0
713.3620,0.01876,-0.02981,0.00161,0.00000,0.00000,0.012,-0.001,0
713.4140,0.01892,-0.03049,0.00157,0.00000,0.00000,0.017,0.001,0
713.4660,0.01908,-0.03118,0.00153,0.00000,0.00000,0.022,0.003,0
713.5180,0.01925,-0.03188,0.00150,0.00000,0.00000,0.027,0.005,0
713.5700,0.01943,-0.03259,0.00147,0.00000,0.00000,0.033,0.007,0
713.6220,0.01962,-0.03330,0.00144,0.00000,0.00000,0.039,0.009,0
713.6740,0.01981,-0.03401,0.00141,0.00000,0.00000,0.044,0.011,0
713.7260,0.02001,-0.03471,0.00139,0.00000,0.00000,0.051,0.012,0
713.7780,0.02022,-0.03541,0.00137,0.00000,0.00000,0.057,0.014,0
713.8300,0.02043,-0.03611,0.00134,0.00000,0.00000,0.063,0.016,0
713.8820,0.02066,-0.03681,0.00132,0.00000,0.00000,0.070,0.018,0
713.9340,0.02091,-0.03750,0.00129,0.00000,0.00000,0.077,0.019,0
713.9860,0.02116,-0.03818,0.00126,0.00000,0.00000,0.084,0.021,0
714.0380,0.02142,-0.03885,0.00122,0.00000,0.00000,0.091,0.023,0
714.0900,0.02169,-0.03951,0.00118,0.00000,0.00000,0.099,0.024,0
714.1420,0.02198,-0.04016,0.00114,0.00000,0.00000,0.107,0.026,0
714.1940,0.02227,-0.04079,0.00109,0.00000,0.00000,0.115,0.028,0
714.2460,0.02258,-0.04139,0.00104,0.00000,0.00000,0.123,0.029,0
714.2980,0.02288,-0.04197,0.00097,0.00000,0.00000,0.131,0.031,0
714.3500,0.02320,-0.04254,0.00091,0.00000,0.00000,0.139,0.032,0
714.4020,0.02353,-0.04307,0.00083,0.00000,0.00000,0.148,0.034,0
714.4540,0.02386,-0.04358,0.00075,0.00000,0.00000,0.156,0.035,0
714.5060,0.02419,-0.04406,0.00066,0.00000,0.00000,0.165,0.037,0
714.5580,0.02453,-0.04450,0.00057,0.00000,0.00000,0.174,0.038,0
714.6100,0.02488,-0.04492,0.00046,0.00000,0.00000,0.183,0.039,0
714.6620,0.02524,-0.04531,0.00035,0.00000,0.00000,0.192,0.041,0
714.7140,0.02560,-0.04568,0.00024,0.00000,0.00000,0.202,0.042,0
714.7660,0.02597,-0.04601,0.00012,0.00000,0.00000,0.211,0.043,0
714.8180,0.02634,-0.04632,-0.00001,0.00000,0.00000,0.221,0.044,0
714.8700,0.02672,-0.04658,-0.00015,0.00000,0.00000,0.231,0.046,0
714.9220,0.02710,-0.04682,-0.00028,0.00000,0.00000,0.241,0.047,0
714.9740,0.02748,-0.04701,-0.00043,0.00000,0.00000,0.250,0.048,0
715.0260,0.02786,-0.04715,-0.00057,0.00000,0.00000,0.260,0.048,0
715.0780,0.02824,-0.04726,-0.00072,0.00000,0.00000,0.270,0.049,0
715.1300,0.02862,-0.04732,-0.00088,0.00000,0.00000,0.280,0.050,0
715.1820,0.02900,-0.04735,-0.00103,0.00000,0.00000,0.289,0.051,0
715.2340,0.02939,-0.04734,-0.00118,0.00000,0.00000,0.299,0.051,0
715.2860,0.02977,-0.04728,-0.00134,0.00000,0.00000,0.309,0.052,0
715.3380,0.03015,-0.04717,-0.00149,0.00000,0.00000,0.319,0.052,0
715.3900,0.03053,-0.04701,-0.00164,0.00000,0.00000,0.328,0.053,0
715.4420,0.03089,-0.04679,-0.00179,0.00000,0.00000,0.337,0.053,0
715.4940,0.03126,-0.04653,-0.00194,0.00000,0.00000,0.346,0.053,0
715.5460,0.03164,-0.04623,-0.00208,0.00000,0.00000,0.355,0.054,0
715.5980,0.03201,-0.04590,-0.00221,0.00000,0.00000,0.363,0.054,0
715.6500,0.03239,-0.04552,-0.00234,0.00000,0.00000,0.372,0.054,0
715.7020,0.03277,-0.04510,-0.00246,0.00000,0.00000,0.380,0.054,0
715.7540,0.03315,-0.04463,-0.00258,0.00000,0.00000,0.388,0.054,0
715.8060,0.03353,-0.04413,-0.00269,0.00000,0.00000,0.396,0.054,0
715.8580,0.03391,-0.04358,-0.00279,0.00000,0.00000,0.403,0.053,0
715.9100,0.03429,-0.04299,-0.00287,0.00000,0.00000,0.410,0.053,0
715.9620,0.03468,-0.04237,-0.00295,0.00000,0.00000,0.417,0.053,0
716.0140,0.03508,-0.04171,-0.00302,0.00000,0.00000,0.423,0.052,0
716.0660,0.03548,-0.04103,-0.00308,0.00000,0.00000,0.430,0.052,0
716.1180,0.03589,-0.04032,-0.00312,0.00000,0.00000,0.436,0.052,0
716.1700,0.03631,-0.03959,-0.00316,0.00000,0.00000,0.441,0.051,0
716.2220,0.03674,-0.03883,-0.00318,0.00000,0.00000,0.447,0.051,0
716.2740,0.03718,-0.03805,-0.00319,0.00000,0.00000,0.452,0.051,0
716.3260,0.03763,-0.03725,-0.00319,0.00000,0.00000,0.457,0.050,0
716.3780,0.03808,-0.03642,-0.00317,0.00000,0.00000,0.462,0.050,0
716.4300,0.03854,-0.03556,-0.00315,0.00000,0.00000,0.466,0.050,0
716.4820,0.03901,-0.03469,-0.00311,0.00000,0.00000,0.469,0.049,0
716.5340,0.03949,-0.03381,-0.00307,0.00000,0.00000,0.473,0.049,0
716.5860,0.03998,-0.03293,-0.00301,0.00000,0.00000,0.476,0.049,0
716.6380,0.04049,-0.03204,-0.00294,0.00000,0.00000,0.479,0.049,0
716.6900,0.04101,-0.03115,-0.00286,0.00000,0.00000,0.481,0.049,0
716.7420,0.04154,-0.03026,-0.00277,0.00000,0.00000,0.484,0.049,0
716.7940,0.04208,-0.02937,-0.00268,0.00000,0.00000,0.486,0.049,0
716.8460,0.04263,-0.02848,-0.00258,0.00000,0.00000,0.488,0.049,0
716.8980,0.04319,-0.02760,-0.00247,0.00000,0.00000,0.490,0.049,0
716.9500,0.04378,-0.02675,-0.00235,0.00000,0.00000,0.491,0.049,0
717.0020,0.04438,-0.02592,-0.00223,0.00000,0.00000,0.492,0.049,0
717.0540,0.04499,-0.02511,-0.00211,0.00000,0.00000,0.494,0.050,0
717.1060,0.04562,-0.02432,-0.00198,0.00000,0.00000,0.495,0.050,0
717.1580,0.04625,-0.02356,-0.00185,0.00000,0.00000,0.496,0.051,0
717.2100,0.04689,-0.02281,-0.00172,0.00000,0.00000,0.497,0.051,0
717.2620,0.04753,-0.02208,-0.00160,0.00000,0.00000,0.498,0.052,0
717.3140,0.04818,-0.02136,-0.00147,0.00000,0.00000,0.498,0.053,0
717.3660,0.04882,-0.02068,-0.00135,0.00000,0.00000,0.498,0.053,0
717.4180,0.04948,-0.02003,-0.00123,0.00000,0.00000,0.499,0.054,0
717.4700,0.05012,-0.01941,-0.00111,0.00000,0.00000,0.499,0.055,0
717.5220,0.05076,-0.01880,-0.00101,0.00000,0.00000,0.498,0.056,0
717.5740,0.05140,-0.01822,-0.00091,0.00000,0.00000,0.498,0.057,0
717.6260,0.05203,-0.01769,-0.00082,0.00000,0.00000,0.498,0.058,0
717.6780,0.05265,-0.01717,-0.00074,0.00000,0.00000,0.497,0.059,0
717.7300,0.05325,-0.01670,-0.00067,0.00000,0.00000,0.496,0.060,0
717.7820,0.05385,-0.01627,-0.00061,0.00000,0.00000,0.496,0.061,0
717.8340,0.05444,-0.01589,-0.00056,0.00000,0.00000,0.495,0.063,0
717.8860,0.05501,-0.01553,-0.00053,0.00000,0.00000,0.495,0.064,0
717.9380,0.05556,-0.01521,-0.00051,0.00000,0.00000,0.494,0.065,0
717.9900,0.05607,-0.01491,-0.00050,0.00000,0.00000,0.493,0.066,0
718.0420,0.05656,-0.01465,-0.00051,0.00000,0.00000,0.493,0.067,0
718.0940,0.05702,-0.01441,-0.00054,0.00000,0.00000,0.492,0.067,0
718.1460,0.05744,-0.01420,-0.00058,0.00000,0.00000,0.491,0.068,0
718.1980,0.05781,-0.01401,-0.00064,0.00000,0.00000,0.490,0.069,0
718.2500,0.05815,-0.01384,-0.00072,0.00000,0.00000,0.489,0.069,0
718.3020,0.05843,-0.01369,-0.00081,0.00000,0.00000,0.487,0.070,0
718.3540,0.05867,-0.01356,-0.00091,0.00000,0.00000,0.486,0.070,0
718.4060,0.05886,-0.01346,-0.00104,0.00000,0.00000,0.484,0.070,0
718.4580,0.05899,-0.01339,-0.00118,0.00000,0.00000,0.482,0.070,0
718.5100,0.05908,-0.01334,-0.00133,0.00000,0.00000,0.481,0.070,0
718.5620,0.05910,-0.01332,-0.00151,0.00000,0.00000,0.479,0.069,0
718.6140,0.05908,-0.01333,-0.00169,0.00000,0.00000,0.478,0.069,0
718.6660,0.05900,-0.01336,-0.00189,0.00000,0.00000,0.476,0.068,0
718.7180,0.05885,-0.01341,-0.00211,0.00000,0.00000,0.474,0.067,0
718.7700,0.05864,-0.01347,-0.00233,0.00000,0.00000,0.473,0.066,0
718.8220,0.05835,-0.01355,-0.00257,0.00000,0.00000,0.471,0.064,0
718.8740,0.05800,-0.01364,-0.00282,0.00000,0.00000,0.469,0.062,0
718.9260,0.05758,-0.01374,-0.00308,0.00000,0.00000,0.467,0.060,0
718.9780,0.05709,-0.01386,-0.00335,0.00000,0.00000,0.465,0.058,0
719.0300,0.05653,-0.01399,-0.00363,0.00000,0.00000,0.463,0.056,0
719.0820,0.05589,-0.01412,-0.00391,0.00000,0.00000,0.461,0.053,0
719.1340,0.05518,-0.01426,-0.00420,0.00000,0.00000,0.459,0.050,0
719.1860,0.05438,-0.01438,-0.00450,0.00000,0.00000,0.457,0.047,0
719.2380,0.05350,-0.01450,-0.00479,0.00000,0.00000,0.454,0.044,0
719.2900,0.05255,-0.01463,-0.00509,0.00000,0.00000,0.451,0.041,0
719.3420,0.05151,-0.01474,-0.00539,0.00000,0.00000,0.448,0.037,0
719.3940,0.05041,-0.01486,-0.00568,0.00000,0.00000,0.444,0.033,0
719.4460,0.04923,-0.01499,-0.00598,0.00000,0.00000,0.441,0.029,0
719.4980,0.04798,-0.01512,-0.00627,0.00000,0.00000,0.437,0.025,0
719.5500,0.04666,-0.01523,-0.00655,0.00000,0.00000,0.433,0.021,0
719.6020,0.04526,-0.01533,-0.00683,0.00000,0.00000,0.429,0.017,0
719.6540,0.04380,-0.01542,-0.00710,0.00000,0.00000,0.425,0.013,0
719.7060,0.04225,-0.01549,-0.00736,0.00000,0.00000,0.420,0.009,0
719.7580,0.04064,-0.01554,-0.00761,0.00000,0.00000,0.415,0.004,0
719.8100,0.03897,-0.01559,-0.00785,0.00000,0.00000,0.410,-0.000,0
719.8620,0.03724,-0.01563,-0.00808,0.00000,0.00000,0.404,-0.004,0
719.9140,0.03545,-0.01564,-0.00829,0.00000,0.00000,0.398,-0.008,0
719.9660,0.03361,-0.01563,-0.00849,0.00000,0.00000,0.392,-0.013,0
720.0180,0.03171,-0.01561,-0.00867,0.00000,0.00000,0.385,-0.017,0
720.0700,0.02977,-0.01558,-0.00884,0.00000,0.00000,0.378,-0.021,0
720.1220,0.02779,-0.01552,-0.00899,0.00000,0.00000,0.371,-0.024,0
720.1740,0.02576,-0.01545,-0.00912,0.00000,0.00000,0.363,-0.028,0
720.2260,0.02371,-0.01536,-0.00924,0.00000,0.00000,0.355,-0.031,0
720.2780,0.02163,-0.01526,-0.00934,0.00000,0.00000,0.347,-0.035,0
720.3300,0.01953,-0.01515,-0.00942,0.00000,0.00000,0.339,-0.038,0
720.3820,0.01742,-0.01503,-0.00948,0.00000,0.00000,0.330,-0.040,0
720.4340,0.01529,-0.01488,-0.00952,0.00000,0.00000,0.321,-0.043,0
720.4860,0.01315,-0.01472,-0.00954,0.00000,0.00000,0.312,-0.045,0
720.5380,0.01101,-0.01453,-0.00954,0.00000,0.00000,0.303,-0.047,0
720.5900,0.00886,-0.01432,-0.00953,0.00000,0.00000,0.293,-0.049,0
720.6420,0.00673,-0.01409,-0.00950,0.00000,0.00000,0.283,-0.050,0
720.6940,0.00461,-0.01386,-0.00945,0.00000,0.00000,0.273,-0.051,0
720.7460,0.00250,-0.01360,-0.00938,0.00000,0.00000,0.262,-0.052,0
720.7980,0.00042,-0.01332,-0.00929,0.00000,0.00000,0.252,-0.053,0
720.8500,-0.00163,-0.01304,-0.00919,0.00000,0.00000,0.241,-0.053,0
720.9020,-0.00364,-0.01274,-0.00907,0.00000,0.00000,0.231,-0.053,0
720.9540,-0.00562,-0.01242,-0.00893,0.00000,0.00000,0.220,-0.053,0
721.0060,-0.00756,-0.01208,-0.00878,0.00000,0.00000,0.209,-0.052,0
721.0580,-0.00945,-0.01174,-0.00861,0.00000,0.00000,0.198,-0.052,0
721.1100,-0.01129,-0.01138,-0.00844,0.00000,0.00000,0.187,-0.051,0
721.1620,-0.01307,-0.01099,-0.00824,0.00000,0.00000,0.176,-0.049,0
721.2140,-0.01480,-0.01060,-0.00804,0.00000,0.00000,0.165,-0.048,0
721.2660,-0.01646,-0.01020,-0.00783,0.00000,0.00000,0.154,-0.046,0
721.3180,-0.01806,-0.00978,-0.00760,0.00000,0.00000,0.143,-0.045,0
721.3700,-0.01959,-0.00935,-0.00737,0.00000,0.00000,0.132,-0.043,0
721.4220,-0.02105,-0.00892,-0.00712,0.00000,0.00000,0.121,-0.040,0
721.4740,-0.02243,-0.00849,-0.00687,0.00000,0.00000,0.110,-0.038,0
721.5260,-0.02372,-0.00806,-0.00662,0.00000,0.00000,0.100,-0.036,0
721.5780,-0.02492,-0.00765,-0.00635,0.00000,0.00000,0.090,-0.033,0
721.6300,-0.02605,-0.00723,-0.00609,0.00000,0.00000,0.080,-0.031,0
721.6820,-0.02709,-0.00682,-0.00581,0.00000,0.00000,0.070,-0.028,0
721.7340,-0.02805,-0.00639,-0.00554,0.00000,0.00000,0.061,-0.025,0
721.7860,-0.02892,-0.00598,-0.00526,0.00000,0.00000,0.052,-0.023,0
721.8380,-0.02971,-0.00556,-0.00498,0.00000,0.00000,0.043,-0.020,0
721.8900,-0.03043,-0.00513,-0.00469,0.00000,0.00000,0.034,-0.017,0
721.9420,-0.03107,-0.00470,-0.00441,0.00000,0.00000,0.026,-0.014,0
721.9940,-0.03162,-0.00427,-0.00412,0.00000,0.00000,0.017,-0.012,0
722.0460,-0.03210,-0.00385,-0.00384,0.00000,0.00000,0.010,-0.009,0
722.0980,-0.03251,-0.00343,-0.00355,0.00000,0.00000,0.002,-0.007,0
722.1500,-0.03286,-0.00302,-0.00327,0.00000,0.00000,-0.005,-0.004,0
722.2020,-0.03313,-0.00262,-0.00298,0.00000,0.00000,-0.011,-0.002,0
722.2540,-0.03334,-0.00224,-0.00270,0.00000,0.00000,-0.018,0.000,0
722.3060,-0.03349,-0.00188,-0.00242,0.00000,0.00000,-0.024,0.002,0
722.3580,-0.03358,-0.00155,-0.00214,0.00000,0.00000,-0.029,0.004,0
722.4100,-0.03362,-0.00124,-0.00186,0.00000,0.00000,-0.034,0.006,0
722.4620,-0.03361,-0.00094,-0.00158,0.00000,0.00000,-0.039,0.008,0
722.5140,-0.03356,-0.00066,-0.00131,0.00000,0.00000,-0.043,0.009,0
722.5660,-0.03347,-0.00039,-0.00103,0.00000,0.00000,-0.047,0.010,0
722.6180,-0.03334,-0.00016,-0.00075,0.00000,0.00000,-0.051,0.012,0
722.6700,-0.03316,0.00003,-0.00048,0.00000,0.00000,-0.054,0.013,0
722.7220,-0.03295,0.00019,-0.00021,0.00000,0.00000,-0.057,0.013,0
722.7740,-0.03270,0.00032,0.00007,0.00000,0.00000,-0.059,0.014,0
722.8260,-0.03243,0.00042,0.00034,0.00000,0.00000,-0.062,0.014,0
722.8780,-0.03212,0.00050,0.00062,0.00000,0.00000,-0.064,0.015,0
722.9300,-0.03178,0.00053,0.00089,0.00000,0.00000,-0.066,0.015,0
722.9820,-0.03141,0.00052,0.00117,0.00000,0.00000,-0.067,0.015,0
723.0340,-0.03100,0.00047,0.00145,0.00000,0.00000,-0.069,0.015,0
723.0860,-0.03056,0.00037,0.00173,0.00000,0.00000,-0.070,0.014,0
723.1380,-0.03008,0.00023,0.00201,0.00000,0.00000,-0.071,0.014,0
723.1900,-0.02958,0.00004,0.00230,0.00000,0.00000,-0.072,0.013,0
723.2420,-0.02904,-0.00018,0.00259,0.00000,0.00000,-0.073,0.012,0
723.2940,-0.02846,-0.00046,0.00288,0.00000,0.00000,-0.073,0.011,0
723.3460,-0.02785,-0.00078,0.00318,0.00000,0.00000,-0.074,0.010,0
723.3980,-0.02720,-0.00115,0.00348,0.00000,0.00000,-0.074,0.009,0
723.4500,-0.02651,-0.00158,0.00378,0.00000,0.00000,-0.075,0.007,0
723.5020,-0.02577,-0.00206,0.00409,0.00000,0.00000,-0.075,0.005,0
723.5540,-0.02499,-0.00258,0.00440,0.00000,0.00000,-0.076,0.004,0
723.6060,-0.02417,-0.00317,0.00471,0.00000,0.00000,-0.076,0.002,0
723.6580,-0.02329,-0.00381,0.00503,0.00000,0.00000,-0.077,0.000,0
723.7100,-0.02236,-0.00451,0.00535,0.00000,0.00000,-0.078,-0.002,0
723.7620,-0.02138,-0.00526,0.00568,0.00000,0.00000,-0.078,-0.004,0
723.8140,-0.02035,-0.00607,0.00601,0.00000,0.00000,-0.079,-0.006,0
723.8660,-0.01927,-0.00694,0.00634,0.00000,0.00000,-0.080,-0.008,0
723.9180,-0.01813,-0.00786,0.00667,0.00000,0.00000,-0.080,-0.011,0
723.9700,-0.01693,-0.00883,0.00701,0.00000,0.00000,-0.081,-0.013,0
724.0220,-0.01567,-0.00985,0.00735,0.00000,0.00000,-0.082,-0.015,0
724.0740,-0.01437,-0.01092,0.00769,0.00000,0.00000,-0.083,-0.018,0
724.1260,-0.01300,-0.01204,0.00803,0.00000,0.00000,-0.084,-0.020,0
724.1780,-0.01156,-0.01323,0.00837,0.00000,0.00000,-0.085,-0.022,0
724.2300,-0.01007,-0.01447,0.00870,0.00000,0.00000,-0.086,-0.025,0
724.2820,-0.00851,-0.01576,0.00904,0.00000,0.00000,-0.087,-0.027,0
724.3340,-0.00688,-0.01711,0.00937,0.00000,0.00000,-0.088,-0.029,0
724.3860,-0.00519,-0.01852,0.00969,0.00000,0.00000,-0.088,-0.030,0
724.4380,-0.00346,-0.01996,0.01001,0.00000,0.00000,-0.089,-0.032,0
724.4900,-0.00166,-0.02143,0.01033,0.00000,0.00000,-0.089,-0.034,0
724.5420,0.00018,-0.02294,0.01063,0.00000,0.00000,-0.089,-0.035,0
724.5940,0.00206,-0.02446,0.01093,0.00000,0.00000,-0.089,-0.036,0
724.6460,0.00399,-0.02602,0.01121,0.00000,0.00000,-0.088,-0.037,0
724.6980,0.00596,-0.02761,0.01148,0.00000,0.00000,-0.087,-0.038,0
724.7500,0.00797,-0.02921,0.01174,0.00000,0.00000,-0.085,-0.038,0
724.8020,0.01001,-0.03085,0.01198,0.00000,0.00000,-0.083,-0.038,0
724.8540,0.01209,-0.03250,0.01220,0.00000,0.00000,-0.080,-0.037,0
724.9060,0.01420,-0.03419,0.01241,0.00000,0.00000,-0.076,-0.036,0
724.9580,0.01633,-0.03590,0.01260,0.00000,0.00000,-0.072,-0.035,0
725.0100,0.01849,-0.03764,0.01276,0.00000,0.00000,-0.067,-0.033,0
725.0620,0.02065,-0.03938,0.01290,0.00000,0.00000,-0.060,-0.031,0
725.1140,0.02282,-0.04114,0.01302,0.00000,0.00000,-0.053,-0.029,0
725.1660,0.02498,-0.04290,0.01312,0.00000,0.00000,-0.044,-0.025,0
725.2180,0.02712,-0.04465,0.01318,0.00000,0.00000,-0.035,-0.022,0
725.2700,0.02924,-0.04638,0.01322,0.00000,0.00000,-0.024,-0.018,0
725.3220,0.03133,-0.04810,0.01323,0.00000,0.00000,-0.012,-0.013,0
725.3740,0.03339,-0.04981,0.01321,0.00000,0.00000,0.002,-0.008,0
725.4260,0.03541,-0.05149,0.01316,0.00000,0.00000,0.017,-0.003,0
725.4780,0.03740,-0.05316,0.01308,0.00000,0.00000,0.033,0.003,0
725.5300,0.03935,-0.05480,0.01297,0.00000,0.00000,0.050,0.010,0
725.5820,0.04126,-0.05642,0.01282,0.00000,0.00000,0.069,0.017,0
725.6340,0.04313,-0.05801,0.01264,0.00000,0.00000,0.090,0.024,0
725.6860,0.04496,-0.05956,0.01242,0.00000,0.00000,0.112,0.031,0
725.7380,0.04674,-0.06108,0.01217,0.00000,0.00000,0.135,0.039,0
725.7900,0.04848,-0.06255,0.01189,0.00000,0.00000,0.159,0.047,0
725.8420,0.05017,-0.06398,0.01157,0.00000,0.00000,0.185,0.056,0
725.8940,0.05182,-0.06536,0.01121,0.00000,0.00000,0.212,0.064,0
725.9460,0.05342,-0.06669,0.01083,0.00000,0.00000,0.240,0.073,0
725.9980,0.05497,-0.06796,0.01040,0.00000,0.00000,0.270,0.082,0
726.0500,0.05647,-0.06916,0.00995,0.00000,0.00000,0.300,0.090,0
726.1020,0.05791,-0.07029,0.00946,0.00000,0.00000,0.331,0.099,0
726.1540,0.05931,-0.07136,0.00894,0.00000,0.00000,0.362,0.107,0
726.2060,0.06066,-0.07235,0.00839,0.00000,0.00000,0.395,0.115,0
726.2580,0.06194,-0.07327,0.00781,0.00000,0.00000,0.427,0.123,0
726.3100,0.06318,-0.07411,0.00720,0.00000,0.00000,0.460,0.131,0
726.3620,0.06436,-0.07487,0.00657,0.00000,0.00000,0.493,0.138,0
726.4140,0.06548,-0.07556,0.00591,0.00000,0.00000,0.527,0.145,0
726.4660,0.06654,-0.07616,0.00522,0.00000,0.00000,0.560,0.151,0
726.5180,0.06754,-0.07668,0.00452,0.00000,0.00000,0.594,0.157,0
726.5700,0.06848,-0.07712,0.00379,0.00000,0.00000,0.627,0.162,0
726.6220,0.06935,-0.07746,0.00305,0.00000,0.00000,0.659,0.167,0
726.6740,0.07016,-0.07772,0.00229,0.00000,0.00000,0.692,0.171,0
726.7260,0.07090,-0.07789,0.00152,0.00000,0.00000,0.723,0.174,0
726.7780,0.07156,-0.07797,0.00074,0.00000,0.00000,0.754,0.177,0
726.8300,0.07215,-0.07795,-0.00004,0.00000,0.00000,0.784,0.178,0
726.8820,0.07265,-0.07782,-0.00083,0.00000,0.00000,0.813,0.180,0
726.9340,0.07308,-0.07760,-0.00163,0.00000,0.00000,0.840,0.180,0
726.9860,0.07343,-0.07729,-0.00242,0.00000,0.00000,0.867,0.180,0
727.0380,0.07370,-0.07688,-0.00320,0.00000,0.00000,0.892,0.178,0
727.0900,0.07388,-0.07637,-0.00398,0.00000,0.00000,0.915,0.177,0
727.1420,0.07397,-0.07577,-0.00475,0.00000,0.00000,0.937,0.174,0
727.1940,0.07398,-0.07508,-0.00551,0.00000,0.00000,0.957,0.171,0
727.2460,0.07390,-0.07428,-0.00625,0.00000,0.00000,0.976,0.167,0
727.2980,0.07373,-0.07341,-0.00697,0.00000,0.00000,0.993,0.162,0
727.3500,0.07348,-0.07244,-0.00767,0.00000,0.00000,1.008,0.156,0
727.4020,0.07314,-0.07139,-0.00835,0.00000,0.00000,1.021,0.151,0
727.4540,0.07272,-0.07025,-0.00899,0.00000,0.00000,1.032,0.144,0
727.5060,0.07221,-0.06903,-0.00961,0.00000,0.00000,1.042,0.137,0
727.5580,0.07162,-0.06774,-0.01019,0.00000,0.00000,1.050,0.130,0
727.6100,0.07094,-0.06637,-0.01074,0.00000,0.00000,1.055,0.122,0
727.6620,0.07019,-0.06493,-0.01125,0.00000,0.00000,1.059,0.113,0
727.7140,0.06935,-0.06343,-0.01172,0.00000,0.00000,1.061,0.105,0
727.7660,0.06845,-0.06186,-0.01215,0.00000,0.00000,1.061,0.096,0
727.8180,0.06747,-0.06024,-0.01253,0.00000,0.00000,1.059,0.087,0
727.8700,0.06643,-0.05856,-0.01287,0.00000,0.00000,1.056,0.078,0
727.9220,0.06531,-0.05682,-0.01316,0.00000,0.00000,1.050,0.069,0
727.9740,0.06414,-0.05503,-0.01340,0.00000,0.00000,1.043,0.060,0
728.0260,0.06290,-0.05320,-0.01359,0.00000,0.00000,1.034,0.051,0
728.0780,0.06162,-0.05134,-0.01374,0.00000,0.00000,1.024,0.042,0
728.1300,0.06030,-0.04947,-0.01383,0.00000,0.00000,1.012,0.033,0
728.1820,0.05894,-0.04756,-0.01387,0.00000,0.00000,0.998,0.024,0
728.2340,0.05754,-0.04563,-0.01387,0.00000,0.00000,0.984,0.016,0
728.2860,0.05611,-0.04370,-0.01381,0.00000,0.00000,0.968,0.008,0
728.3380,0.05467,-0.04177,-0.01371,0.00000,0.00000,0.951,-0.000,0
728.3900,0.05322,-0.03985,-0.01355,0.00000,0.00000,0.933,-0.007,0
728.4420,0.05176,-0.03794,-0.01335,0.00000,0.00000,0.914,-0.014,0
728.4940,0.05030,-0.03604,-0.01311,0.00000,0.00000,0.895,-0.021,0
728.5460,0.04885,-0.03418,-0.01282,0.00000,0.00000,0.875,-0.026,0
728.5980,0.04742,-0.03236,-0.01248,0.00000,0.00000,0.854,-0.032,0
728.6500,0.04602,-0.03058,-0.01211,0.00000,0.00000,0.833,-0.037,0
728.7020,0.04463,-0.02883,-0.01170,0.00000,0.00000,0.812,-0.041,0
728.7540,0.04328,-0.02713,-0.01125,0.00000,0.00000,0.790,-0.045,0
728.8060,0.04197,-0.02548,-0.01078,0.00000,0.00000,0.768,-0.048,0
728.8580,0.04070,-0.02390,-0.01027,0.00000,0.00000,0.747,-0.051,0
728.9100,0.03949,-0.02239,-0.00973,0.00000,0.00000,0.725,-0.053,0
728.9620,0.03833,-0.02095,-0.00917,0.00000,0.00000,0.704,-0.054,0
729.0140,0.03723,-0.01957,-0.00858,0.00000,0.00000,0.682,-0.056,0
729.0660,0.03619,-0.01827,-0.00798,0.00000,0.00000,0.662,-0.056,0
729.1180,0.03523,-0.01706,-0.00737,0.00000,0.00000,0.641,-0.056,0
729.1700,0.03433,-0.01593,-0.00674,0.00000,0.00000,0.621,-0.056,0
729.2220,0.03351,-0.01489,-0.00611,0.00000,0.00000,0.602,-0.055,0
729.2740,0.03277,-0.01394,-0.00547,0.00000,0.00000,0.583,-0.054,0
729.3260,0.03210,-0.01309,-0.00483,0.00000,0.00000,0.565,-0.053,0
729.3780,0.03150,-0.01230,-0.00419,0.00000,0.00000,0.548,-0.051,0
729.4300,0.03098,-0.01161,-0.00357,0.00000,0.00000,0.531,-0.049,0
729.4820,0.03053,-0.01099,-0.00295,0.00000,0.00000,0.515,-0.046,0
729.5340,0.03016,-0.01047,-0.00234,0.00000,0.00000,0.500,-0.043,0
729.5860,0.02986,-0.01004,-0.00175,0.00000,0.00000,0.486,-0.040,0
729.6380,0.02962,-0.00968,-0.00119,0.00000,0.00000,0.472,-0.037,0
729.6900,0.02944,-0.00938,-0.00065,0.00000,0.00000,0.460,-0.034,0
729.7420,0.02932,-0.00917,-0.00013,0.00000,0.00000,0.448,-0.030,0
729.7940,0.02926,-0.00900,0.00035,0.00000,0.00000,0.436,-0.026,0
729.8460,0.02924,-0.00891,0.00081,0.00000,0.00000,0.426,-0.023,0
729.8980,0.02926,-0.00887,0.00122,0.00000,0.00000,0.416,-0.019,0
729.9500,0.02933,-0.00888,0.00160,0.00000,0.00000,0.407,-0.015,0
730.0020,0.02943,-0.00895,0.00194,0.00000,0.00000,0.399,-0.011,0
730.0540,0.02956,-0.00908,0.00223,0.00000,0.00000,0.391,-0.007,0
730.1060,0.02971,-0.00923,0.00248,0.00000,0.00000,0.384,-0.004,0
730.1580,0.02986,-0.00941,0.00268,0.00000,0.00000,0.378,0.000,0
730.2100,0.03001,-0.00960,0.00284,0.00000,0.00000,0.372,0.004,0
730.2620,0.03016,-0.00981,0.00294,0.00000,0.00000,0.366,0.007,0
730.3140,0.03029,-0.01004,0.00300,0.00000,0.00000,0.361,0.010,0
730.3660,0.03042,-0.01029,0.00301,0.00000,0.00000,0.356,0.013,0
730.4180,0.03053,-0.01056,0.00296,0.00000,0.00000,0.352,0.016,0
730.4700,0.03061,-0.01083,0.00287,0.00000,0.00000,0.349,0.019,0
730.5220,0.03064,-0.01108,0.00272,0.00000,0.00000,0.345,0.021,0
730.5740,0.03062,-0.01131,0.00253,0.00000,0.00000,0.342,0.023,0
730.6260,0.03054,-0.01152,0.00229,0.00000,0.00000,0.339,0.025,0
730.6780,0.03040,-0.01170,0.00200,0.00000,0.00000,0.335,0.026,0
730.7300,0.03019,-0.01187,0.00166,0.00000,0.00000,0.332,0.027,0
730.7820,0.02992,-0.01202,0.00127,0.00000,0.00000,0.330,0.028,0
730.8340,0.02956,-0.01213,0.00085,0.00000,0.00000,0.327,0.028,0
730.8860,0.02911,-0.01220,0.00038,0.00000,0.00000,0.324,0.028,0
730.9380,0.02856,-0.01223,-0.00013,0.00000,0.00000,0.321,0.028,0
730.9900,0.02793,-0.01221,-0.00068,0.00000,0.00000,0.317,0.027,0
731.0420,0.02719,-0.01216,-0.00126,0.00000,0.00000,0.314,0.026,0
731.0940,0.02634,-0.01205,-0.00187,0.00000,0.00000,0.310,0.025,0
731.1460,0.02537,-0.01188,-0.00251,0.00000,0.00000,0.306,0.023,0
731.1980,0.02429,-0.01166,-0.00318,0.00000,0.00000,0.302,0.021,0
731.2500,0.02309,-0.01139,-0.00387,0.00000,0.00000,0.297,0.018,0
731.3020,0.02178,-0.01107,-0.00458,0.00000,0.00000,0.292,0.015,0
731.3540,0.02034,-0.01069,-0.00531,0.00000,0.00000,0.286,0.012,0
731.4060,0.01877,-0.01024,-0.00605,0.00000,0.00000,0.280,0.009,0
731.4580,0.01707,-0.00970,-0.00680,0.00000,0.00000,0.274,0.005,0
731.5100,0.01523,-0.00910,-0.00756,0.00000,0.00000,0.267,0.001,0
731.5620,0.01326,-0.00844,-0.00831,0.00000,0.00000,0.259,-0.002,0
731.6140,0.01117,-0.00770,-0.00907,0.00000,0.00000,0.250,-0.006,0
731.6660,0.00895,-0.00690,-0.00981,0.00000,0.00000,0.242,-0.010,0
731.7180,0.00660,-0.00603,-0.01055,0.00000,0.00000,0.232,-0.014,0
731.7700,0.00414,-0.00510,-0.01128,0.00000,0.00000,0.222,-0.018,0
731.8220,0.00156,-0.00410,-0.01199,0.00000,0.00000,0.211,-0.022,0
731.8740,-0.00113,-0.00304,-0.01267,0.00000,0.00000,0.200,-0.026,0
731.9260,-0.00393,-0.00192,-0.01334,0.00000,0.00000,0.189,-0.029,0
731.9780,-0.00682,-0.00075,-0.01398,0.00000,0.00000,0.177,-0.032,0
732.0300,-0.00981,0.00049,-0.01458,0.00000,0.00000,0.165,-0.034,0
732.0820,-0.01287,0.00177,-0.01516,0.00000,0.00000,0.152,-0.036,0
732.1340,-0.01601,0.00309,-0.01569,0.00000,0.00000,0.140,-0.038,0
732.1860,-0.01919,0.00445,-0.01619,0.00000,0.00000,0.127,-0.039,0
732.2380,-0.02243,0.00584,-0.01665,0.00000,0.00000,0.115,-0.039,0
732.2900,-0.02569,0.00727,-0.01706,0.00000,0.00000,0.102,-0.039,0
732.3420,-0.02898,0.00873,-0.01742,0.00000,0.00000,0.090,-0.038,0
732.3940,-0.03228,0.01020,-0.01774,0.00000,0.00000,0.078,-0.036,0
732.4460,-0.03556,0.01168,-0.01800,0.00000,0.00000,0.066,-0.033,0
732.4980,-0.03881,0.01318,-0.01821,0.00000,0.00000,0.056,-0.030,0
732.5500,-0.04203,0.01468,-0.01837,0.00000,0.00000,0.045,-0.025,0
732.6020,-0.04519,0.01618,-0.01848,0.00000,0.00000,0.036,-0.020,0
732.6540,-0.04829,0.01767,-0.01852,0.00000,0.00000,0.027,-0.014,0
732.7060,-0.05130,0.01912,-0.01851,0.00000,0.00000,0.020,-0.007,0
732.7580,-0.05423,0.02055,-0.01844,0.00000,0.00000,0.014,0.001,0
732.8100,-0.05707,0.02193,-0.01831,0.00000,0.00000,0.009,0.009,0
732.8620,-0.05982,0.02327,-0.01813,0.00000,0.00000,0.006,0.018,0
732.9140,-0.06247,0.02457,-0.01788,0.00000,0.00000,0.004,0.028,0
732.9660,-0.06504,0.02582,-0.01757,0.00000,0.00000,0.003,0.038,0
733.0180,-0.06751,0.02701,-0.01721,0.00000,0.00000,0.005,0.048,0
733.0700,-0.06989,0.02816,-0.01679,0.00000,0.00000,0.007,0.059,0
733.1220,-0.07219,0.02926,-0.01631,0.00000,0.00000,0.012,0.071,0
733.1740,-0.07440,0.03028,-0.01577,0.00000,0.00000,0.018,0.082,0
733.2260,-0.07650,0.03122,-0.01518,0.00000,0.00000,0.027,0.093,0
733.2780,-0.07851,0.03208,-0.01453,0.00000,0.00000,0.036,0.105,0
733.3300,-0.08043,0.03286,-0.01382,0.00000,0.00000,0.047,0.116,0
733.3820,-0.08225,0.03356,-0.01307,0.00000,0.00000,0.060,0.126,0
733.4340,-0.08398,0.03417,-0.01226,0.00000,0.00000,0.074,0.137,0
733.4860,-0.08561,0.03470,-0.01141,0.00000,0.00000,0.089,0.146,0
733.5380,-0.08713,0.03513,-0.01050,0.00000,0.00000,0.105,0.156,0
733.5900,-0.08855,0.03546,-0.00956,0.00000,0.00000,0.123,0.164,0
733.6420,-0.08986,0.03569,-0.00857,0.00000,0.00000,0.140,0.171,0
733.6940,-0.09105,0.03582,-0.00753,0.00000,0.00000,0.159,0.178,0
733.7460,-0.09213,0.03587,-0.00646,0.00000,0.00000,0.178,0.184,0
733.7980,-0.09309,0.03581,-0.00536,0.00000,0.00000,0.197,0.188,0
733.8500,-0.09392,0.03566,-0.00422,0.00000,0.00000,0.217,0.191,0
733.9020,-0.09461,0.03540,-0.00305,0.00000,0.00000,0.236,0.193,0
733.9540,-0.09516,0.03504,-0.00186,0.00000,0.00000,0.255,0.194,0
734.0060,-0.09557,0.03458,-0.00064,0.00000,0.00000,0.274,0.194,0
734.0580,-0.09582,0.03402,0.00060,0.00000,0.00000,0.292,0.192,0
734.1100,-0.09591,0.03335,0.00185,0.00000,0.00000,0.310,0.188,0
734.1620,-0.09584,0.03258,0.00312,0.00000,0.00000,0.326,0.184,0
734.2140,-0.09558,0.03169,0.00440,0.00000,0.00000,0.341,0.178,0
734.2660,-0.09514,0.03069,0.00568,0.00000,0.00000,0.356,0.170,0
734.3180,-0.09451,0.02959,0.00696,0.00000,0.00000,0.368,0.161,0
734.3700,-0.09369,0.02838,0.00825,0.00000,0.00000,0.379,0.151,0
734.4220,-0.09268,0.02710,0.00952,0.00000,0.00000,0.389,0.140,0
734.4740,-0.09147,0.02571,0.01079,0.00000,0.00000,0.396,0.127,0
734.5260,-0.09004,0.02422,0.01204,0.00000,0.00000,0.403,0.113,0
734.5780,-0.08840,0.02263,0.01328,0.00000,0.00000,0.407,0.099,0
734.6300,-0.08655,0.02095,0.01449,0.00000,0.00000,0.410,0.083,0
734.6820,-0.08449,0.01918,0.01568,0.00000,0.00000,0.410,0.066,0
734.7340,-0.08219,0.01732,0.01684,0.00000,0.00000,0.409,0.049,0
734.7860,-0.07968,0.01536,0.01797,0.00000,0.00000,0.406,0.031,0
734.8380,-0.07695,0.01333,0.01906,0.00000,0.00000,0.401,0.012,0
734.8900,-0.07400,0.01123,0.02012,0.00000,0.00000,0.394,-0.007,0
734.9420,-0.07083,0.00904,0.02113,0.00000,0.00000,0.385,-0.026,0
734.9940,-0.06744,0.00678,0.02210,0.00000,0.00000,0.374,-0.045,0
735.0460,-0.06383,0.00444,0.02303,0.00000,0.00000,0.362,-0.064,0
735.0980,-0.06000,0.00202,0.02390,0.00000,0.00000,0.347,-0.083,0
735.1500,-0.05596,-0.00047,0.02473,0.00000,0.00000,0.331,-0.101,0
735.2020,-0.05173,-0.00301,0.02551,0.00000,0.00000,0.314,-0.119,0
735.2540,-0.04730,-0.00559,0.02624,0.00000,0.00000,0.296,-0.136,0
735.3060,-0.04270,-0.00821,0.02691,0.00000,0.00000,0.276,-0.152,0
735.3580,-0.03792,-0.01087,0.02753,0.00000,0.00000,0.255,-0.167,0
735.4100,-0.03297,-0.01359,0.02810,0.00000,0.00000,0.234,-0.180,0
735.4620,-0.02787,-0.01633,0.02861,0.00000,0.00000,0.212,-0.192,0
735.5140,-0.02263,-0.01908,0.02906,0.00000,0.00000,0.190,-0.203,0
735.5660,-0.01726,-0.02186,0.02946,0.00000,0.00000,0.167,-0.212,0
735.6180,-0.01179,-0.02464,0.02980,0.00000,0.00000,0.145,-0.220,0
735.6700,-0.00622,-0.02742,0.03008,0.00000,0.00000,0.123,-0.226,0
735.7220,-0.00057,-0.03021,0.03030,0.00000,0.00000,0.102,-0.229,0
735.7740,0.00515,-0.03299,0.03047,0.00000,0.00000,0.081,-0.231,0
735.8260,0.01090,-0.03574,0.03058,0.00000,0.00000,0.062,-0.231,0
735.8780,0.01666,-0.03846,0.03064,0.00000,0.00000,0.045,-0.229,0
735.9300,0.02243,-0.04116,0.03064,0.00000,0.00000,0.029,-0.225,0
735.9820,0.02817,-0.04383,0.03058,0.00000,0.00000,0.015,-0.218,0
736.0340,0.03387,-0.04648,0.03047,0.00000,0.00000,0.003,-0.210,0
736.0860,0.03951,-0.04910,0.03030,0.00000,0.00000,-0.006,-0.199,0
736.1380,0.04505,-0.05168,0.03008,0.00000,0.00000,-0.012,-0.187,0
736.1900,0.05049,-0.05423,0.02981,0.00000,0.00000,-0.015,-0.172,0
736.2420,0.05583,-0.05673,0.02948,0.00000,0.00000,-0.014,-0.155,0
736.2940,0.06108,-0.05919,0.02911,0.00000,0.00000,-0.009,-0.136,0
736.3460,0.06628,-0.06161,0.02869,0.00000,0.00000,0.000,-0.116,0
736.3980,0.07143,-0.06399,0.02822,0.00000,0.00000,0.014,-0.093,0
736.4500,0.07655,-0.06633,0.02770,0.00000,0.00000,0.033,-0.069,0
736.5020,0.08166,-0.06862,0.02713,0.00000,0.00000,0.057,-0.044,0
736.5540,0.08678,-0.07086,0.02653,0.00000,0.00000,0.087,-0.017,0
736.6060,0.09193,-0.07305,0.02588,0.00000,0.00000,0.122,0.011,0
736.6580,0.09713,-0.07520,0.02519,0.00000,0.00000,0.164,0.040,0
736.7100,0.10240,-0.07729,0.02445,0.00000,0.00000,0.213,0.070,0
736.7620,0.10775,-0.07934,0.02368,0.00000,0.00000,0.268,0.100,0
736.8140,0.11321,-0.08135,0.02288,0.00000,0.00000,0.330,0.132,0
736.8660,0.11879,-0.08331,0.02203,0.00000,0.00000,0.399,0.164,0
736.9180,0.12451,-0.08524,0.02116,0.00000,0.00000,0.477,0.196,0
736.9700,0.13038,-0.08712,0.02024,0.00000,0.00000,0.563,0.229,0
737.0220,0.13643,-0.08896,0.01930,0.00000,0.00000,0.658,0.261,0
737.0740,0.14264,-0.09074,0.01833,0.00000,0.00000,0.761,0.294,0
737.1260,0.14904,-0.09247,0.01732,0.00000,0.00000,0.875,0.327,0
737.1780,0.15564,-0.09416,0.01629,0.00000,0.00000,0.998,0.359,0
737.2300,0.16244,-0.09579,0.01523,0.00000,0.00000,1.132,0.391,0
737.2820,0.16944,-0.09735,0.01415,0.00000,0.00000,1.276,0.422,0
737.3340,0.17664,-0.09885,0.01304,0.00000,0.00000,1.432,0.453,0
737.3860,0.18403,-0.10028,0.01191,0.00000,0.00000,1.598,0.482,0
737.4380,0.19164,-0.10165,0.01075,0.00000,0.00000,1.777,0.511,0
737.4900,0.19943,-0.10294,0.00958,0.00000,0.00000,1.966,0.538,0
737.5420,0.20742,-0.10415,0.00838,0.00000,0.00000,2.168,0.564,0
737.5940,0.21559,-0.10528,0.00716,0.00000,0.00000,2.383,0.588,0
737.6460,0.22392,-0.10630,0.00593,0.00000,0.00000,2.609,0.610,0
737.6980,0.23239,-0.10721,0.00468,0.00000,0.00000,2.846,0.630,0
737.7500,0.24101,-0.10802,0.00342,0.00000,0.00000,3.092,0.648,0
737.8020,0.24976,-0.10872,0.00214,0.00000,0.00000,3.349,0.662,0
737.8540,0.25862,-0.10930,0.00085,0.00000,0.00000,3.614,0.674,0
737.9060,0.26756,-0.10975,-0.00045,0.00000,0.00000,3.889,0.682,0
737.9580,0.27657,-0.11006,-0.00176,0.00000,0.00000,4.172,0.687,0
738.0100,0.28563,-0.11022,-0.00308,0.00000,0.00000,4.460,0.687,0
738.0620,0.29471,-0.11023,-0.00440,0.00000,0.00000,4.752,0.684,0
738.1140,0.30379,-0.11008,-0.00572,0.00000,0.00000,5.044,0.676,0
738.1660,0.31285,-0.10975,-0.00704,0.00000,0.00000,5.335,0.663,0
738.2180,0.32185,-0.10924,-0.00835,0.00000,0.00000,5.622,0.645,0
738.2700,0.33076,-0.10853,-0.00966,0.00000,0.00000,5.900,0.622,0
738.3220,0.33957,-0.10761,-0.01096,0.00000,0.00000,6.164,0.593,0
738.3740,0.34823,-0.10648,-0.01224,0.00000,0.00000,6.410,0.559,0
738.4260,0.35673,-0.10513,-0.01350,0.00000,0.00000,6.634,0.520,0
738.4780,0.36502,-0.10355,-0.01474,0.00000,0.00000,6.831,0.476,0
738.5300,0.37308,-0.10174,-0.01595,0.00000,0.00000,6.995,0.427,0
738.5820,0.38088,-0.09970,-0.01712,0.00000,0.00000,7.121,0.375,0
738.6340,0.38840,-0.09742,-0.01825,0.00000,0.00000,7.204,0.320,0
738.6860,0.39561,-0.09493,-0.01933,0.00000,0.00000,7.240,0.263,0
738.7380,0.40248,-0.09221,-0.02035,0.00000,0.00000,7.227,0.205,0
738.7900,0.40899,-0.08929,-0.02132,0.00000,0.00000,7.162,0.149,0
738.8420,0.41512,-0.08617,-0.02221,0.00000,0.00000,7.044,0.095,0
738.8940,0.42086,-0.08288,-0.02304,0.00000,0.00000,6.876,0.046,0
738.9460,0.42620,-0.07943,-0.02378,0.00000,0.00000,6.659,0.003,0
738.9980,0.43111,-0.07586,-0.02443,0.00000,0.00000,6.397,-0.032,0
739.0500,0.43560,-0.07218,-0.02500,0.00000,0.00000,6.094,-0.057,0
739.1020,0.43966,-0.06841,-0.02547,0.00000,0.00000,5.759,-0.071,0
739.1540,0.44327,-0.06460,-0.02584,0.00000,0.00000,5.400,-0.073,0
739.2060,0.44645,-0.06078,-0.02612,0.00000,0.00000,5.023,-0.063,0
739.2580,0.44919,-0.05697,-0.02630,0.00000,0.00000,4.638,-0.039,0
739.3100,0.45150,-0.05321,-0.02639,0.00000,0.00000,4.255,-0.005,0
739.3620,0.45337,-0.04953,-0.02639,0.00000,0.00000,3.883,0.041,0
739.4140,0.45480,-0.04594,-0.02631,0.00000,0.00000,3.528,0.096,0
739.4660,0.45580,-0.04246,-0.02616,0.00000,0.00000,3.197,0.158,0
739.5180,0.45637,-0.03913,-0.02593,0.00000,0.00000,2.893,0.224,0
739.5700,0.45649,-0.03596,-0.02565,0.00000,0.00000,2.621,0.292,0
739.6220,0.45618,-0.03295,-0.02532,0.00000,0.00000,2.382,0.359,0
739.6740,0.45542,-0.03011,-0.02495,0.00000,0.00000,2.175,0.423,0
739.7260,0.45422,-0.02746,-0.02455,0.00000,0.00000,1.999,0.482,0
739.7780,0.45258,-0.02499,-0.02413,0.00000,0.00000,1.853,0.534,0
739.8300,0.45047,-0.02270,-0.02369,0.00000,0.00000,1.734,0.578,0
739.8820,0.44790,-0.02058,-0.02324,0.00000,0.00000,1.639,0.612,0
739.9340,0.44485,-0.01860,-0.02279,0.00000,0.00000,1.564,0.636,0
739.9860,0.44131,-0.01675,-0.02234,0.00000,0.00000,1.505,0.649,0
740.0380,0.43728,-0.01504,-0.02189,0.00000,0.00000,1.458,0.653,0
740.0900,0.43274,-0.01344,-0.02144,0.00000,0.00000,1.420,0.647,0
740.1420,0.42769,-0.01195,-0.02099,0.00000,0.00000,1.389,0.633,0
740.1940,0.42212,-0.01056,-0.02055,0.00000,0.00000,1.364,0.612,0
740.2460,0.41602,-0.00925,-0.02011,0.00000,0.00000,1.343,0.584,0
740.2980,0.40939,-0.00800,-0.01967,0.00000,0.00000,1.324,0.551,0
740.3500,0.40222,-0.00684,-0.01922,0.00000,0.00000,1.306,0.514,0
740.4020,0.39451,-0.00575,-0.01878,0.00000,0.00000,1.289,0.473,0
740.4540,0.38626,-0.00470,-0.01833,0.00000,0.00000,1.272,0.430,0
740.5060,0.37746,-0.00372,-0.01787,0.00000,0.00000,1.256,0.386,0
740.5580,0.36811,-0.00278,-0.01741,0.00000,0.00000,1.240,0.342,0
740.6100,0.35820,-0.00187,-0.01693,0.00000,0.00000,1.223,0.297,0
740.6620,0.34774,-0.00101,-0.01646,0.00000,0.00000,1.207,0.253,0
740.7140,0.33673,-0.00020,-0.01597,0.00000,0.00000,1.190,0.210,0
740.7660,0.32516,0.00060,-0.01547,0.00000,0.00000,1.172,0.168,0
740.8180,0.31303,0.00136,-0.01497,0.00000,0.00000,1.155,0.128,0
740.8700,0.30034,0.00209,-0.01446,0.00000,0.00000,1.136,0.090,0
740.9220,0.28709,0.00279,-0.01395,0.00000,0.00000,1.117,0.054,0
740.9740,0.27328,0.00347,-0.01344,0.00000,0.00000,1.097,0.022,0
741.0260,0.25894,0.00412,-0.01292,0.00000,0.00000,1.076,-0.008,0
741.0780,0.24417,0.00475,-0.01240,0.00000,0.00000,1.054,-0.034,0
741.1300,0.22919,0.00535,-0.01189,0.00000,0.00000,1.028,-0.056,0
741.1820,0.21416,0.00592,-0.01138,0.00000,0.00000,1.000,-0.075,0
741.2340,0.19921,0.00647,-0.01087,0.00000,0.00000,0.970,-0.092,0
741.2860,0.18446,0.00698,-0.01037,0.00000,0.00000,0.936,-0.105,0
741.3380,0.17000,0.00749,-0.00988,0.00000,0.00000,0.900,-0.117,0
741.3900,0.15591,0.00796,-0.00940,0.00000,0.00000,0.862,-0.126,0
741.4420,0.14225,0.00840,-0.00893,0.00000,0.00000,0.823,-0.133,0
741.4940,0.12905,0.00883,-0.00847,0.00000,0.00000,0.783,-0.138,0
741.5460,0.11637,0.00922,-0.00803,0.00000,0.00000,0.742,-0.142,0
741.5980,0.10422,0.00959,-0.00760,0.00000,0.00000,0.700,-0.145,0
741.6500,0.09262,0.00991,-0.00719,0.00000,0.00000,0.659,-0.146,0
741.7020,0.08159,0.01021,-0.00679,0.00000,0.00000,0.618,-0.146,0
741.7540,0.07112,0.01046,-0.00642,0.00000,0.00000,0.577,-0.145,0
741.8060,0.06123,0.01069,-0.00606,0.00000,0.00000,0.538,-0.143,0
741.8580,0.05190,0.01088,-0.00572,0.00000,0.00000,0.500,-0.140,0
741.9100,0.04312,0.01104,-0.00541,0.00000,0.00000,0.462,-0.137,0
741.9620,0.03488,0.01118,-0.00511,0.00000,0.00000,0.426,-0.133,0
742.0140,0.02716,0.01129,-0.00484,0.00000,0.00000,0.392,-0.128,0
742.0660,0.01995,0.01139,-0.00458,0.00000,0.00000,0.358,-0.123,0
742.1180,0.01323,0.01146,-0.00435,0.00000,0.00000,0.327,-0.117,0
742.1700,0.00699,0.01150,-0.00414,0.00000,0.00000,0.296,-0.112,0
742.2220,0.00121,0.01152,-0.00394,0.00000,0.00000,0.268,-0.106,0
742.2740,-0.00415,0.01152,-0.00377,0.00000,0.00000,0.241,-0.099,0
742.3260,-0.00908,0.01150,-0.00362,0.00000,0.00000,0.216,-0.093,0
742.3780,-0.01362,0.01144,-0.00348,0.00000,0.00000,0.192,-0.086,0
742.4300,-0.01779,0.01137,-0.00337,0.00000,0.00000,0.170,-0.080,0
742.4820,-0.02160,0.01128,-0.00327,0.00000,0.00000,0.149,-0.073,0
742.5340,-0.02507,0.01117,-0.00318,0.00000,0.00000,0.130,-0.067,0
742.5860,-0.02824,0.01106,-0.00311,0.00000,0.00000,0.112,-0.061,0
742.6380,-0.03110,0.01092,-0.00306,0.00000,0.00000,0.095,-0.054,0
742.6900,-0.03369,0.01077,-0.00302,0.00000,0.00000,0.080,-0.048,0
742.7420,-0.03602,0.01061,-0.00298,0.00000,0.00000,0.066,-0.042,0
742.7940,-0.03810,0.01042,-0.00296,0.00000,0.00000,0.053,-0.036,0
742.8460,-0.03995,0.01022,-0.00295,0.00000,0.00000,0.041,-0.030,0
742.8980,-0.04160,0.01001,-0.00294,0.00000,0.00000,0.030,-0.025,0
742.9500,-0.04304,0.00977,-0.00295,0.00000,0.00000,0.021,-0.019,0
743.0020,-0.04432,0.00953,-0.00295,0.00000,0.00000,0.012,-0.014,0
743.0540,-0.04546,0.00929,-0.00296,0.00000,0.00000,0.004,-0.009,0
743.1060,-0.04645,0.00903,-0.00297,0.00000,0.00000,-0.004,-0.004,0
743.1580,-0.04733,0.00876,-0.00298,0.00000,0.00000,-0.010,0.001,0
743.2100,-0.04811,0.00849,-0.00299,0.00000,0.00000,-0.016,0.005,0
743.2620,-0.04881,0.00821,-0.00300,0.00000,0.00000,-0.021,0.010,0
743.3140,-0.04944,0.00793,-0.00301,0.00000,0.00000,-0.026,0.014,0
743.3660,-0.05001,0.00765,-0.00301,0.00000,0.00000,-0.030,0.018,0
743.4180,-0.05053,0.00736,-0.00301,0.00000,0.00000,-0.034,0.021,0
743.4700,-0.05102,0.00706,-0.00300,0.00000,0.00000,-0.037,0.025,0
743.5220,-0.05148,0.00674,-0.00298,0.00000,0.00000,-0.040,0.028,0
743.5740,-0.05191,0.00642,-0.00296,0.00000,0.00000,-0.042,0.032,0
743.6260,-0.05233,0.00609,-0.00293,0.00000,0.00000,-0.045,0.035,0
743.6780,-0.05273,0.00574,-0.00289,0.00000,0.00000,-0.047,0.038,0
743.7300,-0.05313,0.00538,-0.00283,0.00000,0.00000,-0.049,0.041,0
743.7820,-0.05353,0.00502,-0.00277,0.00000,0.00000,-0.050,0.043,0
743.8340,-0.05393,0.00464,-0.00270,0.00000,0.00000,-0.052,0.046,0
743.8860,-0.05433,0.00426,-0.00261,0.00000,0.00000,-0.053,0.048,0
743.9380,-0.05473,0.00387,-0.00251,0.00000,0.00000,-0.055,0.050,0
743.9900,-0.05513,0.00348,-0.00240,0.00000,0.00000,-0.056,0.052,0
744.0420,-0.05555,0.00309,-0.00228,0.00000,0.00000,-0.058,0.054,0
744.0940,-0.05597,0.00270,-0.00215,0.00000,0.00000,-0.059,0.056,0
744.1460,-0.05639,0.00230,-0.00200,0.00000,0.00000,-0.060,0.057,0
744.1980,-0.05681,0.00189,-0.00184,0.00000,0.00000,-0.061,0.058,0
744.2500,-0.05723,0.00148,-0.00167,0.00000,0.00000,-0.063,0.059,0
744.3020,-0.05764,0.00106,-0.00148,0.00000,0.00000,-0.064,0.060,0
744.3540,-0.05804,0.00063,-0.00128,0.00000,0.00000,-0.066,0.061,0
744.4060,-0.05844,0.00020,-0.00107,0.00000,0.00000,-0.067,0.062,0
744.4580,-0.05883,-0.00021,-0.00085,0.00000,0.00000,-0.069,0.062,0
744.5100,-0.05921,-0.00063,-0.00062,0.00000,0.00000,-0.071,0.062,0
744.5620,-0.05957,-0.00105,-0.00038,0.00000,0.00000,-0.073,0.062,0
744.6140,-0.05991,-0.00148,-0.00013,0.00000,0.00000,-0.074,0.061,0
744.6660,-0.06021,-0.00192,0.00013,0.00000,0.00000,-0.077,0.060,0
744.7180,-0.06050,-0.00234,0.00040,0.00000,0.00000,-0.079,0.059,0
744.7700,-0.06075,-0.00277,0.00068,0.00000,0.00000,-0.081,0.058,0
744.8220,-0.06097,-0.00321,0.00096,0.00000,0.00000,-0.083,0.057,0
744.8740,-0.06114,-0.00365,0.00125,0.00000,0.00000,-0.086,0.055,0
744.9260,-0.06127,-0.00408,0.00155,0.00000,0.00000,-0.089,0.053,0
744.9780,-0.06137,-0.00450,0.00185,0.00000,0.00000,-0.092,0.050,0
745.0300,-0.06142,-0.00492,0.00216,0.00000,0.00000,-0.095,0.048,0
745.0820,-0.06141,-0.00533,0.00247,0.00000,0.00000,-0.098,0.045,0
745.1340,-0.06136,-0.00573,0.00278,0.00000,0.00000,-0.101,0.042,0
745.1860,-0.06125,-0.00614,0.00309,0.00000,0.00000,-0.104,0.039,0
745.2380,-0.06107,-0.00654,0.00341,0.00000,0.00000,-0.108,0.035,0
745.2900,-0.06084,-0.00692,0.00372,0.00000,0.00000,-0.111,0.031,0
745.3420,-0.06054,-0.00730,0.00404,0.00000,0.00000,-0.114,0.027,0
745.3940,-0.06018,-0.00766,0.00436,0.00000,0.00000,-0.118,0.023,0
745.4460,-0.05974,-0.00802,0.00467,0.00000,0.00000,-0.122,0.018,0
745.4980,-0.05924,-0.00836,0.00498,0.00000,0.00000,-0.125,0.013,0
745.5500,-0.05867,-0.00868,0.00529,0.00000,0.00000,-0.129,0.008,0
745.6020,-0.05802,-0.00898,0.00560,0.00000,0.00000,-0.132,0.003,0
745.6540,-0.05730,-0.00926,0.00590,0.00000,0.00000,-0.136,-0.002,0
745.7060,-0.05649,-0.00954,0.00620,0.00000,0.00000,-0.139,-0.008,0
745.7580,-0.05560,-0.00981,0.00649,0.00000,0.00000,-0.142,-0.013,0
745.8100,-0.05463,-0.01006,0.00678,0.00000,0.00000,-0.146,-0.019,0
745.8620,-0.05356,-0.01031,0.00707,0.00000,0.00000,-0.149,-0.024,0
745.9140,-0.05241,-0.01055,0.00735,0.00000,0.00000,-0.152,-0.030,0
745.9660,-0.05116,-0.01078,0.00762,0.00000,0.00000,-0.155,-0.036,0
746.0180,-0.04983,-0.01099,0.00789,0.00000,0.00000,-0.158,-0.042,0
746.0700,-0.04841,-0.01119,0.00815,0.00000,0.00000,-0.160,-0.048,0
746.1220,-0.04689,-0.01137,0.00841,0.00000,0.00000,-0.163,-0.053,0
746.1740,-0.04529,-0.01153,0.00866,0.00000,0.00000,-0.165,-0.059,0
746.2260,-0.04361,-0.01166,0.00891,0.00000,0.00000,-0.167,-0.065,0
746.2780,-0.04184,-0.01177,0.00915,0.00000,0.00000,-0.169,-0.070,0
746.3300,-0.03998,-0.01187,0.00938,0.00000,0.00000,-0.170,-0.075,0
746.3820,-0.03803,-0.01196,0.00961,0.00000,0.00000,-0.171,-0.081,0
746.4340,-0.03599,-0.01202,0.00984,0.00000,0.00000,-0.172,-0.086,0
746.4860,-0.03387,-0.01207,0.01006,0.00000,0.00000,-0.172,-0.090,0
746.5380,-0.03166,-0.01212,0.01027,0.00000,0.00000,-0.172,-0.095,0
746.5900,-0.02936,-0.01216,0.01048,0.00000,0.00000,-0.172,-0.099,0
746.6420,-0.02698,-0.01219,0.01068,0.00000,0.00000,-0.171,-0.103,0
746.6940,-0.02452,-0.01222,0.01088,0.00000,0.00000,-0.170,-0.107,0
746.7460,-0.02197,-0.01224,0.01108,0.00000,0.00000,-0.169,-0.110,0
746.7980,-0.01936,-0.01225,0.01127,0.00000,0.00000,-0.167,-0.113,0
746.8500,-0.01667,-0.01226,0.01145,0.00000,0.00000,-0.165,-0.116,0
746.9020,-0.01391,-0.01227,0.01163,0.00000,0.00000,-0.163,-0.118,0
746.9540,-0.01108,-0.01228,0.01181,0.00000,0.00000,-0.160,-0.120,0
747.0060,-0.00819,-0.01228,0.01198,0.00000,0.00000,-0.157,-0.121,0
747.0580,-0.00524,-0.01231,0.01215,0.00000,0.00000,-0.153,-0.122,0
747.1100,-0.00223,-0.01234,0.01231,0.00000,0.00000,-0.149,-0.123,0
747.1620,0.00083,-0.01239,0.01247,0.00000,0.00000,-0.145,-0.123,0
747.2140,0.00394,-0.01244,0.01263,0.00000,0.00000,-0.140,-0.122,0
747.2660,0.00709,-0.01252,0.01278,0.00000,0.00000,-0.135,-0.121,0
747.3180,0.01028,-0.01262,0.01292,0.00000,0.00000,-0.129,-0.119,0
747.3700,0.01349,-0.01273,0.01306,0.00000,0.00000,-0.124,-0.117,0
747.4220,0.01673,-0.01288,0.01319,0.00000,0.00000,-0.117,-0.114,0
747.4740,0.01999,-0.01306,0.01332,0.00000,0.00000,-0.111,-0.110,0
747.5260,0.02325,-0.01325,0.01344,0.00000,0.00000,-0.104,-0.106,0
747.5780,0.02650,-0.01345,0.01356,0.00000,0.00000,-0.096,-0.101,0
747.6300,0.02975,-0.01368,0.01366,0.00000,0.00000,-0.088,-0.095,0
747.6820,0.03298,-0.01395,0.01376,0.00000,0.00000,-0.080,-0.089,0
747.7340,0.03619,-0.01426,0.01386,0.00000,0.00000,-0.071,-0.082,0
747.7860,0.03936,-0.01462,0.01394,0.00000,0.00000,-0.062,-0.075,0
747.8380,0.04250,-0.01501,0.01401,0.00000,0.00000,-0.052,-0.066,0
747.8900,0.04558,-0.01545,0.01408,0.00000,0.00000,-0.042,-0.057,0
747.9420,0.04859,-0.01591,0.01413,0.00000,0.00000,-0.031,-0.047,0
747.9940,0.05155,-0.01641,0.01417,0.00000,0.00000,-0.019,-0.037,0
748.0460,0.05443,-0.01694,0.01420,0.00000,0.00000,-0.007,-0.025,0
748.0980,0.05725,-0.01751,0.01422,0.00000,0.00000,0.006,-0.013,0
748.1500,0.06001,-0.01812,0.01422,0.00000,0.00000,0.019,-0.001,0
748.2020,0.06271,-0.01876,0.01421,0.00000,0.00000,0.033,0.013,0
748.2540,0.06536,-0.01944,0.01418,0.00000,0.00000,0.048,0.027,0
748.3060,0.06797,-0.02019,0.01414,0.00000,0.00000,0.064,0.041,0
748.3580,0.07054,-0.02097,0.01408,0.00000,0.00000,0.080,0.057,0
748.4100,0.07308,-0.02180,0.01400,0.00000,0.00000,0.097,0.072,0
748.4620,0.07559,-0.02267,0.01391,0.00000,0.00000,0.115,0.088,0
748.5140,0.07808,-0.02359,0.01379,0.00000,0.00000,0.134,0.105,0
748.5660,0.08056,-0.02455,0.01366,0.00000,0.00000,0.153,0.121,0
748.6180,0.08303,-0.02554,0.01351,0.00000,0.00000,0.174,0.139,0
748.6700,0.08551,-0.02657,0.01333,0.00000,0.00000,0.195,0.156,0
748.7220,0.08803,-0.02762,0.01313,0.00000,0.00000,0.218,0.173,0
748.7740,0.09062,-0.02871,0.01291,0.00000,0.00000,0.241,0.191,0
748.8260,0.09331,-0.02984,0.01267,0.00000,0.00000,0.266,0.208,0
748.8780,0.09613,-0.03101,0.01240,0.00000,0.00000,0.291,0.225,0
748.9300,0.09909,-0.03219,0.01211,0.00000,0.00000,0.317,0.243,0
748.9820,0.10223,-0.03340,0.01179,0.00000,0.00000,0.345,0.260,0
749.0340,0.10554,-0.03463,0.01144,0.00000,0.00000,0.375,0.276,0
749.0860,0.10907,-0.03589,0.01107,0.00000,0.00000,0.406,0.293,0
749.1380,0.11281,-0.03716,0.01067,0.00000,0.00000,0.439,0.310,0
749.1900,0.11678,-0.03844,0.01024,0.00000,0.00000,0.475,0.326,0
749.2420,0.12101,-0.03974,0.00978,0.00000,0.00000,0.514,0.343,0
749.2940,0.12548,-0.04107,0.00930,0.00000,0.00000,0.556,0.359,0
749.3460,0.13022,-0.04239,0.00879,0.00000,0.00000,0.602,0.376,0
749.3980,0.13522,-0.04371,0.00825,0.00000,0.00000,0.653,0.393,0
749.4500,0.14048,-0.04502,0.00768,0.00000,0.00000,0.709,0.410,0
749.5020,0.14601,-0.04634,0.00708,0.00000,0.00000,0.770,0.428,0
749.5540,0.15180,-0.04764,0.00646,0.00000,0.00000,0.836,0.445,0
749.6060,0.15784,-0.04893,0.00581,0.00000,0.00000,0.909,0.463,0
749.6580,0.16414,-0.05021,0.00513,0.00000,0.00000,0.989,0.482,0
749.7100,0.17068,-0.05145,0.00442,0.00000,0.00000,1.075,0.500,0
749.7620,0.17744,-0.05266,0.00370,0.00000,0.00000,1.169,0.518,0
749.8140,0.18443,-0.05383,0.00294,0.00000,0.00000,1.269,0.536,0
749.8660,0.19162,-0.05496,0.00216,0.00000,0.00000,1.377,0.554,0
749.9180,0.19900,-0.05604,0.00136,0.00000,0.00000,1.491,0.572,0
749.9700,0.20654,-0.05706,0.00054,0.00000,0.00000,1.612,0.589,0
750.0220,0.21424,-0.05803,-0.00031,0.00000,0.00000,1.740,0.605,0
750.0740,0.22208,-0.05894,-0.00117,0.00000,0.00000,1.874,0.620,0
750.1260,0.23004,-0.05980,-0.00206,0.00000,0.00000,2.014,0.634,0
750.1780,0.23809,-0.06057,-0.00296,0.00000,0.00000,2.159,0.647,0
750.2300,0.24621,-0.06127,-0.00388,0.00000,0.00000,2.310,0.657,0
750.2820,0.25437,-0.06187,-0.00481,0.00000,0.00000,2.465,0.666,0
750.3340,0.26256,-0.06238,-0.00576,0.00000,0.00000,2.621,0.673,0
750.3860,0.27074,-0.06279,-0.00671,0.00000,0.00000,2.777,0.676,0
750.4380,0.27889,-0.06309,-0.00768,0.00000,0.00000,2.932,0.678,0
750.4900,0.28699,-0.06329,-0.00865,0.00000,0.00000,3.085,0.676,0
750.5420,0.29499,-0.06335,-0.00963,0.00000,0.00000,3.232,0.670,0
750.5940,0.30288,-0.06328,-0.01060,0.00000,0.00000,3.373,0.662,0
750.6460,0.31062,-0.06307,-0.01158,0.00000,0.00000,3.503,0.649,0
750.6980,0.31820,-0.06274,-0.01255,0.00000,0.00000,3.619,0.634,0
750.7500,0.32558,-0.06228,-0.01351,0.00000,0.00000,3.721,0.614,0
750.8020,0.33274,-0.06168,-0.01445,0.00000,0.00000,3.809,0.592,0
750.8540,0.33965,-0.06094,-0.01538,0.00000,0.00000,3.878,0.566,0
750.9060,0.34629,-0.06007,-0.01629,0.00000,0.00000,3.926,0.537,0
750.9580,0.35264,-0.05908,-0.01718,0.00000,0.00000,3.953,0.507,0
751.0100,0.35866,-0.05797,-0.01803,0.00000,0.00000,3.959,0.474,0
751.0620,0.36434,-0.05673,-0.01886,0.00000,0.00000,3.942,0.441,0
751.1140,0.36964,-0.05536,-0.01964,0.00000,0.00000,3.902,0.407,0
751.1660,0.37456,-0.05390,-0.02038,0.00000,0.00000,3.838,0.373,0
751.2180,0.37905,-0.05232,-0.02107,0.00000,0.00000,3.752,0.341,0
751.2700,0.38311,-0.05066,-0.02171,0.00000,0.00000,3.646,0.311,0
751.3220,0.38671,-0.04891,-0.02229,0.00000,0.00000,3.521,0.283,0
751.3740,0.38985,-0.04712,-0.02282,0.00000,0.00000,3.381,0.259,0
751.4260,0.39251,-0.04530,-0.02328,0.00000,0.00000,3.230,0.238,0
751.4780,0.39468,-0.04346,-0.02369,0.00000,0.00000,3.074,0.222,0
751.5300,0.39634,-0.04161,-0.02403,0.00000,0.00000,2.917,0.209,0
751.5820,0.39749,-0.03977,-0.02430,0.00000,0.00000,2.761,0.199,0
751.6340,0.39811,-0.03795,-0.02451,0.00000,0.00000,2.610,0.194,0
751.6860,0.39819,-0.03617,-0.02467,0.00000,0.00000,2.466,0.190,0
751.7380,0.39772,-0.03443,-0.02476,0.00000,0.00000,2.331,0.189,0
751.7900,0.39669,-0.03275,-0.02479,0.00000,0.00000,2.206,0.189,0
751.8420,0.39509,-0.03112,-0.02477,0.00000,0.00000,2.091,0.189,0
751.8940,0.39290,-0.02954,-0.02469,0.00000,0.00000,1.986,0.189,0
751.9460,0.39013,-0.02804,-0.02457,0.00000,0.00000,1.891,0.188,0
751.9980,0.38675,-0.02659,-0.02440,0.00000,0.00000,1.806,0.185,0
752.0500,0.38277,-0.02521,-0.02419,0.00000,0.00000,1.729,0.181,0
752.1020,0.37816,-0.02390,-0.02393,0.00000,0.00000,1.659,0.174,0
752.1540,0.37292,-0.02265,-0.02364,0.00000,0.00000,1.596,0.164,0
752.2060,0.36705,-0.02146,-0.02332,0.00000,0.00000,1.540,0.152,0
752.2580,0.36054,-0.02032,-0.02296,0.00000,0.00000,1.488,0.138,0
752.3100,0.35337,-0.01925,-0.02258,0.00000,0.00000,1.441,0.121,0
752.3620,0.34555,-0.01823,-0.02216,0.00000,0.00000,1.397,0.102,0
752.4140,0.33707,-0.01729,-0.02172,0.00000,0.00000,1.357,0.081,0
752.4660,0.32792,-0.01640,-0.02126,0.00000,0.00000,1.320,0.059,0
752.5180,0.31811,-0.01556,-0.02078,0.00000,0.00000,1.285,0.036,0
752.5700,0.30762,-0.01476,-0.02028,0.00000,0.00000,1.253,0.012,0
752.6220,0.29645,-0.01403,-0.01976,0.00000,0.00000,1.222,-0.012,0
752.6740,0.28460,-0.01333,-0.01923,0.00000,0.00000,1.193,-0.036,0
752.7260,0.27206,-0.01267,-0.01868,0.00000,0.00000,1.165,-0.059,0
752.7780,0.25883,-0.01205,-0.01813,0.00000,0.00000,1.139,-0.080,0
752.8300,0.24495,-0.01148,-0.01757,0.00000,0.00000,1.113,-0.100,0
752.8820,0.23061,-0.01095,-0.01700,0.00000,0.00000,1.088,-0.118,0
752.9340,0.21601,-0.01046,-0.01642,0.00000,0.00000,1.063,-0.134,0
752.9860,0.20131,-0.00999,-0.01585,0.00000,0.00000,1.036,-0.147,0
753.0380,0.18663,-0.00957,-0.01527,0.00000,0.00000,1.007,-0.159,0
753.0900,0.17209,-0.00917,-0.01469,0.00000,0.00000,0.976,-0.168,0
753.1420,0.15778,-0.00881,-0.01412,0.00000,0.00000,0.944,-0.176,0
753.1940,0.14377,-0.00847,-0.01354,0.00000,0.00000,0.909,-0.182,0
753.2460,0.13012,-0.00816,-0.01297,0.00000,0.00000,0.873,-0.186,0
753.2980,0.11690,-0.00790,-0.01241,0.00000,0.00000,0.836,-0.189,0
753.3500,0.10411,-0.00766,-0.01186,0.00000,0.00000,0.797,-0.190,0
753.4020,0.09181,-0.00745,-0.01132,0.00000,0.00000,0.758,-0.190,0
753.4540,0.08001,-0.00727,-0.01078,0.00000,0.00000,0.719,-0.189,0
753.5060,0.06873,-0.00713,-0.01026,0.00000,0.00000,0.679,-0.187,0
753.5580,0.05798,-0.00702,-0.00976,0.00000,0.00000,0.639,-0.183,0
753.6100,0.04777,-0.00695,-0.00927,0.00000,0.00000,0.600,-0.179,0
753.6620,0.03810,-0.00691,-0.00879,0.00000,0.00000,0.561,-0.174,0
753.7140,0.02897,-0.00691,-0.00833,0.00000,0.00000,0.523,-0.168,0
753.7660,0.02038,-0.00696,-0.00789,0.00000,0.00000,0.486,-0.161,0
753.8180,0.01232,-0.00702,-0.00746,0.00000,0.00000,0.449,-0.154,0
753.8700,0.00477,-0.00711,-0.00705,0.00000,0.00000,0.413,-0.146,0
753.9220,-0.00227,-0.00722,-0.00666,0.00000,0.00000,0.379,-0.138,0
753.9740,-0.00882,-0.00735,-0.00629,0.00000,0.00000,0.344,-0.130,0
754.0260,-0.01489,-0.00751,-0.00594,0.00000,0.00000,0.311,-0.121,0
754.0780,-0.02049,-0.00768,-0.00561,0.00000,0.00000,0.280,-0.112,0
754.1300,-0.02564,-0.00787,-0.00530,0.00000,0.00000,0.249,-0.102,0
754.1820,-0.03035,-0.00807,-0.00500,0.00000,0.00000,0.219,-0.093,0
754.2340,-0.03465,-0.00827,-0.00472,0.00000,0.00000,0.190,-0.084,0
754.2860,-0.03854,-0.00847,-0.00446,0.00000,0.00000,0.162,-0.074,0
754.3380,-0.04205,-0.00868,-0.00422,0.00000,0.00000,0.135,-0.065,0
754.3900,-0.04518,-0.00889,-0.00399,0.00000,0.00000,0.109,-0.056,0
754.4420,-0.04796,-0.00910,-0.00378,0.00000,0.00000,0.084,-0.047,0
754.4940,-0.05042,-0.00931,-0.00358,0.00000,0.00000,0.060,-0.038,0
754.5460,-0.05257,-0.00950,-0.00340,0.00000,0.00000,0.036,-0.029,0
754.5980,-0.05445,-0.00967,-0.00323,0.00000,0.00000,0.014,-0.021,0
754.6500,-0.05608,-0.00983,-0.00306,0.00000,0.00000,-0.007,-0.013,0
754.7020,-0.05749,-0.00996,-0.00291,0.00000,0.00000,-0.028,-0.005,0
754.7540,-0.05869,-0.01008,-0.00277,0.00000,0.00000,-0.047,0.002,0
754.8060,-0.05972,-0.01017,-0.00264,0.00000,0.00000,-0.066,0.009,0
754.8580,-0.06060,-0.01023,-0.00251,0.00000,0.00000,-0.084,0.016,0
754.9100,-0.06134,-0.01027,-0.00239,0.00000,0.00000,-0.101,0.022,0
754.9620,-0.06196,-0.01028,-0.00228,0.00000,0.00000,-0.116,0.028,0
755.0140,-0.06249,-0.01025,-0.00216,0.00000,0.00000,-0.132,0.033,0
755.0660,-0.06293,-0.01020,-0.00205,0.00000,0.00000,-0.146,0.038,0
755.1180,-0.06329,-0.01011,-0.00194,0.00000,0.00000,-0.159,0.043,0
755.1700,-0.06360,-0.00999,-0.00183,0.00000,0.00000,-0.172,0.047,0
755.2220,-0.06387,-0.00983,-0.00171,0.00000,0.00000,-0.184,0.051,0
755.2740,-0.06409,-0.00963,-0.00160,0.00000,0.00000,-0.195,0.055,0
755.3260,-0.06428,-0.00938,-0.00148,0.00000,0.00000,-0.205,0.058,0
755.3780,-0.06445,-0.00910,-0.00135,0.00000,0.00000,-0.215,0.061,0
755.4300,-0.06458,-0.00878,-0.00122,0.00000,0.00000,-0.224,0.064,0
755.4820,-0.06470,-0.00842,-0.00109,0.00000,0.00000,-0.232,0.066,0
755.5340,-0.06480,-0.00802,-0.00094,0.00000,0.00000,-0.239,0.068,0
755.5860,-0.06489,-0.00757,-0.00079,0.00000,0.00000,-0.246,0.070,0
755.6380,-0.06495,-0.00710,-0.00063,0.00000,0.00000,-0.251,0.071,0
755.6900,-0.06500,-0.00659,-0.00047,0.00000,0.00000,-0.256,0.072,0
755.7420,-0.06502,-0.00605,-0.00029,0.00000,0.00000,-0.261,0.073,0
755.7940,-0.06503,-0.00546,-0.00010,0.00000,0.00000,-0.264,0.074,0
755.8460,-0.06502,-0.00485,0.00009,0.00000,0.00000,-0.267,0.074,0
755.8980,-0.06498,-0.00420,0.00030,0.00000,0.00000,-0.269,0.074,0
755.9500,-0.06493,-0.00350,0.00051,0.00000,0.00000,-0.271,0.073,0
756.0020,-0.06484,-0.00279,0.00074,0.00000,0.00000,-0.271,0.073,0
756.0540,-0.06472,-0.00205,0.00097,0.00000,0.00000,-0.271,0.072,0
756.1060,-0.06456,-0.00129,0.00121,0.00000,0.00000,-0.270,0.071,0
756.1580,-0.06437,-0.00052,0.00147,0.00000,0.00000,-0.268,0.069,0
756.2100,-0.06414,0.00028,0.00173,0.00000,0.00000,-0.266,0.067,0
756.2620,-0.06386,0.00109,0.00200,0.00000,0.00000,-0.263,0.065,0
756.3140,-0.06354,0.00190,0.00227,0.00000,0.00000,-0.259,0.063,0
756.3660,-0.06316,0.00271,0.00256,0.00000,0.00000,-0.254,0.060,0
756.4180,-0.06274,0.00353,0.00285,0.00000,0.00000,-0.249,0.057,0
756.4700,-0.06225,0.00434,0.00315,0.00000,0.00000,-0.243,0.054,0
756.5220,-0.06171,0.00513,0.00345,0.00000,0.00000,-0.237,0.050,0
756.5740,-0.06110,0.00591,0.00375,0.00000,0.00000,-0.230,0.046,0
756.6260,-0.06043,0.00668,0.00406,0.00000,0.00000,-0.223,0.042,0
756.6780,-0.05970,0.00744,0.00438,0.00000,0.00000,-0.215,0.038,0
756.7300,-0.05891,0.00817,0.00469,0.00000,0.00000,-0.207,0.033,0
756.7820,-0.05805,0.00887,0.00500,0.00000,0.00000,-0.198,0.028,0
756.8340,-0.05711,0.00952,0.00532,0.00000,0.00000,-0.189,0.023,0
756.8860,-0.05610,0.01014,0.00563,0.00000,0.00000,-0.179,0.018,0
756.9380,-0.05501,0.01070,0.00594,0.00000,0.00000,-0.170,0.013,0
756.9900,-0.05385,0.01122,0.00625,0.00000,0.00000,-0.160,0.007,0
757.0420,-0.05261,0.01168,0.00655,0.00000,0.00000,-0.151,0.002,0
757.0940,-0.05131,0.01211,0.00685,0.00000,0.00000,-0.141,-0.004,0
757.1460,-0.04995,0.01249,0.00715,0.00000,0.00000,-0.131,-0.010,0
757.1980,-0.04851,0.01283,0.00744,0.00000,0.00000,-0.122,-0.015,0
757.2500,-0.04701,0.01310,0.00772,0.00000,0.00000,-0.112,-0.021,0
757.3020,-0.04543,0.01330,0.00800,0.00000,0.00000,-0.103,-0.027,0
757.3540,-0.04378,0.01343,0.00826,0.00000,0.00000,-0.093,-0.033,0
757.4060,-0.04206,0.01350,0.00852,0.00000,0.00000,-0.084,-0.039,0
757.4580,-0.04028,0.01351,0.00877,0.00000,0.00000,-0.076,-0.044,0
757.5100,-0.03844,0.01344,0.00901,0.00000,0.00000,-0.068,-0.050,0
757.5620,-0.03653,0.01330,0.00924,0.00000,0.00000,-0.060,-0.055,0
757.6140,-0.03457,0.01310,0.00947,0.00000,0.00000,-0.052,-0.061,0
757.6660,-0.03255,0.01283,0.00968,0.00000,0.00000,-0.045,-0.066,0
757.7180,-0.03048,0.01249,0.00988,0.00000,0.00000,-0.039,-0.071,0
757.7700,-0.02836,0.01209,0.01007,0.00000,0.00000,-0.033,-0.075,0
757.8220,-0.02620,0.01164,0.01025,0.00000,0.00000,-0.027,-0.080,0
757.8740,-0.02400,0.01111,0.01042,0.00000,0.00000,-0.022,-0.084,0
757.9260,-0.02175,0.01053,0.01058,0.00000,0.00000,-0.018,-0.088,0
757.9780,-0.01947,0.00988,0.01072,0.00000,0.00000,-0.014,-0.091,0
758.0300,-0.01716,0.00917,0.01086,0.00000,0.00000,-0.011,-0.095,0
758.0820,-0.01482,0.00840,0.01099,0.00000,0.00000,-0.008,-0.097,0
758.1340,-0.01245,0.00758,0.01111,0.00000,0.00000,-0.005,-0.100,0
758.1860,-0.01005,0.00670,0.01122,0.00000,0.00000,-0.003,-0.102,0
758.2380,-0.00764,0.00576,0.01131,0.00000,0.00000,-0.002,-0.104,0
758.2900,-0.00521,0.00477,0.01140,0.00000,0.00000,-0.001,-0.105,0
758.3420,-0.00275,0.00372,0.01148,0.00000,0.00000,-0.001,-0.106,0
758.3940,-0.00028,0.00262,0.01155,0.00000,0.00000,-0.001,-0.107,0
758.4460,0.00218,0.00148,0.01162,0.00000,0.00000,-0.001,-0.107,0
758.4980,0.00466,0.00030,0.01167,0.00000,0.00000,-0.002,-0.106,0
758.5500,0.00713,-0.00092,0.01172,0.00000,0.00000,-0.003,-0.105,0
758.6020,0.00960,-0.00216,0.01176,0.00000,0.00000,-0.004,-0.104,0
758.6540,0.01205,-0.00344,0.01180,0.00000,0.00000,-0.005,-0.102,0
758.7060,0.01451,-0.00475,0.01183,0.00000,0.00000,-0.006,-0.100,0
758.7580,0.01695,-0.00610,0.01185,0.00000,0.00000,-0.007,-0.098,0
758.8100,0.01938,-0.00748,0.01187,0.00000,0.00000,-0.009,-0.094,0
758.8620,0.02180,-0.00889,0.01188,0.00000,0.00000,-0.010,-0.091,0
758.9140,0.02420,-0.01032,0.01189,0.00000,0.00000,-0.011,-0.087,0
758.9660,0.02657,-0.01176,0.01190,0.00000,0.00000,-0.011,-0.082,0
759.0180,0.02891,-0.01322,0.01190,0.00000,0.00000,-0.012,-0.077,0
759.0700,0.03122,-0.01468,0.01189,0.00000,0.00000,-0.011,-0.072,0
759.1220,0.03349,-0.01614,0.01189,0.00000,0.00000,-0.011,-0.066,0
759.1740,0.03573,-0.01763,0.01187,0.00000,0.00000,-0.010,-0.059,0
759.2260,0.03792,-0.01912,0.01186,0.00000,0.00000,-0.008,-0.052,0
759.2780,0.04008,-0.02062,0.01184,0.00000,0.00000,-0.005,-0.045,0
759.3300,0.04220,-0.02213,0.01182,0.00000,0.00000,-0.001,-0.037,0
759.3820,0.04427,-0.02363,0.01180,0.00000,0.00000,0.003,-0.029,0
759.4340,0.04629,-0.02510,0.01177,0.00000,0.00000,0.009,-0.020,0
759.4860,0.04828,-0.02657,0.01174,0.00000,0.00000,0.015,-0.011,0
759.5380,0.05024,-0.02804,0.01171,0.00000,0.00000,0.023,-0.001,0
759.5900,0.05218,-0.02950,0.01167,0.00000,0.00000,0.032,0.009,0
759.6420,0.05410,-0.03096,0.01163,0.00000,0.00000,0.042,0.019,0
759.6940,0.05600,-0.03240,0.01159,0.00000,0.00000,0.053,0.030,0
759.7460,0.05790,-0.03383,0.01154,0.00000,0.00000,0.066,0.041,0
759.7980,0.05979,-0.03523,0.01148,0.00000,0.00000,0.080,0.053,0
759.8500,0.06169,-0.03661,0.01142,0.00000,0.00000,0.096,0.064,0
759.9020,0.06359,-0.03796,0.01136,0.00000,0.00000,0.112,0.077,0
759.9540,0.06551,-0.03930,0.01128,0.00000,0.00000,0.131,0.089,0
760.0060,0.06745,-0.04062,0.01120,0.00000,0.00000,0.150,0.101,0
760.0580,0.06942,-0.04192,0.01111,0.00000,0.00000,0.171,0.114,0
760.1100,0.07143,-0.04321,0.01102,0.00000,0.00000,0.193,0.127,0
760.1620,0.07347,-0.04449,0.01091,0.00000,0.00000,0.217,0.140,0
760.2140,0.07555,-0.04574,0.01079,0.00000,0.00000,0.243,0.153,0
760.2660,0.07767,-0.04696,0.01067,0.00000,0.00000,0.270,0.167,0
760.3180,0.07984,-0.04818,0.01053,0.00000,0.00000,0.298,0.180,0
760.3700,0.08205,-0.04937,0.01037,0.00000,0.00000,0.328,0.194,0
760.4220,0.08431,-0.05053,0.01021,0.00000,0.00000,0.359,0.207,0
760.4740,0.08661,-0.05167,0.01003,0.00000,0.00000,0.391,0.221,0
760.5260,0.08899,-0.05278,0.00983,0.00000,0.00000,0.424,0.234,0
760.5780,0.09147,-0.05385,0.00962,0.00000,0.00000,0.459,0.248,0
760.6300,0.09409,-0.05490,0.00940,0.00000,0.00000,0.495,0.261,0
760.6820,0.09686,-0.05592,0.00915,0.00000,0.00000,0.531,0.274,0
760.7340,0.09981,-0.05691,0.00889,0.00000,0.00000,0.569,0.287,0
760.7860,0.10295,-0.05786,0.00860,0.00000,0.00000,0.608,0.300,0
760.8380,0.10631,-0.05879,0.00830,0.00000,0.00000,0.648,0.313,0
760.8900,0.10991,-0.05970,0.00798,0.00000,0.00000,0.690,0.325,0
760.9420,0.11376,-0.06058,0.00763,0.00000,0.00000,0.734,0.338,0
760.9940,0.11786,-0.06142,0.00726,0.00000,0.00000,0.781,0.350,0
761.0460,0.12223,-0.06223,0.00687,0.00000,0.00000,0.830,0.363,0
761.0980,0.12688,-0.06302,0.00646,0.00000,0.00000,0.883,0.376,0
761.1500,0.13182,-0.06378,0.00602,0.00000,0.00000,0.939,0.390,0
761.2020,0.13704,-0.06451,0.00556,0.00000,0.00000,1.000,0.404,0
761.2540,0.14255,-0.06521,0.00507,0.00000,0.00000,1.066,0.418,0
761.3060,0.14833,-0.06588,0.00456,0.00000,0.00000,1.136,0.433,0
761.3580,0.15440,-0.06651,0.00403,0.00000,0.00000,1.212,0.449,0
761.4100,0.16074,-0.06711,0.00347,0.00000,0.00000,1.293,0.466,0
761.4620,0.16735,-0.06766,0.00289,0.00000,0.00000,1.381,0.483,0
761.5140,0.17421,-0.06819,0.00228,0.00000,0.00000,1.474,0.501,0
761.5660,0.18132,-0.06866,0.00165,0.00000,0.00000,1.573,0.520,0
761.6180,0.18865,-0.06909,0.00100,0.00000,0.00000,1.678,0.539,0
761.6700,0.19619,-0.06948,0.00033,0.00000,0.00000,1.790,0.558,0
761.7220,0.20394,-0.06983,-0.00037,0.00000,0.00000,1.907,0.578,0
761.7740,0.21187,-0.07014,-0.00109,0.00000,0.00000,2.031,0.598,0
761.8260,0.21995,-0.07038,-0.00184,0.00000,0.00000,2.162,0.617,0
761.8780,0.22817,-0.07056,-0.00260,0.00000,0.00000,2.298,0.636,0
761.9300,0.23650,-0.07069,-0.00339,0.00000,0.00000,2.438,0.655,0
761.9820,0.24491,-0.07075,-0.00419,0.00000,0.00000,2.582,0.672,0
762.0340,0.25338,-0.07073,-0.00501,0.00000,0.00000,2.729,0.689,0
762.0860,0.26189,-0.07065,-0.00586,0.00000,0.00000,2.878,0.703,0
762.1380,0.27040,-0.07048,-0.00671,0.00000,0.00000,3.027,0.715,0
762.1900,0.27888,-0.07023,-0.00759,0.00000,0.00000,3.175,0.725,0
762.2420,0.28730,-0.06990,-0.00848,0.00000,0.00000,3.321,0.732,0
762.2940,0.29565,-0.06949,-0.00938,0.00000,0.00000,3.462,0.736,0
762.3460,0.30389,-0.06901,-0.01029,0.00000,0.00000,3.598,0.736,0
762.3980,0.31199,-0.06844,-0.01121,0.00000,0.00000,3.729,0.732,0
762.4500,0.31991,-0.06778,-0.01213,0.00000,0.00000,3.852,0.723,0
762.5020,0.32762,-0.06702,-0.01306,0.00000,0.00000,3.963,0.710,0
762.5540,0.33510,-0.06618,-0.01399,0.00000,0.00000,4.059,0.693,0
762.6060,0.34231,-0.06524,-0.01492,0.00000,0.00000,4.138,0.670,0
762.6580,0.34921,-0.06421,-0.01583,0.00000,0.00000,4.199,0.643,0
762.7100,0.35578,-0.06310,-0.01674,0.00000,0.00000,4.239,0.611,0
762.7620,0.36198,-0.06190,-0.01764,0.00000,0.00000,4.257,0.575,0
762.8140,0.36779,-0.06063,-0.01851,0.00000,0.00000,4.253,0.536,0
762.8660,0.37318,-0.05930,-0.01936,0.00000,0.00000,4.226,0.493,0
762.9180,0.37812,-0.05793,-0.02018,0.00000,0.00000,4.176,0.449,0
762.9700,0.38260,-0.05652,-0.02096,0.00000,0.00000,4.107,0.403,0
763.0220,0.38657,-0.05508,-0.02171,0.00000,0.00000,4.021,0.358,0
763.0740,0.39003,-0.05363,-0.02241,0.00000,0.00000,3.920,0.313,0
763.1260,0.39294,-0.05219,-0.02307,0.00000,0.00000,3.805,0.271,0
763.1780,0.39529,-0.05075,-0.02367,0.00000,0.00000,3.681,0.231,0
763.2300,0.39705,-0.04934,-0.02421,0.00000,0.00000,3.551,0.195,0
763.2820,0.39820,-0.04796,-0.02470,0.00000,0.00000,3.417,0.164,0
763.3340,0.39871,-0.04662,-0.02512,0.00000,0.00000,3.283,0.136,0
763.3860,0.39858,-0.04533,-0.02549,0.00000,0.00000,3.150,0.113,0
763.4380,0.39778,-0.04410,-0.02579,0.00000,0.00000,3.020,0.093,0
763.4900,0.39629,-0.04294,-0.02604,0.00000,0.00000,2.895,0.077,0
763.5420,0.39409,-0.04184,-0.02622,0.00000,0.00000,2.775,0.064,0
763.5940,0.39118,-0.04082,-0.02635,0.00000,0.00000,2.660,0.052,0
763.6460,0.38753,-0.03987,-0.02643,0.00000,0.00000,2.552,0.041,0
763.6980,0.38312,-0.03899,-0.02645,0.00000,0.00000,2.449,0.031,0
763.7500,0.37793,-0.03816,-0.02643,0.00000,0.00000,2.351,0.020,0
763.8020,0.37196,-0.03739,-0.02636,0.00000,0.00000,2.257,0.009,0
763.8540,0.36519,-0.03668,-0.02625,0.00000,0.00000,2.167,-0.003,0
763.9060,0.35760,-0.03602,-0.02609,0.00000,0.00000,2.081,-0.016,0
763.9580,0.34917,-0.03538,-0.02591,0.00000,0.00000,1.998,-0.030,0
764.0100,0.33991,-0.03478,-0.02568,0.00000,0.00000,1.918,-0.046,0
764.0620,0.32979,-0.03421,-0.02543,0.00000,0.00000,1.842,-0.062,0
764.1140,0.31881,-0.03365,-0.02515,0.00000,0.00000,1.769,-0.080,0
764.1660,0.30695,-0.03310,-0.02484,0.00000,0.00000,1.700,-0.097,0
764.2180,0.29420,-0.03253,-0.02450,0.00000,0.00000,1.634,-0.115,0
764.2700,0.28055,-0.03194,-0.02414,0.00000,0.00000,1.573,-0.133,0
764.3220,0.26600,-0.03133,-0.02376,0.00000,0.00000,1.517,-0.150,0
764.3740,0.25067,-0.03070,-0.02337,0.00000,0.00000,1.465,-0.166,0
764.4260,0.23476,-0.03004,-0.02295,0.00000,0.00000,1.418,-0.181,0
764.4780,0.21849,-0.02935,-0.02252,0.00000,0.00000,1.373,-0.195,0
764.5300,0.20204,-0.02862,-0.02208,0.00000,0.00000,1.329,-0.207,0
764.5820,0.18555,-0.02781,-0.02161,0.00000,0.00000,1.283,-0.217,0
764.6340,0.16914,-0.02694,-0.02114,0.00000,0.00000,1.235,-0.226,0
764.6860,0.15293,-0.02601,-0.02065,0.00000,0.00000,1.185,-0.232,0
764.7380,0.13701,-0.02501,-0.02016,0.00000,0.00000,1.134,-0.237,0
764.7900,0.12145,-0.02395,-0.01965,0.00000,0.00000,1.080,-0.240,0
764.8420,0.10632,-0.02282,-0.01913,0.00000,0.00000,1.025,-0.242,0
764.8940,0.09166,-0.02163,-0.01861,0.00000,0.00000,0.968,-0.242,0
764.9460,0.07753,-0.02037,-0.01808,0.00000,0.00000,0.910,-0.240,0
764.9980,0.06395,-0.01905,-0.01755,0.00000,0.00000,0.852,-0.236,0
765.0500,0.05096,-0.01767,-0.01701,0.00000,0.00000,0.793,-0.231,0
765.1020,0.03858,-0.01623,-0.01646,0.00000,0.00000,0.735,-0.225,0
765.1540,0.02683,-0.01474,-0.01592,0.00000,0.00000,0.676,-0.217,0
765.2060,0.01573,-0.01320,-0.01537,0.00000,0.00000,0.619,-0.208,0
765.2580,0.00527,-0.01160,-0.01483,0.00000,0.00000,0.562,-0.198,0
765.3100,-0.00457,-0.00995,-0.01428,0.00000,0.00000,0.506,-0.187,0
765.3620,-0.01381,-0.00826,-0.01374,0.00000,0.00000,0.451,-0.175,0
765.4140,-0.02249,-0.00652,-0.01320,0.00000,0.00000,0.399,-0.162,0
765.4660,-0.03062,-0.00474,-0.01266,0.00000,0.00000,0.348,-0.149,0
765.5180,-0.03820,-0.00293,-0.01212,0.00000,0.00000,0.300,-0.136,0
765.5700,-0.04526,-0.00109,-0.01159,0.00000,0.00000,0.255,-0.122,0
765.6220,-0.05179,0.00077,-0.01106,0.00000,0.00000,0.212,-0.107,0
765.6740,-0.05780,0.00263,-0.01054,0.00000,0.00000,0.171,-0.093,0
765.7260,-0.06328,0.00451,-0.01002,0.00000,0.00000,0.133,-0.078,0
765.7780,-0.06825,0.00638,-0.00950,0.00000,0.00000,0.097,-0.063,0
765.8300,-0.07272,0.00827,-0.00899,0.00000,0.00000,0.063,-0.048,0
765.8820,-0.07669,0.01013,-0.00848,0.00000,0.00000,0.032,-0.032,0
765.9340,-0.08018,0.01197,-0.00797,0.00000,0.00000,0.004,-0.017,0
765.9860,-0.08319,0.01379,-0.00747,0.00000,0.00000,-0.022,-0.002,0
766.0380,-0.08576,0.01557,-0.00697,0.00000,0.00000,-0.045,0.013,0
766.0900,-0.08789,0.01733,-0.00647,0.00000,0.00000,-0.066,0.027,0
766.1420,-0.08960,0.01905,-0.00598,0.00000,0.00000,-0.083,0.041,0
766.1940,-0.09092,0.02072,-0.00548,0.00000,0.00000,-0.098,0.055,0
766.2460,-0.09190,0.02233,-0.00499,0.00000,0.00000,-0.110,0.068,0
766.2980,-0.09259,0.02390,-0.00449,0.00000,0.00000,-0.119,0.080,0
766.3500,-0.09303,0.02541,-0.00400,0.00000,0.00000,-0.125,0.091,0
766.4020,-0.09327,0.02684,-0.00350,0.00000,0.00000,-0.127,0.101,0
766.4540,-0.09334,0.02821,-0.00300,0.00000,0.00000,-0.127,0.110,0
766.5060,-0.09326,0.02950,-0.00250,0.00000,0.00000,-0.124,0.118,0
766.5580,-0.09306,0.03070,-0.00199,0.00000,0.00000,-0.119,0.125,0
766.6100,-0.09278,0.03183,-0.00148,0.00000,0.00000,-0.111,0.131,0
766.6620,-0.09241,0.03288,-0.00096,0.00000,0.00000,-0.101,0.136,0
766.7140,-0.09198,0.03384,-0.00044,0.00000,0.00000,-0.090,0.140,0
766.7660,-0.09149,0.03469,0.00009,0.00000,0.00000,-0.076,0.143,0
766.8180,-0.09096,0.03547,0.00062,0.00000,0.00000,-0.061,0.145,0
766.8700,-0.09039,0.03615,0.00116,0.00000,0.00000,-0.045,0.146,0
766.9220,-0.08978,0.03674,0.00171,0.00000,0.00000,-0.028,0.146,0
766.9740,-0.08914,0.03724,0.00227,0.00000,0.00000,-0.009,0.146,0
767.0260,-0.08846,0.03764,0.00283,0.00000,0.00000,0.010,0.144,0
767.0780,-0.08775,0.03794,0.00340,0.00000,0.00000,0.030,0.142,0
767.1300,-0.08699,0.03815,0.00398,0.00000,0.00000,0.050,0.139,0
767.1820,-0.08619,0.03825,0.00456,0.00000,0.00000,0.070,0.135,0
767.2340,-0.08534,0.03826,0.00515,0.00000,0.00000,0.090,0.130,0
767.2860,-0.08443,0.03817,0.00575,0.00000,0.00000,0.110,0.125,0
767.3380,-0.08346,0.03798,0.00635,0.00000,0.00000,0.129,0.119,0
767.3900,-0.08243,0.03769,0.00695,0.00000,0.00000,0.148,0.112,0
767.4420,-0.08134,0.03732,0.00756,0.00000,0.00000,0.167,0.105,0
767.4940,-0.08017,0.03685,0.00817,0.00000,0.00000,0.184,0.096,0
767.5460,-0.07892,0.03630,0.00878,0.00000,0.00000,0.201,0.088,0
767.5980,-0.07758,0.03566,0.00939,0.00000,0.00000,0.217,0.079,0
767.6500,-0.07616,0.03494,0.01000,0.00000,0.00000,0.232,0.069,0
767.7020,-0.07465,0.03413,0.01060,0.00000,0.00000,0.246,0.059,0
767.7540,-0.07303,0.03322,0.01120,0.00000,0.00000,0.258,0.048,0
767.8060,-0.07130,0.03221,0.01179,0.00000,0.00000,0.269,0.037,0
767.8580,-0.06947,0.03112,0.01238,0.00000,0.00000,0.279,0.026,0
767.9100,-0.06752,0.02996,0.01295,0.00000,0.00000,0.287,0.015,0
767.9620,-0.06547,0.02873,0.01352,0.00000,0.00000,0.294,0.003,0
768.0140,-0.06331,0.02742,0.01407,0.00000,0.00000,0.299,-0.009,0
768.0660,-0.06102,0.02603,0.01461,0.00000,0.00000,0.303,-0.021,0
768.1180,-0.05862,0.02457,0.01513,0.00000,0.00000,0.305,-0.033,0
768.1700,-0.05611,0.02305,0.01563,0.00000,0.00000,0.306,-0.044,0
768.2220,-0.05348,0.02146,0.01611,0.00000,0.00000,0.306,-0.056,0
768.2740,-0.05074,0.01980,0.01658,0.00000,0.00000,0.304,-0.068,0
768.3260,-0.04788,0.01809,0.01702,0.00000,0.00000,0.300,-0.079,0
768.3780,-0.04492,0.01632,0.01744,0.00000,0.00000,0.295,-0.090,0
768.4300,-0.04184,0.01450,0.01783,0.00000,0.00000,0.289,-0.100,0
768.4820,-0.03867,0.01263,0.01819,0.00000,0.00000,0.282,-0.110,0
768.5340,-0.03540,0.01071,0.01853,0.00000,0.00000,0.273,-0.120,0
768.5860,-0.03205,0.00877,0.01883,0.00000,0.00000,0.264,-0.128,0
768.6380,-0.02861,0.00681,0.01911,0.00000,0.00000,0.253,-0.137,0
768.6900,-0.02510,0.00481,0.01935,0.00000,0.00000,0.242,-0.144,0
768.7420,-0.02152,0.00279,0.01956,0.00000,0.00000,0.230,-0.151,0
768.7940,-0.01788,0.00074,0.01973,0.00000,0.00000,0.217,-0.157,0
768.8460,-0.01418,-0.00132,0.01987,0.00000,0.00000,0.203,-0.161,0
768.8980,-0.01043,-0.00340,0.01997,0.00000,0.00000,0.189,-0.165,0
768.9500,-0.00665,-0.00550,0.02004,0.00000,0.00000,0.175,-0.168,0
769.0020,-0.00285,-0.00759,0.02006,0.00000,0.00000,0.160,-0.170,0
769.0540,0.00097,-0.00968,0.02005,0.00000,0.00000,0.145,-0.171,0
769.1060,0.00478,-0.01175,0.01999,0.00000,0.00000,0.131,-0.171,0
769.1580,0.00859,-0.01381,0.01990,0.00000,0.00000,0.117,-0.170,0
769.2100,0.01236,-0.01583,0.01977,0.00000,0.00000,0.103,-0.168,0
769.2620,0.01610,-0.01782,0.01959,0.00000,0.00000,0.089,-0.165,0
769.3140,0.01979,-0.01978,0.01938,0.00000,0.00000,0.076,-0.161,0
769.3660,0.02341,-0.02170,0.01912,0.00000,0.00000,0.064,-0.155,0
769.4180,0.02697,-0.02358,0.01883,0.00000,0.00000,0.053,-0.149,0
769.4700,0.03043,-0.02542,0.01849,0.00000,0.00000,0.043,-0.142,0
769.5220,0.03380,-0.02721,0.01812,0.00000,0.00000,0.034,-0.134,0
769.5740,0.03705,-0.02893,0.01770,0.00000,0.00000,0.026,-0.125,0
769.6260,0.04018,-0.03060,0.01725,0.00000,0.00000,0.020,-0.115,0
769.6780,0.04316,-0.03220,0.01676,0.00000,0.00000,0.015,-0.105,0
769.7300,0.04599,-0.03374,0.01624,0.00000,0.00000,0.012,-0.093,0
769.7820,0.04866,-0.03520,0.01568,0.00000,0.00000,0.010,-0.082,0
769.8340,0.05116,-0.03660,0.01509,0.00000,0.00000,0.010,-0.069,0
769.8860,0.05349,-0.03793,0.01446,0.00000,0.00000,0.012,-0.056,0
769.9380,0.05565,-0.03919,0.01381,0.00000,0.00000,0.016,-0.043,0
769.9900,0.05765,-0.04039,0.01312,0.00000,0.00000,0.022,-0.029,0
770.0420,0.05948,-0.04150,0.01241,0.00000,0.00000,0.029,-0.015,0
770.0940,0.06114,-0.04254,0.01168,0.00000,0.00000,0.039,-0.002,0
770.1460,0.06264,-0.04349,0.01092,0.00000,0.00000,0.050,0.012,0
770.1980,0.06400,-0.04437,0.01015,0.00000,0.00000,0.062,0.026,0
770.2500,0.06522,-0.04519,0.00935,0.00000,0.00000,0.076,0.039,0
770.3020,0.06631,-0.04594,0.00855,0.00000,0.00000,0.092,0.052,0
770.3540,0.06727,-0.04661,0.00772,0.00000,0.00000,0.109,0.065,0
770.4060,0.06811,-0.04721,0.00689,0.00000,0.00000,0.126,0.077,0
770.4580,0.06883,-0.04773,0.00605,0.00000,0.00000,0.145,0.088,0
770.5100,0.06946,-0.04819,0.00521,0.00000,0.00000,0.165,0.099,0
770.5620,0.07000,-0.04860,0.00436,0.00000,0.00000,0.186,0.109,0
770.6140,0.07044,-0.04893,0.00351,0.00000,0.00000,0.207,0.118,0
770.6660,0.07079,-0.04920,0.00267,0.00000,0.00000,0.228,0.126,0
770.7180,0.07107,-0.04941,0.00183,0.00000,0.00000,0.250,0.134,0
770.7700,0.07126,-0.04955,0.00100,0.00000,0.00000,0.272,0.141,0
770.8220,0.07139,-0.04964,0.00018,0.00000,0.00000,0.294,0.146,0
770.8740,0.07144,-0.04967,-0.00063,0.00000,0.00000,0.316,0.151,0
770.9260,0.07143,-0.04965,-0.00141,0.00000,0.00000,0.337,0.155,0
770.9780,0.07136,-0.04958,-0.00218,0.00000,0.00000,0.359,0.158,0
771.0300,0.07124,-0.04947,-0.00293,0.00000,0.00000,0.380,0.161,0
771.0820,0.07106,-0.04931,-0.00365,0.00000,0.00000,0.400,0.162,0
771.1340,0.07083,-0.04913,-0.00435,0.00000,0.00000,0.421,0.163,0
771.1860,0.07056,-0.04890,-0.00502,0.00000,0.00000,0.440,0.163,0
771.2380,0.07023,-0.04864,-0.00566,0.00000,0.00000,0.459,0.162,0
771.2900,0.06986,-0.04835,-0.00626,0.00000,0.00000,0.478,0.160,0
771.3420,0.06945,-0.04803,-0.00683,0.00000,0.00000,0.495,0.158,0
771.3940,0.06899,-0.04765,-0.00737,0.00000,0.00000,0.512,0.155,0
771.4460,0.06848,-0.04724,-0.00786,0.00000,0.00000,0.527,0.152,0
771.4980,0.06793,-0.04681,-0.00832,0.00000,0.00000,0.542,0.148,0
771.5500,0.06735,-0.04636,-0.00874,0.00000,0.00000,0.555,0.143,0
771.6020,0.06673,-0.04588,-0.00911,0.00000,0.00000,0.568,0.139,0
771.6540,0.06608,-0.04538,-0.00945,0.00000,0.00000,0.580,0.133,0
771.7060,0.06540,-0.04486,-0.00974,0.00000,0.00000,0.590,0.128,0
771.7580,0.06469,-0.04432,-0.00998,0.00000,0.00000,0.600,0.123,0
771.8100,0.06396,-0.04378,-0.01019,0.00000,0.00000,0.608,0.117,0
771.8620,0.06321,-0.04323,-0.01035,0.00000,0.00000,0.616,0.111,0
771.9140,0.06245,-0.04268,-0.01046,0.00000,0.00000,0.623,0.105,0
771.9660,0.06167,-0.04213,-0.01053,0.00000,0.00000,0.628,0.099,0
772.0180,0.06088,-0.04158,-0.01056,0.00000,0.00000,0.634,0.093,0
772.0700,0.06008,-0.04104,-0.01055,0.00000,0.00000,0.638,0.087,0
772.1220,0.05929,-0.04051,-0.01050,0.00000,0.00000,0.641,0.081,0
772.1740,0.05850,-0.04001,-0.01040,0.00000,0.00000,0.644,0.076,0
772.2260,0.05772,-0.03954,-0.01027,0.00000,0.00000,0.646,0.070,0
772.2780,0.05695,-0.03908,-0.01010,0.00000,0.00000,0.648,0.065,0
772.3300,0.05619,-0.03864,-0.00990,0.00000,0.00000,0.650,0.060,0
772.3820,0.05545,-0.03824,-0.00966,0.00000,0.00000,0.650,0.056,0
772.4340,0.05473,-0.03785,-0.00939,0.00000,0.00000,0.651,0.051,0
772.4860,0.05403,-0.03750,-0.00909,0.00000,0.00000,0.651,0.047,0
772.5380,0.05334,-0.03717,-0.00877,0.00000,0.00000,0.650,0.043,0
772.5900,0.05269,-0.03687,-0.00841,0.00000,0.00000,0.649,0.040,0
772.6420,0.05206,-0.03660,-0.00804,0.00000,0.00000,0.648,0.037,0
772.6940,0.05146,-0.03637,-0.00764,0.00000,0.00000,0.647,0.034,0
772.7460,0.05088,-0.03617,-0.00723,0.00000,0.00000,0.645,0.032,0
772.7980,0.05035,-0.03601,-0.00681,0.00000,0.00000,0.643,0.030,0
772.8500,0.04985,-0.03590,-0.00637,0.00000,0.00000,0.642,0.028,0
772.9020,0.04939,-0.03585,-0.00592,0.00000,0.00000,0.640,0.027,0
772.9540,0.04898,-0.03583,-0.00547,0.00000,0.00000,0.638,0.026,0
773.0060,0.04860,-0.03588,-0.00501,0.00000,0.00000,0.637,0.026,0
773.0580,0.04828,-0.03598,-0.00455,0.00000,0.00000,0.636,0.026,0
773.1100,0.04800,-0.03613,-0.00409,0.00000,0.00000,0.635,0.026,0
773.1620,0.04776,-0.03633,-0.00364,0.00000,0.00000,0.635,0.026,0
773.2140,0.04755,-0.03658,-0.00319,0.00000,0.00000,0.635,0.027,0
773.2660,0.04739,-0.03686,-0.00276,0.00000,0.00000,0.635,0.028,0
773.3180,0.04726,-0.03720,-0.00233,0.00000,0.00000,0.635,0.029,0
773.3700,0.04716,-0.03758,-0.00192,0.00000,0.00000,0.635,0.030,0
773.4220,0.04710,-0.03799,-0.00153,0.00000,0.00000,0.636,0.032,0
773.4740,0.04706,-0.03845,-0.00116,0.00000,0.00000,0.638,0.034,0
773.5260,0.04706,-0.03896,-0.00080,0.00000,0.00000,0.640,0.035,0
773.5780,0.04709,-0.03951,-0.00047,0.00000,0.00000,0.642,0.037,0
773.6300,0.04714,-0.04011,-0.00016,0.00000,0.00000,0.644,0.040,0
773.6820,0.04723,-0.04075,0.00012,0.00000,0.00000,0.648,0.042,0
773.7340,0.04734,-0.04144,0.00037,0.00000,0.00000,0.652,0.044,0
773.7860,0.04746,-0.04217,0.00060,0.00000,0.00000,0.656,0.047,0
773.8380,0.04760,-0.04292,0.00080,0.00000,0.00000,0.661,0.049,0
773.8900,0.04774,-0.04369,0.00097,0.00000,0.00000,0.666,0.051,0
773.9420,0.04788,-0.04448,0.00111,0.00000,0.00000,0.671,0.054,0
773.9940,0.04801,-0.04528,0.00121,0.00000,0.00000,0.677,0.056,0
774.0460,0.04814,-0.04609,0.00129,0.00000,0.00000,0.683,0.058,0
774.0980,0.04827,-0.04693,0.00133,0.00000,0.00000,0.689,0.060,0
774.1500,0.04838,-0.04777,0.00135,0.00000,0.00000,0.695,0.062,0
774.2020,0.04848,-0.04863,0.00133,0.00000,0.00000,0.702,0.064,0
774.2540,0.04856,-0.04949,0.00128,0.00000,0.00000,0.709,0.065,0
774.3060,0.04863,-0.05036,0.00121,0.00000,0.00000,0.716,0.067,0
774.3580,0.04866,-0.05121,0.00110,0.00000,0.00000,0.724,0.068,0
774.4100,0.04867,-0.05207,0.00097,0.00000,0.00000,0.731,0.069,0
774.4620,0.04864,-0.05292,0.00081,0.00000,0.00000,0.739,0.070,0
774.5140,0.04858,-0.05376,0.00062,0.00000,0.00000,0.746,0.071,0
774.5660,0.04848,-0.05459,0.00041,0.00000,0.00000,0.753,0.071,0
774.6180,0.04835,-0.05540,0.00018,0.00000,0.00000,0.761,0.071,0
774.6700,0.04818,-0.05620,-0.00007,0.00000,0.00000,0.768,0.071,0
774.7220,0.04796,-0.05698,-0.00035,0.00000,0.00000,0.775,0.071,0
774.7740,0.04769,-0.05772,-0.00064,0.00000,0.00000,0.782,0.070,0
774.8260,0.04738,-0.05844,-0.00094,0.00000,0.00000,0.789,0.069,0
774.8780,0.04702,-0.05914,-0.00126,0.00000,0.00000,0.796,0.068,0
774.9300,0.04661,-0.05978,-0.00160,0.00000,0.00000,0.802,0.066,0
774.9820,0.04614,-0.06038,-0.00194,0.00000,0.00000,0.807,0.064,0
775.0340,0.04561,-0.06094,-0.00229,0.00000,0.00000,0.812,0.062,0
775.0860,0.04503,-0.06145,-0.00264,0.00000,0.00000,0.816,0.060,0
775.1380,0.04441,-0.06192,-0.00300,0.00000,0.00000,0.820,0.058,0
775.1900,0.04373,-0.06235,-0.00336,0.00000,0.00000,0.823,0.055,0
775.2420,0.04300,-0.06272,-0.00372,0.00000,0.00000,0.826,0.052,0
775.2940,0.04222,-0.06304,-0.00407,0.00000,0.00000,0.828,0.049,0
775.3460,0.04138,-0.06330,-0.00442,0.00000,0.00000,0.829,0.046,0
775.3980,0.04049,-0.06348,-0.00476,0.00000,0.00000,0.829,0.042,0
775.4500,0.03955,-0.06361,-0.00510,0.00000,0.00000,0.828,0.039,0
775.5020,0.03856,-0.06367,-0.00542,0.00000,0.00000,0.826,0.035,0
775.5540,0.03753,-0.06366,-0.00573,0.00000,0.00000,0.823,0.031,0
775.6060,0.03646,-0.06359,-0.00602,0.00000,0.00000,0.820,0.028,0
775.6580,0.03535,-0.06346,-0.00629,0.00000,0.00000,0.815,0.024,0
775.7100,0.03422,-0.06328,-0.00655,0.00000,0.00000,0.810,0.020,0
775.7620,0.03306,-0.06304,-0.00679,0.00000,0.00000,0.804,0.016,0
775.8140,0.03188,-0.06274,-0.00700,0.00000,0.00000,0.798,0.012,0
775.8660,0.03069,-0.06240,-0.00719,0.00000,0.00000,0.791,0.009,0
775.9180,0.02949,-0.06199,-0.00736,0.00000,0.00000,0.783,0.005,0
775.9700,0.02827,-0.06153,-0.00750,0.00000,0.00000,0.775,0.001,0
776.0220,0.02706,-0.06102,-0.00762,0.00000,0.00000,0.766,-0.002,0
776.0740,0.02585,-0.06046,-0.00771,0.00000,0.00000,0.756,-0.005,0
776.1260,0.02464,-0.05984,-0.00778,0.00000,0.00000,0.746,-0.009,0
776.1780,0.02345,-0.05917,-0.00781,0.00000,0.00000,0.735,-0.012,0
776.2300,0.02226,-0.05844,-0.00782,0.00000,0.00000,0.724,-0.014,0
776.2820,0.02110,-0.05766,-0.00781,0.00000,0.00000,0.712,-0.017,0
776.3340,0.01995,-0.05681,-0.00776,0.00000,0.00000,0.700,-0.019,0
776.3860,0.01883,-0.05592,-0.00769,0.00000,0.00000,0.687,-0.022,0
776.4380,0.01774,-0.05498,-0.00759,0.00000,0.00000,0.673,-0.024,0
776.4900,0.01669,-0.05400,-0.00746,0.00000,0.00000,0.659,-0.025,0
776.5420,0.01568,-0.05300,-0.00731,0.00000,0.00000,0.646,-0.027,0
776.5940,0.01472,-0.05195,-0.00713,0.00000,0.00000,0.632,-0.028,0
776.6460,0.01380,-0.05085,-0.00693,0.00000,0.00000,0.617,-0.029,0
776.6980,0.01293,-0.04971,-0.00670,0.00000,0.00000,0.603,-0.030,0
776.7500,0.01210,-0.04853,-0.00646,0.00000,0.00000,0.588,-0.031,0
776.8020,0.01133,-0.04731,-0.00619,0.00000,0.00000,0.573,-0.031,0
776.8540,0.01062,-0.04608,-0.00591,0.00000,0.00000,0.558,-0.032,0
776.9060,0.00998,-0.04484,-0.00560,0.00000,0.00000,0.543,-0.032,0
776.9580,0.00942,-0.04360,-0.00528,0.00000,0.00000,0.528,-0.032,0
777.0100,0.00892,-0.04235,-0.00495,0.00000,0.00000,0.514,-0.031,0
777.0620,0.00849,-0.04109,-0.00460,0.00000,0.00000,0.501,-0.031,0
777.1140,0.00812,-0.03981,-0.00425,0.00000,0.00000,0.487,-0.030,0
777.1660,0.00782,-0.03853,-0.00388,0.00000,0.00000,0.473,-0.029,0
777.2180,0.00758,-0.03723,-0.00351,0.00000,0.00000,0.460,-0.028,0
777.2700,0.00741,-0.03594,-0.00313,0.00000,0.00000,0.447,-0.027,0
777.3220,0.00730,-0.03465,-0.00275,0.00000,0.00000,0.435,-0.026,0
777.3740,0.00725,-0.03335,-0.00237,0.00000,0.00000,0.422,-0.025,0
777.4260,0.00726,-0.03206,-0.00200,0.00000,0.00000,0.411,-0.023,0
777.4780,0.00732,-0.03077,-0.00162,0.00000,0.00000,0.399,-0.022,0
777.5300,0.00744,-0.02949,-0.00126,0.00000,0.00000,0.388,-0.020,0
777.5820,0.00761,-0.02823,-0.00090,0.00000,0.00000,0.377,-0.019,0
777.6340,0.00783,-0.02699,-0.00055,0.00000,0.00000,0.367,-0.017,0
777.6860,0.00810,-0.02576,-0.00021,0.00000,0.00000,0.357,-0.015,0
777.7380,0.00841,-0.02456,0.00011,0.00000,0.00000,0.347,-0.014,0
777.7900,0.00877,-0.02340,0.00042,0.00000,0.00000,0.339,-0.012,0
777.8420,0.00916,-0.02226,0.00071,0.00000,0.00000,0.330,-0.010,0
777.8940,0.00959,-0.02116,0.00098,0.00000,0.00000,0.322,-0.008,0
777.9460,0.01004,-0.02008,0.00123,0.00000,0.00000,0.315,-0.007,0
777.9980,0.01051,-0.01903,0.00146,0.00000,0.00000,0.308,-0.005,0
778.0500,0.01101,-0.01802,0.00166,0.00000,0.00000,0.301,-0.003,0
778.1020,0.01151,-0.01705,0.00183,0.00000,0.00000,0.295,-0.001,0
778.1540,0.01203,-0.01612,0.00198,0.00000,0.00000,0.289,0.000,0
778.2060,0.01255,-0.01522,0.00210,0.00000,0.00000,0.284,0.002,0
778.2580,0.01306,-0.01435,0.00220,0.00000,0.00000,0.279,0.003,0
778.3100,0.01356,-0.01351,0.00226,0.00000,0.00000,0.274,0.005,0
778.3620,0.01404,-0.01270,0.00229,0.00000,0.00000,0.269,0.007,0
778.4140,0.01450,-0.01190,0.00230,0.00000,0.00000,0.265,0.008,0
778.4660,0.01493,-0.01114,0.00227,0.00000,0.00000,0.261,0.009,0
778.5180,0.01533,-0.01040,0.00221,0.00000,0.00000,0.256,0.010,0
778.5700,0.01569,-0.00969,0.00211,0.00000,0.00000,0.252,0.012,0
778.6220,0.01600,-0.00900,0.00199,0.00000,0.00000,0.248,0.013,0
778.6740,0.01627,-0.00834,0.00184,0.00000,0.00000,0.244,0.013,0
778.7260,0.01648,-0.00768,0.00165,0.00000,0.00000,0.240,0.014,0
778.7780,0.01664,-0.00706,0.00144,0.00000,0.00000,0.236,0.015,0
778.8300,0.01673,-0.00644,0.00120,0.00000,0.00000,0.233,0.015,0
778.8820,0.01676,-0.00584,0.00092,0.00000,0.00000,0.228,0.016,0
778.9340,0.01672,-0.00526,0.00062,0.00000,0.00000,0.224,0.016,0
778.9860,0.01661,-0.00470,0.00029,0.00000,0.00000,0.220,0.016,0
779.0380,0.01642,-0.00415,-0.00006,0.00000,0.00000,0.216,0.016,0
779.0900,0.01616,-0.00361,-0.00044,0.00000,0.00000,0.212,0.016,0
779.1420,0.01582,-0.00308,-0.00084,0.00000,0.00000,0.207,0.015,0
779.1940,0.01539,-0.00256,-0.00126,0.00000,0.00000,0.203,0.015,0
779.2460,0.01488,-0.00205,-0.00170,0.00000,0.00000,0.198,0.014,0
779.2980,0.01428,-0.00154,-0.00216,0.00000,0.00000,0.193,0.013,0
779.3500,0.01358,-0.00102,-0.00264,0.00000,0.00000,0.188,0.012,0
779.4020,0.01280,-0.00050,-0.00313,0.00000,0.00000,0.183,0.011,0
779.4540,0.01193,0.00001,-0.00364,0.00000,0.00000,0.178,0.009,0
779.5060,0.01096,0.00053,-0.00415,0.00000,0.00000,0.172,0.008,0
779.5580,0.00990,0.00105,-0.00467,0.00000,0.00000,0.166,0.006,0
779.6100,0.00875,0.00159,-0.00520,0.00000,0.00000,0.161,0.005,0
779.6620,0.00751,0.00214,-0.00573,0.00000,0.00000,0.154,0.003,0
779.7140,0.00618,0.00269,-0.00626,0.00000,0.00000,0.148,0.001,0
779.7660,0.00475,0.00326,-0.00680,0.00000,0.00000,0.142,-0.001,0
779.8180,0.00324,0.00384,-0.00733,0.00000,0.00000,0.135,-0.003,0
779.8700,0.00165,0.00444,-0.00785,0.00000,0.00000,0.128,-0.005,0
779.9220,-0.00003,0.00507,-0.00837,0.00000,0.00000,0.121,-0.007,0
779.9740,-0.00180,0.00572,-0.00887,0.00000,0.00000,0.114,-0.008,0
780.0260,-0.00364,0.00640,-0.00937,0.00000,0.00000,0.106,-0.010,0
780.0780,-0.00556,0.00711,-0.00985,0.00000,0.00000,0.099,-0.012,0
780.1300,-0.00755,0.00784,-0.01031,0.00000,0.00000,0.091,-0.013,0
780.1820,-0.00960,0.00859,-0.01075,0.00000,0.00000,0.084,-0.014,0
780.2340,-0.01170,0.00937,-0.01118,0.00000,0.00000,0.076,-0.015,0
780.2860,-0.01386,0.01017,-0.01158,0.00000,0.00000,0.069,-0.016,0
780.3380,-0.01605,0.01099,-0.01196,0.00000,0.00000,0.061,-0.017,0
780.3900,-0.01829,0.01184,-0.01231,0.00000,0.00000,0.054,-0.017,0
780.4420,-0.02054,0.01270,-0.01263,0.00000,0.00000,0.047,-0.016,0
780.4940,-0.02281,0.01357,-0.01292,0.00000,0.00000,0.041,-0.016,0
780.5460,-0.02508,0.01445,-0.01318,0.00000,0.00000,0.034,-0.015,0
780.5980,-0.02735,0.01534,-0.01341,0.00000,0.00000,0.028,-0.013,0
780.6500,-0.02962,0.01625,-0.01361,0.00000,0.00000,0.023,-0.011,0
780.7020,-0.03186,0.01717,-0.01377,0.00000,0.00000,0.018,-0.009,0
780.7540,-0.03408,0.01810,-0.01389,0.00000,0.00000,0.013,-0.006,0
780.8060,-0.03627,0.01902,-0.01398,0.00000,0.00000,0.010,-0.003,0
780.8580,-0.03840,0.01992,-0.01402,0.00000,0.00000,0.007,0.001,0
780.9100,-0.04049,0.02082,-0.01403,0.00000,0.00000,0.005,0.005,0
780.9620,-0.04254,0.02170,-0.01400,0.00000,0.00000,0.004,0.010,0
781.0140,-0.04453,0.02257,-0.01393,0.00000,0.00000,0.003,0.014,0
781.0660,-0.04648,0.02343,-0.01382,0.00000,0.00000,0.004,0.020,0
781.1180,-0.04837,0.02427,-0.01367,0.00000,0.00000,0.005,0.025,0
781.1700,-0.05021,0.02509,-0.01347,0.00000,0.00000,0.008,0.031,0
781.2220,-0.05199,0.02589,-0.01324,0.00000,0.00000,0.011,0.037,0
781.2740,-0.05372,0.02666,-0.01296,0.00000,0.00000,0.016,0.044,0
781.3260,-0.05539,0.02740,-0.01265,0.00000,0.00000,0.022,0.050,0
781.3780,-0.05699,0.02811,-0.01229,0.00000,0.00000,0.028,0.057,0
781.4300,-0.05854,0.02878,-0.01189,0.00000,0.00000,0.036,0.063,0
781.4820,-0.06002,0.02941,-0.01146,0.00000,0.00000,0.045,0.070,0
781.5340,-0.06143,0.02999,-0.01098,0.00000,0.00000,0.055,0.076,0
781.5860,-0.06278,0.03052,-0.01047,0.00000,0.00000,0.066,0.083,0
781.6380,-0.06405,0.03100,-0.00992,0.00000,0.00000,0.077,0.089,0
781.6900,-0.06525,0.03142,-0.00933,0.00000,0.00000,0.089,0.095,0
781.7420,-0.06637,0.03179,-0.00871,0.00000,0.00000,0.102,0.100,0
781.7940,-0.06742,0.03211,-0.00806,0.00000,0.00000,0.115,0.105,0
781.8460,-0.06840,0.03238,-0.00737,0.00000,0.00000,0.129,0.110,0
781.8980,-0.06929,0.03259,-0.00665,0.00000,0.00000,0.143,0.114,0
781.9500,-0.07010,0.03274,-0.00590,0.00000,0.00000,0.158,0.117,0
782.0020,-0.07082,0.03283,-0.00513,0.00000,0.00000,0.173,0.120,0
782.0540,-0.07144,0.03284,-0.00433,0.00000,0.00000,0.188,0.123,0
782.1060,-0.07196,0.03278,-0.00350,0.00000,0.00000,0.203,0.124,0
782.1580,-0.07239,0.03266,-0.00266,0.00000,0.00000,0.218,0.125,0
782.2100,-0.07271,0.03246,-0.00179,0.00000,0.00000,0.233,0.125,0
782.2620,-0.07292,0.03218,-0.00091,0.00000,0.00000,0.248,0.124,0
782.3140,-0.07301,0.03184,-0.00001,0.00000,0.00000,0.262,0.123,0
782.3660,-0.07300,0.03143,0.00091,0.00000,0.00000,0.275,0.121,0
782.4180,-0.07286,0.03094,0.00183,0.00000,0.00000,0.288,0.117,0
782.4700,-0.07260,0.03038,0.00276,0.00000,0.00000,0.301,0.114,0
782.5220,-0.07221,0.02973,0.00369,0.00000,0.00000,0.312,0.109,0
782.5740,-0.07169,0.02900,0.00463,0.00000,0.00000,0.323,0.103,0
782.6260,-0.07104,0.02820,0.00557,0.00000,0.00000,0.333,0.097,0
782.6780,-0.07025,0.02733,0.00650,0.00000,0.00000,0.341,0.090,0
782.7300,-0.06932,0.02637,0.00743,0.00000,0.00000,0.349,0.082,0
782.7820,-0.06825,0.02534,0.00835,0.00000,0.00000,0.355,0.073,0
782.8340,-0.06703,0.02422,0.00927,0.00000,0.00000,0.360,0.064,0
782.8860,-0.06566,0.02302,0.01016,0.00000,0.00000,0.364,0.054,0
782.9380,-0.06415,0.02175,0.01104,0.00000,0.00000,0.367,0.044,0
782.9900,-0.06249,0.02039,0.01190,0.00000,0.00000,0.368,0.033,0
783.0420,-0.06067,0.01896,0.01274,0.00000,0.00000,0.368,0.021,0
783.0940,-0.05872,0.01745,0.01356,0.00000,0.00000,0.366,0.010,0
783.1460,-0.05661,0.01587,0.01435,0.00000,0.00000,0.363,-0.002,0
783.1980,-0.05435,0.01421,0.01511,0.00000,0.00000,0.358,-0.014,0
783.2500,-0.05194,0.01249,0.01585,0.00000,0.00000,0.352,-0.027,0
783.3020,-0.04940,0.01069,0.01655,0.00000,0.00000,0.345,-0.039,0
783.3540,-0.04672,0.00883,0.01722,0.00000,0.00000,0.336,-0.051,0
783.4060,-0.04390,0.00693,0.01786,0.00000,0.00000,0.326,-0.063,0
783.4580,-0.04096,0.00497,0.01846,0.00000,0.00000,0.315,-0.075,0
783.5100,-0.03790,0.00296,0.01903,0.00000,0.00000,0.303,-0.086,0
783.5620,-0.03471,0.00089,0.01956,0.00000,0.00000,0.290,-0.097,0
783.6140,-0.03140,-0.00124,0.02005,0.00000,0.00000,0.276,-0.107,0
783.6660,-0.02799,-0.00341,0.02050,0.00000,0.00000,0.261,-0.117,0
783.7180,-0.02447,-0.00562,0.02091,0.00000,0.00000,0.245,-0.126,0
783.7700,-0.02085,-0.00787,0.02128,0.00000,0.00000,0.229,-0.134,0
783.8220,-0.01715,-0.01016,0.02161,0.00000,0.00000,0.212,-0.141,0
783.8740,-0.01337,-0.01247,0.02190,0.00000,0.00000,0.195,-0.148,0
783.9260,-0.00953,-0.01479,0.02215,0.00000,0.00000,0.177,-0.153,0
783.9780,-0.00564,-0.01713,0.02236,0.00000,0.00000,0.159,-0.158,0
784.0300,-0.00170,-0.01948,0.02252,0.00000,0.00000,0.142,-0.161,0
784.0820,0.00228,-0.02184,0.02265,0.00000,0.00000,0.125,-0.163,0
784.1340,0.00629,-0.02420,0.02274,0.00000,0.00000,0.108,-0.164,0
784.1860,0.01030,-0.02656,0.02278,0.00000,0.00000,0.091,-0.164,0
784.2380,0.01431,-0.02888,0.02279,0.00000,0.00000,0.076,-0.162,0
784.2900,0.01831,-0.03119,0.02276,0.00000,0.00000,0.061,-0.160,0
784.3420,0.02227,-0.03347,0.02269,0.00000,0.00000,0.048,-0.156,0
784.3940,0.02619,-0.03572,0.02258,0.00000,0.00000,0.036,-0.151,0
784.4460,0.03006,-0.03793,0.02243,0.00000,0.00000,0.025,-0.144,0
784.4980,0.03387,-0.04012,0.02225,0.00000,0.00000,0.016,-0.137,0
784.5500,0.03759,-0.04228,0.02204,0.00000,0.00000,0.009,-0.128,0
784.6020,0.04123,-0.04439,0.02179,0.00000,0.00000,0.004,-0.118,0
784.6540,0.04475,-0.04647,0.02150,0.00000,0.00000,0.001,-0.107,0
784.7060,0.04815,-0.04850,0.02119,0.00000,0.00000,0.001,-0.095,0
784.7580,0.05142,-0.05049,0.02084,0.00000,0.00000,0.003,-0.082,0
784.8100,0.05455,-0.05243,0.02047,0.00000,0.00000,0.007,-0.068,0
784.8620,0.05754,-0.05432,0.02007,0.00000,0.00000,0.014,-0.053,0
784.9140,0.06039,-0.05617,0.01964,0.00000,0.00000,0.024,-0.037,0
784.9660,0.06310,-0.05797,0.01918,0.00000,0.00000,0.037,-0.021,0
785.0180,0.06568,-0.05974,0.01870,0.00000,0.00000,0.052,-0.004,0
785.0700,0.06813,-0.06146,0.01820,0.00000,0.00000,0.070,0.014,0
785.1220,0.07048,-0.06316,0.01768,0.00000,0.00000,0.091,0.032,0
785.1740,0.07273,-0.06484,0.01714,0.00000,0.00000,0.115,0.050,0
785.2260,0.07489,-0.06649,0.01658,0.00000,0.00000,0.141,0.069,0
785.2780,0.07697,-0.06811,0.01601,0.00000,0.00000,0.171,0.088,0
785.3300,0.07896,-0.06969,0.01542,0.00000,0.00000,0.203,0.107,0
785.3820,0.08089,-0.07125,0.01481,0.00000,0.00000,0.237,0.126,0
785.4340,0.08276,-0.07278,0.01419,0.00000,0.00000,0.273,0.144,0
785.4860,0.08458,-0.07427,0.01357,0.00000,0.00000,0.312,0.162,0
785.5380,0.08635,-0.07572,0.01293,0.00000,0.00000,0.352,0.180,0
785.5900,0.08808,-0.07714,0.01228,0.00000,0.00000,0.394,0.198,0
785.6420,0.08978,-0.07852,0.01163,0.00000,0.00000,0.438,0.215,0
785.6940,0.09144,-0.07987,0.01097,0.00000,0.00000,0.483,0.231,0
785.7460,0.09309,-0.08118,0.01031,0.00000,0.00000,0.529,0.246,0
785.7980,0.09473,-0.08246,0.00964,0.00000,0.00000,0.577,0.261,0
785.8500,0.09638,-0.08370,0.00897,0.00000,0.00000,0.625,0.275,0
785.9020,0.09805,-0.08490,0.00830,0.00000,0.00000,0.674,0.289,0
785.9540,0.09976,-0.08608,0.00763,0.00000,0.00000,0.724,0.301,0
786.0060,0.10154,-0.08723,0.00695,0.00000,0.00000,0.774,0.313,0
786.0580,0.10338,-0.08836,0.00628,0.00000,0.00000,0.825,0.323,0
786.1100,0.10530,-0.08945,0.00562,0.00000,0.00000,0.875,0.333,0
786.1620,0.10730,-0.09049,0.00495,0.00000,0.00000,0.926,0.342,0
786.2140,0.10939,-0.09150,0.00429,0.00000,0.00000,0.976,0.349,0
786.2660,0.11159,-0.09248,0.00363,0.00000,0.00000,1.027,0.356,0
786.3180,0.11388,-0.09340,0.00297,0.00000,0.00000,1.077,0.362,0
786.3700,0.11628,-0.09428,0.00232,0.00000,0.00000,1.128,0.367,0
786.4220,0.11879,-0.09514,0.00168,0.00000,0.00000,1.178,0.371,0
786.4740,0.12142,-0.09594,0.00104,0.00000,0.00000,1.229,0.374,0
786.5260,0.12415,-0.09670,0.00041,0.00000,0.00000,1.280,0.376,0
786.5780,0.12699,-0.09740,-0.00022,0.00000,0.00000,1.332,0.378,0
786.6300,0.12994,-0.09805,-0.00083,0.00000,0.00000,1.383,0.379,0
786.6820,0.13299,-0.09866,-0.00144,0.00000,0.00000,1.435,0.379,0
786.7340,0.13614,-0.09920,-0.00204,0.00000,0.00000,1.488,0.379,0
786.7860,0.13938,-0.09968,-0.00264,0.00000,0.00000,1.540,0.378,0
786.8380,0.14271,-0.10011,-0.00322,0.00000,0.00000,1.593,0.376,0
786.8900,0.14612,-0.10047,-0.00380,0.00000,0.00000,1.645,0.374,0
786.9420,0.14960,-0.10077,-0.00437,0.00000,0.00000,1.697,0.372,0
786.9940,0.15314,-0.10101,-0.00492,0.00000,0.00000,1.750,0.369,0
787.0460,0.15674,-0.10119,-0.00547,0.00000,0.00000,1.802,0.366,0
787.0980,0.16039,-0.10130,-0.00601,0.00000,0.00000,1.853,0.362,0
787.1500,0.16408,-0.10135,-0.00654,0.00000,0.00000,1.904,0.358,0
787.2020,0.16779,-0.10134,-0.00706,0.00000,0.00000,1.954,0.354,0
787.2540,0.17152,-0.10125,-0.00758,0.00000,0.00000,2.003,0.349,0
787.3060,0.17526,-0.10111,-0.00808,0.00000,0.00000,2.051,0.344,0
787.3580,0.17900,-0.10092,-0.00857,0.00000,0.00000,2.097,0.339,0
787.4100,0.18273,-0.10065,-0.00905,0.00000,0.00000,2.142,0.334,0
787.4620,0.18642,-0.10032,-0.00952,0.00000,0.00000,2.185,0.328,0
787.5140,0.19007,-0.09990,-0.00998,0.00000,0.00000,2.225,0.322,0
787.5660,0.19365,-0.09940,-0.01043,0.00000,0.00000,2.262,0.315,0
787.6180,0.19716,-0.09882,-0.01087,0.00000,0.00000,2.295,0.308,0
787.6700,0.20057,-0.09816,-0.01130,0.00000,0.00000,2.324,0.301,0
787.7220,0.20388,-0.09743,-0.01172,0.00000,0.00000,2.349,0.293,0
787.7740,0.20707,-0.09662,-0.01212,0.00000,0.00000,2.369,0.285,0
787.8260,0.21013,-0.09574,-0.01252,0.00000,0.00000,2.385,0.277,0
787.8780,0.21303,-0.09477,-0.01291,0.00000,0.00000,2.396,0.268,0
787.9300,0.21577,-0.09374,-0.01328,0.00000,0.00000,2.403,0.259,0
787.9820,0.21833,-0.09263,-0.01364,0.00000,0.00000,2.404,0.249,0
788.0340,0.22069,-0.09145,-0.01399,0.00000,0.00000,2.401,0.238,0
788.0860,0.22284,-0.09020,-0.01433,0.00000,0.00000,2.393,0.227,0
788.1380,0.22476,-0.08888,-0.01465,0.00000,0.00000,2.381,0.216,0
788.1900,0.22644,-0.08749,-0.01496,0.00000,0.00000,2.363,0.204,0
788.2420,0.22786,-0.08604,-0.01526,0.00000,0.00000,2.342,0.192,0
788.2940,0.22899,-0.08453,-0.01554,0.00000,0.00000,2.316,0.179,0
788.3460,0.22984,-0.08295,-0.01581,0.00000,0.00000,2.287,0.165,0
788.3980,0.23038,-0.08131,-0.01607,0.00000,0.00000,2.254,0.152,0
788.4500,0.23059,-0.07963,-0.01631,0.00000,0.00000,2.218,0.137,0
788.5020,0.23047,-0.07791,-0.01653,0.00000,0.00000,2.180,0.122,0
788.5540,0.23000,-0.07614,-0.01674,0.00000,0.00000,2.140,0.107,0
788.6060,0.22916,-0.07432,-0.01694,0.00000,0.00000,2.098,0.092,0
788.6580,0.22792,-0.07245,-0.01712,0.00000,0.00000,2.055,0.076,0
788.7100,0.22628,-0.07055,-0.01728,0.00000,0.00000,2.011,0.060,0
788.7620,0.22423,-0.06862,-0.01742,0.00000,0.00000,1.966,0.043,0
788.8140,0.22175,-0.06667,-0.01755,0.00000,0.00000,1.921,0.027,0
788.8660,0.21883,-0.06470,-0.01767,0.00000,0.00000,1.877,0.010,0
788.9180,0.21544,-0.06271,-0.01776,0.00000,0.00000,1.833,-0.006,0
788.9700,0.21158,-0.06070,-0.01784,0.00000,0.00000,1.791,-0.023,0
789.0220,0.20722,-0.05866,-0.01790,0.00000,0.00000,1.750,-0.040,0
789.0740,0.20236,-0.05661,-0.01795,0.00000,0.00000,1.710,-0.056,0
789.1260,0.19697,-0.05455,-0.01798,0.00000,0.00000,1.672,-0.072,0
789.1780,0.19106,-0.05250,-0.01799,0.00000,0.00000,1.636,-0.088,0
789.2300,0.18461,-0.05046,-0.01798,0.00000,0.00000,1.602,-0.104,0
789.2820,0.17764,-0.04842,-0.01795,0.00000,0.00000,1.570,-0.118,0
789.3340,0.17028,-0.04640,-0.01791,0.00000,0.00000,1.540,-0.133,0
789.3860,0.16262,-0.04437,-0.01785,0.00000,0.00000,1.510,-0.146,0
789.4380,0.15475,-0.04235,-0.01777,0.00000,0.00000,1.479,-0.159,0
789.4900,0.14675,-0.04035,-0.01766,0.00000,0.00000,1.446,-0.171,0
789.5420,0.13867,-0.03834,-0.01754,0.00000,0.00000,1.412,-0.182,0
789.5940,0.13057,-0.03636,-0.01740,0.00000,0.00000,1.375,-0.192,0
789.6460,0.12250,-0.03438,-0.01724,0.00000,0.00000,1.336,-0.201,0
789.6980,0.11447,-0.03241,-0.01706,0.00000,0.00000,1.296,-0.209,0
789.7500,0.10652,-0.03047,-0.01686,0.00000,0.00000,1.253,-0.215,0
789.8020,0.09869,-0.02855,-0.01663,0.00000,0.00000,1.209,-0.221,0
789.8540,0.09098,-0.02664,-0.01639,0.00000,0.00000,1.164,-0.226,0
789.9060,0.08342,-0.02478,-0.01612,0.00000,0.00000,1.117,-0.229,0
789.9580,0.07602,-0.02295,-0.01584,0.00000,0.00000,1.070,-0.232,0
790.0100,0.06881,-0.02117,-0.01553,0.00000,0.00000,1.023,-0.233,0
790.0620,0.06178,-0.01944,-0.01520,0.00000,0.00000,0.976,-0.234,0
790.1140,0.05494,-0.01775,-0.01486,0.00000,0.00000,0.928,-0.233,0
790.1660,0.04830,-0.01610,-0.01449,0.00000,0.00000,0.880,-0.232,0
790.2180,0.04187,-0.01451,-0.01410,0.00000,0.00000,0.833,-0.229,0
790.2700,0.03566,-0.01296,-0.01370,0.00000,0.00000,0.786,-0.226,0
790.3220,0.02966,-0.01148,-0.01328,0.00000,0.00000,0.740,-0.222,0
790.3740,0.02389,-0.01007,-0.01284,0.00000,0.00000,0.695,-0.217,0
790.4260,0.01836,-0.00873,-0.01238,0.00000,0.00000,0.651,-0.211,0
790.4780,0.01305,-0.00745,-0.01191,0.00000,0.00000,0.608,-0.205,0
790.5300,0.00798,-0.00624,-0.01142,0.00000,0.00000,0.566,-0.198,0
790.5820,0.00313,-0.00508,-0.01092,0.00000,0.00000,0.525,-0.191,0
790.6340,-0.00147,-0.00400,-0.01041,0.00000,0.00000,0.485,-0.183,0
790.6860,-0.00583,-0.00300,-0.00989,0.00000,0.00000,0.447,-0.175,0
790.7380,-0.00995,-0.00207,-0.00936,0.00000,0.00000,0.410,-0.166,0
790.7900,-0.01382,-0.00122,-0.00882,0.00000,0.00000,0.375,-0.157,0
790.8420,-0.01745,-0.00045,-0.00827,0.00000,0.00000,0.341,-0.148,0
790.8940,-0.02083,0.00025,-0.00771,0.00000,0.00000,0.309,-0.138,0
790.9460,-0.02397,0.00087,-0.00716,0.00000,0.00000,0.278,-0.129,0
790.9980,-0.02687,0.00141,-0.00660,0.00000,0.00000,0.249,-0.120,0
791.0500,-0.02953,0.00189,-0.00603,0.00000,0.00000,0.221,-0.110,0
791.1020,-0.03196,0.00230,-0.00547,0.00000,0.00000,0.195,-0.101,0
791.1540,-0.03415,0.00265,-0.00491,0.00000,0.00000,0.170,-0.091,0
791.2060,-0.03611,0.00292,-0.00435,0.00000,0.00000,0.147,-0.082,0
791.2580,-0.03784,0.00314,-0.00380,0.00000,0.00000,0.125,-0.073,0
791.3100,-0.03936,0.00330,-0.00326,0.00000,0.00000,0.104,-0.064,0
791.3620,-0.04067,0.00341,-0.00272,0.00000,0.00000,0.085,-0.056,0
791.4140,-0.04176,0.00347,-0.00219,0.00000,0.00000,0.067,-0.048,0
791.4660,-0.04265,0.00346,-0.00167,0.00000,0.00000,0.050,-0.040,0
791.5180,-0.04335,0.00342,-0.00117,0.00000,0.00000,0.035,-0.033,0
791.5700,-0.04388,0.00333,-0.00067,0.00000,0.00000,0.020,-0.026,0
791.6220,-0.04423,0.00320,-0.00020,0.00000,0.00000,0.007,-0.019,0
791.6740,-0.04445,0.00305,0.00027,0.00000,0.00000,-0.005,-0.013,0
791.7260,-0.04452,0.00287,0.00071,0.00000,0.00000,-0.017,-0.008,0
791.7780,-0.04447,0.00267,0.00114,0.00000,0.00000,-0.027,-0.003,0
791.8300,-0.04430,0.00244,0.00155,0.00000,0.00000,-0.037,0.001,0
791.8820,-0.04402,0.00219,0.00194,0.00000,0.00000,-0.045,0.005,0
791.9340,-0.04365,0.00192,0.00230,0.00000,0.00000,-0.053,0.009,0
791.9860,-0.04320,0.00165,0.00265,0.00000,0.00000,-0.060,0.012,0
792.0380,-0.04268,0.00137,0.00298,0.00000,0.00000,-0.066,0.014,0
792.0900,-0.04210,0.00110,0.00328,0.00000,0.00000,-0.072,0.016,0
792.1420,-0.04147,0.00083,0.00356,0.00000,0.00000,-0.077,0.018,0
792.1940,-0.04079,0.00057,0.00381,0.00000,0.00000,-0.082,0.019,0
792.2460,-0.04008,0.00032,0.00405,0.00000,0.00000,-0.086,0.020,0
792.2980,-0.03933,0.00008,0.00426,0.00000,0.00000,-0.090,0.021,0
792.3500,-0.03856,-0.00015,0.00445,0.00000,0.00000,-0.093,0.021,0
792.4020,-0.03777,-0.00035,0.00461,0.00000,0.00000,-0.096,0.021,0
792.4540,-0.03696,-0.00054,0.00475,0.00000,0.00000,-0.098,0.020,0
792.5060,-0.03614,-0.00070,0.00487,0.00000,0.00000,-0.101,0.020,0
792.5580,-0.03532,-0.00083,0.00497,0.00000,0.00000,-0.102,0.019,0
792.6100,-0.03450,-0.00094,0.00505,0.00000,0.00000,-0.104,0.018,0
792.6620,-0.03367,-0.00102,0.00511,0.00000,0.00000,-0.105,0.017,0
792.7140,-0.03285,-0.00106,0.00515,0.00000,0.00000,-0.106,0.015,0
792.7660,-0.03203,-0.00107,0.00516,0.00000,0.00000,-0.107,0.014,0
792.8180,-0.03122,-0.00105,0.00517,0.00000,0.00000,-0.107,0.012,0
792.8700,-0.03041,-0.00101,0.00515,0.00000,0.00000,-0.107,0.011,0
792.9220,-0.02961,-0.00094,0.00512,0.00000,0.00000,-0.107,0.009,0
792.9740,-0.02882,-0.00084,0.00508,0.00000,0.00000,-0.107,0.008,0
793.0260,-0.02804,-0.00072,0.00502,0.00000,0.00000,-0.106,0.006,0
793.0780,-0.02726,-0.00056,0.00495,0.00000,0.00000,-0.105,0.004,0
793.1300,-0.02651,-0.00036,0.00487,0.00000,0.00000,-0.104,0.003,0
793.1820,-0.02576,-0.00015,0.00478,0.00000,0.00000,-0.103,0.001,0
793.2340,-0.02502,0.00009,0.00468,0.00000,0.00000,-0.102,-0.001,0
793.2860,-0.02429,0.00035,0.00458,0.00000,0.00000,-0.101,-0.002,0
793.3380,-0.02356,0.00063,0.00447,0.00000,0.00000,-0.099,-0.004,0
793.3900,-0.02284,0.00092,0.00436,0.00000,0.00000,-0.097,-0.005,0
793.4420,-0.02214,0.00123,0.00425,0.00000,0.00000,-0.095,-0.007,0
793.4940,-0.02144,0.00157,0.00413,0.00000,0.00000,-0.093,-0.008,0
793.5460,-0.02075,0.00192,0.00402,0.00000,0.00000,-0.091,-0.010,0
793.5980,-0.02007,0.00228,0.00390,0.00000,0.00000,-0.088,-0.011,0
793.6500,-0.01939,0.00264,0.00380,0.00000,0.00000,-0.086,-0.012,0
793.7020,-0.01871,0.00301,0.00369,0.00000,0.00000,-0.083,-0.013,0
793.7540,-0.01804,0.00340,0.00359,0.00000,0.00000,-0.080,-0.014,0
793.8060,-0.01737,0.00379,0.00350,0.00000,0.00000,-0.078,-0.016,0
793.8580,-0.01671,0.00418,0.00341,0.00000,0.00000,-0.075,-0.017,0
793.9100,-0.01604,0.00457,0.00333,0.00000,0.00000,-0.072,-0.017,0
793.9620,-0.01537,0.00495,0.00326,0.00000,0.00000,-0.068,-0.018,0
794.0140,-0.01470,0.00532,0.00320,0.00000,0.00000,-0.065,-0.019,0
794.0660,-0.01402,0.00569,0.00315,0.00000,0.00000,-0.062,-0.020,0
794.1180,-0.01334,0.00603,0.00312,0.00000,0.00000,-0.059,-0.021,0
794.1700,-0.01264,0.00636,0.00309,0.00000,0.00000,-0.056,-0.022,0
794.2220,-0.01193,0.00666,0.00307,0.00000,0.00000,-0.052,-0.022,0
794.2740,-0.01121,0.00694,0.00307,0.00000,0.00000,-0.049,-0.023,0
794.3260,-0.01047,0.00719,0.00308,0.00000,0.00000,-0.046,-0.024,0
794.3780,-0.00973,0.00743,0.00309,0.00000,0.00000,-0.043,-0.024,0
794.4300,-0.00897,0.00764,0.00313,0.00000,0.00000,-0.040,-0.025,0
794.4820,-0.00820,0.00782,0.00317,0.00000,0.00000,-0.037,-0.025,0
794.5340,-0.00741,0.00798,0.00322,0.00000,0.00000,-0.034,-0.026,0
794.5860,-0.00659,0.00809,0.00328,0.00000,0.00000,-0.031,-0.026,0
794.6380,-0.00576,0.00816,0.00336,0.00000,0.00000,-0.028,-0.027,0
794.6900,-0.00490,0.00821,0.00344,0.00000,0.00000,-0.025,-0.027,0
794.7420,-0.00403,0.00822,0.00354,0.00000,0.00000,-0.023,-0.028,0
794.7940,-0.00315,0.00820,0.00364,0.00000,0.00000,-0.020,-0.028,0
794.8460,-0.00223,0.00814,0.00374,0.00000,0.00000,-0.018,-0.028,0
794.8980,-0.00129,0.00803,0.00386,0.00000,0.00000,-0.016,-0.028,0
794.9500,-0.00033,0.00788,0.00398,0.00000,0.00000,-0.014,-0.029,0
795.0020,0.00065,0.00768,0.00410,0.00000,0.00000,-0.012,-0.029,0
795.0540,0.00166,0.00745,0.00423,0.00000,0.00000,-0.010,-0.029,0
795.1060,0.00268,0.00718,0.00436,0.00000,0.00000,-0.009,-0.029,0
795.1580,0.00373,0.00686,0.00449,0.00000,0.00000,-0.007,-0.029,0
795.2100,0.00480,0.00651,0.00462,0.00000,0.00000,-0.006,-0.029,0
795.2620,0.00588,0.00612,0.00475,0.00000,0.00000,-0.005,-0.028,0
795.3140,0.00697,0.00570,0.00488,0.00000,0.00000,-0.004,-0.028,0
795.3660,0.00808,0.00526,0.00501,0.00000,0.00000,-0.003,-0.028,0
795.4180,0.00919,0.00478,0.00512,0.00000,0.00000,-0.002,-0.027,0
795.4700,0.01032,0.00426,0.00524,0.00000,0.00000,-0.002,-0.027,0
795.5220,0.01144,0.00374,0.00534,0.00000,0.00000,-0.001,-0.026,0
795.5740,0.01256,0.00318,0.00544,0.00000,0.00000,-0.001,-0.025,0
795.6260,0.01368,0.00261,0.00553,0.00000,0.00000,-0.001,-0.024,0
795.6780,0.01480,0.00202,0.00560,0.00000,0.00000,-0.000,-0.023,0
795.7300,0.01591,0.00140,0.00567,0.00000,0.00000,-0.000,-0.021,0
795.7820,0.01701,0.00078,0.00572,0.00000,0.00000,-0.000,-0.020,0
795.8340,0.01810,0.00013,0.00576,0.00000,0.00000,0.000,-0.018,0
795.8860,0.01917,-0.00053,0.00578,0.00000,0.00000,0.000,-0.017,0
795.9380,0.02023,-0.00121,0.00579,0.00000,0.00000,0.000,-0.015,0
795.9900,0.02125,-0.00189,0.00579,0.00000,0.00000,0.001,-0.013,0
796.0420,0.02225,-0.00258,0.00577,0.00000,0.00000,0.001,-0.011,0
796.0940,0.02322,-0.00328,0.00573,0.00000,0.00000,0.001,-0.008,0
796.1460,0.02417,-0.00398,0.00567,0.00000,0.00000,0.002,-0.006,0
796.1980,0.02508,-0.00470,0.00560,0.00000,0.00000,0.002,-0.003,0
796.2500,0.02596,-0.00541,0.00551,0.00000,0.00000,0.003,-0.000,0
796.3020,0.02679,-0.00611,0.00540,0.00000,0.00000,0.004,0.002,0
796.3540,0.02760,-0.00681,0.00528,0.00000,0.00000,0.005,0.005,0
796.4060,0.02836,-0.00749,0.00514,0.00000,0.00000,0.007,0.008,0
796.4580,0.02907,-0.00816,0.00498,0.00000,0.00000,0.008,0.011,0
796.5100,0.02974,-0.00882,0.00480,0.00000,0.00000,0.010,0.014,0
796.5620,0.03038,-0.00947,0.00461,0.00000,0.00000,0.012,0.017,0
796.6140,0.03098,-0.01010,0.00440,0.00000,0.00000,0.014,0.021,0
796.6660,0.03153,-0.01072,0.00418,0.00000,0.00000,0.017,0.024,0
796.7180,0.03205,-0.01134,0.00395,0.00000,0.00000,0.019,0.027,0
796.7700,0.03252,-0.01194,0.00370,0.00000,0.00000,0.022,0.030,0
796.8220,0.03296,-0.01253,0.00344,0.00000,0.00000,0.026,0.033,0
796.8740,0.03335,-0.01309,0.00317,0.00000,0.00000,0.029,0.036,0
796.9260,0.03369,-0.01363,0.00289,0.00000,0.00000,0.033,0.039,0
796.9780,0.03400,-0.01417,0.00260,0.00000,0.00000,0.036,0.041,0
797.0300,0.03428,-0.01470,0.00230,0.00000,0.00000,0.040,0.044,0
797.0820,0.03452,-0.01522,0.00200,0.00000,0.00000,0.045,0.046,0
797.1340,0.03470,-0.01572,0.00169,0.00000,0.00000,0.049,0.049,0
797.1860,0.03485,-0.01620,0.00137,0.00000,0.00000,0.054,0.051,0
797.2380,0.03497,-0.01667,0.00106,0.00000,0.00000,0.059,0.053,0
797.2900,0.03503,-0.01713,0.00074,0.00000,0.00000,0.064,0.055,0
797.3420,0.03507,-0.01758,0.00043,0.00000,0.00000,0.069,0.056,0
797.3940,0.03506,-0.01802,0.00012,0.00000,0.00000,0.074,0.058,0
797.4460,0.03502,-0.01845,-0.00019,0.00000,0.00000,0.080,0.059,0
797.4980,0.03494,-0.01888,-0.00050,0.00000,0.00000,0.085,0.060,0
797.5500,0.03483,-0.01931,-0.00079,0.00000,0.00000,0.091,0.061,0
797.6020,0.03468,-0.01975,-0.00108,0.00000,0.00000,0.097,0.062,0
797.6540,0.03451,-0.02017,-0.00136,0.00000,0.00000,0.102,0.062,0
797.7060,0.03429,-0.02060,-0.00163,0.00000,0.00000,0.108,0.063,0
797.7580,0.03405,-0.02102,-0.00189,0.00000,0.00000,0.114,0.063,0
797.8100,0.03377,-0.02143,-0.00214,0.00000,0.00000,0.120,0.063,0
797.8620,0.03346,-0.02186,-0.00237,0.00000,0.00000,0.126,0.063,0
797.9140,0.03312,-0.02228,-0.00259,0.00000,0.00000,0.132,0.062,0
797.9660,0.03275,-0.02270,-0.00279,0.00000,0.00000,0.137,0.062,0
798.0180,0.03236,-0.02314,-0.00297,0.00000,0.00000,0.143,0.061,0
798.0700,0.03194,-0.02358,-0.00314,0.00000,0.00000,0.149,0.061,0
798.1220,0.03150,-0.02402,-0.00329,0.00000,0.00000,0.154,0.060,0
798.1740,0.03105,-0.02449,-0.00342,0.00000,0.00000,0.160,0.059,0
798.2260,0.03058,-0.02496,-0.00353,0.00000,0.00000,0.166,0.058,0
798.2780,0.03009,-0.02545,-0.00362,0.00000,0.00000,0.171,0.057,0
798.3300,0.02959,-0.02595,-0.00370,0.00000,0.00000,0.176,0.056,0
798.3820,0.02909,-0.02648,-0.00375,0.00000,0.00000,0.182,0.055,0
798.4340,0.02858,-0.02703,-0.00379,0.00000,0.00000,0.187,0.054,0
798.4860,0.02807,-0.02762,-0.00380,0.00000,0.00000,0.192,0.052,0
798.5380,0.02757,-0.02822,-0.00380,0.00000,0.00000,0.198,0.051,0
798.5900,0.02707,-0.02885,-0.00378,0.00000,0.00000,0.203,0.050,0
798.6420,0.02657,-0.02951,-0.00374,0.00000,0.00000,0.209,0.049,0
798.6940,0.02609,-0.03020,-0.00369,0.00000,0.00000,0.214,0.048,0
798.7460,0.02562,-0.03093,-0.00362,0.00000,0.00000,0.219,0.047,0
798.7980,0.02516,-0.03167,-0.00353,0.00000,0.00000,0.225,0.046,0
798.8500,0.02471,-0.03242,-0.00343,0.00000,0.00000,0.230,0.045,0
798.9020,0.02427,-0.03318,-0.00332,0.00000,0.00000,0.236,0.044,0
798.9540,0.02384,-0.03395,-0.00320,0.00000,0.00000,0.241,0.043,0
799.0060,0.02343,-0.03475,-0.00306,0.00000,0.00000,0.246,0.043,0
799.0580,0.02304,-0.03557,-0.00292,0.00000,0.00000,0.251,0.042,0
799.1100,0.02267,-0.03640,-0.00276,0.00000,0.00000,0.257,0.041,0
799.1620,0.02233,-0.03725,-0.00260,0.00000,0.00000,0.262,0.041,0
799.2140,0.02200,-0.03810,-0.00244,0.00000,0.00000,0.267,0.040,0
799.2660,0.02170,-0.03897,-0.00227,0.00000,0.00000,0.272,0.040,0
799.3180,0.02143,-0.03985,-0.00211,0.00000,0.00000,0.278,0.040,0
799.3700,0.02119,-0.04075,-0.00194,0.00000,0.00000,0.283,0.040,0
799.4220,0.02098,-0.04167,-0.00177,0.00000,0.00000,0.289,0.039,0
799.4740,0.02079,-0.04258,-0.00160,0.00000,0.00000,0.295,0.039,0
799.5260,0.02063,-0.04349,-0.00144,0.00000,0.00000,0.300,0.039,0
799.5780,0.02049,-0.04440,-0.00129,0.00000,0.00000,0.306,0.039,0
799.6300,0.02037,-0.04530,-0.00114,0.00000,0.00000,0.312,0.040,0
799.6820,0.02028,-0.04620,-0.00101,0.00000,0.00000,0.317,0.040,0
799.7340,0.02022,-0.04710,-0.00088,0.00000,0.00000,0.323,0.040,0
799.7860,0.02019,-0.04800,-0.00076,0.00000,0.00000,0.329,0.040,0
799.8380,0.02018,-0.04887,-0.00066,0.00000,0.00000,0.336,0.040,0
799.8900,0.02018,-0.04973,-0.00057,0.00000,0.00000,0.342,0.041,0
799.9420,0.02018,-0.05053,-0.00049,0.00000,0.00000,0.348,0.041,0
799.9940,0.02019,-0.05130,-0.00043,0.00000,0.00000,0.354,0.041,0
800.0460,0.02022,-0.05204,-0.00039,0.00000,0.00000,0.359,0.041,0
800.0980,0.02026,-0.05275,-0.00037,0.00000,0.00000,0.365,0.042,0
800.1500,0.02030,-0.05342,-0.00036,0.00000,0.00000,0.371,0.042,0
800.2020,0.02035,-0.05406,-0.00037,0.00000,0.00000,0.376,0.042,0
800.2540,0.02040,-0.05465,-0.00040,0.00000,0.00000,0.382,0.042,0
800.3060,0.02046,-0.05521,-0.00044,0.00000,0.00000,0.388,0.042,0
800.3580,0.02052,-0.05574,-0.00051,0.00000,0.00000,0.393,0.042,0
800.4100,0.02058,-0.05621,-0.00059,0.00000,0.00000,0.399,0.042,0
800.4620,0.02063,-0.05664,-0.00070,0.00000,0.00000,0.405,0.042,0
800.5140,0.02069,-0.05703,-0.00082,0.00000,0.00000,0.410,0.042,0
800.5660,0.02073,-0.05738,-0.00095,0.00000,0.00000,0.416,0.042,0
800.6180,0.02077,-0.05766,-0.00111,0.00000,0.00000,0.421,0.042,0
800.6700,0.02080,-0.05791,-0.00128,0.00000,0.00000,0.426,0.041,0
800.7220,0.02080,-0.05809,-0.00146,0.00000,0.00000,0.432,0.041,0
800.7740,0.02079,-0.05819,-0.00166,0.00000,0.00000,0.436,0.040,0
800.8260,0.02074,-0.05823,-0.00187,0.00000,0.00000,0.440,0.040,0
800.8780,0.02068,-0.05819,-0.00210,0.00000,0.00000,0.444,0.039,0
800.9300,0.02059,-0.05810,-0.00233,0.00000,0.00000,0.448,0.038,0
800.9820,0.02047,-0.05793,-0.00257,0.00000,0.00000,0.451,0.037,0
801.0340,0.02032,-0.05769,-0.00282,0.00000,0.00000,0.454,0.036,0
801.0860,0.02013,-0.05737,-0.00308,0.00000,0.00000,0.456,0.035,0
801.1380,0.01992,-0.05698,-0.00334,0.00000,0.00000,0.457,0.033,0
801.1900,0.01967,-0.05652,-0.00360,0.00000,0.00000,0.458,0.032,0
801.2420,0.01939,-0.05600,-0.00386,0.00000,0.00000,0.459,0.030,0
801.2940,0.01909,-0.05542,-0.00412,0.00000,0.00000,0.459,0.029,0
801.3460,0.01875,-0.05476,-0.00438,0.00000,0.00000,0.458,0.027,0
801.3980,0.01838,-0.05405,-0.00463,0.00000,0.00000,0.457,0.025,0
801.4500,0.01799,-0.05329,-0.00488,0.00000,0.00000,0.456,0.024,0
801.5020,0.01757,-0.05246,-0.00511,0.00000,0.00000,0.454,0.022,0
801.5540,0.01711,-0.05157,-0.00534,0.00000,0.00000,0.451,0.020,0
801.6060,0.01664,-0.05063,-0.00555,0.00000,0.00000,0.448,0.018,0
801.6580,0.01614,-0.04964,-0.00575,0.00000,0.00000,0.444,0.016,0
801.7100,0.01562,-0.04862,-0.00594,0.00000,0.00000,0.440,0.014,0
801.7620,0.01509,-0.04755,-0.00610,0.00000,0.00000,0.436,0.012,0
801.8140,0.01454,-0.04645,-0.00625,0.00000,0.00000,0.431,0.010,0
801.8660,0.01398,-0.04532,-0.00638,0.00000,0.00000,0.425,0.008,0
801.9180,0.01342,-0.04417,-0.00649,0.00000,0.00000,0.419,0.006,0
801.9700,0.01284,-0.04299,-0.00657,0.00000,0.00000,0.413,0.004,0
802.0220,0.01226,-0.04178,-0.00664,0.00000,0.00000,0.406,0.003,0
802.0740,0.01168,-0.04056,-0.00667,0.00000,0.00000,0.399,0.001,0
802.1260,0.01110,-0.03934,-0.00668,0.00000,0.00000,0.392,-0.001,0
802.1780,0.01053,-0.03811,-0.00667,0.00000,0.00000,0.384,-0.002,0
802.2300,0.00998,-0.03689,-0.00663,0.00000,0.00000,0.376,-0.004,0
802.2820,0.00944,-0.03567,-0.00656,0.00000,0.00000,0.368,-0.005,0
802.3340,0.00892,-0.03448,-0.00647,0.00000,0.00000,0.360,-0.006,0
802.3860,0.00842,-0.03330,-0.00635,0.00000,0.00000,0.352,-0.007,0
802.4380,0.00794,-0.03213,-0.00620,0.00000,0.00000,0.344,-0.008,0
802.4900,0.00749,-0.03098,-0.00602,0.00000,0.00000,0.335,-0.009,0
802.5420,0.00708,-0.02988,-0.00582,0.00000,0.00000,0.327,-0.010,0
802.5940,0.00669,-0.02879,-0.00560,0.00000,0.00000,0.318,-0.010,0
802.6460,0.00634,-0.02773,-0.00535,0.00000,0.00000,0.310,-0.011,0
802.6980,0.00603,-0.02671,-0.00507,0.00000,0.00000,0.301,-0.011,0
802.7500,0.00576,-0.02574,-0.00477,0.00000,0.00000,0.293,-0.011,0
802.8020,0.00554,-0.02482,-0.00446,0.00000,0.00000,0.285,-0.011,0
802.8540,0.00538,-0.02396,-0.00412,0.00000,0.00000,0.277,-0.011,0
802.9060,0.00526,-0.02315,-0.00376,0.00000,0.00000,0.269,-0.011,0
802.9580,0.00521,-0.02242,-0.00339,0.00000,0.00000,0.262,-0.011,0
803.0100,0.00520,-0.02174,-0.00300,0.00000,0.00000,0.255,-0.010,0
803.0620,0.00525,-0.02112,-0.00259,0.00000,0.00000,0.248,-0.009,0
803.1140,0.00536,-0.02056,-0.00218,0.00000,0.00000,0.242,-0.009,0
803.1660,0.00552,-0.02008,-0.00176,0.00000,0.00000,0.236,-0.008,0
803.2180,0.00575,-0.01967,-0.00133,0.00000,0.00000,0.230,-0.007,0
803.2700,0.00604,-0.01933,-0.00089,0.00000,0.00000,0.225,-0.006,0
803.3220,0.00638,-0.01906,-0.00045,0.00000,0.00000,0.220,-0.005,0
803.3740,0.00678,-0.01886,-0.00002,0.00000,0.00000,0.216,-0.004,0
803.4260,0.00724,-0.01872,0.00042,0.00000,0.00000,0.212,-0.003,0
803.4780,0.00775,-0.01865,0.00085,0.00000,0.00000,0.209,-0.001,0
803.5300,0.00832,-0.01866,0.00128,0.00000,0.00000,0.206,0.000,0
803.5820,0.00894,-0.01873,0.00170,0.00000,0.00000,0.204,0.002,0
803.6340,0.00962,-0.01887,0.00210,0.00000,0.00000,0.203,0.003,0
803.6860,0.01034,-0.01907,0.00250,0.00000,0.00000,0.201,0.005,0
803.7380,0.01111,-0.01933,0.00287,0.00000,0.00000,0.201,0.007,0
803.7900,0.01192,-0.01966,0.00323,0.00000,0.00000,0.201,0.009,0
803.8420,0.01278,-0.02003,0.00358,0.00000,0.00000,0.201,0.011,0
803.8940,0.01366,-0.02046,0.00390,0.00000,0.00000,0.202,0.012,0
803.9460,0.01458,-0.02093,0.00419,0.00000,0.00000,0.204,0.014,0
803.9980,0.01553,-0.02145,0.00447,0.00000,0.00000,0.206,0.017,0
804.0500,0.01651,-0.02201,0.00472,0.00000,0.00000,0.209,0.019,0
804.1020,0.01750,-0.02260,0.00494,0.00000,0.00000,0.212,0.021,0
804.1540,0.01851,-0.02322,0.00513,0.00000,0.00000,0.216,0.023,0
804.2060,0.01953,-0.02386,0.00529,0.00000,0.00000,0.220,0.026,0
804.2580,0.02056,-0.02452,0.00542,0.00000,0.00000,0.225,0.028,0
804.3100,0.02159,-0.02520,0.00552,0.00000,0.00000,0.230,0.030,0
804.3620,0.02263,-0.02589,0.00559,0.00000,0.00000,0.236,0.033,0
804.4140,0.02366,-0.02660,0.00563,0.00000,0.00000,0.242,0.035,0
804.4660,0.02468,-0.02731,0.00563,0.00000,0.00000,0.248,0.038,0
804.5180,0.02569,-0.02802,0.00560,0.00000,0.00000,0.255,0.040,0
804.5700,0.02669,-0.02873,0.00554,0.00000,0.00000,0.263,0.043,0
804.6220,0.02768,-0.02944,0.00545,0.00000,0.00000,0.271,0.045,0
804.6740,0.02863,-0.03012,0.00532,0.00000,0.00000,0.279,0.047,0
804.7260,0.02955,-0.03078,0.00517,0.00000,0.00000,0.287,0.050,0
804.7780,0.03044,-0.03142,0.00498,0.00000,0.00000,0.296,0.052,0
804.8300,0.03129,-0.03203,0.00476,0.00000,0.00000,0.304,0.054,0
804.8820,0.03211,-0.03261,0.00452,0.00000,0.00000,0.313,0.056,0
804.9340,0.03287,-0.03315,0.00424,0.00000,0.00000,0.323,0.058,0
804.9860,0.03359,-0.03364,0.00394,0.00000,0.00000,0.332,0.060,0
805.0380,0.03426,-0.03409,0.00362,0.00000,0.00000,0.341,0.061,0
805.0900,0.03487,-0.03449,0.00327,0.00000,0.00000,0.350,0.063,0
805.1420,0.03544,-0.03485,0.00290,0.00000,0.00000,0.359,0.064,0
805.1940,0.03595,-0.03517,0.00251,0.00000,0.00000,0.367,0.065,0
805.2460,0.03640,-0.03543,0.00210,0.00000,0.00000,0.376,0.066,0
805.2980,0.03680,-0.03565,0.00168,0.00000,0.00000,0.385,0.066,0
805.3500,0.03713,-0.03581,0.00124,0.00000,0.00000,0.393,0.067,0
805.4020,0.03740,-0.03591,0.00079,0.00000,0.00000,0.401,0.067,0
805.4540,0.03760,-0.03595,0.00033,0.00000,0.00000,0.409,0.067,0
805.5060,0.03774,-0.03593,-0.00014,0.00000,0.00000,0.416,0.066,0
805.5580,0.03780,-0.03584,-0.00061,0.00000,0.00000,0.423,0.066,0
805.6100,0.03779,-0.03569,-0.00109,0.00000,0.00000,0.429,0.065,0
805.6620,0.03772,-0.03547,-0.00156,0.00000,0.00000,0.435,0.063,0
805.7140,0.03757,-0.03519,-0.00204,0.00000,0.00000,0.440,0.062,0
805.7660,0.03737,-0.03486,-0.00251,0.00000,0.00000,0.444,0.060,0
805.8180,0.03709,-0.03446,-0.00297,0.00000,0.00000,0.448,0.058,0
805.8700,0.03675,-0.03400,-0.00342,0.00000,0.00000,0.451,0.056,0
805.9220,0.03635,-0.03350,-0.00387,0.00000,0.00000,0.453,0.054,0
805.9740,0.03589,-0.03295,-0.00430,0.00000,0.00000,0.455,0.051,0
806.0260,0.03537,-0.03236,-0.00472,0.00000,0.00000,0.456,0.049,0
806.0780,0.03480,-0.03172,-0.00512,0.00000,0.00000,0.456,0.046,0
806.1300,0.03417,-0.03103,-0.00550,0.00000,0.00000,0.456,0.043,0
806.1820,0.03349,-0.03029,-0.00586,0.00000,0.00000,0.455,0.040,0
806.2340,0.03275,-0.02951,-0.00620,0.00000,0.00000,0.454,0.036,0
806.2860,0.03197,-0.02869,-0.00651,0.00000,0.00000,0.451,0.033,0
806.3380,0.03114,-0.02784,-0.00680,0.00000,0.00000,0.448,0.030,0
806.3900,0.03028,-0.02695,-0.00707,0.00000,0.00000,0.445,0.026,0
806.4420,0.02937,-0.02603,-0.00730,0.00000,0.00000,0.440,0.023,0
806.4940,0.02843,-0.02508,-0.00751,0.00000,0.00000,0.435,0.019,0
806.5460,0.02746,-0.02410,-0.00769,0.00000,0.00000,0.429,0.016,0
806.5980,0.02647,-0.02311,-0.00784,0.00000,0.00000,0.423,0.013,0
806.6500,0.02544,-0.02208,-0.00796,0.00000,0.00000,0.416,0.009,0
806.7020,0.02440,-0.02104,-0.00805,0.00000,0.00000,0.409,0.006,0
806.7540,0.02335,-0.02000,-0.00811,0.00000,0.00000,0.401,0.003,0
806.8060,0.02229,-0.01895,-0.00814,0.00000,0.00000,0.392,0.000,0
806.8580,0.02123,-0.01790,-0.00814,0.00000,0.00000,0.384,-0.003,0
806.9100,0.02017,-0.01685,-0.00811,0.00000,0.00000,0.375,-0.005,0
806.9620,0.01910,-0.01579,-0.00805,0.00000,0.00000,0.365,-0.008,0
807.0140,0.01803,-0.01473,-0.00797,0.00000,0.00000,0.355,-0.010,0
807.0660,0.01698,-0.01368,-0.00785,0.00000,0.00000,0.345,-0.012,0
807.1180,0.01595,-0.01265,-0.00771,0.00000,0.00000,0.335,-0.014,0
807.1700,0.01495,-0.01165,-0.00755,0.00000,0.00000,0.325,-0.016,0
807.2220,0.01397,-0.01066,-0.00736,0.00000,0.00000,0.314,-0.017,0
807.2740,0.01301,-0.00969,-0.00715,0.00000,0.00000,0.304,-0.019,0
807.3260,0.01209,-0.00876,-0.00692,0.00000,0.00000,0.294,-0.020,0
807.3780,0.01120,-0.00784,-0.00667,0.00000,0.00000,0.283,-0.020,0
807.4300,0.01035,-0.00696,-0.00640,0.00000,0.00000,0.273,-0.021,0
807.4820,0.00953,-0.00610,-0.00611,0.00000,0.00000,0.262,-0.022,0
807.5340,0.00876,-0.00527,-0.00582,0.00000,0.00000,0.252,-0.022,0
807.5860,0.00802,-0.00446,-0.00551,0.00000,0.00000,0.242,-0.022,0
807.6380,0.00733,-0.00369,-0.00519,0.00000,0.00000,0.232,-0.022,0
807.6900,0.00667,-0.00295,-0.00486,0.00000,0.00000,0.223,-0.022,0
807.7420,0.00607,-0.00225,-0.00452,0.00000,0.00000,0.213,-0.022,0
807.7940,0.00551,-0.00159,-0.00419,0.00000,0.00000,0.204,-0.021,0
807.8460,0.00501,-0.00097,-0.00385,0.00000,0.00000,0.195,-0.021,0
807.8980,0.00455,-0.00038,-0.00351,0.00000,0.00000,0.186,-0.020,0
807.9500,0.00413,0.00017,-0.00317,0.00000,0.00000,0.177,-0.019,0
808.0020,0.00376,0.00068,-0.00283,0.00000,0.00000,0.169,-0.018,0
808.0540,0.00343,0.00116,-0.00250,0.00000,0.00000,0.161,-0.017,0
808.1060,0.00314,0.00161,-0.00218,0.00000,0.00000,0.154,-0.016,0
808.1580,0.00289,0.00203,-0.00187,0.00000,0.00000,0.147,-0.015,0
808.2100,0.00268,0.00242,-0.00157,0.00000,0.00000,0.140,-0.014,0
808.2620,0.00251,0.00276,-0.00128,0.00000,0.00000,0.133,-0.013,0
808.3140,0.00238,0.00308,-0.00100,0.00000,0.00000,0.126,-0.012,0
808.3660,0.00227,0.00336,-0.00074,0.00000,0.00000,0.120,-0.010,0
808.4180,0.00219,0.00363,-0.00049,0.00000,0.00000,0.115,-0.009,0
808.4700,0.00214,0.00387,-0.00026,0.00000,0.00000,0.109,-0.008,0
808.5220,0.00211,0.00407,-0.00005,0.00000,0.00000,0.104,-0.007,0
808.5740,0.00211,0.00425,0.00014,0.00000,0.00000,0.099,-0.006,0
808.6260,0.00213,0.00440,0.00031,0.00000,0.00000,0.094,-0.005,0
808.6780,0.00216,0.00452,0.00046,0.00000,0.00000,0.090,-0.004,0
808.7300,0.00220,0.00462,0.00060,0.00000,0.00000,0.086,-0.002,0
808.7820,0.00226,0.00470,0.00071,0.00000,0.00000,0.082,-0.001,0
808.8340,0.00231,0.00476,0.00080,0.00000,0.00000,0.078,-0.000,0
808.8860,0.00238,0.00479,0.00087,0.00000,0.00000,0.075,0.000,0
808.9380,0.00244,0.00481,0.00092,0.00000,0.00000,0.071,0.001,0
808.9900,0.00249,0.00482,0.00095,0.00000,0.00000,0.068,0.002,0
809.0420,0.00254,0.00482,0.00096,0.00000,0.00000,0.065,0.003,0
809.0940,0.00258,0.00480,0.00095,0.00000,0.00000,0.063,0.004,0
809.1460,0.00261,0.00477,0.00093,0.00000,0.00000,0.060,0.004,0
809.1980,0.00262,0.00473,0.00088,0.00000,0.00000,0.057,0.005,0
809.2500,0.00261,0.00469,0.00082,0.00000,0.00000,0.055,0.005,0
809.3020,0.00259,0.00463,0.00074,0.00000,0.00000,0.053,0.006,0
809.3540,0.00254,0.00456,0.00065,0.00000,0.00000,0.051,0.006,0
809.4060,0.00247,0.00449,0.00055,0.00000,0.00000,0.049,0.006,0
809.4580,0.00238,0.00441,0.00044,0.00000,0.00000,0.047,0.007,0
809.5100,0.00225,0.00433,0.00031,0.00000,0.00000,0.045,0.007,0
809.5620,0.00211,0.00424,0.00017,0.00000,0.00000,0.043,0.007,0
809.6140,0.00193,0.00415,0.00003,0.00000,0.00000,0.041,0.007,0
809.6660,0.00172,0.00405,-0.00012,0.00000,0.00000,0.039,0.007,0
809.7180,0.00149,0.00394,-0.00027,0.00000,0.00000,0.038,0.007,0
809.7700,0.00124,0.00380,-0.00043,0.00000,0.00000,0.036,0.007,0
809.8220,0.00097,0.00366,-0.00059,0.00000,0.00000,0.034,0.007,0
809.8740,0.00066,0.00351,-0.00076,0.00000,0.00000,0.033,0.007,0
809.9260,0.00033,0.00334,-0.00092,0.00000,0.00000,0.032,0.007,0
809.9780,-0.00002,0.00317,-0.00108,0.00000,0.00000,0.030,0.006,0
810.0300,-0.00039,0.00298,-0.00123,0.00000,0.00000,0.029,0.006,0
810.0820,-0.00079,0.00277,-0.00138,0.00000,0.00000,0.028,0.006,0
810.1340,-0.00121,0.00256,-0.00153,0.00000,0.00000,0.026,0.006,0
810.1860,-0.00164,0.00233,-0.00167,0.00000,0.00000,0.025,0.005,0
810.2380,-0.00210,0.00210,-0.00180,0.00000,0.00000,0.024,0.005,0
810.2900,-0.00257,0.00185,-0.00192,0.00000,0.00000,0.023,0.005,0
810.3420,-0.00305,0.00158,-0.00203,0.00000,0.00000,0.022,0.004,0
810.3940,-0.00354,0.00129,-0.00213,0.00000,0.00000,0.021,0.004,0
810.4460,-0.00404,0.00098,-0.00221,0.00000,0.00000,0.019,0.004,0
810.4980,-0.00454,0.00065,-0.00229,0.00000,0.00000,0.019,0.004,0
810.5500,-0.00504,0.00031,-0.00235,0.00000,0.00000,0.018,0.003,0
810.6020,-0.00554,-0.00006,-0.00240,0.00000,0.00000,0.017,0.003,0
810.6540,-0.00604,-0.00045,-0.00243,0.00000,0.00000,0.016,0.003,0
810.7060,-0.00653,-0.00085,-0.00245,0.00000,0.00000,0.015,0.002,0
810.7580,-0.00701,-0.00128,-0.00246,0.00000,0.00000,0.014,0.002,0
810.8100,-0.00748,-0.00174,-0.00245,0.00000,0.00000,0.013,0.002,0
810.8620,-0.00793,-0.00222,-0.00243,0.00000,0.00000,0.012,0.002,0
810.9140,-0.00835,-0.00274,-0.00239,0.00000,0.00000,0.011,0.002,0
810.9660,-0.00876,-0.00328,-0.00234,0.00000,0.00000,0.011,0.002,0
811.0180,-0.00914,-0.00385,-0.00227,0.00000,0.00000,0.010,0.001,0
811.0700,-0.00949,-0.00443,-0.00219,0.00000,0.00000,0.009,0.001,0
811.1220,-0.00982,-0.00504,-0.00210,0.00000,0.00000,0.008,0.001,0
811.1740,-0.01011,-0.00567,-0.00200,0.00000,0.00000,0.007,0.001,0
811.2260,-0.01038,-0.00633,-0.00189,0.00000,0.00000,0.007,0.001,0
811.2780,-0.01061,-0.00700,-0.00176,0.00000,0.00000,0.006,0.001,0
811.3300,-0.01081,-0.00769,-0.00163,0.00000,0.00000,0.005,0.001,0
811.3820,-0.01096,-0.00840,-0.00148,0.00000,0.00000,0.004,0.001,0
811.4340,-0.01108,-0.00914,-0.00133,0.00000,0.00000,0.003,0.001,0
811.4860,-0.01116,-0.00990,-0.00117,0.00000,0.00000,0.002,0.001,0
811.5380,-0.01119,-0.01069,-0.00101,0.00000,0.00000,0.001,0.001,0
811.5900,-0.01118,-0.01148,-0.00084,0.00000,0.00000,0.000,0.001,0
811.6420,-0.01114,-0.01230,-0.00067,0.00000,0.00000,-0.001,0.001,0
811.6940,-0.01105,-0.01313,-0.00049,0.00000,0.00000,-0.002,0.001,0
811.7460,-0.01093,-0.01396,-0.00032,0.00000,0.00000,-0.003,0.000,0
811.7980,-0.01078,-0.01479,-0.00014,0.00000,0.00000,-0.004,0.000,0
811.8500,-0.01059,-0.01562,0.00003,0.00000,0.00000,-0.006,0.000,0
811.9020,-0.01036,-0.01647,0.00021,0.00000,0.00000,-0.007,0.000,0
811.9540,-0.01010,-0.01732,0.00038,0.00000,0.00000,-0.008,-0.000,0
812.0060,-0.00980,-0.01816,0.00055,0.00000,0.00000,-0.009,-0.000,0
812.0580,-0.00948,-0.01900,0.00071,0.00000,0.00000,-0.011,-0.001,0
812.1100,-0.00912,-0.01983,0.00086,0.00000,0.00000,-0.012,-0.001,0
812.1620,-0.00874,-0.02066,0.00101,0.00000,0.00000,-0.013,-0.001,0
812.2140,-0.00832,-0.02149,0.00116,0.00000,0.00000,-0.014,-0.001,0
812.2660,-0.00788,-0.02232,0.00129,0.00000,0.00000,-0.016,-0.001,0
812.3180,-0.00741,-0.02313,0.00142,0.00000,0.00000,-0.017,-0.002,0
812.3700,-0.00692,-0.02392,0.00153,0.00000,0.00000,-0.018,-0.002,0
812.4220,-0.00642,-0.02470,0.00164,0.00000,0.00000,-0.019,-0.002,0
812.4740,-0.00589,-0.02547,0.00173,0.00000,0.00000,-0.020,-0.002,0
812.5260,-0.00535,-0.02621,0.00182,0.00000,0.00000,-0.021,-0.002,0
812.5780,-0.00480,-0.02693,0.00189,0.00000,0.00000,-0.022,-0.003,0
812.6300,-0.00424,-0.02763,0.00195,0.00000,0.00000,-0.022,-0.003,0
812.6820,-0.00366,-0.02829,0.00200,0.00000,0.00000,-0.023,-0.003,0
812.7340,-0.00309,-0.02893,0.00204,0.00000,0.00000,-0.023,-0.003,0
812.7860,-0.00250,-0.02955,0.00207,0.00000,0.00000,-0.024,-0.003,0
812.8380,-0.00191,-0.03014,0.00209,0.00000,0.00000,-0.024,-0.003,0
812.8900,-0.00131,-0.03071,0.00210,0.00000,0.00000,-0.024,-0.003,0
812.9420,-0.00071,-0.03126,0.00209,0.00000,0.00000,-0.024,-0.003,0
812.9940,-0.00010,-0.03178,0.00208,0.00000,0.00000,-0.023,-0.003,0
813.0460,0.00050,-0.03228,0.00206,0.00000,0.00000,-0.023,-0.003,0
813.0980,0.00110,-0.03274,0.00203,0.00000,0.00000,-0.022,-0.003,0
813.1500,0.00169,-0.03317,0.00199,0.00000,0.00000,-0.021,-0.003,0
813.2020,0.00228,-0.03357,0.00195,0.00000,0.00000,-0.020,-0.003,0
813.2540,0.00286,-0.03394,0.00189,0.00000,0.00000,-0.018,-0.003,0
813.3060,0.00343,-0.03427,0.00183,0.00000,0.00000,-0.017,-0.003,0
813.3580,0.00399,-0.03458,0.00177,0.00000,0.00000,-0.015,-0.003,0
813.4100,0.00454,-0.03485,0.00170,0.00000,0.00000,-0.013,-0.002,0
813.4620,0.00508,-0.03510,0.00163,0.00000,0.00000,-0.011,-0.002,0
813.5140,0.00561,-0.03531,0.00156,0.00000,0.00000,-0.008,-0.002,0
813.5660,0.00613,-0.03549,0.00149,0.00000,0.00000,-0.006,-0.001,0
813.6180,0.00663,-0.03564,0.00141,0.00000,0.00000,-0.003,-0.001,0
813.6700,0.00712,-0.03576,0.00134,0.00000,0.00000,-0.000,-0.001,0
813.7220,0.00760,-0.03587,0.00126,0.00000,0.00000,0.003,-0.000,0
813.7740,0.00809,-0.03597,0.00119,0.00000,0.00000,0.006,0.000,0
813.8260,0.00856,-0.03606,0.00112,0.00000,0.00000,0.009,0.001,0
813.8780,0.00903,-0.03613,0.00105,0.00000,0.00000,0.013,0.001,0
813.9300,0.00949,-0.03618,0.00099,0.00000,0.00000,0.017,0.002,0
813.9820,0.00994,-0.03621,0.00094,0.00000,0.00000,0.021,0.002,0
814.0340,0.01038,-0.03622,0.00089,0.00000,0.00000,0.025,0.003,0
814.0860,0.01081,-0.03620,0.00084,0.00000,0.00000,0.030,0.003,0
814.1380,0.01124,-0.03618,0.00080,0.00000,0.00000,0.034,0.004,0
814.1900,0.01167,-0.03614,0.00077,0.00000,0.00000,0.039,0.005,0
814.2420,0.01209,-0.03609,0.00075,0.00000,0.00000,0.043,0.005,0
814.2940,0.01251,-0.03604,0.00074,0.00000,0.00000,0.048,0.006,0
814.3460,0.01293,-0.03598,0.00073,0.00000,0.00000,0.053,0.007,0
814.3980,0.01336,-0.03592,0.00073,0.00000,0.00000,0.058,0.007,0
814.4500,0.01379,-0.03586,0.00074,0.00000,0.00000,0.063,0.008,0
814.5020,0.01423,-0.03580,0.00076,0.00000,0.00000,0.068,0.009,0
814.5540,0.01467,-0.03576,0.00078,0.00000,0.00000,0.074,0.010,0
814.6060,0.01513,-0.03573,0.00082,0.00000,0.00000,0.079,0.011,0
814.6580,0.01560,-0.03570,0.00086,0.00000,0.00000,0.085,0.012,0
814.7100,0.01607,-0.03567,0.00091,0.00000,0.00000,0.091,0.012,0
814.7620,0.01655,-0.03565,0.00096,0.00000,0.00000,0.097,0.013,0
814.8140,0.01703,-0.03562,0.00102,0.00000,0.00000,0.103,0.014,0
814.8660,0.01753,-0.03560,0.00109,0.00000,0.00000,0.109,0.015,0
814.9180,0.01803,-0.03559,0.00116,0.00000,0.00000,0.115,0.016,0
814.9700,0.01855,-0.03559,0.00124,0.00000,0.00000,0.122,0.017,0
815.0220,0.01907,-0.03560,0.00131,0.00000,0.00000,0.128,0.019,0
815.0740,0.01961,-0.03562,0.00139,0.00000,0.00000,0.135,0.020,0
815.1260,0.02016,-0.03564,0.00148,0.00000,0.00000,0.141,0.021,0
815.1780,0.02071,-0.03567,0.00156,0.00000,0.00000,0.148,0.022,0
815.2300,0.02127,-0.03571,0.00164,0.00000,0.00000,0.155,0.023,0
815.2820,0.02185,-0.03576,0.00172,0.00000,0.00000,0.162,0.025,0
815.3340,0.02243,-0.03582,0.00180,0.00000,0.00000,0.169,0.026,0
815.3860,0.02303,-0.03591,0.00187,0.00000,0.00000,0.177,0.028,0
815.4380,0.02364,-0.03600,0.00194,0.00000,0.00000,0.184,0.029,0
815.4900,0.02426,-0.03610,0.00200,0.00000,0.00000,0.192,0.031,0
815.5420,0.02488,-0.03620,0.00205,0.00000,0.00000,0.200,0.032,0
815.5940,0.02550,-0.03632,0.00210,0.00000,0.00000,0.208,0.034,0
815.6460,0.02614,-0.03645,0.00213,0.00000,0.00000,0.216,0.036,0
815.6980,0.02678,-0.03659,0.00216,0.00000,0.00000,0.224,0.037,0
815.7500,0.02742,-0.03674,0.00218,0.00000,0.00000,0.233,0.039,0
815.8020,0.02805,-0.03688,0.00218,0.00000,0.00000,0.242,0.041,0
815.8540,0.02869,-0.03703,0.00217,0.00000,0.00000,0.250,0.042,0
815.9060,0.02932,-0.03717,0.00215,0.00000,0.00000,0.259,0.044,0
815.9580,0.02994,-0.03732,0.00211,0.00000,0.00000,0.268,0.046,0
816.0100,0.03056,-0.03746,0.00205,0.00000,0.00000,0.277,0.048,0
816.0620,0.03117,-0.03760,0.00199,0.00000,0.00000,0.286,0.050,0
816.1140,0.03176,-0.03773,0.00190,0.00000,0.00000,0.296,0.051,0
816.1660,0.03233,-0.03784,0.00180,0.00000,0.00000,0.305,0.053,0
816.2180,0.03289,-0.03794,0.00168,0.00000,0.00000,0.314,0.054,0
816.2700,0.03342,-0.03802,0.00155,0.00000,0.00000,0.323,0.056,0
816.3220,0.03392,-0.03807,0.00140,0.00000,0.00000,0.332,0.057,0
816.3740,0.03440,-0.03810,0.00123,0.00000,0.00000,0.341,0.059,0
816.4260,0.03485,-0.03811,0.00104,0.00000,0.00000,0.350,0.060,0
816.4780,0.03527,-0.03809,0.00084,0.00000,0.00000,0.359,0.061,0
816.5300,0.03565,-0.03803,0.00063,0.00000,0.00000,0.367,0.062,0
816.5820,0.03600,-0.03796,0.00040,0.00000,0.00000,0.375,0.063,0
816.6340,0.03631,-0.03786,0.00015,0.00000,0.00000,0.383,0.064,0
816.6860,0.03660,-0.03774,-0.00011,0.00000,0.00000,0.391,0.064,0
816.7380,0.03684,-0.03759,-0.00038,0.00000,0.00000,0.399,0.065,0
816.7900,0.03703,-0.03740,-0.00067,0.00000,0.00000,0.406,0.065,0
816.8420,0.03718,-0.03718,-0.00096,0.00000,0.00000,0.413,0.065,0
816.8940,0.03730,-0.03694,-0.00127,0.00000,0.00000,0.419,0.065,0
816.9460,0.03736,-0.03666,-0.00158,0.00000,0.00000,0.426,0.065,0
816.9980,0.03738,-0.03634,-0.00190,0.00000,0.00000,0.432,0.064,0
817.0500,0.03735,-0.03598,-0.00223,0.00000,0.00000,0.437,0.063,0
817.1020,0.03726,-0.03558,-0.00256,0.00000,0.00000,0.442,0.062,0
817.1540,0.03713,-0.03515,-0.00290,0.00000,0.00000,0.446,0.061,0
817.2060,0.03694,-0.03467,-0.00323,0.00000,0.00000,0.450,0.060,0
817.2580,0.03670,-0.03415,-0.00357,0.00000,0.00000,0.453,0.058,0
817.3100,0.03640,-0.03359,-0.00390,0.00000,0.00000,0.455,0.056,0
817.3620,0.03604,-0.03298,-0.00423,0.00000,0.00000,0.457,0.055,0
817.4140,0.03563,-0.03234,-0.00456,0.00000,0.00000,0.458,0.052,0
817.4660,0.03517,-0.03166,-0.00487,0.00000,0.00000,0.458,0.050,0
817.5180,0.03466,-0.03094,-0.00518,0.00000,0.00000,0.458,0.048,0
817.5700,0.03410,-0.03020,-0.00548,0.00000,0.00000,0.457,0.045,0
817.6220,0.03349,-0.02942,-0.00576,0.00000,0.00000,0.455,0.043,0
817.6740,0.03283,-0.02861,-0.00604,0.00000,0.00000,0.453,0.040,0
817.7260,0.03213,-0.02778,-0.00629,0.00000,0.00000,0.450,0.037,0
817.7780,0.03139,-0.02693,-0.00653,0.00000,0.00000,0.447,0.034,0
817.8300,0.03060,-0.02605,-0.00675,0.00000,0.00000,0.443,0.031,0
817.8820,0.02978,-0.02515,-0.00696,0.00000,0.00000,0.438,0.028,0
817.9340,0.02893,-0.02425,-0.00714,0.00000,0.00000,0.433,0.025,0
817.9860,0.02805,-0.02334,-0.00730,0.00000,0.00000,0.427,0.022,0
818.0380,0.02714,-0.02243,-0.00743,0.00000,0.00000,0.421,0.019,0
818.0900,0.02621,-0.02151,-0.00755,0.00000,0.00000,0.414,0.016,0
818.1420,0.02526,-0.02060,-0.00763,0.00000,0.00000,0.407,0.013,0
818.1940,0.02429,-0.01968,-0.00770,0.00000,0.00000,0.400,0.010,0
818.2460,0.02330,-0.01876,-0.00773,0.00000,0.00000,0.392,0.007,0
818.2980,0.02230,-0.01784,-0.00775,0.00000,0.00000,0.383,0.005,0
818.3500,0.02130,-0.01694,-0.00773,0.00000,0.00000,0.375,0.002,0
818.4020,0.02029,-0.01605,-0.00769,0.00000,0.00000,0.366,-0.000,0
818.4540,0.01930,-0.01519,-0.00762,0.00000,0.00000,0.357,-0.003,0
818.5060,0.01830,-0.01434,-0.00753,0.00000,0.00000,0.347,-0.005,0
818.5580,0.01731,-0.01351,-0.00741,0.00000,0.00000,0.338,-0.007,0
818.6100,0.01634,-0.01270,-0.00726,0.00000,0.00000,0.328,-0.008,0
818.6620,0.01538,-0.01192,-0.00710,0.00000,0.00000,0.319,-0.010,0
818.7140,0.01445,-0.01118,-0.00690,0.00000,0.00000,0.309,-0.011,0
818.7660,0.01354,-0.01047,-0.00669,0.00000,0.00000,0.299,-0.013,0
818.8180,0.01266,-0.00981,-0.00645,0.00000,0.00000,0.289,-0.014,0
818.8700,0.01182,-0.00919,-0.00619,0.00000,0.00000,0.280,-0.015,0
818.9220,0.01102,-0.00862,-0.00591,0.00000,0.00000,0.270,-0.015,0
818.9740,0.01026,-0.00809,-0.00562,0.00000,0.00000,0.261,-0.016,0
819.0260,0.00954,-0.00759,-0.00531,0.00000,0.00000,0.252,-0.016,0
819.0780,0.00885,-0.00714,-0.00498,0.00000,0.00000,0.243,-0.016,0
819.1300,0.00822,-0.00674,-0.00464,0.00000,0.00000,0.234,-0.016,0
819.1820,0.00763,-0.00639,-0.00429,0.00000,0.00000,0.226,-0.016,0
819.2340,0.00710,-0.00609,-0.00393,0.00000,0.00000,0.217,-0.015,0
819.2860,0.00662,-0.00585,-0.00356,0.00000,0.00000,0.210,-0.015,0
819.3380,0.00620,-0.00566,-0.00319,0.00000,0.00000,0.202,-0.014,0
819.3900,0.00584,-0.00553,-0.00282,0.00000,0.00000,0.195,-0.014,0
819.4420,0.00552,-0.00544,-0.00244,0.00000,0.00000,0.188,-0.013,0
819.4940,0.00527,-0.00541,-0.00206,0.00000,0.00000,0.182,-0.012,0
819.5460,0.00507,-0.00544,-0.00168,0.00000,0.00000,0.176,-0.011,0
819.5980,0.00493,-0.00552,-0.00131,0.00000,0.00000,0.170,-0.010,0
819.6500,0.00484,-0.00565,-0.00095,0.00000,0.00000,0.165,-0.008,0
819.7020,0.00481,-0.00583,-0.00059,0.00000,0.00000,0.160,-0.007,0
819.7540,0.00482,-0.00604,-0.00025,0.00000,0.00000,0.156,-0.006,0
819.8060,0.00487,-0.00629,0.00009,0.00000,0.00000,0.152,-0.004,0
819.8580,0.00496,-0.00656,0.00041,0.00000,0.00000,0.148,-0.003,0
819.9100,0.00510,-0.00687,0.00071,0.00000,0.00000,0.145,-0.002,0
819.9620,0.00527,-0.00720,0.00100,0.00000,0.00000,0.142,-0.000,0
820.0140,0.00549,-0.00757,0.00127,0.00000,0.00000,0.139,0.001,0
820.0660,0.00573,-0.00796,0.00152,0.00000,0.00000,0.136,0.003,0
820.1180,0.00600,-0.00837,0.00176,0.00000,0.00000,0.134,0.004,0
820.1700,0.00629,-0.00880,0.00197,0.00000,0.00000,0.132,0.005,0
820.2220,0.00661,-0.00923,0.00215,0.00000,0.00000,0.131,0.007,0
820.2740,0.00694,-0.00968,0.00232,0.00000,0.00000,0.130,0.008,0
820.3260,0.00729,-0.01014,0.00246,0.00000,0.00000,0.129,0.009,0
820.3780,0.00766,-0.01060,0.00257,0.00000,0.00000,0.128,0.011,0
820.4300,0.00803,-0.01107,0.00267,0.00000,0.00000,0.127,0.012,0
820.4820,0.00840,-0.01154,0.00273,0.00000,0.00000,0.127,0.013,0
820.5340,0.00879,-0.01201,0.00278,0.00000,0.00000,0.127,0.014,0
820.5860,0.00917,-0.01248,0.00280,0.00000,0.00000,0.127,0.016,0
820.6380,0.00954,-0.01293,0.00279,0.00000,0.00000,0.127,0.017,0
820.6900,0.00991,-0.01339,0.00277,0.00000,0.00000,0.128,0.018,0
820.7420,0.01028,-0.01385,0.00272,0.00000,0.00000,0.128,0.019,0
820.7940,0.01063,-0.01429,0.00265,0.00000,0.00000,0.129,0.020,0
820.8460,0.01097,-0.01472,0.00255,0.00000,0.00000,0.130,0.020,0
820.8980,0.01129,-0.01514,0.00244,0.00000,0.00000,0.131,0.021,0
820.9500,0.01160,-0.01553,0.00231,0.00000,0.00000,0.133,0.022,0
821.0020,0.01187,-0.01591,0.00217,0.00000,0.00000,0.134,0.022,0
821.0540,0.01213,-0.01626,0.00201,0.00000,0.00000,0.135,0.023,0
821.1060,0.01236,-0.01660,0.00183,0.00000,0.00000,0.136,0.023,0
821.1580,0.01257,-0.01691,0.00164,0.00000,0.00000,0.138,0.024,0
821.2100,0.01274,-0.01719,0.00144,0.00000,0.00000,0.139,0.024,0
821.2620,0.01289,-0.01744,0.00123,0.00000,0.00000,0.141,0.024,0
821.3140,0.01301,-0.01769,0.00102,0.00000,0.00000,0.142,0.025,0
821.3660,0.01311,-0.01791,0.00079,0.00000,0.00000,0.143,0.025,0
821.4180,0.01318,-0.01811,0.00057,0.00000,0.00000,0.144,0.025,0
821.4700,0.01322,-0.01829,0.00034,0.00000,0.00000,0.146,0.025,0
821.5220,0.01324,-0.01846,0.00011,0.00000,0.00000,0.147,0.025,0
821.5740,0.01325,-0.01863,-0.00011,0.00000,0.00000,0.148,0.024,0
821.6260,0.01322,-0.01877,-0.00033,0.00000,0.00000,0.150,0.024,0
821.6780,0.01318,-0.01889,-0.00055,0.00000,0.00000,0.151,0.024,0
821.7300,0.01311,-0.01899,-0.00075,0.00000,0.00000,0.152,0.023,0
821.7820,0.01302,-0.01908,-0.00095,0.00000,0.00000,0.153,0.023,0
821.8340,0.01292,-0.01916,-0.00114,0.00000,0.00000,0.154,0.023,0
821.8860,0.01281,-0.01924,-0.00131,0.00000,0.00000,0.155,0.022,0
821.9380,0.01268,-0.01930,-0.00147,0.00000,0.00000,0.155,0.022,0
821.9900,0.01255,-0.01935,-0.00161,0.00000,0.00000,0.156,0.021,0
822.0420,0.01240,-0.01939,-0.00174,0.00000,0.00000,0.156,0.021,0
822.0940,0.01226,-0.01944,-0.00185,0.00000,0.00000,0.157,0.020,0
822.1460,0.01211,-0.01949,-0.00194,0.00000,0.00000,0.157,0.020,0
822.1980,0.01197,-0.01954,-0.00201,0.00000,0.00000,0.158,0.019,0
822.2500,0.01184,-0.01960,-0.00206,0.00000,0.00000,0.158,0.019,0
822.3020,0.01172,-0.01966,-0.00208,0.00000,0.00000,0.158,0.018,0
822.3540,0.01161,-0.01974,-0.00209,0.00000,0.00000,0.159,0.018,0
822.4060,0.01152,-0.01983,-0.00207,0.00000,0.00000,0.159,0.017,0
822.4580,0.01145,-0.01993,-0.00203,0.00000,0.00000,0.159,0.017,0
822.5100,0.01140,-0.02005,-0.00197,0.00000,0.00000,0.159,0.017,0
822.5620,0.01138,-0.02018,-0.00188,0.00000,0.00000,0.160,0.016,0
822.6140,0.01139,-0.02034,-0.00177,0.00000,0.00000,0.160,0.016,0
822.6660,0.01143,-0.02053,-0.00165,0.00000,0.00000,0.160,0.016,0
822.7180,0.01152,-0.02076,-0.00150,0.00000,0.00000,0.161,0.016,0
822.7700,0.01164,-0.02100,-0.00133,0.00000,0.00000,0.162,0.016,0
822.8220,0.01180,-0.02127,-0.00114,0.00000,0.00000,0.163,0.016,0
822.8740,0.01200,-0.02156,-0.00093,0.00000,0.00000,0.164,0.016,0
822.9260,0.01224,-0.02187,-0.00070,0.00000,0.00000,0.165,0.017,0
822.9780,0.01252,-0.02222,-0.00047,0.00000,0.00000,0.166,0.017,0
823.0300,0.01285,-0.02258,-0.00021,0.00000,0.00000,0.167,0.018,0
823.0820,0.01323,-0.02299,0.00005,0.00000,0.00000,0.169,0.018,0
823.1340,0.01366,-0.02343,0.00033,0.00000,0.00000,0.171,0.019,0
823.1860,0.01414,-0.02390,0.00061,0.00000,0.00000,0.173,0.020,0
823.2380,0.01467,-0.02442,0.00090,0.00000,0.00000,0.176,0.021,0
823.2900,0.01525,-0.02496,0.00120,0.00000,0.00000,0.179,0.022,0
823.3420,0.01588,-0.02552,0.00149,0.00000,0.00000,0.182,0.023,0
823.3940,0.01655,-0.02611,0.00179,0.00000,0.00000,0.186,0.024,0
823.4460,0.01726,-0.02672,0.00208,0.00000,0.00000,0.190,0.026,0
823.4980,0.01802,-0.02735,0.00237,0.00000,0.00000,0.194,0.027,0
823.5500,0.01882,-0.02801,0.00265,0.00000,0.00000,0.199,0.029,0
823.6020,0.01966,-0.02869,0.00292,0.00000,0.00000,0.204,0.031,0
823.6540,0.02055,-0.02941,0.00318,0.00000,0.00000,0.210,0.033,0
823.7060,0.02147,-0.03014,0.00343,0.00000,0.00000,0.216,0.035,0
823.7580,0.02242,-0.03088,0.00366,0.00000,0.00000,0.223,0.037,0
823.8100,0.02340,-0.03163,0.00387,0.00000,0.00000,0.230,0.039,0
823.8620,0.02440,-0.03239,0.00406,0.00000,0.00000,0.237,0.041,0
823.9140,0.02543,-0.03316,0.00423,0.00000,0.00000,0.245,0.044,0
823.9660,0.02646,-0.03391,0.00437,0.00000,0.00000,0.254,0.046,0
824.0180,0.02750,-0.03465,0.00449,0.00000,0.00000,0.262,0.049,0
824.0700,0.02855,-0.03538,0.00458,0.00000,0.00000,0.271,0.052,0
824.1220,0.02959,-0.03609,0.00464,0.00000,0.00000,0.281,0.054,0
824.1740,0.03062,-0.03678,0.00467,0.00000,0.00000,0.290,0.057,0
824.2260,0.03165,-0.03744,0.00467,0.00000,0.00000,0.300,0.060,0
824.2780,0.03266,-0.03809,0.00463,0.00000,0.00000,0.310,0.062,0
824.3300,0.03365,-0.03870,0.00456,0.00000,0.00000,0.321,0.065,0
824.3820,0.03462,-0.03929,0.00446,0.00000,0.00000,0.332,0.067,0
824.4340,0.03556,-0.03985,0.00432,0.00000,0.00000,0.343,0.070,0
824.4860,0.03648,-0.04040,0.00415,0.00000,0.00000,0.354,0.072,0
824.5380,0.03736,-0.04090,0.00394,0.00000,0.00000,0.366,0.075,0
824.5900,0.03821,-0.04137,0.00369,0.00000,0.00000,0.378,0.077,0
824.6420,0.03901,-0.04180,0.00341,0.00000,0.00000,0.390,0.079,0
824.6940,0.03975,-0.04219,0.00309,0.00000,0.00000,0.402,0.081,0
824.7460,0.04043,-0.04250,0.00274,0.00000,0.00000,0.414,0.082,0
824.7980,0.04104,-0.04276,0.00236,0.00000,0.00000,0.425,0.084,0
824.8500,0.04159,-0.04296,0.00194,0.00000,0.00000,0.437,0.085,0
824.9020,0.04206,-0.04310,0.00149,0.00000,0.00000,0.448,0.086,0
824.9540,0.04245,-0.04318,0.00101,0.00000,0.00000,0.459,0.086,0
825.0060,0.04277,-0.04320,0.00050,0.00000,0.00000,0.469,0.086,0
825.0580,0.04300,-0.04314,-0.00003,0.00000,0.00000,0.479,0.086,0
825.1100,0.04313,-0.04302,-0.00059,0.00000,0.00000,0.488,0.085,0
825.1620,0.04318,-0.04284,-0.00117,0.00000,0.00000,0.497,0.084,0
825.2140,0.04313,-0.04258,-0.00177,0.00000,0.00000,0.505,0.083,0
825.2660,0.04298,-0.04224,-0.00239,0.00000,0.00000,0.513,0.081,0
825.3180,0.04272,-0.04183,-0.00303,0.00000,0.00000,0.520,0.079,0
825.3700,0.04235,-0.04133,-0.00367,0.00000,0.00000,0.525,0.076,0
825.4220,0.04188,-0.04076,-0.00433,0.00000,0.00000,0.530,0.073,0
825.4740,0.04130,-0.04012,-0.00499,0.00000,0.00000,0.534,0.070,0
825.5260,0.04060,-0.03940,-0.00566,0.00000,0.00000,0.537,0.066,0
825.5780,0.03979,-0.03860,-0.00632,0.00000,0.00000,0.538,0.062,0
825.6300,0.03886,-0.03772,-0.00699,0.00000,0.00000,0.539,0.057,0
825.6820,0.03782,-0.03677,-0.00765,0.00000,0.00000,0.538,0.052,0
825.7340,0.03667,-0.03574,-0.00829,0.00000,0.00000,0.536,0.047,0
825.7860,0.03542,-0.03466,-0.00893,0.00000,0.00000,0.533,0.042,0
825.8380,0.03405,-0.03351,-0.00955,0.00000,0.00000,0.529,0.036,0
825.8900,0.03257,-0.03229,-0.01015,0.00000,0.00000,0.523,0.030,0
825.9420,0.03099,-0.03101,-0.01073,0.00000,0.00000,0.517,0.024,0
825.9940,0.02931,-0.02968,-0.01128,0.00000,0.00000,0.509,0.018,0
826.0460,0.02753,-0.02830,-0.01181,0.00000,0.00000,0.500,0.012,0
826.0980,0.02566,-0.02687,-0.01230,0.00000,0.00000,0.491,0.006,0
826.1500,0.02370,-0.02538,-0.01276,0.00000,0.00000,0.480,-0.000,0
826.2020,0.02166,-0.02386,-0.01319,0.00000,0.00000,0.468,-0.006,0
826.2540,0.01955,-0.02230,-0.01357,0.00000,0.00000,0.455,-0.012,0
826.3060,0.01736,-0.02072,-0.01392,0.00000,0.00000,0.441,-0.018,0
826.3580,0.01512,-0.01911,-0.01422,0.00000,0.00000,0.426,-0.023,0
826.4100,0.01282,-0.01747,-0.01448,0.00000,0.00000,0.411,-0.028,0
826.4620,0.01048,-0.01582,-0.01470,0.00000,0.00000,0.395,-0.033,0
826.5140,0.00809,-0.01416,-0.01487,0.00000,0.00000,0.378,-0.037,0
826.5660,0.00567,-0.01247,-0.01499,0.00000,0.00000,0.360,-0.041,0
826.6180,0.00323,-0.01078,-0.01506,0.00000,0.00000,0.342,-0.045,0
826.6700,0.00077,-0.00910,-0.01508,0.00000,0.00000,0.324,-0.048,0
826.7220,-0.00168,-0.00742,-0.01506,0.00000,0.00000,0.305,-0.050,0
826.7740,-0.00412,-0.00578,-0.01498,0.00000,0.00000,0.287,-0.052,0
826.8260,-0.00653,-0.00416,-0.01486,0.00000,0.00000,0.268,-0.054,0
826.8780,-0.00892,-0.00256,-0.01468,0.00000,0.00000,0.249,-0.055,0
826.9300,-0.01126,-0.00101,-0.01446,0.00000,0.00000,0.231,-0.055,0
826.9820,-0.01354,0.00050,-0.01419,0.00000,0.00000,0.212,-0.055,0
827.0340,-0.01577,0.00197,-0.01387,0.00000,0.00000,0.194,-0.055,0
827.0860,-0.01792,0.00338,-0.01351,0.00000,0.00000,0.176,-0.054,0
827.1380,-0.01998,0.00473,-0.01310,0.00000,0.00000,0.159,-0.052,0
827.1900,-0.02194,0.00601,-0.01265,0.00000,0.00000,0.142,-0.050,0
827.2420,-0.02380,0.00722,-0.01216,0.00000,0.00000,0.126,-0.048,0
827.2940,-0.02555,0.00836,-0.01163,0.00000,0.00000,0.111,-0.045,0
827.3460,-0.02718,0.00943,-0.01106,0.00000,0.00000,0.096,-0.042,0
827.3980,-0.02868,0.01042,-0.01046,0.00000,0.00000,0.082,-0.039,0
827.4500,-0.03005,0.01132,-0.00982,0.00000,0.00000,0.069,-0.036,0
827.5020,-0.03127,0.01213,-0.00916,0.00000,0.00000,0.057,-0.032,0
827.5540,-0.03234,0.01285,-0.00847,0.00000,0.00000,0.046,-0.028,0
827.6060,-0.03327,0.01348,-0.00775,0.00000,0.00000,0.036,-0.024,0
827.6580,-0.03405,0.01403,-0.00702,0.00000,0.00000,0.026,-0.020,0
827.7100,-0.03468,0.01448,-0.00627,0.00000,0.00000,0.017,-0.016,0
827.7620,-0.03516,0.01484,-0.00550,0.00000,0.00000,0.010,-0.013,0
827.8140,-0.03550,0.01510,-0.00472,0.00000,0.00000,0.003,-0.009,0
827.8660,-0.03569,0.01527,-0.00394,0.00000,0.00000,-0.003,-0.005,0
827.9180,-0.03574,0.01533,-0.00315,0.00000,0.00000,-0.008,-0.002,0
827.9700,-0.03566,0.01531,-0.00236,0.00000,0.00000,-0.013,0.001,0
828.0220,-0.03545,0.01518,-0.00157,0.00000,0.00000,-0.016,0.004,0
828.0740,-0.03512,0.01498,-0.00079,0.00000,0.00000,-0.020,0.006,0
828.1260,-0.03468,0.01469,-0.00002,0.00000,0.00000,-0.022,0.008,0
828.1780,-0.03413,0.01433,0.00073,0.00000,0.00000,-0.024,0.010,0
828.2300,-0.03348,0.01388,0.00147,0.00000,0.00000,-0.025,0.011,0
828.2820,-0.03273,0.01335,0.00219,0.00000,0.00000,-0.026,0.012,0
828.3340,-0.03188,0.01275,0.00289,0.00000,0.00000,-0.027,0.013,0
828.3860,-0.03094,0.01206,0.00356,0.00000,0.00000,-0.028,0.013,0
828.4380,-0.02993,0.01132,0.00420,0.00000,0.00000,-0.028,0.013,0
828.4900,-0.02885,0.01052,0.00481,0.00000,0.00000,-0.028,0.013,0
828.5420,-0.02771,0.00967,0.00539,0.00000,0.00000,-0.028,0.012,0
828.5940,-0.02650,0.00877,0.00593,0.00000,0.00000,-0.028,0.012,0
828.6460,-0.02524,0.00782,0.00643,0.00000,0.00000,-0.028,0.010,0
828.6980,-0.02395,0.00685,0.00689,0.00000,0.00000,-0.028,0.009,0
828.7500,-0.02263,0.00587,0.00731,0.00000,0.00000,-0.027,0.007,0
828.8020,-0.02127,0.00485,0.00769,0.00000,0.00000,-0.027,0.006,0
828.8540,-0.01990,0.00383,0.00802,0.00000,0.00000,-0.027,0.004,0
828.9060,-0.01851,0.00279,0.00831,0.00000,0.00000,-0.027,0.002,0
828.9580,-0.01711,0.00175,0.00854,0.00000,0.00000,-0.027,-0.000,0
829.0100,-0.01570,0.00071,0.00874,0.00000,0.00000,-0.027,-0.002,0
829.0620,-0.01431,-0.00033,0.00888,0.00000,0.00000,-0.027,-0.004,0
829.1140,-0.01292,-0.00135,0.00898,0.00000,0.00000,-0.028,-0.006,0
829.1660,-0.01154,-0.00236,0.00903,0.00000,0.00000,-0.028,-0.008,0
829.2180,-0.01020,-0.00335,0.00904,0.00000,0.00000,-0.028,-0.010,0
829.2700,-0.00888,-0.00431,0.00900,0.00000,0.00000,-0.028,-0.012,0
829.3220,-0.00759,-0.00524,0.00892,0.00000,0.00000,-0.029,-0.014,0
829.3740,-0.00634,-0.00615,0.00880,0.00000,0.00000,-0.029,-0.015,0
829.4260,-0.00514,-0.00702,0.00864,0.00000,0.00000,-0.030,-0.017,0
829.4780,-0.00398,-0.00786,0.00844,0.00000,0.00000,-0.030,-0.018,0
829.5300,-0.00287,-0.00866,0.00820,0.00000,0.00000,-0.030,-0.019,0
829.5820,-0.00181,-0.00944,0.00793,0.00000,0.00000,-0.031,-0.020,0
829.6340,-0.00082,-0.01016,0.00762,0.00000,0.00000,-0.031,-0.021,0
829.6860,0.00012,-0.01085,0.00728,0.00000,0.00000,-0.031,-0.021,0
829.7380,0.00098,-0.01149,0.00692,0.00000,0.00000,-0.031,-0.022,0
829.7900,0.00179,-0.01209,0.00653,0.00000,0.00000,-0.032,-0.022,0
829.8420,0.00252,-0.01265,0.00612,0.00000,0.00000,-0.032,-0.022,0
829.8940,0.00319,-0.01317,0.00569,0.00000,0.00000,-0.032,-0.022,0
829.9460,0.00378,-0.01364,0.00524,0.00000,0.00000,-0.031,-0.022,0
829.9980,0.00430,-0.01406,0.00478,0.00000,0.00000,-0.031,-0.022,0
830.0500,0.00475,-0.01444,0.00431,0.00000,0.00000,-0.031,-0.021,0
830.1020,0.00513,-0.01477,0.00384,0.00000,0.00000,-0.031,-0.021,0
830.1540,0.00544,-0.01508,0.00336,0.00000,0.00000,-0.030,-0.020,0
830.2060,0.00568,-0.01534,0.00287,0.00000,0.00000,-0.030,-0.020,0
830.2580,0.00585,-0.01556,0.00240,0.00000,0.00000,-0.029,-0.019,0
830.3100,0.00596,-0.01573,0.00192,0.00000,0.00000,-0.028,-0.018,0
830.3620,0.00600,-0.01587,0.00146,0.00000,0.00000,-0.028,-0.018,0
830.4140,0.00598,-0.01597,0.00100,0.00000,0.00000,-0.027,-0.017,0
830.4660,0.00591,-0.01604,0.00057,0.00000,0.00000,-0.026,-0.016,0
830.5180,0.00578,-0.01607,0.00014,0.00000,0.00000,-0.026,-0.015,0
830.5700,0.00561,-0.01608,-0.00026,0.00000,0.00000,-0.025,-0.014,0
830.6220,0.00540,-0.01607,-0.00063,0.00000,0.00000,-0.025,-0.013,0
830.6740,0.00515,-0.01603,-0.00099,0.00000,0.00000,-0.024,-0.013,0
830.7260,0.00487,-0.01597,-0.00131,0.00000,0.00000,-0.023,-0.012,0
830.7780,0.00457,-0.01591,-0.00160,0.00000,0.00000,-0.023,-0.011,0
830.8300,0.00425,-0.01584,-0.00187,0.00000,0.00000,-0.022,-0.010,0
830.8820,0.00392,-0.01576,-0.00210,0.00000,0.00000,-0.022,-0.010,0
830.9340,0.00359,-0.01568,-0.00229,0.00000,0.00000,-0.021,-0.009,0
830.9860,0.00326,-0.01560,-0.00244,0.00000,0.00000,-0.021,-0.008,0
831.0380,0.00293,-0.01553,-0.00256,0.00000,0.00000,-0.021,-0.008,0
831.0900,0.00263,-0.01547,-0.00264,0.00000,0.00000,-0.020,-0.007,0
831.1420,0.00234,-0.01542,-0.00268,0.00000,0.00000,-0.020,-0.007,0
831.1940,0.00209,-0.01539,-0.00267,0.00000,0.00000,-0.020,-0.006,0
831.2460,0.00187,-0.01537,-0.00263,0.00000,0.00000,-0.020,-0.006,0
831.2980,0.00169,-0.01539,-0.00254,0.00000,0.00000,-0.020,-0.005,0
831.3500,0.00155,-0.01543,-0.00242,0.00000,0.00000,-0.020,-0.005,0
831.4020,0.00148,-0.01551,-0.00225,0.00000,0.00000,-0.019,-0.005,0
831.4540,0.00147,-0.01564,-0.00205,0.00000,0.00000,-0.019,-0.004,0
831.5060,0.00152,-0.01580,-0.00180,0.00000,0.00000,-0.019,-0.004,0
831.5580,0.00164,-0.01601,-0.00152,0.00000,0.00000,-0.019,-0.004,0
831.6100,0.00183,-0.01625,-0.00120,0.00000,0.00000,-0.018,-0.003,0
831.6620,0.00210,-0.01654,-0.00084,0.00000,0.00000,-0.018,-0.003,0
831.7140,0.00245,-0.01687,-0.00045,0.00000,0.00000,-0.017,-0.003,0
831.7660,0.00288,-0.01726,-0.00003,0.00000,0.00000,-0.017,-0.002,0
831.8180,0.00340,-0.01769,0.00043,0.00000,0.00000,-0.016,-0.002,0
831.8700,0.00400,-0.01817,0.00091,0.00000,0.00000,-0.015,-0.002,0
831.9220,0.00470,-0.01869,0.00141,0.00000,0.00000,-0.014,-0.001,0
831.9740,0.00548,-0.01927,0.00194,0.00000,0.00000,-0.012,-0.001,0
832.0260,0.00635,-0.01990,0.00249,0.00000,0.00000,-0.011,-0.001,0
832.0780,0.00732,-0.02058,0.00306,0.00000,0.00000,-0.009,-0.000,0
832.1300,0.00838,-0.02133,0.00364,0.00000,0.00000,-0.006,0.001,0
832.1820,0.00953,-0.02213,0.00423,0.00000,0.00000,-0.003,0.001,0
832.2340,0.01078,-0.02300,0.00484,0.00000,0.00000,-0.000,0.002,0
832.2860,0.01211,-0.02392,0.00544,0.00000,0.00000,0.004,0.004,0
832.3380,0.01353,-0.02488,0.00605,0.00000,0.00000,0.008,0.005,0
832.3900,0.01504,-0.02590,0.00666,0.00000,0.00000,0.013,0.006,0
832.4420,0.01662,-0.02696,0.00727,0.00000,0.00000,0.018,0.008,0
832.4940,0.01828,-0.02807,0.00786,0.00000,0.00000,0.024,0.010,0
832.5460,0.02000,-0.02921,0.00845,0.00000,0.00000,0.031,0.013,0
832.5980,0.02181,-0.03041,0.00902,0.00000,0.00000,0.039,0.015,0
832.6500,0.02368,-0.03165,0.00958,0.00000,0.00000,0.047,0.019,0
832.7020,0.02562,-0.03293,0.01011,0.00000,0.00000,0.056,0.022,0
832.7540,0.02762,-0.03426,0.01063,0.00000,0.00000,0.067,0.026,0
832.8060,0.02968,-0.03561,0.01111,0.00000,0.00000,0.078,0.031,0
832.8580,0.03179,-0.03700,0.01157,0.00000,0.00000,0.091,0.036,0
832.9100,0.03395,-0.03843,0.01200,0.00000,0.00000,0.104,0.041,0
832.9620,0.03615,-0.03986,0.01239,0.00000,0.00000,0.119,0.047,0
833.0140,0.03838,-0.04131,0.01275,0.00000,0.00000,0.135,0.053,0
833.0660,0.04065,-0.04278,0.01307,0.00000,0.00000,0.153,0.060,0
833.1180,0.04295,-0.04427,0.01335,0.00000,0.00000,0.171,0.068,0
833.1700,0.04527,-0.04576,0.01359,0.00000,0.00000,0.191,0.076,0
833.2220,0.04762,-0.04726,0.01378,0.00000,0.00000,0.212,0.084,0
833.2740,0.04998,-0.04876,0.01393,0.00000,0.00000,0.234,0.093,0
833.3260,0.05236,-0.05028,0.01402,0.00000,0.00000,0.258,0.103,0
833.3780,0.05475,-0.05178,0.01408,0.00000,0.00000,0.284,0.112,0
833.4300,0.05714,-0.05328,0.01408,0.00000,0.00000,0.310,0.123,0
833.4820,0.05953,-0.05478,0.01403,0.00000,0.00000,0.338,0.133,0
833.5340,0.06192,-0.05627,0.01393,0.00000,0.00000,0.368,0.144,0
833.5860,0.06430,-0.05774,0.01378,0.00000,0.00000,0.399,0.155,0
833.6380,0.06667,-0.05919,0.01357,0.00000,0.00000,0.431,0.166,0
833.6900,0.06902,-0.06062,0.01332,0.00000,0.00000,0.464,0.177,0
833.7420,0.07134,-0.06201,0.01301,0.00000,0.00000,0.498,0.189,0
833.7940,0.07363,-0.06337,0.01266,0.00000,0.00000,0.534,0.200,0
833.8460,0.07588,-0.06469,0.01225,0.00000,0.00000,0.570,0.211,0
833.8980,0.07809,-0.06596,0.01179,0.00000,0.00000,0.607,0.222,0
833.9500,0.08025,-0.06718,0.01128,0.00000,0.00000,0.645,0.232,0
834.0020,0.08235,-0.06836,0.01073,0.00000,0.00000,0.683,0.243,0
834.0540,0.08440,-0.06949,0.01013,0.00000,0.00000,0.721,0.252,0
834.1060,0.08638,-0.07055,0.00948,0.00000,0.00000,0.760,0.262,0
834.1580,0.08829,-0.07155,0.00879,0.00000,0.00000,0.799,0.270,0
834.2100,0.09012,-0.07251,0.00806,0.00000,0.00000,0.839,0.278,0
834.2620,0.09187,-0.07338,0.00728,0.00000,0.00000,0.878,0.285,0
834.3140,0.09354,-0.07419,0.00647,0.00000,0.00000,0.917,0.291,0
834.3660,0.09514,-0.07495,0.00563,0.00000,0.00000,0.955,0.297,0
834.4180,0.09665,-0.07564,0.00475,0.00000,0.00000,0.993,0.301,0
834.4700,0.09808,-0.07626,0.00384,0.00000,0.00000,1.031,0.305,0
834.5220,0.09942,-0.07681,0.00290,0.00000,0.00000,1.067,0.307,0
834.5740,0.10065,-0.07728,0.00194,0.00000,0.00000,1.103,0.308,0
834.6260,0.10178,-0.07767,0.00095,0.00000,0.00000,1.138,0.308,0
834.6780,0.10278,-0.07798,-0.00005,0.00000,0.00000,1.171,0.307,0
834.7300,0.10364,-0.07821,-0.00107,0.00000,0.00000,1.202,0.305,0
834.7820,0.10434,-0.07835,-0.00210,0.00000,0.00000,1.233,0.302,0
834.8340,0.10488,-0.07841,-0.00314,0.00000,0.00000,1.261,0.297,0
834.8860,0.10525,-0.07838,-0.00418,0.00000,0.00000,1.288,0.291,0
834.9380,0.10545,-0.07826,-0.00522,0.00000,0.00000,1.314,0.285,0
834.9900,0.10548,-0.07807,-0.00626,0.00000,0.00000,1.337,0.277,0
835.0420,0.10533,-0.07778,-0.00730,0.00000,0.00000,1.359,0.268,0
835.0940,0.10501,-0.07741,-0.00832,0.00000,0.00000,1.378,0.257,0
835.1460,0.10452,-0.07694,-0.00933,0.00000,0.00000,1.396,0.246,0
835.1980,0.10385,-0.07638,-0.01033,0.00000,0.00000,1.410,0.234,0
835.2500,0.10301,-0.07574,-0.01130,0.00000,0.00000,1.423,0.221,0
835.3020,0.10200,-0.07501,-0.01225,0.00000,0.00000,1.433,0.207,0
835.3540,0.10081,-0.07419,-0.01317,0.00000,0.00000,1.440,0.192,0
835.4060,0.09944,-0.07326,-0.01406,0.00000,0.00000,1.445,0.177,0
835.4580,0.09789,-0.07225,-0.01491,0.00000,0.00000,1.446,0.160,0
835.5100,0.09617,-0.07114,-0.01573,0.00000,0.00000,1.445,0.144,0
835.5620,0.09427,-0.06994,-0.01650,0.00000,0.00000,1.441,0.127,0
835.6140,0.09221,-0.06864,-0.01723,0.00000,0.00000,1.435,0.109,0
835.6660,0.08998,-0.06727,-0.01791,0.00000,0.00000,1.425,0.091,0
835.7180,0.08759,-0.06581,-0.01854,0.00000,0.00000,1.413,0.073,0
835.7700,0.08504,-0.06428,-0.01912,0.00000,0.00000,1.399,0.055,0
835.8220,0.08235,-0.06267,-0.01965,0.00000,0.00000,1.382,0.038,0
835.8740,0.07951,-0.06099,-0.02012,0.00000,0.00000,1.363,0.020,0
835.9260,0.07654,-0.05923,-0.02054,0.00000,0.00000,1.342,0.003,0
835.9780,0.07343,-0.05740,-0.02090,0.00000,0.00000,1.318,-0.014,0
836.0300,0.07021,-0.05551,-0.02120,0.00000,0.00000,1.292,-0.031,0
836.0820,0.06688,-0.05357,-0.02145,0.00000,0.00000,1.264,-0.046,0
836.1340,0.06345,-0.05159,-0.02163,0.00000,0.00000,1.234,-0.061,0
836.1860,0.05994,-0.04957,-0.02176,0.00000,0.00000,1.203,-0.076,0
836.2380,0.05635,-0.04753,-0.02183,0.00000,0.00000,1.171,-0.089,0
836.2900,0.05271,-0.04545,-0.02184,0.00000,0.00000,1.137,-0.102,0
836.3420,0.04901,-0.04334,-0.02180,0.00000,0.00000,1.102,-0.113,0
836.3940,0.04526,-0.04120,-0.02170,0.00000,0.00000,1.066,-0.124,0
836.4460,0.04148,-0.03904,-0.02154,0.00000,0.00000,1.029,-0.134,0
836.4980,0.03768,-0.03686,-0.02133,0.00000,0.00000,0.991,-0.142,0
836.5500,0.03388,-0.03467,-0.02107,0.00000,0.00000,0.952,-0.149,0
836.6020,0.03008,-0.03248,-0.02075,0.00000,0.00000,0.912,-0.156,0
836.6540,0.02631,-0.03030,-0.02039,0.00000,0.00000,0.873,-0.161,0
836.7060,0.02258,-0.02812,-0.01998,0.00000,0.00000,0.833,-0.165,0
836.7580,0.01888,-0.02596,-0.01952,0.00000,0.00000,0.792,-0.168,0
836.8100,0.01525,-0.02381,-0.01901,0.00000,0.00000,0.752,-0.169,0
836.8620,0.01170,-0.02170,-0.01847,0.00000,0.00000,0.712,-0.170,0
836.9140,0.00823,-0.01963,-0.01789,0.00000,0.00000,0.673,-0.170,0
836.9660,0.00487,-0.01759,-0.01726,0.00000,0.00000,0.634,-0.169,0
837.0180,0.00161,-0.01560,-0.01661,0.00000,0.00000,0.596,-0.167,0
837.0700,-0.00153,-0.01365,-0.01592,0.00000,0.00000,0.558,-0.164,0
837.1220,-0.00454,-0.01176,-0.01519,0.00000,0.00000,0.521,-0.161,0
837.1740,-0.00741,-0.00992,-0.01445,0.00000,0.00000,0.485,-0.157,0
837.2260,-0.01014,-0.00813,-0.01367,0.00000,0.00000,0.450,-0.152,0
837.2780,-0.01271,-0.00640,-0.01288,0.00000,0.00000,0.416,-0.146,0
837.3300,-0.01512,-0.00475,-0.01206,0.00000,0.00000,0.383,-0.140,0
837.3820,-0.01736,-0.00316,-0.01123,0.00000,0.00000,0.351,-0.134,0
837.4340,-0.01943,-0.00164,-0.01039,0.00000,0.00000,0.320,-0.127,0
837.4860,-0.02131,-0.00021,-0.00953,0.00000,0.00000,0.291,-0.120,0
837.5380,-0.02302,0.00114,-0.00867,0.00000,0.00000,0.264,-0.113,0
837.5900,-0.02452,0.00239,-0.00780,0.00000,0.00000,0.237,-0.105,0
837.6420,-0.02584,0.00355,-0.00693,0.00000,0.00000,0.213,-0.098,0
837.6940,-0.02697,0.00462,-0.00605,0.00000,0.00000,0.189,-0.090,0
837.7460,-0.02792,0.00560,-0.00519,0.00000,0.00000,0.167,-0.083,0
837.7980,-0.02868,0.00650,-0.00432,0.00000,0.00000,0.147,-0.076,0
837.8500,-0.02926,0.00732,-0.00347,0.00000,0.00000,0.128,-0.069,0
837.9020,-0.02968,0.00806,-0.00262,0.00000,0.00000,0.110,-0.062,0
837.9540,-0.02991,0.00871,-0.00180,0.00000,0.00000,0.094,-0.055,0
838.0060,-0.02998,0.00927,-0.00098,0.00000,0.00000,0.079,-0.049,0
838.0580,-0.02989,0.00976,-0.00019,0.00000,0.00000,0.065,-0.043,0
838.1100,-0.02964,0.01016,0.00059,0.00000,0.00000,0.053,-0.037,0
838.1620,-0.02925,0.01047,0.00134,0.00000,0.00000,0.042,-0.032,0
838.2140,-0.02871,0.01070,0.00206,0.00000,0.00000,0.032,-0.027,0
838.2660,-0.02803,0.01084,0.00276,0.00000,0.00000,0.023,-0.022,0
838.3180,-0.02725,0.01093,0.00343,0.00000,0.00000,0.016,-0.018,0
838.3700,-0.02635,0.01095,0.00407,0.00000,0.00000,0.009,-0.014,0
838.4220,-0.02536,0.01090,0.00467,0.00000,0.00000,0.003,-0.011,0
838.4740,-0.02426,0.01076,0.00525,0.00000,0.00000,-0.002,-0.008,0
838.5260,-0.02308,0.01057,0.00578,0.00000,0.00000,-0.006,-0.006,0
838.5780,-0.02184,0.01034,0.00628,0.00000,0.00000,-0.010,-0.004,0
838.6300,-0.02053,0.01004,0.00674,0.00000,0.00000,-0.012,-0.002,0
838.6820,-0.01917,0.00970,0.00717,0.00000,0.00000,-0.015,-0.001,0
838.7340,-0.01778,0.00932,0.00755,0.00000,0.00000,-0.016,0.000,0
838.7860,-0.01634,0.00890,0.00790,0.00000,0.00000,-0.018,0.001,0
838.8380,-0.01488,0.00843,0.00820,0.00000,0.00000,-0.018,0.002,0
838.8900,-0.01340,0.00793,0.00847,0.00000,0.00000,-0.019,0.002,0
838.9420,-0.01190,0.00738,0.00869,0.00000,0.00000,-0.019,0.002,0
838.9940,-0.01039,0.00680,0.00887,0.00000,0.00000,-0.019,0.003,0
839.0460,-0.00888,0.00617,0.00902,0.00000,0.00000,-0.018,0.003,0
839.0980,-0.00738,0.00553,0.00912,0.00000,0.00000,-0.018,0.002,0
839.1500,-0.00590,0.00488,0.00918,0.00000,0.00000,-0.017,0.002,0
839.2020,-0.00444,0.00421,0.00921,0.00000,0.00000,-0.016,0.002,0
839.2540,-0.00301,0.00354,0.00920,0.00000,0.00000,-0.015,0.002,0
839.3060,-0.00162,0.00287,0.00915,0.00000,0.00000,-0.013,0.002,0
839.3580,-0.00028,0.00221,0.00906,0.00000,0.00000,-0.012,0.001,0
839.4100,0.00102,0.00155,0.00894,0.00000,0.00000,-0.011,0.001,0
839.4620,0.00228,0.00089,0.00879,0.00000,0.00000,-0.009,0.001,0
839.5140,0.00348,0.00024,0.00860,0.00000,0.00000,-0.008,0.001,0
839.5660,0.00462,-0.00041,0.00839,0.00000,0.00000,-0.006,0.001,0
839.6180,0.00571,-0.00104,0.00814,0.00000,0.00000,-0.004,0.001,0
839.6700,0.00673,-0.00166,0.00786,0.00000,0.00000,-0.003,0.001,0
839.7220,0.00769,-0.00226,0.00756,0.00000,0.00000,-0.001,0.002,0
839.7740,0.00857,-0.00284,0.00723,0.00000,0.00000,0.001,0.002,0
839.8260,0.00939,-0.00339,0.00688,0.00000,0.00000,0.003,0.002,0
839.8780,0.01013,-0.00392,0.00650,0.00000,0.00000,0.005,0.003,0
839.9300,0.01079,-0.00440,0.00611,0.00000,0.00000,0.007,0.003,0
839.9820,0.01138,-0.00485,0.00569,0.00000,0.00000,0.008,0.004,0
840.0340,0.01189,-0.00525,0.00526,0.00000,0.00000,0.010,0.004,0
840.0860,0.01232,-0.00561,0.00481,0.00000,0.00000,0.012,0.005,0
840.1380,0.01267,-0.00594,0.00434,0.00000,0.00000,0.014,0.005,0
840.1900,0.01294,-0.00623,0.00386,0.00000,0.00000,0.016,0.006,0
840.2420,0.01314,-0.00648,0.00338,0.00000,0.00000,0.018,0.007,0
840.2940,0.01327,-0.00668,0.00288,0.00000,0.00000,0.019,0.007,0
840.3460,0.01332,-0.00685,0.00237,0.00000,0.00000,0.021,0.008,0
840.3980,0.01329,-0.00697,0.00186,0.00000,0.00000,0.023,0.008,0
840.4500,0.01319,-0.00705,0.00135,0.00000,0.00000,0.024,0.009,0
840.5020,0.01302,-0.00709,0.00083,0.00000,0.00000,0.026,0.009,0
840.5540,0.01279,-0.00709,0.00031,0.00000,0.00000,0.027,0.009,0
840.6060,0.01248,-0.00705,-0.00021,0.00000,0.00000,0.028,0.009,0
840.6580,0.01210,-0.00696,-0.00073,0.00000,0.00000,0.030,0.009,0
840.7100,0.01165,-0.00683,-0.00124,0.00000,0.00000,0.031,0.009,0
840.7620,0.01115,-0.00667,-0.00175,0.00000,0.00000,0.031,0.009,0
840.8140,0.01057,-0.00647,-0.00225,0.00000,0.00000,0.032,0.009,0
840.8660,0.00994,-0.00623,-0.00274,0.00000,0.00000,0.033,0.009,0
840.9180,0.00924,-0.00595,-0.00322,0.00000,0.00000,0.033,0.009,0
840.9700,0.00848,-0.00562,-0.00369,0.00000,0.00000,0.033,0.008,0
841.0220,0.00766,-0.00524,-0.00415,0.00000,0.00000,0.033,0.008,0
841.0740,0.00678,-0.00484,-0.00459,0.00000,0.00000,0.033,0.007,0
841.1260,0.00585,-0.00439,-0.00502,0.00000,0.00000,0.033,0.007,0
841.1780,0.00487,-0.00392,-0.00543,0.00000,0.00000,0.032,0.006,0
841.2300,0.00384,-0.00342,-0.00582,0.00000,0.00000,0.031,0.005,0
841.2820,0.00277,-0.00291,-0.00620,0.00000,0.00000,0.030,0.005,0
841.3340,0.00167,-0.00237,-0.00655,0.00000,0.00000,0.029,0.004,0
841.3860,0.00052,-0.00182,-0.00688,0.00000,0.00000,0.028,0.003,0
841.4380,-0.00066,-0.00125,-0.00719,0.00000,0.00000,0.027,0.003,0
841.4900,-0.00187,-0.00067,-0.00747,0.00000,0.00000,0.025,0.002,0
841.5420,-0.00310,-0.00007,-0.00773,0.00000,0.00000,0.024,0.001,0
841.5940,-0.00436,0.00053,-0.00797,0.00000,0.00000,0.022,0.001,0
841.6460,-0.00564,0.00115,-0.00817,0.00000,0.00000,0.020,0.000,0
841.6980,-0.00694,0.00176,-0.00835,0.00000,0.00000,0.018,-0.000,0
841.7500,-0.00823,0.00236,-0.00851,0.00000,0.00000,0.016,-0.000,0
841.8020,-0.00953,0.00295,-0.00863,0.00000,0.00000,0.014,-0.001,0
841.8540,-0.01083,0.00354,-0.00873,0.00000,0.00000,0.012,-0.001,0
841.9060,-0.01214,0.00412,-0.00880,0.00000,0.00000,0.011,-0.001,0
841.9580,-0.01342,0.00468,-0.00884,0.00000,0.00000,0.009,-0.001,0
842.0100,-0.01469,0.00522,-0.00885,0.00000,0.00000,0.007,-0.001,0
842.0620,-0.01594,0.00572,-0.00883,0.00000,0.00000,0.005,-0.000,0
842.1140,-0.01717,0.00620,-0.00877,0.00000,0.00000,0.004,0.000,0
842.1660,-0.01837,0.00667,-0.00869,0.00000,0.00000,0.002,0.001,0
842.2180,-0.01954,0.00711,-0.00858,0.00000,0.00000,0.001,0.001,0
842.2700,-0.02067,0.00748,-0.00843,0.00000,0.00000,-0.000,0.002,0
842.3220,-0.02176,0.00782,-0.00826,0.00000,0.00000,-0.001,0.003,0
842.3740,-0.02280,0.00810,-0.00805,0.00000,0.00000,-0.002,0.004,0
842.4260,-0.02379,0.00833,-0.00782,0.00000,0.00000,-0.003,0.005,0
842.4780,-0.02472,0.00850,-0.00755,0.00000,0.00000,-0.003,0.006,0
842.5300,-0.02561,0.00862,-0.00725,0.00000,0.00000,-0.003,0.007,0
842.5820,-0.02643,0.00867,-0.00693,0.00000,0.00000,-0.003,0.009,0
842.6340,-0.02719,0.00866,-0.00657,0.00000,0.00000,-0.003,0.010,0
842.6860,-0.02789,0.00858,-0.00618,0.00000,0.00000,-0.003,0.011,0
842.7380,-0.02853,0.00844,-0.00577,0.00000,0.00000,-0.003,0.012,0
842.7900,-0.02909,0.00823,-0.00533,0.00000,0.00000,-0.003,0.013,0
842.8420,-0.02959,0.00796,-0.00486,0.00000,0.00000,-0.002,0.014,0
842.8940,-0.03002,0.00762,-0.00436,0.00000,0.00000,-0.002,0.015,0
842.9460,-0.03036,0.00721,-0.00384,0.00000,0.00000,-0.001,0.015,0
842.9980,-0.03063,0.00672,-0.00329,0.00000,0.00000,-0.001,0.016,0
843.0500,-0.03081,0.00617,-0.00272,0.00000,0.00000,-0.000,0.016,0
843.1020,-0.03091,0.00554,-0.00212,0.00000,0.00000,-0.000,0.017,0
843.1540,-0.03092,0.00484,-0.00151,0.00000,0.00000,0.000,0.017,0
843.2060,-0.03083,0.00405,-0.00087,0.00000,0.00000,0.000,0.016,0
843.2580,-0.03065,0.00320,-0.00021,0.00000,0.00000,0.000,0.016,0
843.3100,-0.03037,0.00228,0.00046,0.00000,0.00000,-0.000,0.015,0
843.3620,-0.03000,0.00129,0.00115,0.00000,0.00000,-0.001,0.014,0
843.4140,-0.02951,0.00022,0.00186,0.00000,0.00000,-0.002,0.013,0
843.4660,-0.02892,-0.00093,0.00258,0.00000,0.00000,-0.003,0.012,0
843.5180,-0.02822,-0.00215,0.00331,0.00000,0.00000,-0.004,0.010,0
843.5700,-0.02740,-0.00344,0.00406,0.00000,0.00000,-0.006,0.008,0
843.6220,-0.02646,-0.00480,0.00481,0.00000,0.00000,-0.008,0.006,0
843.6740,-0.02540,-0.00624,0.00556,0.00000,0.00000,-0.010,0.003,0
843.7260,-0.02423,-0.00772,0.00632,0.00000,0.00000,-0.013,0.000,0
843.7780,-0.02294,-0.00927,0.00709,0.00000,0.00000,-0.016,-0.003,0
843.8300,-0.02152,-0.01088,0.00785,0.00000,0.00000,-0.019,-0.006,0
843.8820,-0.01998,-0.01255,0.00862,0.00000,0.00000,-0.023,-0.009,0
843.9340,-0.01832,-0.01426,0.00938,0.00000,0.00000,-0.027,-0.012,0
843.9860,-0.01653,-0.01602,0.01013,0.00000,0.00000,-0.031,-0.015,0
844.0380,-0.01463,-0.01782,0.01088,0.00000,0.00000,-0.035,-0.019,0
844.0900,-0.01261,-0.01966,0.01162,0.00000,0.00000,-0.039,-0.022,0
844.1420,-0.01047,-0.02153,0.01235,0.00000,0.00000,-0.043,-0.026,0
844.1940,-0.00821,-0.02345,0.01307,0.00000,0.00000,-0.047,-0.029,0
844.2460,-0.00583,-0.02540,0.01377,0.00000,0.00000,-0.050,-0.032,0
844.2980,-0.00333,-0.02739,0.01445,0.00000,0.00000,-0.054,-0.034,0
844.3500,-0.00073,-0.02940,0.01511,0.00000,0.00000,-0.057,-0.037,0
844.4020,0.00198,-0.03144,0.01576,0.00000,0.00000,-0.059,-0.039,0
844.4540,0.00479,-0.03350,0.01638,0.00000,0.00000,-0.061,-0.041,0
844.5060,0.00770,-0.03559,0.01697,0.00000,0.00000,-0.062,-0.042,0
844.5580,0.01069,-0.03770,0.01754,0.00000,0.00000,-0.062,-0.042,0
844.6100,0.01377,-0.03983,0.01808,0.00000,0.00000,-0.061,-0.042,0
844.6620,0.01692,-0.04197,0.01859,0.00000,0.00000,-0.059,-0.041,0
844.7140,0.02014,-0.04413,0.01906,0.00000,0.00000,-0.055,-0.039,0
844.7660,0.02341,-0.04629,0.01951,0.00000,0.00000,-0.050,-0.037,0
844.8180,0.02672,-0.04845,0.01991,0.00000,0.00000,-0.044,-0.034,0
844.8700,0.03006,-0.05062,0.02028,0.00000,0.00000,-0.035,-0.029,0
844.9220,0.03342,-0.05279,0.02060,0.00000,0.00000,-0.024,-0.024,0
844.9740,0.03679,-0.05495,0.02089,0.00000,0.00000,-0.012,-0.017,0
845.0260,0.04015,-0.05710,0.02113,0.00000,0.00000,0.003,-0.010,0
845.0780,0.04352,-0.05924,0.02133,0.00000,0.00000,0.021,-0.001,0
845.1300,0.04686,-0.06137,0.02148,0.00000,0.00000,0.041,0.008,0
845.1820,0.05019,-0.06346,0.02159,0.00000,0.00000,0.063,0.019,0
845.2340,0.05350,-0.06555,0.02164,0.00000,0.00000,0.088,0.031,0
845.2860,0.05678,-0.06761,0.02165,0.00000,0.00000,0.116,0.044,0
845.3380,0.06004,-0.06964,0.02161,0.00000,0.00000,0.146,0.058,0
845.3900,0.06328,-0.07165,0.02152,0.00000,0.00000,0.179,0.073,0
845.4420,0.06649,-0.07364,0.02138,0.00000,0.00000,0.215,0.089,0
845.4940,0.06969,-0.07560,0.02118,0.00000,0.00000,0.254,0.106,0
845.5460,0.07286,-0.07752,0.02094,0.00000,0.00000,0.295,0.123,0
845.5980,0.07602,-0.07940,0.02064,0.00000,0.00000,0.340,0.141,0
845.6500,0.07917,-0.08124,0.02028,0.00000,0.00000,0.386,0.160,0
845.7020,0.08235,-0.08303,0.01987,0.00000,0.00000,0.435,0.179,0
845.7540,0.08558,-0.08476,0.01941,0.00000,0.00000,0.486,0.198,0
845.8060,0.08889,-0.08643,0.01890,0.00000,0.00000,0.539,0.218,0
845.8580,0.09230,-0.08804,0.01833,0.00000,0.00000,0.593,0.237,0
845.9100,0.09584,-0.08960,0.01770,0.00000,0.00000,0.650,0.256,0
845.9620,0.09951,-0.09109,0.01703,0.00000,0.00000,0.709,0.275,0
846.0140,0.10335,-0.09253,0.01630,0.00000,0.00000,0.770,0.294,0
846.0660,0.10736,-0.09391,0.01552,0.00000,0.00000,0.834,0.312,0
846.1180,0.11155,-0.09523,0.01469,0.00000,0.00000,0.901,0.329,0
846.1700,0.11592,-0.09647,0.01380,0.00000,0.00000,0.972,0.346,0
846.2220,0.12049,-0.09764,0.01287,0.00000,0.00000,1.047,0.363,0
846.2740,0.12524,-0.09872,0.01189,0.00000,0.00000,1.125,0.378,0
846.3260,0.13018,-0.09971,0.01086,0.00000,0.00000,1.207,0.393,0
846.3780,0.13528,-0.10060,0.00979,0.00000,0.00000,1.293,0.406,0
846.4300,0.14054,-0.10138,0.00868,0.00000,0.00000,1.382,0.418,0
846.4820,0.14596,-0.10206,0.00752,0.00000,0.00000,1.474,0.428,0
846.5340,0.15152,-0.10264,0.00633,0.00000,0.00000,1.568,0.436,0
846.5860,0.15721,-0.10312,0.00510,0.00000,0.00000,1.665,0.442,0
846.6380,0.16300,-0.10348,0.00383,0.00000,0.00000,1.764,0.446,0
846.6900,0.16887,-0.10372,0.00254,0.00000,0.00000,1.864,0.447,0
846.7420,0.17481,-0.10386,0.00122,0.00000,0.00000,1.964,0.446,0
846.7940,0.18078,-0.10388,-0.00013,0.00000,0.00000,2.064,0.442,0
846.8460,0.18677,-0.10377,-0.00150,0.00000,0.00000,2.161,0.434,0
846.8980,0.19273,-0.10354,-0.00288,0.00000,0.00000,2.256,0.423,0
846.9500,0.19865,-0.10318,-0.00428,0.00000,0.00000,2.346,0.409,0
847.0020,0.20448,-0.10269,-0.00568,0.00000,0.00000,2.431,0.392,0
847.0540,0.21020,-0.10207,-0.00710,0.00000,0.00000,2.508,0.372,0
847.1060,0.21576,-0.10130,-0.00851,0.00000,0.00000,2.577,0.348,0
847.1580,0.22115,-0.10041,-0.00991,0.00000,0.00000,2.636,0.322,0
847.2100,0.22632,-0.09938,-0.01130,0.00000,0.00000,2.685,0.293,0
847.2620,0.23124,-0.09821,-0.01268,0.00000,0.00000,2.722,0.262,0
847.3140,0.23587,-0.09692,-0.01404,0.00000,0.00000,2.747,0.229,0
847.3660,0.24019,-0.09551,-0.01536,0.00000,0.00000,2.759,0.195,0
847.4180,0.24416,-0.09397,-0.01666,0.00000,0.00000,2.759,0.161,0
847.4700,0.24773,-0.09232,-0.01792,0.00000,0.00000,2.747,0.127,0
847.5220,0.25089,-0.09054,-0.01913,0.00000,0.00000,2.723,0.093,0
847.5740,0.25358,-0.08864,-0.02029,0.00000,0.00000,2.687,0.060,0
847.6260,0.25579,-0.08665,-0.02140,0.00000,0.00000,2.641,0.029,0
847.6780,0.25749,-0.08457,-0.02245,0.00000,0.00000,2.585,0.001,0
847.7300,0.25865,-0.08241,-0.02343,0.00000,0.00000,2.522,-0.026,0
847.7820,0.25923,-0.08017,-0.02434,0.00000,0.00000,2.454,-0.049,0
847.8340,0.25921,-0.07785,-0.02518,0.00000,0.00000,2.383,-0.070,0
847.8860,0.25855,-0.07545,-0.02595,0.00000,0.00000,2.309,-0.089,0
847.9380,0.25723,-0.07298,-0.02665,0.00000,0.00000,2.234,-0.105,0
847.9900,0.25523,-0.07046,-0.02726,0.00000,0.00000,2.158,-0.119,0
848.0420,0.25252,-0.06789,-0.02780,0.00000,0.00000,2.083,-0.131,0
848.0940,0.24908,-0.06528,-0.02826,0.00000,0.00000,2.010,-0.142,0
848.1460,0.24489,-0.06264,-0.02864,0.00000,0.00000,1.939,-0.152,0
848.1980,0.23993,-0.05998,-0.02894,0.00000,0.00000,1.873,-0.162,0
848.2500,0.23419,-0.05730,-0.02917,0.00000,0.00000,1.810,-0.171,0
848.3020,0.22764,-0.05461,-0.02932,0.00000,0.00000,1.752,-0.181,0
848.3540,0.22028,-0.05192,-0.02939,0.00000,0.00000,1.697,-0.190,0
848.4060,0.21209,-0.04922,-0.02939,0.00000,0.00000,1.647,-0.200,0
848.4580,0.20305,-0.04650,-0.02932,0.00000,0.00000,1.601,-0.211,0
848.5100,0.19329,-0.04380,-0.02917,0.00000,0.00000,1.557,-0.222,0
848.5620,0.18300,-0.04110,-0.02896,0.00000,0.00000,1.515,-0.234,0
848.6140,0.17233,-0.03843,-0.02867,0.00000,0.00000,1.473,-0.245,0
848.6660,0.16139,-0.03577,-0.02832,0.00000,0.00000,1.430,-0.255,0
848.7180,0.15029,-0.03312,-0.02790,0.00000,0.00000,1.384,-0.265,0
848.7700,0.13912,-0.03050,-0.02742,0.00000,0.00000,1.336,-0.274,0
848.8220,0.12798,-0.02790,-0.02687,0.00000,0.00000,1.286,-0.281,0
848.8740,0.11691,-0.02533,-0.02626,0.00000,0.00000,1.234,-0.287,0
848.9260,0.10601,-0.02281,-0.02560,0.00000,0.00000,1.180,-0.291,0
848.9780,0.09529,-0.02033,-0.02487,0.00000,0.00000,1.125,-0.294,0
849.0300,0.08482,-0.01789,-0.02409,0.00000,0.00000,1.068,-0.295,0
849.0820,0.07463,-0.01549,-0.02326,0.00000,0.00000,1.011,-0.295,0
849.1340,0.06477,-0.01317,-0.02238,0.00000,0.00000,0.953,-0.293,0
849.1860,0.05526,-0.01092,-0.02146,0.00000,0.00000,0.896,-0.289,0
849.2380,0.04613,-0.00874,-0.02049,0.00000,0.00000,0.839,-0.284,0
849.2900,0.03741,-0.00664,-0.01949,0.00000,0.00000,0.782,-0.278,0
849.3420,0.02911,-0.00463,-0.01845,0.00000,0.00000,0.727,-0.270,0
849.3940,0.02125,-0.00270,-0.01738,0.00000,0.00000,0.673,-0.262,0
849.4460,0.01384,-0.00087,-0.01628,0.00000,0.00000,0.620,-0.252,0
849.4980,0.00689,0.00088,-0.01516,0.00000,0.00000,0.569,-0.241,0
849.5500,0.00041,0.00254,-0.01402,0.00000,0.00000,0.519,-0.230,0
849.6020,-0.00559,0.00410,-0.01286,0.00000,0.00000,0.471,-0.217,0
849.6540,-0.01111,0.00555,-0.01169,0.00000,0.00000,0.426,-0.205,0
849.7060,-0.01616,0.00691,-0.01052,0.00000,0.00000,0.382,-0.192,0
849.7580,-0.02073,0.00817,-0.00935,0.00000,0.00000,0.341,-0.178,0
849.8100,-0.02482,0.00931,-0.00818,0.00000,0.00000,0.302,-0.165,0
849.8620,-0.02845,0.01035,-0.00701,0.00000,0.00000,0.266,-0.151,0
849.9140,-0.03163,0.01130,-0.00586,0.00000,0.00000,0.232,-0.138,0
849.9660,-0.03436,0.01216,-0.00472,0.00000,0.00000,0.200,-0.125,0
850.0180,-0.03668,0.01292,-0.00360,0.00000,0.00000,0.170,-0.112,0
850.0700,-0.03858,0.01361,-0.00251,0.00000,0.00000,0.143,-0.099,0
850.1220,-0.04009,0.01420,-0.00144,0.00000,0.00000,0.118,-0.087,0
850.1740,-0.04121,0.01471,-0.00040,0.00000,0.00000,0.095,-0.075,0
850.2260,-0.04198,0.01513,0.00060,0.00000,0.00000,0.075,-0.064,0
850.2780,-0.04242,0.01548,0.00156,0.00000,0.00000,0.056,-0.054,0
850.3300,-0.04255,0.01576,0.00249,0.00000,0.00000,0.040,-0.045,0
850.3820,-0.04240,0.01599,0.00337,0.00000,0.00000,0.025,-0.036,0
850.4340,-0.04200,0.01616,0.00420,0.00000,0.00000,0.013,-0.028,0
850.4860,-0.04136,0.01626,0.00499,0.00000,0.00000,0.002,-0.021,0
850.5380,-0.04053,0.01631,0.00572,0.00000,0.00000,-0.008,-0.015,0
850.5900,-0.03951,0.01632,0.00640,0.00000,0.00000,-0.016,-0.010,0
850.6420,-0.03833,0.01628,0.00703,0.00000,0.00000,-0.022,-0.005,0
850.6940,-0.03702,0.01620,0.00760,0.00000,0.00000,-0.027,-0.001,0
850.7460,-0.03560,0.01609,0.00811,0.00000,0.00000,-0.031,0.002,0
850.7980,-0.03408,0.01595,0.00856,0.00000,0.00000,-0.034,0.004,0
850.8500,-0.03249,0.01578,0.00896,0.00000,0.00000,-0.036,0.006,0
850.9020,-0.03083,0.01557,0.00930,0.00000,0.00000,-0.038,0.007,0
850.9540,-0.02914,0.01534,0.00957,0.00000,0.00000,-0.038,0.007,0
851.0060,-0.02741,0.01509,0.00979,0.00000,0.00000,-0.039,0.008,0
851.0580,-0.02568,0.01483,0.00996,0.00000,0.00000,-0.038,0.007,0
851.1100,-0.02394,0.01454,0.01006,0.00000,0.00000,-0.037,0.007,0
851.1620,-0.02222,0.01425,0.01011,0.00000,0.00000,-0.036,0.006,0
851.2140,-0.02053,0.01396,0.01011,0.00000,0.00000,-0.035,0.005,0
851.2660,-0.01888,0.01366,0.01005,0.00000,0.00000,-0.033,0.004,0
851.3180,-0.01726,0.01336,0.00994,0.00000,0.00000,-0.031,0.003,0
851.3700,-0.01571,0.01306,0.00979,0.00000,0.00000,-0.030,0.002,0
851.4220,-0.01422,0.01277,0.00959,0.00000,0.00000,-0.028,0.000,0
851.4740,-0.01279,0.01248,0.00935,0.00000,0.00000,-0.026,-0.001,0
851.5260,-0.01145,0.01221,0.00906,0.00000,0.00000,-0.024,-0.002,0
851.5780,-0.01019,0.01195,0.00874,0.00000,0.00000,-0.022,-0.004,0
851.6300,-0.00902,0.01169,0.00838,0.00000,0.00000,-0.020,-0.005,0
851.6820,-0.00793,0.01144,0.00800,0.00000,0.00000,-0.018,-0.006,0
851.7340,-0.00694,0.01120,0.00758,0.00000,0.00000,-0.016,-0.007,0
851.7860,-0.00603,0.01096,0.00714,0.00000,0.00000,-0.014,-0.008,0
851.8380,-0.00523,0.01073,0.00668,0.00000,0.00000,-0.012,-0.009,0
851.8900,-0.00452,0.01051,0.00619,0.00000,0.00000,-0.011,-0.010,0
851.9420,-0.00390,0.01028,0.00570,0.00000,0.00000,-0.009,-0.010,0
851.9940,-0.00338,0.01006,0.00519,0.00000,0.00000,-0.008,-0.011,0
852.0460,-0.00295,0.00985,0.00467,0.00000,0.00000,-0.007,-0.011,0
852.0980,-0.00263,0.00964,0.00414,0.00000,0.00000,-0.005,-0.011,0
852.1500,-0.00240,0.00944,0.00362,0.00000,0.00000,-0.004,-0.012,0
852.2020,-0.00226,0.00925,0.00309,0.00000,0.00000,-0.003,-0.012,0
852.2540,-0.00221,0.00905,0.00257,0.00000,0.00000,-0.002,-0.012,0
852.3060,-0.00225,0.00885,0.00206,0.00000,0.00000,-0.001,-0.012,0
852.3580,-0.00236,0.00865,0.00156,0.00000,0.00000,-0.001,-0.012,0
852.4100,-0.00255,0.00844,0.00107,0.00000,0.00000,0.000,-0.011,0
852.4620,-0.00282,0.00822,0.00059,0.00000,0.00000,0.001,-0.011,0
852.5140,-0.00315,0.00800,0.00014,0.00000,0.00000,0.002,-0.011,0
852.5660,-0.00355,0.00777,-0.00030,0.00000,0.00000,0.002,-0.011,0
852.6180,-0.00400,0.00751,-0.00071,0.00000,0.00000,0.003,-0.010,0
852.6700,-0.00450,0.00724,-0.00110,0.00000,0.00000,0.003,-0.010,0
852.7220,-0.00505,0.00695,-0.00146,0.00000,0.00000,0.004,-0.009,0
852.7740,-0.00563,0.00665,-0.00179,0.00000,0.00000,0.004,-0.009,0
852.8260,-0.00625,0.00631,-0.00209,0.00000,0.00000,0.005,-0.008,0
852.8780,-0.00690,0.00595,-0.00236,0.00000,0.00000,0.005,-0.008,0
852.9300,-0.00756,0.00556,-0.00259,0.00000,0.00000,0.005,-0.007,0
852.9820,-0.00825,0.00516,-0.00279,0.00000,0.00000,0.006,-0.007,0
853.0340,-0.00894,0.00472,-0.00296,0.00000,0.00000,0.006,-0.006,0
853.0860,-0.00965,0.00425,-0.00309,0.00000,0.00000,0.006,-0.006,0
853.1380,-0.01034,0.00375,-0.00319,0.00000,0.00000,0.007,-0.005,0
853.1900,-0.01102,0.00321,-0.00325,0.00000,0.00000,0.007,-0.005,0
853.2420,-0.01169,0.00263,-0.00328,0.00000,0.00000,0.007,-0.005,0
853.2940,-0.01234,0.00201,-0.00327,0.00000,0.00000,0.007,-0.004,0
853.3460,-0.01295,0.00135,-0.00322,0.00000,0.00000,0.007,-0.004,0
853.3980,-0.01354,0.00064,-0.00314,0.00000,0.00000,0.007,-0.003,0
853.4500,-0.01408,-0.00010,-0.00303,0.00000,0.00000,0.006,-0.003,0
853.5020,-0.01459,-0.00087,-0.00289,0.00000,0.00000,0.006,-0.003,0
853.5540,-0.01506,-0.00168,-0.00271,0.00000,0.00000,0.005,-0.003,0
853.6060,-0.01547,-0.00253,-0.00251,0.00000,0.00000,0.004,-0.003,0
853.6580,-0.01583,-0.00341,-0.00228,0.00000,0.00000,0.004,-0.003,0
853.7100,-0.01615,-0.00431,-0.00202,0.00000,0.00000,0.002,-0.003,0
853.7620,-0.01639,-0.00526,-0.00174,0.00000,0.00000,0.001,-0.003,0
853.8140,-0.01658,-0.00624,-0.00143,0.00000,0.00000,-0.000,-0.003,0
853.8660,-0.01670,-0.00725,-0.00110,0.00000,0.00000,-0.002,-0.003,0
853.9180,-0.01675,-0.00830,-0.00076,0.00000,0.00000,-0.004,-0.004,0
853.9700,-0.01672,-0.00937,-0.00040,0.00000,0.00000,-0.006,-0.004,0
854.0220,-0.01663,-0.01047,-0.00002,0.00000,0.00000,-0.008,-0.005,0
854.0740,-0.01646,-0.01160,0.00036,0.00000,0.00000,-0.011,-0.006,0
854.1260,-0.01621,-0.01275,0.00076,0.00000,0.00000,-0.014,-0.006,0
854.1780,-0.01589,-0.01392,0.00116,0.00000,0.00000,-0.017,-0.007,0
854.2300,-0.01549,-0.01511,0.00157,0.00000,0.00000,-0.020,-0.008,0
854.2820,-0.01501,-0.01632,0.00198,0.00000,0.00000,-0.023,-0.009,0
854.3340,-0.01447,-0.01752,0.00239,0.00000,0.00000,-0.027,-0.010,0
854.3860,-0.01385,-0.01872,0.00280,0.00000,0.00000,-0.031,-0.012,0
854.4380,-0.01316,-0.01993,0.00321,0.00000,0.00000,-0.034,-0.013,0
854.4900,-0.01239,-0.02115,0.00361,0.00000,0.00000,-0.038,-0.014,0
854.5420,-0.01156,-0.02235,0.00400,0.00000,0.00000,-0.042,-0.016,0
854.5940,-0.01066,-0.02355,0.00438,0.00000,0.00000,-0.046,-0.017,0
854.6460,-0.00969,-0.02474,0.00475,0.00000,0.00000,-0.049,-0.018,0
854.6980,-0.00866,-0.02592,0.00510,0.00000,0.00000,-0.053,-0.020,0
854.7500,-0.00757,-0.02707,0.00544,0.00000,0.00000,-0.057,-0.021,0
854.8020,-0.00643,-0.02819,0.00576,0.00000,0.00000,-0.060,-0.022,0
854.8540,-0.00523,-0.02929,0.00606,0.00000,0.00000,-0.063,-0.023,0
854.9060,-0.00398,-0.03036,0.00634,0.00000,0.00000,-0.066,-0.024,0
854.9580,-0.00269,-0.03140,0.00660,0.00000,0.00000,-0.068,-0.025,0
855.0100,-0.00135,-0.03242,0.00684,0.00000,0.00000,-0.070,-0.026,0
855.0620,0.00002,-0.03340,0.00705,0.00000,0.00000,-0.072,-0.027,0
855.1140,0.00143,-0.03434,0.00724,0.00000,0.00000,-0.073,-0.027,0
855.1660,0.00287,-0.03523,0.00741,0.00000,0.00000,-0.074,-0.028,0
855.2180,0.00434,-0.03610,0.00755,0.00000,0.00000,-0.074,-0.028,0
855.2700,0.00583,-0.03693,0.00767,0.00000,0.00000,-0.074,-0.028,0
855.3220,0.00734,-0.03772,0.00776,0.00000,0.00000,-0.073,-0.028,0
855.3740,0.00887,-0.03847,0.00783,0.00000,0.00000,-0.071,-0.027,0
855.4260,0.01040,-0.03916,0.00787,0.00000,0.00000,-0.069,-0.027,0
855.4780,0.01193,-0.03980,0.00789,0.00000,0.00000,-0.066,-0.026,0
855.5300,0.01346,-0.04041,0.00789,0.00000,0.00000,-0.062,-0.025,0
855.5820,0.01498,-0.04096,0.00786,0.00000,0.00000,-0.058,-0.024,0
855.6340,0.01648,-0.04145,0.00781,0.00000,0.00000,-0.053,-0.022,0
855.6860,0.01797,-0.04190,0.00774,0.00000,0.00000,-0.047,-0.020,0
855.7380,0.01944,-0.04229,0.00764,0.00000,0.00000,-0.041,-0.018,0
855.7900,0.02088,-0.04265,0.00753,0.00000,0.00000,-0.033,-0.016,0
855.8420,0.02230,-0.04295,0.00740,0.00000,0.00000,-0.025,-0.013,0
855.8940,0.02368,-0.04321,0.00726,0.00000,0.00000,-0.016,-0.011,0
855.9460,0.02504,-0.04343,0.00709,0.00000,0.00000,-0.007,-0.008,0
855.9980,0.02636,-0.04360,0.00691,0.00000,0.00000,0.003,-0.005,0
856.0500,0.02765,-0.04373,0.00672,0.00000,0.00000,0.014,-0.001,0
856.1020,0.02889,-0.04381,0.00652,0.00000,0.00000,0.026,0.002,0
856.1540,0.03010,-0.04383,0.00631,0.00000,0.00000,0.038,0.006,0
856.2060,0.03127,-0.04382,0.00609,0.00000,0.00000,0.050,0.009,0
856.2580,0.03241,-0.04377,0.00586,0.00000,0.00000,0.063,0.013,0
856.3100,0.03351,-0.04368,0.00563,0.00000,0.00000,0.077,0.017,0
856.3620,0.03459,-0.04355,0.00539,0.00000,0.00000,0.090,0.021,0
856.4140,0.03563,-0.04339,0.00515,0.00000,0.00000,0.105,0.025,0
856.4660,0.03666,-0.04322,0.00491,0.00000,0.00000,0.119,0.029,0
856.5180,0.03767,-0.04302,0.00467,0.00000,0.00000,0.134,0.033,0
856.5700,0.03864,-0.04278,0.00443,0.00000,0.00000,0.149,0.038,0
856.6220,0.03961,-0.04253,0.00420,0.00000,0.00000,0.164,0.042,0
856.6740,0.04056,-0.04227,0.00397,0.00000,0.00000,0.179,0.046,0
856.7260,0.04150,-0.04200,0.00374,0.00000,0.00000,0.195,0.050,0
856.7780,0.04242,-0.04171,0.00352,0.00000,0.00000,0.210,0.054,0
856.8300,0.04333,-0.04139,0.00331,0.00000,0.00000,0.226,0.058,0
856.8820,0.04422,-0.04105,0.00311,0.00000,0.00000,0.241,0.062,0
856.9340,0.04511,-0.04071,0.00292,0.00000,0.00000,0.257,0.066,0
856.9860,0.04600,-0.04038,0.00273,0.00000,0.00000,0.272,0.070,0
857.0380,0.04689,-0.04006,0.00256,0.00000,0.00000,0.287,0.074,0
857.0900,0.04779,-0.03975,0.00240,0.00000,0.00000,0.302,0.077,0
857.1420,0.04870,-0.03946,0.00225,0.00000,0.00000,0.318,0.081,0
857.1940,0.04961,-0.03918,0.00211,0.00000,0.00000,0.333,0.085,0
857.2460,0.05052,-0.03891,0.00198,0.00000,0.00000,0.348,0.088,0
857.2980,0.05145,-0.03865,0.00187,0.00000,0.00000,0.363,0.092,0
857.3500,0.05237,-0.03841,0.00176,0.00000,0.00000,0.378,0.095,0
857.4020,0.05331,-0.03819,0.00167,0.00000,0.00000,0.393,0.099,0
857.4540,0.05426,-0.03800,0.00159,0.00000,0.00000,0.407,0.102,0
857.5060,0.05522,-0.03784,0.00152,0.00000,0.00000,0.422,0.105,0
857.5580,0.05618,-0.03770,0.00145,0.00000,0.00000,0.436,0.109,0
857.6100,0.05716,-0.03759,0.00140,0.00000,0.00000,0.450,0.112,0
857.6620,0.05815,-0.03751,0.00136,0.00000,0.00000,0.465,0.115,0
857.7140,0.05914,-0.03746,0.00132,0.00000,0.00000,0.479,0.118,0
857.7660,0.06015,-0.03744,0.00129,0.00000,0.00000,0.493,0.122,0
857.8180,0.06117,-0.03746,0.00126,0.00000,0.00000,0.507,0.125,0
857.8700,0.06220,-0.03752,0.00124,0.00000,0.00000,0.521,0.128,0
857.9220,0.06323,-0.03760,0.00122,0.00000,0.00000,0.535,0.131,0
857.9740,0.06427,-0.03771,0.00121,0.00000,0.00000,0.549,0.134,0
858.0260,0.06532,-0.03787,0.00119,0.00000,0.00000,0.563,0.137,0
858.0780,0.06637,-0.03807,0.00118,0.00000,0.00000,0.578,0.140,0
858.1300,0.06743,-0.03830,0.00116,0.00000,0.00000,0.592,0.143,0
858.1820,0.06849,-0.03857,0.00114,0.00000,0.00000,0.606,0.146,0
858.2340,0.06954,-0.03886,0.00111,0.00000,0.00000,0.621,0.149,0
858.2860,0.07058,-0.03917,0.00108,0.00000,0.00000,0.635,0.152,0
858.3380,0.07163,-0.03953,0.00105,0.00000,0.00000,0.650,0.154,0
858.3900,0.07268,-0.03993,0.00100,0.00000,0.00000,0.664,0.157,0
858.4420,0.07371,-0.04036,0.00095,0.00000,0.00000,0.679,0.160,0
858.4940,0.07474,-0.04081,0.00088,0.00000,0.00000,0.695,0.162,0
858.5460,0.07575,-0.04130,0.00080,0.00000,0.00000,0.710,0.165,0
858.5980,0.07675,-0.04180,0.00072,0.00000,0.00000,0.725,0.167,0
858.6500,0.07772,-0.04232,0.00061,0.00000,0.00000,0.741,0.169,0
858.7020,0.07867,-0.04286,0.00050,0.00000,0.00000,0.757,0.171,0
858.7540,0.07960,-0.04342,0.00037,0.00000,0.00000,0.773,0.173,0
858.8060,0.08050,-0.04399,0.00022,0.00000,0.00000,0.789,0.174,0
858.8580,0.08136,-0.04457,0.00005,0.00000,0.00000,0.805,0.176,0
858.9100,0.08219,-0.04516,-0.00013,0.00000,0.00000,0.821,0.177,0
858.9620,0.08298,-0.04575,-0.00032,0.00000,0.00000,0.837,0.177,0
859.0140,0.08372,-0.04632,-0.00054,0.00000,0.00000,0.853,0.178,0
859.0660,0.08442,-0.04690,-0.00077,0.00000,0.00000,0.869,0.178,0
859.1180,0.08506,-0.04747,-0.00102,0.00000,0.00000,0.884,0.178,0
859.1700,0.08564,-0.04801,-0.00128,0.00000,0.00000,0.900,0.178,0
859.2220,0.08617,-0.04854,-0.00156,0.00000,0.00000,0.915,0.177,0
859.2740,0.08663,-0.04905,-0.00186,0.00000,0.00000,0.930,0.176,0
859.3260,0.08703,-0.04954,-0.00218,0.00000,0.00000,0.945,0.174,0
859.3780,0.08736,-0.05001,-0.00251,0.00000,0.00000,0.959,0.172,0
859.4300,0.08762,-0.05044,-0.00285,0.00000,0.00000,0.972,0.170,0
859.4820,0.08780,-0.05085,-0.00320,0.00000,0.00000,0.986,0.167,0
859.5340,0.08792,-0.05124,-0.00357,0.00000,0.00000,0.998,0.164,0
859.5860,0.08796,-0.05159,-0.00395,0.00000,0.00000,1.011,0.160,0
859.6380,0.08791,-0.05190,-0.00434,0.00000,0.00000,1.022,0.156,0
859.6900,0.08777,-0.05215,-0.00474,0.00000,0.00000,1.033,0.151,0
859.7420,0.08754,-0.05236,-0.00514,0.00000,0.00000,1.043,0.146,0
859.7940,0.08723,-0.05253,-0.00555,0.00000,0.00000,1.052,0.141,0
859.8460,0.08683,-0.05266,-0.00596,0.00000,0.00000,1.061,0.135,0
859.8980,0.08633,-0.05272,-0.00638,0.00000,0.00000,1.068,0.129,0
859.9500,0.08574,-0.05273,-0.00679,0.00000,0.00000,1.074,0.123,0
860.0020,0.08504,-0.05268,-0.00720,0.00000,0.00000,1.079,0.116,0
860.0540,0.08426,-0.05257,-0.00761,0.00000,0.00000,1.083,0.109,0
860.1060,0.08337,-0.05241,-0.00801,0.00000,0.00000,1.085,0.101,0
860.1580,0.08240,-0.05220,-0.00841,0.00000,0.00000,1.087,0.093,0
860.2100,0.08133,-0.05194,-0.00879,0.00000,0.00000,1.088,0.085,0
860.2620,0.08017,-0.05162,-0.00916,0.00000,0.00000,1.087,0.077,0
860.3140,0.07891,-0.05124,-0.00952,0.00000,0.00000,1.085,0.069,0
860.3660,0.07757,-0.05080,-0.00987,0.00000,0.00000,1.082,0.060,0
860.4180,0.07614,-0.05032,-0.01019,0.00000,0.00000,1.077,0.052,0
860.4700,0.07461,-0.04977,-0.01050,0.00000,0.00000,1.072,0.043,0
860.5220,0.07301,-0.04917,-0.01079,0.00000,0.00000,1.065,0.034,0
860.5740,0.07132,-0.04853,-0.01105,0.00000,0.00000,1.057,0.025,0
860.6260,0.06957,-0.04785,-0.01130,0.00000,0.00000,1.048,0.017,0
860.6780,0.06775,-0.04713,-0.01151,0.00000,0.00000,1.037,0.008,0
860.7300,0.06586,-0.04638,-0.01170,0.00000,0.00000,1.026,-0.000,0
860.7820,0.06391,-0.04558,-0.01187,0.00000,0.00000,1.014,-0.008,0
860.8340,0.06189,-0.04473,-0.01200,0.00000,0.00000,1.001,-0.016,0
860.8860,0.05983,-0.04386,-0.01211,0.00000,0.00000,0.987,-0.024,0
860.9380,0.05771,-0.04295,-0.01219,0.00000,0.00000,0.972,-0.032,0
860.9900,0.05555,-0.04201,-0.01224,0.00000,0.00000,0.955,-0.039,0
861.0420,0.05335,-0.04105,-0.01226,0.00000,0.00000,0.938,-0.045,0
861.0940,0.05113,-0.04007,-0.01225,0.00000,0.00000,0.921,-0.052,0
861.1460,0.04887,-0.03905,-0.01221,0.00000,0.00000,0.902,-0.058,0
861.1980,0.04658,-0.03801,-0.01214,0.00000,0.00000,0.883,-0.063,0
861.2500,0.04427,-0.03694,-0.01204,0.00000,0.00000,0.862,-0.069,0
861.3020,0.04196,-0.03586,-0.01191,0.00000,0.00000,0.841,-0.073,0
861.3540,0.03963,-0.03477,-0.01176,0.00000,0.00000,0.820,-0.077,0
861.4060,0.03731,-0.03368,-0.01157,0.00000,0.00000,0.798,-0.081,0
861.4580,0.03500,-0.03259,-0.01136,0.00000,0.00000,0.776,-0.084,0
861.5100,0.03269,-0.03149,-0.01113,0.00000,0.00000,0.753,-0.087,0
861.5620,0.03041,-0.03039,-0.01087,0.00000,0.00000,0.730,-0.089,0
861.6140,0.02815,-0.02931,-0.01058,0.00000,0.00000,0.707,-0.091,0
861.6660,0.02592,-0.02824,-0.01028,0.00000,0.00000,0.684,-0.092,0
861.7180,0.02373,-0.02719,-0.00995,0.00000,0.00000,0.661,-0.093,0
861.7700,0.02157,-0.02615,-0.00961,0.00000,0.00000,0.638,-0.094,0
861.8220,0.01947,-0.02514,-0.00925,0.00000,0.00000,0.615,-0.094,0
861.8740,0.01742,-0.02417,-0.00888,0.00000,0.00000,0.592,-0.093,0
861.9260,0.01542,-0.02321,-0.00849,0.00000,0.00000,0.569,-0.093,0
861.9780,0.01347,-0.02228,-0.00810,0.00000,0.00000,0.547,-0.091,0
862.0300,0.01158,-0.02138,-0.00769,0.00000,0.00000,0.525,-0.090,0
862.0820,0.00976,-0.02050,-0.00728,0.00000,0.00000,0.503,-0.088,0
862.1340,0.00800,-0.01967,-0.00686,0.00000,0.00000,0.481,-0.086,0
862.1860,0.00631,-0.01888,-0.00644,0.00000,0.00000,0.460,-0.084,0
862.2380,0.00470,-0.01812,-0.00602,0.00000,0.00000,0.440,-0.082,0
862.2900,0.00315,-0.01741,-0.00561,0.00000,0.00000,0.419,-0.079,0
862.3420,0.00167,-0.01672,-0.00520,0.00000,0.00000,0.400,-0.076,0
862.3940,0.00026,-0.01608,-0.00479,0.00000,0.00000,0.381,-0.073,0
862.4460,-0.00107,-0.01549,-0.00440,0.00000,0.00000,0.362,-0.070,0
862.4980,-0.00233,-0.01493,-0.00401,0.00000,0.00000,0.344,-0.067,0
862.5500,-0.00353,-0.01441,-0.00364,0.00000,0.00000,0.327,-0.064,0
862.6020,-0.00466,-0.01392,-0.00328,0.00000,0.00000,0.310,-0.061,0
862.6540,-0.00571,-0.01348,-0.00294,0.00000,0.00000,0.294,-0.057,0
862.7060,-0.00671,-0.01306,-0.00262,0.00000,0.00000,0.278,-0.054,0
862.7580,-0.00765,-0.01268,-0.00232,0.00000,0.00000,0.263,-0.051,0
862.8100,-0.00853,-0.01233,-0.00204,0.00000,0.00000,0.249,-0.048,0
862.8620,-0.00935,-0.01201,-0.00178,0.00000,0.00000,0.235,-0.045,0
862.9140,-0.01013,-0.01171,-0.00155,0.00000,0.00000,0.222,-0.042,0
862.9660,-0.01086,-0.01143,-0.00134,0.00000,0.00000,0.209,-0.039,0
863.0180,-0.01155,-0.01117,-0.00115,0.00000,0.00000,0.196,-0.036,0
863.0700,-0.01220,-0.01092,-0.00100,0.00000,0.00000,0.184,-0.033,0
863.1220,-0.01282,-0.01069,-0.00087,0.00000,0.00000,0.173,-0.031,0
863.1740,-0.01340,-0.01048,-0.00077,0.00000,0.00000,0.162,-0.028,0
863.2260,-0.01396,-0.01027,-0.00070,0.00000,0.00000,0.151,-0.026,0
863.2780,-0.01449,-0.01007,-0.00065,0.00000,0.00000,0.141,-0.024,0
863.3300,-0.01501,-0.00987,-0.00064,0.00000,0.00000,0.131,-0.022,0
863.3820,-0.01551,-0.00968,-0.00065,0.00000,0.00000,0.121,-0.020,0
863.4340,-0.01599,-0.00950,-0.00069,0.00000,0.00000,0.112,-0.018,0
863.4860,-0.01647,-0.00931,-0.00076,0.00000,0.00000,0.103,-0.016,0
863.5380,-0.01695,-0.00910,-0.00085,0.00000,0.00000,0.095,-0.015,0
863.5900,-0.01743,-0.00888,-0.00096,0.00000,0.00000,0.087,-0.013,0
863.6420,-0.01791,-0.00865,-0.00110,0.00000,0.00000,0.078,-0.012,0
863.6940,-0.01841,-0.00838,-0.00127,0.00000,0.00000,0.071,-0.011,0
863.7460,-0.01892,-0.00809,-0.00145,0.00000,0.00000,0.063,-0.010,0
863.7980,-0.01943,-0.00779,-0.00165,0.00000,0.00000,0.055,-0.009,0
863.8500,-0.01996,-0.00746,-0.00187,0.00000,0.00000,0.048,-0.008,0
863.9020,-0.02051,-0.00711,-0.00211,0.00000,0.00000,0.041,-0.007,0
863.9540,-0.02107,-0.00673,-0.00236,0.00000,0.00000,0.034,-0.006,0
864.0060,-0.02165,-0.00633,-0.00262,0.00000,0.00000,0.027,-0.005,0
864.0580,-0.02225,-0.00589,-0.00289,0.00000,0.00000,0.020,-0.004,0
864.1100,-0.02287,-0.00542,-0.00318,0.00000,0.00000,0.013,-0.003,0
864.1620,-0.02350,-0.00493,-0.00346,0.00000,0.00000,0.007,-0.002,0
864.2140,-0.02415,-0.00442,-0.00375,0.00000,0.00000,0.000,-0.001,0
864.2660,-0.02483,-0.00386,-0.00405,0.00000,0.00000,-0.006,0.000,0
864.3180,-0.02554,-0.00328,-0.00434,0.00000,0.00000,-0.012,0.001,0
864.3700,-0.02627,-0.00265,-0.00463,0.00000,0.00000,-0.018,0.003,0
864.4220,-0.02702,-0.00198,-0.00491,0.00000,0.00000,-0.023,0.004,0
864.4740,-0.02781,-0.00129,-0.00519,0.00000,0.00000,-0.029,0.005,0
864.5260,-0.02860,-0.00057,-0.00546,0.00000,0.00000,-0.034,0.007,0
864.5780,-0.02943,0.00017,-0.00571,0.00000,0.00000,-0.039,0.008,0
864.6300,-0.03027,0.00094,-0.00595,0.00000,0.00000,-0.044,0.010,0
864.6820,-0.03113,0.00173,-0.00618,0.00000,0.00000,-0.048,0.012,0
864.7340,-0.03201,0.00255,-0.00639,0.00000,0.00000,-0.053,0.014,0
864.7860,-0.03291,0.00338,-0.00658,0.00000,0.00000,-0.056,0.016,0
864.8380,-0.03382,0.00424,-0.00675,0.00000,0.00000,-0.060,0.018,0
864.8900,-0.03474,0.00510,-0.00689,0.00000,0.00000,-0.063,0.020,0
864.9420,-0.03567,0.00597,-0.00701,0.00000,0.00000,-0.066,0.022,0
864.9940,-0.03661,0.00685,-0.00711,0.00000,0.00000,-0.068,0.025,0
865.0460,-0.03755,0.00773,-0.00718,0.00000,0.00000,-0.070,0.027,0
865.0980,-0.03850,0.00862,-0.00721,0.00000,0.00000,-0.071,0.030,0
865.1500,-0.03945,0.00950,-0.00722,0.00000,0.00000,-0.072,0.033,0
865.2020,-0.04038,0.01036,-0.00720,0.00000,0.00000,-0.072,0.036,0
865.2540,-0.04131,0.01121,-0.00715,0.00000,0.00000,-0.072,0.038,0
865.3060,-0.04222,0.01204,-0.00707,0.00000,0.00000,-0.071,0.041,0
865.3580,-0.04311,0.01283,-0.00696,0.00000,0.00000,-0.070,0.044,0
865.4100,-0.04398,0.01360,-0.00681,0.00000,0.00000,-0.068,0.047,0
865.4620,-0.04482,0.01434,-0.00663,0.00000,0.00000,-0.065,0.049,0
865.5140,-0.04564,0.01504,-0.00642,0.00000,0.00000,-0.063,0.052,0
865.5660,-0.04642,0.01570,-0.00617,0.00000,0.00000,-0.059,0.054,0
865.6180,-0.04716,0.01630,-0.00589,0.00000,0.00000,-0.056,0.057,0
865.6700,-0.04786,0.01686,-0.00559,0.00000,0.00000,-0.051,0.059,0
865.7220,-0.04852,0.01737,-0.00525,0.00000,0.00000,-0.047,0.061,0
865.7740,-0.04913,0.01785,-0.00488,0.00000,0.00000,-0.041,0.063,0
865.8260,-0.04970,0.01827,-0.00448,0.00000,0.00000,-0.036,0.064,0
865.8780,-0.05021,0.01863,-0.00405,0.00000,0.00000,-0.030,0.065,0
865.9300,-0.05067,0.01893,-0.00360,0.00000,0.00000,-0.024,0.066,0
865.9820,-0.05107,0.01919,-0.00312,0.00000,0.00000,-0.017,0.067,0
866.0340,-0.05141,0.01938,-0.00262,0.00000,0.00000,-0.010,0.067,0
866.0860,-0.05167,0.01951,-0.00209,0.00000,0.00000,-0.003,0.067,0
866.1380,-0.05187,0.01958,-0.00154,0.00000,0.00000,0.004,0.067,0
866.1900,-0.05199,0.01958,-0.00098,0.00000,0.00000,0.011,0.066,0
866.2420,-0.05203,0.01950,-0.00039,0.00000,0.00000,0.019,0.065,0
866.2940,-0.05199,0.01936,0.00020,0.00000,0.00000,0.026,0.063,0
866.3460,-0.05187,0.01915,0.00082,0.00000,0.00000,0.033,0.061,0
866.3980,-0.05166,0.01888,0.00144,0.00000,0.00000,0.040,0.058,0
866.4500,-0.05136,0.01854,0.00207,0.00000,0.00000,0.047,0.055,0
866.5020,-0.05096,0.01812,0.00271,0.00000,0.00000,0.053,0.052,0
866.5540,-0.05047,0.01763,0.00335,0.00000,0.00000,0.060,0.048,0
866.6060,-0.04988,0.01708,0.00400,0.00000,0.00000,0.065,0.044,0
866.6580,-0.04918,0.01645,0.00464,0.00000,0.00000,0.070,0.039,0
866.7100,-0.04839,0.01575,0.00528,0.00000,0.00000,0.075,0.034,0
866.7620,-0.04748,0.01497,0.00592,0.00000,0.00000,0.079,0.029,0
866.8140,-0.04647,0.01414,0.00655,0.00000,0.00000,0.082,0.023,0
866.8660,-0.04536,0.01324,0.00717,0.00000,0.00000,0.085,0.017,0
866.9180,-0.04414,0.01227,0.00778,0.00000,0.00000,0.087,0.010,0
866.9700,-0.04281,0.01124,0.00838,0.00000,0.00000,0.089,0.004,0
867.0220,-0.04137,0.01016,0.00896,0.00000,0.00000,0.089,-0.003,0
867.0740,-0.03983,0.00902,0.00953,0.00000,0.00000,0.089,-0.010,0
867.1260,-0.03819,0.00783,0.01008,0.00000,0.00000,0.088,-0.016,0
867.1780,-0.03644,0.00659,0.01061,0.00000,0.00000,0.087,-0.023,0
867.2300,-0.03461,0.00533,0.01111,0.00000,0.00000,0.085,-0.030,0
867.2820,-0.03268,0.00403,0.01160,0.00000,0.00000,0.082,-0.037,0
867.3340,-0.03065,0.00269,0.01206,0.00000,0.00000,0.079,-0.044,0
867.3860,-0.02854,0.00133,0.01249,0.00000,0.00000,0.075,-0.051,0
867.4380,-0.02634,-0.00006,0.01290,0.00000,0.00000,0.071,-0.057,0
867.4900,-0.02406,-0.00147,0.01329,0.00000,0.00000,0.066,-0.064,0
867.5420,-0.02171,-0.00289,0.01365,0.00000,0.00000,0.061,-0.070,0
867.5940,-0.01928,-0.00432,0.01398,0.00000,0.00000,0.055,-0.075,0
867.6460,-0.01679,-0.00577,0.01428,0.00000,0.00000,0.049,-0.081,0
867.6980,-0.01423,-0.00722,0.01455,0.00000,0.00000,0.043,-0.085,0
867.7500,-0.01161,-0.00868,0.01479,0.00000,0.00000,0.037,-0.090,0
867.8020,-0.00894,-0.01013,0.01501,0.00000,0.00000,0.030,-0.094,0
867.8540,-0.00622,-0.01158,0.01520,0.00000,0.00000,0.024,-0.097,0
867.9060,-0.00346,-0.01303,0.01535,0.00000,0.00000,0.017,-0.100,0
867.9580,-0.00067,-0.01447,0.01548,0.00000,0.00000,0.011,-0.102,0
868.0100,0.00216,-0.01590,0.01559,0.00000,0.00000,0.005,-0.103,0
868.0620,0.00500,-0.01731,0.01566,0.00000,0.00000,-0.001,-0.104,0
868.1140,0.00787,-0.01872,0.01571,0.00000,0.00000,-0.007,-0.105,0
868.1660,0.01074,-0.02010,0.01573,0.00000,0.00000,-0.012,-0.104,0
868.2180,0.01361,-0.02147,0.01572,0.00000,0.00000,-0.017,-0.103,0
868.2700,0.01648,-0.02282,0.01569,0.00000,0.00000,-0.021,-0.101,0
868.3220,0.01934,-0.02415,0.01564,0.00000,0.00000,-0.024,-0.099,0
868.3740,0.02218,-0.02547,0.01556,0.00000,0.00000,-0.027,-0.095,0
868.4260,0.02499,-0.02675,0.01546,0.00000,0.00000,-0.028,-0.091,0
868.4780,0.02777,-0.02802,0.01534,0.00000,0.00000,-0.029,-0.087,0
868.5300,0.03050,-0.02927,0.01519,0.00000,0.00000,-0.029,-0.081,0
868.5820,0.03318,-0.03049,0.01503,0.00000,0.00000,-0.028,-0.075,0
868.6340,0.03581,-0.03169,0.01484,0.00000,0.00000,-0.025,-0.069,0
868.6860,0.03837,-0.03287,0.01464,0.00000,0.00000,-0.022,-0.061,0
868.7380,0.04086,-0.03403,0.01443,0.00000,0.00000,-0.017,-0.053,0
868.7900,0.04327,-0.03516,0.01419,0.00000,0.00000,-0.011,-0.045,0
868.8420,0.04561,-0.03628,0.01394,0.00000,0.00000,-0.003,-0.036,0
868.8940,0.04786,-0.03736,0.01368,0.00000,0.00000,0.006,-0.026,0
868.9460,0.05003,-0.03841,0.01341,0.00000,0.00000,0.017,-0.016,0
868.9980,0.05212,-0.03943,0.01312,0.00000,0.00000,0.028,-0.005,0
869.0500,0.05415,-0.04042,0.01282,0.00000,0.00000,0.042,0.006,0
869.1020,0.05610,-0.04139,0.01251,0.00000,0.00000,0.056,0.017,0
869.1540,0.05799,-0.04233,0.01219,0.00000,0.00000,0.072,0.029,0
869.2060,0.05982,-0.04324,0.01187,0.00000,0.00000,0.090,0.041,0
869.2580,0.06161,-0.04413,0.01153,0.00000,0.00000,0.108,0.053,0
869.3100,0.06335,-0.04501,0.01119,0.00000,0.00000,0.128,0.065,0
869.3620,0.06506,-0.04586,0.01084,0.00000,0.00000,0.149,0.077,0
869.4140,0.06674,-0.04670,0.01049,0.00000,0.00000,0.172,0.089,0
869.4660,0.06839,-0.04752,0.01013,0.00000,0.00000,0.195,0.102,0
869.5180,0.07002,-0.04832,0.00977,0.00000,0.00000,0.220,0.114,0
869.5700,0.07163,-0.04909,0.00941,0.00000,0.00000,0.245,0.126,0
869.6220,0.07323,-0.04985,0.00904,0.00000,0.00000,0.272,0.138,0
869.6740,0.07482,-0.05059,0.00867,0.00000,0.00000,0.299,0.149,0
869.7260,0.07641,-0.05131,0.00829,0.00000,0.00000,0.327,0.161,0
869.7780,0.07799,-0.05201,0.00791,0.00000,0.00000,0.356,0.172,0
869.8300,0.07957,-0.05270,0.00753,0.00000,0.00000,0.385,0.183,0
869.8820,0.08115,-0.05338,0.00715,0.00000,0.00000,0.416,0.194,0
869.9340,0.08274,-0.05404,0.00677,0.00000,0.00000,0.446,0.204,0
869.9860,0.08433,-0.05470,0.00638,0.00000,0.00000,0.478,0.214,0
870.0380,0.08593,-0.05535,0.00599,0.00000,0.00000,0.510,0.224,0
870.0900,0.08754,-0.05599,0.00560,0.00000,0.00000,0.542,0.233,0
870.1420,0.08915,-0.05663,0.00521,0.00000,0.00000,0.575,0.242,0
870.1940,0.09076,-0.05726,0.00481,0.00000,0.00000,0.609,0.250,0
870.2460,0.09237,-0.05786,0.00442,0.00000,0.00000,0.642,0.258,0
870.2980,0.09398,-0.05845,0.00402,0.00000,0.00000,0.676,0.266,0
870.3500,0.09561,-0.05903,0.00362,0.00000,0.00000,0.710,0.273,0
870.4020,0.09725,-0.05959,0.00321,0.00000,0.00000,0.744,0.279,0
870.4540,0.09893,-0.06013,0.00281,0.00000,0.00000,0.778,0.285,0
870.5060,0.10065,-0.06065,0.00240,0.00000,0.00000,0.811,0.291,0
870.5580,0.10242,-0.06114,0.00198,0.00000,0.00000,0.844,0.295,0
870.6100,0.10425,-0.06161,0.00157,0.00000,0.00000,0.876,0.300,0
870.6620,0.10613,-0.06206,0.00115,0.00000,0.00000,0.908,0.303,0
870.7140,0.10807,-0.06249,0.00072,0.00000,0.00000,0.939,0.306,0
870.7660,0.11009,-0.06290,0.00029,0.00000,0.00000,0.970,0.308,0
870.8180,0.11218,-0.06330,-0.00014,0.00000,0.00000,1.001,0.310,0
870.8700,0.11433,-0.06368,-0.00058,0.00000,0.00000,1.031,0.311,0
870.9220,0.11654,-0.06405,-0.00102,0.00000,0.00000,1.061,0.312,0
870.9740,0.11882,-0.06439,-0.00146,0.00000,0.00000,1.090,0.312,0
871.0260,0.12116,-0.06472,-0.00191,0.00000,0.00000,1.120,0.311,0
871.0780,0.12354,-0.06501,-0.00236,0.00000,0.00000,1.149,0.310,0
871.1300,0.12595,-0.06526,-0.00282,0.00000,0.00000,1.177,0.308,0
871.1820,0.12840,-0.06548,-0.00328,0.00000,0.00000,1.205,0.306,0
871.2340,0.13088,-0.06570,-0.00374,0.00000,0.00000,1.232,0.303,0
871.2860,0.13338,-0.06590,-0.00420,0.00000,0.00000,1.259,0.300,0
871.3380,0.13588,-0.06608,-0.00467,0.00000,0.00000,1.286,0.296,0
871.3900,0.13839,-0.06623,-0.00514,0.00000,0.00000,1.313,0.292,0
871.4420,0.14087,-0.06635,-0.00561,0.00000,0.00000,1.338,0.287,0
871.4940,0.14332,-0.06644,-0.00608,0.00000,0.00000,1.363,0.282,0
871.5460,0.14573,-0.06651,-0.00654,0.00000,0.00000,1.387,0.276,0
871.5980,0.14809,-0.06654,-0.00701,0.00000,0.00000,1.410,0.270,0
871.6500,0.15037,-0.06654,-0.00748,0.00000,0.00000,1.432,0.263,0
871.7020,0.15256,-0.06650,-0.00794,0.00000,0.00000,1.452,0.255,0
871.7540,0.15463,-0.06642,-0.00840,0.00000,0.00000,1.471,0.247,0
871.8060,0.15659,-0.06631,-0.00886,0.00000,0.00000,1.487,0.239,0
871.8580,0.15840,-0.06615,-0.00931,0.00000,0.00000,1.502,0.230,0
871.9100,0.16006,-0.06594,-0.00975,0.00000,0.00000,1.515,0.220,0
871.9620,0.16153,-0.06569,-0.01019,0.00000,0.00000,1.525,0.210,0
872.0140,0.16283,-0.06543,-0.01062,0.00000,0.00000,1.533,0.200,0
872.0660,0.16393,-0.06514,-0.01103,0.00000,0.00000,1.540,0.189,0
872.1180,0.16480,-0.06480,-0.01144,0.00000,0.00000,1.544,0.178,0
872.1700,0.16543,-0.06441,-0.01184,0.00000,0.00000,1.547,0.166,0
872.2220,0.16579,-0.06397,-0.01222,0.00000,0.00000,1.547,0.154,0
872.2740,0.16586,-0.06348,-0.01259,0.00000,0.00000,1.545,0.142,0
872.3260,0.16564,-0.06295,-0.01295,0.00000,0.00000,1.541,0.129,0
872.3780,0.16512,-0.06240,-0.01329,0.00000,0.00000,1.535,0.116,0
872.4300,0.16427,-0.06181,-0.01362,0.00000,0.00000,1.528,0.103,0
872.4820,0.16308,-0.06118,-0.01392,0.00000,0.00000,1.520,0.089,0
872.5340,0.16153,-0.06051,-0.01421,0.00000,0.00000,1.511,0.076,0
872.5860,0.15960,-0.05980,-0.01449,0.00000,0.00000,1.500,0.062,0
872.6380,0.15727,-0.05903,-0.01474,0.00000,0.00000,1.490,0.049,0
872.6900,0.15453,-0.05824,-0.01497,0.00000,0.00000,1.478,0.035,0
872.7420,0.15137,-0.05740,-0.01518,0.00000,0.00000,1.467,0.021,0
872.7940,0.14779,-0.05653,-0.01538,0.00000,0.00000,1.457,0.008,0
872.8460,0.14383,-0.05563,-0.01555,0.00000,0.00000,1.446,-0.005,0
872.8980,0.13958,-0.05468,-0.01570,0.00000,0.00000,1.436,-0.019,0
872.9500,0.13507,-0.05369,-0.01583,0.00000,0.00000,1.424,-0.032,0
873.0020,0.13037,-0.05267,-0.01594,0.00000,0.00000,1.411,-0.044,0
873.0540,0.12553,-0.05160,-0.01603,0.00000,0.00000,1.396,-0.057,0
873.1060,0.12056,-0.05049,-0.01610,0.00000,0.00000,1.379,-0.069,0
873.1580,0.11551,-0.04933,-0.01615,0.00000,0.00000,1.359,-0.080,0
873.2100,0.11040,-0.04815,-0.01618,0.00000,0.00000,1.338,-0.091,0
873.2620,0.10525,-0.04694,-0.01619,0.00000,0.00000,1.315,-0.102,0
873.3140,0.10009,-0.04570,-0.01617,0.00000,0.00000,1.290,-0.112,0
873.3660,0.09492,-0.04442,-0.01614,0.00000,0.00000,1.263,-0.121,0
873.4180,0.08976,-0.04312,-0.01609,0.00000,0.00000,1.234,-0.130,0
873.4700,0.08462,-0.04178,-0.01602,0.00000,0.00000,1.204,-0.138,0
873.5220,0.07951,-0.04042,-0.01593,0.00000,0.00000,1.173,-0.145,0
873.5740,0.07444,-0.03904,-0.01582,0.00000,0.00000,1.140,-0.152,0
873.6260,0.06942,-0.03764,-0.01569,0.00000,0.00000,1.107,-0.158,0
873.6780,0.06444,-0.03621,-0.01555,0.00000,0.00000,1.072,-0.163,0
873.7300,0.05953,-0.03477,-0.01539,0.00000,0.00000,1.037,-0.168,0
873.7820,0.05469,-0.03331,-0.01522,0.00000,0.00000,1.001,-0.171,0
873.8340,0.04991,-0.03184,-0.01502,0.00000,0.00000,0.964,-0.174,0
873.8860,0.04520,-0.03035,-0.01482,0.00000,0.00000,0.927,-0.177,0
873.9380,0.04057,-0.02884,-0.01460,0.00000,0.00000,0.889,-0.178,0
873.9900,0.03602,-0.02733,-0.01437,0.00000,0.00000,0.852,-0.179,0
874.0420,0.03156,-0.02582,-0.01412,0.00000,0.00000,0.814,-0.179,0
874.0940,0.02719,-0.02431,-0.01386,0.00000,0.00000,0.776,-0.179,0
874.1460,0.02293,-0.02281,-0.01360,0.00000,0.00000,0.739,-0.178,0
874.1980,0.01876,-0.02131,-0.01332,0.00000,0.00000,0.702,-0.176,0
874.2500,0.01470,-0.01983,-0.01303,0.00000,0.00000,0.665,-0.174,0
874.3020,0.01075,-0.01837,-0.01273,0.00000,0.00000,0.629,-0.171,0
874.3540,0.00690,-0.01690,-0.01243,0.00000,0.00000,0.593,-0.167,0
874.4060,0.00316,-0.01545,-0.01212,0.00000,0.00000,0.557,-0.163,0
874.4580,-0.00046,-0.01402,-0.01180,0.00000,0.00000,0.522,-0.159,0
874.5100,-0.00396,-0.01260,-0.01147,0.00000,0.00000,0.488,-0.154,0
874.5620,-0.00734,-0.01120,-0.01114,0.00000,0.00000,0.455,-0.149,0
874.6140,-0.01059,-0.00984,-0.01080,0.00000,0.00000,0.422,-0.143,0
874.6660,-0.01372,-0.00851,-0.01046,0.00000,0.00000,0.390,-0.137,0
874.7180,-0.01671,-0.00720,-0.01012,0.00000,0.00000,0.359,-0.131,0
874.7700,-0.01958,-0.00594,-0.00977,0.00000,0.00000,0.329,-0.124,0
874.8220,-0.02230,-0.00470,-0.00942,0.00000,0.00000,0.300,-0.117,0
874.8740,-0.02490,-0.00350,-0.00907,0.00000,0.00000,0.272,-0.110,0
874.9260,-0.02736,-0.00232,-0.00871,0.00000,0.00000,0.245,-0.103,0
874.9780,-0.02969,-0.00118,-0.00836,0.00000,0.00000,0.219,-0.096,0
875.0300,-0.03188,-0.00007,-0.00800,0.00000,0.00000,0.194,-0.089,0
875.0820,-0.03393,0.00099,-0.00764,0.00000,0.00000,0.171,-0.081,0
875.1340,-0.03583,0.00201,-0.00727,0.00000,0.00000,0.148,-0.074,0
875.1860,-0.03760,0.00300,-0.00691,0.00000,0.00000,0.126,-0.066,0
875.2380,-0.03923,0.00394,-0.00655,0.00000,0.00000,0.106,-0.059,0
875.2900,-0.04073,0.00485,-0.00618,0.00000,0.00000,0.087,-0.052,0
875.3420,-0.04209,0.00573,-0.00582,0.00000,0.00000,0.068,-0.044,0
875.3940,-0.04331,0.00655,-0.00545,0.00000,0.00000,0.051,-0.037,0
875.4460,-0.04440,0.00733,-0.00509,0.00000,0.00000,0.035,-0.030,0
875.4980,-0.04537,0.00806,-0.00472,0.00000,0.00000,0.021,-0.023,0
875.5500,-0.04622,0.00874,-0.00436,0.00000,0.00000,0.007,-0.016,0
875.6020,-0.04697,0.00939,-0.00399,0.00000,0.00000,-0.005,-0.010,0
875.6540,-0.04761,0.00998,-0.00362,0.00000,0.00000,-0.016,-0.004,0
875.7060,-0.04815,0.01052,-0.00325,0.00000,0.00000,-0.026,0.002,0
875.7580,-0.04860,0.01101,-0.00288,0.00000,0.00000,-0.035,0.007,0
875.8100,-0.04897,0.01144,-0.00251,0.00000,0.00000,-0.043,0.013,0
875.8620,-0.04925,0.01182,-0.00213,0.00000,0.00000,-0.050,0.017,0
875.9140,-0.04946,0.01213,-0.00176,0.00000,0.00000,-0.056,0.022,0
875.9660,-0.04961,0.01239,-0.00138,0.00000,0.00000,-0.061,0.026,0
876.0180,-0.04970,0.01261,-0.00100,0.00000,0.00000,-0.065,0.030,0
876.0700,-0.04973,0.01275,-0.00062,0.00000,0.00000,-0.068,0.033,0
876.1220,-0.04970,0.01283,-0.00024,0.00000,0.00000,-0.071,0.036,0
876.1740,-0.04962,0.01287,0.00014,0.00000,0.00000,-0.073,0.038,0
876.2260,-0.04949,0.01284,0.00053,0.00000,0.00000,-0.074,0.040,0
876.2780,-0.04932,0.01276,0.00092,0.00000,0.00000,-0.075,0.042,0
876.3300,-0.04910,0.01263,0.00131,0.00000,0.00000,-0.075,0.043,0
876.3820,-0.04884,0.01245,0.00170,0.00000,0.00000,-0.075,0.044,0
876.4340,-0.04854,0.01221,0.00209,0.00000,0.00000,-0.075,0.045,0
876.4860,-0.04819,0.01193,0.00249,0.00000,0.00000,-0.074,0.045,0
876.5380,-0.04780,0.01159,0.00288,0.00000,0.00000,-0.073,0.044,0
876.5900,-0.04737,0.01120,0.00328,0.00000,0.00000,-0.072,0.044,0
876.6420,-0.04690,0.01077,0.00368,0.00000,0.00000,-0.070,0.043,0
876.6940,-0.04637,0.01028,0.00407,0.00000,0.00000,-0.069,0.041,0
876.7460,-0.04580,0.00974,0.00447,0.00000,0.00000,-0.067,0.039,0
876.7980,-0.04517,0.00915,0.00487,0.00000,0.00000,-0.066,0.037,0
876.8500,-0.04449,0.00850,0.00527,0.00000,0.00000,-0.065,0.035,0
876.9020,-0.04376,0.00781,0.00566,0.00000,0.00000,-0.063,0.032,0
876.9540,-0.04297,0.00706,0.00605,0.00000,0.00000,-0.062,0.029,0
877.0060,-0.04212,0.00627,0.00644,0.00000,0.00000,-0.062,0.026,0
877.0580,-0.04121,0.00544,0.00683,0.00000,0.00000,-0.061,0.022,0
877.1100,-0.04026,0.00459,0.00721,0.00000,0.00000,-0.061,0.019,0
877.1620,-0.03924,0.00369,0.00758,0.00000,0.00000,-0.060,0.015,0
877.2140,-0.03816,0.00277,0.00795,0.00000,0.00000,-0.060,0.010,0
877.2660,-0.03703,0.00181,0.00831,0.00000,0.00000,-0.060,0.006,0
877.3180,-0.03582,0.00081,0.00866,0.00000,0.00000,-0.061,0.001,0
877.3700,-0.03455,-0.00022,0.00901,0.00000,0.00000,-0.062,-0.003,0
877.4220,-0.03322,-0.00129,0.00934,0.00000,0.00000,-0.063,-0.008,0
877.4740,-0.03181,-0.00238,0.00967,0.00000,0.00000,-0.064,-0.013,0
877.5260,-0.03036,-0.00348,0.00998,0.00000,0.00000,-0.066,-0.017,0
877.5780,-0.02884,-0.00461,0.01028,0.00000,0.00000,-0.067,-0.022,0
877.6300,-0.02726,-0.00574,0.01057,0.00000,0.00000,-0.069,-0.027,0
877.6820,-0.02561,-0.00691,0.01085,0.00000,0.00000,-0.072,-0.032,0
877.7340,-0.02391,-0.00809,0.01111,0.00000,0.00000,-0.074,-0.036,0
877.7860,-0.02214,-0.00929,0.01135,0.00000,0.00000,-0.076,-0.041,0
877.8380,-0.02032,-0.01049,0.01158,0.00000,0.00000,-0.079,-0.045,0
877.8900,-0.01845,-0.01171,0.01179,0.00000,0.00000,-0.081,-0.049,0
877.9420,-0.01653,-0.01293,0.01199,0.00000,0.00000,-0.084,-0.053,0
877.9940,-0.01456,-0.01414,0.01216,0.00000,0.00000,-0.087,-0.057,0
878.0460,-0.01255,-0.01536,0.01232,0.00000,0.00000,-0.089,-0.060,0
878.0980,-0.01049,-0.01659,0.01246,0.00000,0.00000,-0.092,-0.064,0
878.1500,-0.00840,-0.01780,0.01257,0.00000,0.00000,-0.094,-0.066,0
878.2020,-0.00628,-0.01901,0.01267,0.00000,0.00000,-0.096,-0.069,0
878.2540,-0.00413,-0.02022,0.01274,0.00000,0.00000,-0.098,-0.071,0
878.3060,-0.00195,-0.02142,0.01279,0.00000,0.00000,-0.099,-0.073,0
878.3580,0.00024,-0.02261,0.01282,0.00000,0.00000,-0.101,-0.074,0
878.4100,0.00245,-0.02378,0.01283,0.00000,0.00000,-0.101,-0.075,0
878.4620,0.00466,-0.02494,0.01281,0.00000,0.00000,-0.102,-0.075,0
878.5140,0.00688,-0.02609,0.01277,0.00000,0.00000,-0.102,-0.075,0
878.5660,0.00909,-0.02722,0.01271,0.00000,0.00000,-0.101,-0.075,0
878.6180,0.01130,-0.02833,0.01262,0.00000,0.00000,-0.099,-0.074,0
878.6700,0.01349,-0.02942,0.01251,0.00000,0.00000,-0.098,-0.072,0
878.7220,0.01566,-0.03049,0.01237,0.00000,0.00000,-0.095,-0.071,0
878.7740,0.01781,-0.03156,0.01222,0.00000,0.00000,-0.091,-0.068,0
878.8260,0.01993,-0.03260,0.01203,0.00000,0.00000,-0.087,-0.065,0
878.8780,0.02200,-0.03361,0.01183,0.00000,0.00000,-0.082,-0.062,0
878.9300,0.02403,-0.03460,0.01160,0.00000,0.00000,-0.077,-0.058,0
878.9820,0.02600,-0.03555,0.01136,0.00000,0.00000,-0.070,-0.054,0
879.0340,0.02792,-0.03648,0.01109,0.00000,0.00000,-0.062,-0.050,0
879.0860,0.02977,-0.03738,0.01080,0.00000,0.00000,-0.054,-0.045,0
879.1380,0.03155,-0.03824,0.01049,0.00000,0.00000,-0.044,-0.040,0
879.1900,0.03325,-0.03906,0.01016,0.00000,0.00000,-0.034,-0.034,0
879.2420,0.03486,-0.03982,0.00981,0.00000,0.00000,-0.023,-0.029,0
879.2940,0.03639,-0.04054,0.00944,0.00000,0.00000,-0.011,-0.023,0
879.3460,0.03784,-0.04122,0.00905,0.00000,0.00000,0.002,-0.016,0
879.3980,0.03921,-0.04187,0.00865,0.00000,0.00000,0.015,-0.010,0
879.4500,0.04049,-0.04247,0.00824,0.00000,0.00000,0.030,-0.004,0
879.5020,0.04171,-0.04304,0.00781,0.00000,0.00000,0.045,0.003,0
879.5540,0.04285,-0.04357,0.00737,0.00000,0.00000,0.061,0.010,0
879.6060,0.04391,-0.04405,0.00691,0.00000,0.00000,0.077,0.017,0
879.6580,0.04491,-0.04449,0.00645,0.00000,0.00000,0.094,0.023,0
879.7100,0.04584,-0.04488,0.00598,0.00000,0.00000,0.112,0.030,0
879.7620,0.04670,-0.04522,0.00549,0.00000,0.00000,0.130,0.037,0
879.8140,0.04751,-0.04552,0.00501,0.00000,0.00000,0.148,0.043,0
879.8660,0.04825,-0.04577,0.00451,0.00000,0.00000,0.167,0.049,0
879.9180,0.04894,-0.04596,0.00402,0.00000,0.00000,0.185,0.055,0
879.9700,0.04958,-0.04611,0.00352,0.00000,0.00000,0.204,0.061,0
880.0220,0.05017,-0.04622,0.00301,0.00000,0.00000,0.223,0.066,0
880.0740,0.05071,-0.04628,0.00251,0.00000,0.00000,0.241,0.071,0
880.1260,0.05122,-0.04629,0.00201,0.00000,0.00000,0.260,0.076,0
880.1780,0.05168,-0.04626,0.00151,0.00000,0.00000,0.279,0.080,0
880.2300,0.05210,-0.04618,0.00102,0.00000,0.00000,0.297,0.085,0
880.2820,0.05249,-0.04606,0.00053,0.00000,0.00000,0.315,0.088,0
880.3340,0.05284,-0.04589,0.00004,0.00000,0.00000,0.333,0.092,0
880.3860,0.05315,-0.04569,-0.00044,0.00000,0.00000,0.351,0.095,0
880.4380,0.05343,-0.04543,-0.00091,0.00000,0.00000,0.368,0.097,0
880.4900,0.05368,-0.04513,-0.00137,0.00000,0.00000,0.384,0.099,0
880.5420,0.05389,-0.04478,-0.00182,0.00000,0.00000,0.400,0.101,0
880.5940,0.05407,-0.04439,-0.00226,0.00000,0.00000,0.416,0.102,0
880.6460,0.05422,-0.04395,-0.00269,0.00000,0.00000,0.430,0.103,0
880.6980,0.05433,-0.04348,-0.00311,0.00000,0.00000,0.445,0.104,0
880.7500,0.05442,-0.04297,-0.00351,0.00000,0.00000,0.458,0.104,0
880.8020,0.05447,-0.04242,-0.00390,0.00000,0.00000,0.471,0.104,0
880.8540,0.05449,-0.04182,-0.00428,0.00000,0.00000,0.483,0.104,0
880.9060,0.05448,-0.04119,-0.00464,0.00000,0.00000,0.494,0.103,0
880.9580,0.05443,-0.04051,-0.00499,0.00000,0.00000,0.504,0.102,0
881.0100,0.05435,-0.03980,-0.00532,0.00000,0.00000,0.513,0.100,0
881.0620,0.05424,-0.03907,-0.00563,0.00000,0.00000,0.522,0.098,0
881.1140,0.05409,-0.03831,-0.00593,0.00000,0.00000,0.530,0.096,0
881.1660,0.05392,-0.03751,-0.00622,0.00000,0.00000,0.537,0.094,0
881.2180,0.05370,-0.03667,-0.00649,0.00000,0.00000,0.543,0.092,0
881.2700,0.05345,-0.03581,-0.00674,0.00000,0.00000,0.548,0.089,0
881.3220,0.05317,-0.03492,-0.00698,0.00000,0.00000,0.552,0.086,0
881.3740,0.05285,-0.03401,-0.00720,0.00000,0.00000,0.556,0.083,0
881.4260,0.05250,-0.03308,-0.00741,0.00000,0.00000,0.559,0.079,0
881.4780,0.05212,-0.03213,-0.00760,0.00000,0.00000,0.560,0.076,0
881.5300,0.05170,-0.03116,-0.00778,0.00000,0.00000,0.562,0.072,0
881.5820,0.05124,-0.03017,-0.00794,0.00000,0.00000,0.562,0.069,0
881.6340,0.05075,-0.02916,-0.00809,0.00000,0.00000,0.561,0.065,0
881.6860,0.05022,-0.02815,-0.00823,0.00000,0.00000,0.560,0.061,0
881.7380,0.04966,-0.02711,-0.00835,0.00000,0.00000,0.558,0.057,0
881.7900,0.04906,-0.02608,-0.00846,0.00000,0.00000,0.555,0.053,0
881.8420,0.04843,-0.02503,-0.00856,0.00000,0.00000,0.552,0.049,0
881.8940,0.04776,-0.02398,-0.00864,0.00000,0.00000,0.548,0.045,0
881.9460,0.04706,-0.02292,-0.00872,0.00000,0.00000,0.543,0.041,0
881.9980,0.04631,-0.02185,-0.00879,0.00000,0.00000,0.537,0.037,0
882.0500,0.04553,-0.02078,-0.00884,0.00000,0.00000,0.531,0.033,0
882.1020,0.04471,-0.01970,-0.00889,0.00000,0.00000,0.525,0.029,0
882.1540,0.04385,-0.01861,-0.00893,0.00000,0.00000,0.517,0.025,0
882.2060,0.04295,-0.01752,-0.00896,0.00000,0.00000,0.509,0.021,0
882.2580,0.04202,-0.01644,-0.00898,0.00000,0.00000,0.501,0.017,0
882.3100,0.04105,-0.01537,-0.00900,0.00000,0.00000,0.492,0.013,0
882.3620,0.04005,-0.01429,-0.00901,0.00000,0.00000,0.482,0.009,0
882.4140,0.03900,-0.01321,-0.00901,0.00000,0.00000,0.472,0.006,0
882.4660,0.03793,-0.01215,-0.00901,0.00000,0.00000,0.462,0.002,0
882.5180,0.03682,-0.01110,-0.00900,0.00000,0.00000,0.451,-0.001,0
882.5700,0.03568,-0.01005,-0.00899,0.00000,0.00000,0.441,-0.005,0
882.6220,0.03450,-0.00901,-0.00897,0.00000,0.00000,0.429,-0.008,0
882.6740,0.03329,-0.00798,-0.00895,0.00000,0.00000,0.418,-0.011,0
882.7260,0.03205,-0.00697,-0.00892,0.00000,0.00000,0.406,-0.015,0
882.7780,0.03078,-0.00598,-0.00889,0.00000,0.00000,0.394,-0.017,0
882.8300,0.02948,-0.00499,-0.00885,0.00000,0.00000,0.381,-0.020,0
882.8820,0.02815,-0.00402,-0.00881,0.00000,0.00000,0.369,-0.023,0
882.9340,0.02680,-0.00306,-0.00877,0.00000,0.00000,0.356,-0.026,0
882.9860,0.02542,-0.00213,-0.00872,0.00000,0.00000,0.344,-0.028,0
883.0380,0.02403,-0.00123,-0.00866,0.00000,0.00000,0.331,-0.030,0
883.0900,0.02262,-0.00035,-0.00860,0.00000,0.00000,0.318,-0.032,0
883.1420,0.02119,0.00050,-0.00854,0.00000,0.00000,0.305,-0.034,0
883.1940,0.01973,0.00135,-0.00847,0.00000,0.00000,0.293,-0.036,0
883.2460,0.01826,0.00217,-0.00839,0.00000,0.00000,0.280,-0.038,0
883.2980,0.01678,0.00297,-0.00830,0.00000,0.00000,0.267,-0.039,0
883.3500,0.01528,0.00375,-0.00821,0.00000,0.00000,0.254,-0.041,0
883.4020,0.01378,0.00450,-0.00811,0.00000,0.00000,0.242,-0.042,0
883.4540,0.01227,0.00522,-0.00800,0.00000,0.00000,0.229,-0.043,0
883.5060,0.01077,0.00592,-0.00789,0.00000,0.00000,0.217,-0.044,0
883.5580,0.00926,0.00658,-0.00776,0.00000,0.00000,0.205,-0.044,0
883.6100,0.00776,0.00721,-0.00762,0.00000,0.00000,0.193,-0.045,0
883.6620,0.00627,0.00781,-0.00747,0.00000,0.00000,0.181,-0.045,0
883.7140,0.00479,0.00837,-0.00732,0.00000,0.00000,0.169,-0.045,0
883.7660,0.00333,0.00890,-0.00714,0.00000,0.00000,0.158,-0.045,0
883.8180,0.00188,0.00939,-0.00696,0.00000,0.00000,0.147,-0.045,0
883.8700,0.00046,0.00986,-0.00677,0.00000,0.00000,0.137,-0.044,0
883.9220,-0.00094,0.01028,-0.00656,0.00000,0.00000,0.126,-0.044,0
883.9740,-0.00230,0.01064,-0.00633,0.00000,0.00000,0.117,-0.043,0
884.0260,-0.00362,0.01096,-0.00610,0.00000,0.00000,0.107,-0.042,0
884.0780,-0.00489,0.01121,-0.00585,0.00000,0.00000,0.098,-0.041,0
884.1300,-0.00611,0.01141,-0.00558,0.00000,0.00000,0.090,-0.040,0
884.1820,-0.00728,0.01154,-0.00530,0.00000,0.00000,0.082,-0.038,0
884.2340,-0.00838,0.01162,-0.00500,0.00000,0.00000,0.074,-0.037,0
884.2860,-0.00944,0.01164,-0.00469,0.00000,0.00000,0.067,-0.035,0
884.3380,-0.01042,0.01159,-0.00436,0.00000,0.00000,0.060,-0.034,0
884.3900,-0.01133,0.01148,-0.00402,0.00000,0.00000,0.054,-0.032,0
884.4420,-0.01217,0.01130,-0.00366,0.00000,0.00000,0.048,-0.030,0
884.4940,-0.01294,0.01107,-0.00329,0.00000,0.00000,0.043,-0.028,0
884.5460,-0.01363,0.01076,-0.00291,0.00000,0.00000,0.038,-0.027,0
884.5980,-0.01424,0.01040,-0.00250,0.00000,0.00000,0.034,-0.025,0
884.6500,-0.01478,0.00998,-0.00209,0.00000,0.00000,0.029,-0.023,0
884.7020,-0.01522,0.00949,-0.00167,0.00000,0.00000,0.026,-0.021,0
884.7540,-0.01559,0.00895,-0.00123,0.00000,0.00000,0.022,-0.019,0
884.8060,-0.01586,0.00834,-0.00078,0.00000,0.00000,0.019,-0.017,0
884.8580,-0.01605,0.00766,-0.00032,0.00000,0.00000,0.017,-0.015,0
884.9100,-0.01614,0.00690,0.00015,0.00000,0.00000,0.015,-0.014,0
884.9620,-0.01614,0.00608,0.00063,0.00000,0.00000,0.013,-0.012,0
885.0140,-0.01605,0.00520,0.00111,0.00000,0.00000,0.011,-0.010,0
885.0660,-0.01587,0.00426,0.00160,0.00000,0.00000,0.009,-0.009,0
885.1180,-0.01560,0.00326,0.00210,0.00000,0.00000,0.008,-0.007,0
885.1700,-0.01523,0.00219,0.00259,0.00000,0.00000,0.007,-0.006,0
885.2220,-0.01478,0.00106,0.00309,0.00000,0.00000,0.006,-0.005,0
885.2740,-0.01423,-0.00014,0.00359,0.00000,0.00000,0.005,-0.003,0
885.3260,-0.01360,-0.00140,0.00409,0.00000,0.00000,0.005,-0.002,0
885.3780,-0.01289,-0.00271,0.00458,0.00000,0.00000,0.005,-0.001,0
885.4300,-0.01209,-0.00407,0.00507,0.00000,0.00000,0.004,-0.000,0
885.4820,-0.01122,-0.00549,0.00555,0.00000,0.00000,0.004,0.001,0
885.5340,-0.01026,-0.00696,0.00602,0.00000,0.00000,0.004,0.001,0
885.5860,-0.00924,-0.00848,0.00649,0.00000,0.00000,0.004,0.002,0
885.6380,-0.00814,-0.01004,0.00694,0.00000,0.00000,0.005,0.003,0
885.6900,-0.00698,-0.01165,0.00738,0.00000,0.00000,0.005,0.003,0
885.7420,-0.00575,-0.01331,0.00781,0.00000,0.00000,0.006,0.004,0
885.7940,-0.00446,-0.01500,0.00822,0.00000,0.00000,0.007,0.005,0
885.8460,-0.00312,-0.01674,0.00861,0.00000,0.00000,0.008,0.005,0
885.8980,-0.00172,-0.01851,0.00899,0.00000,0.00000,0.009,0.006,0
885.9500,-0.00027,-0.02032,0.00934,0.00000,0.00000,0.011,0.007,0
886.0020,0.00122,-0.02216,0.00967,0.00000,0.00000,0.013,0.008,0
886.0540,0.00274,-0.02401,0.00998,0.00000,0.00000,0.015,0.009,0
886.1060,0.00429,-0.02587,0.01027,0.00000,0.00000,0.018,0.010,0
886.1580,0.00587,-0.02775,0.01052,0.00000,0.00000,0.021,0.011,0
886.2100,0.00747,-0.02964,0.01076,0.00000,0.00000,0.024,0.012,0
886.2620,0.00909,-0.03155,0.01096,0.00000,0.00000,0.029,0.014,0
886.3140,0.01073,-0.03346,0.01114,0.00000,0.00000,0.034,0.016,0
886.3660,0.01237,-0.03536,0.01129,0.00000,0.00000,0.039,0.017,0
886.4180,0.01403,-0.03728,0.01141,0.00000,0.00000,0.045,0.020,0
886.4700,0.01568,-0.03918,0.01150,0.00000,0.00000,0.052,0.022,0
886.5220,0.01733,-0.04107,0.01156,0.00000,0.00000,0.060,0.025,0
886.5740,0.01898,-0.04293,0.01158,0.00000,0.00000,0.069,0.027,0
886.6260,0.02061,-0.04478,0.01158,0.00000,0.00000,0.078,0.030,0
886.6780,0.02223,-0.04662,0.01154,0.00000,0.00000,0.088,0.034,0
886.7300,0.02384,-0.04843,0.01147,0.00000,0.00000,0.100,0.037,0
886.7820,0.02543,-0.05022,0.01137,0.00000,0.00000,0.112,0.041,0
886.8340,0.02700,-0.05197,0.01124,0.00000,0.00000,0.125,0.045,0
886.8860,0.02854,-0.05369,0.01107,0.00000,0.00000,0.139,0.049,0
886.9380,0.03006,-0.05537,0.01088,0.00000,0.00000,0.154,0.053,0
886.9900,0.03155,-0.05701,0.01065,0.00000,0.00000,0.170,0.057,0
887.0420,0.03300,-0.05860,0.01040,0.00000,0.00000,0.187,0.061,0
887.0940,0.03442,-0.06015,0.01011,0.00000,0.00000,0.205,0.066,0
887.1460,0.03581,-0.06164,0.00979,0.00000,0.00000,0.223,0.070,0
887.1980,0.03716,-0.06310,0.00945,0.00000,0.00000,0.243,0.075,0
887.2500,0.03848,-0.06451,0.00908,0.00000,0.00000,0.263,0.080,0
887.3020,0.03976,-0.06588,0.00868,0.00000,0.00000,0.284,0.084,0
887.3540,0.04101,-0.06719,0.00826,0.00000,0.00000,0.306,0.089,0
887.4060,0.04221,-0.06845,0.00782,0.00000,0.00000,0.329,0.093,0
887.4580,0.04337,-0.06965,0.00735,0.00000,0.00000,0.352,0.098,0
887.5100,0.04449,-0.07079,0.00686,0.00000,0.00000,0.376,0.102,0
887.5620,0.04555,-0.07186,0.00635,0.00000,0.00000,0.400,0.106,0
887.6140,0.04657,-0.07287,0.00582,0.00000,0.00000,0.425,0.110,0
887.6660,0.04754,-0.07380,0.00527,0.00000,0.00000,0.449,0.113,0
887.7180,0.04846,-0.07467,0.00471,0.00000,0.00000,0.474,0.116,0
887.7700,0.04933,-0.07547,0.00413,0.00000,0.00000,0.499,0.119,0
887.8220,0.05014,-0.07621,0.00355,0.00000,0.00000,0.525,0.122,0
887.8740,0.05091,-0.07688,0.00295,0.00000,0.00000,0.550,0.124,0
887.9260,0.05162,-0.07748,0.00234,0.00000,0.00000,0.575,0.126,0
887.9780,0.05228,-0.07801,0.00172,0.00000,0.00000,0.600,0.128,0
888.0300,0.05287,-0.07845,0.00110,0.00000,0.00000,0.624,0.129,0
888.0820,0.05340,-0.07880,0.00048,0.00000,0.00000,0.648,0.130,0
888.1340,0.05386,-0.07908,-0.00015,0.00000,0.00000,0.671,0.130,0
888.1860,0.05427,-0.07928,-0.00078,0.00000,0.00000,0.694,0.130,0
888.2380,0.05460,-0.07940,-0.00140,0.00000,0.00000,0.716,0.130,0
888.2900,0.05487,-0.07943,-0.00202,0.00000,0.00000,0.737,0.129,0
888.3420,0.05508,-0.07939,-0.00264,0.00000,0.00000,0.757,0.127,0
888.3940,0.05522,-0.07927,-0.00325,0.00000,0.00000,0.776,0.125,0
888.4460,0.05529,-0.07908,-0.00386,0.00000,0.00000,0.794,0.123,0
888.4980,0.05530,-0.07882,-0.00445,0.00000,0.00000,0.811,0.120,0
888.5500,0.05523,-0.07847,-0.00504,0.00000,0.00000,0.827,0.117,0
888.6020,0.05509,-0.07804,-0.00561,0.00000,0.00000,0.842,0.114,0
888.6540,0.05489,-0.07754,-0.00617,0.00000,0.00000,0.855,0.110,0
888.7060,0.05461,-0.07697,-0.00671,0.00000,0.00000,0.868,0.106,0
888.7580,0.05426,-0.07632,-0.00724,0.00000,0.00000,0.879,0.101,0
888.8100,0.05383,-0.07559,-0.00775,0.00000,0.00000,0.888,0.096,0
888.8620,0.05333,-0.07479,-0.00824,0.00000,0.00000,0.896,0.091,0
888.9140,0.05275,-0.07392,-0.00872,0.00000,0.00000,0.902,0.086,0
888.9660,0.05210,-0.07298,-0.00917,0.00000,0.00000,0.908,0.080,0
889.0180,0.05138,-0.07198,-0.00960,0.00000,0.00000,0.911,0.074,0
889.0700,0.05058,-0.07090,-0.01001,0.00000,0.00000,0.913,0.068,0
889.1220,0.04971,-0.06978,-0.01040,0.00000,0.00000,0.914,0.061,0
889.1740,0.04878,-0.06862,-0.01077,0.00000,0.00000,0.913,0.055,0
889.2260,0.04777,-0.06739,-0.01111,0.00000,0.00000,0.911,0.048,0
889.2780,0.04670,-0.06611,-0.01142,0.00000,0.00000,0.908,0.042,0
889.3300,0.04555,-0.06478,-0.01172,0.00000,0.00000,0.903,0.035,0
889.3820,0.04435,-0.06342,-0.01199,0.00000,0.00000,0.897,0.028,0
889.4340,0.04307,-0.06201,-0.01223,0.00000,0.00000,0.890,0.022,0
889.4860,0.04173,-0.06057,-0.01246,0.00000,0.00000,0.881,0.015,0
889.5380,0.04032,-0.05907,-0.01265,0.00000,0.00000,0.871,0.008,0
889.5900,0.03885,-0.05754,-0.01283,0.00000,0.00000,0.860,0.002,0
889.6420,0.03732,-0.05599,-0.01298,0.00000,0.00000,0.847,-0.004,0
889.6940,0.03573,-0.05441,-0.01311,0.00000,0.00000,0.834,-0.010,0
889.7460,0.03409,-0.05281,-0.01321,0.00000,0.00000,0.819,-0.016,0
889.7980,0.03240,-0.05120,-0.01329,0.00000,0.00000,0.803,-0.022,0
889.8500,0.03066,-0.04957,-0.01336,0.00000,0.00000,0.787,-0.028,0
889.9020,0.02886,-0.04792,-0.01340,0.00000,0.00000,0.769,-0.033,0
889.9540,0.02702,-0.04626,-0.01342,0.00000,0.00000,0.751,-0.038,0
890.0060,0.02515,-0.04460,-0.01342,0.00000,0.00000,0.732,-0.043,0
890.0580,0.02324,-0.04295,-0.01340,0.00000,0.00000,0.712,-0.047,0
890.1100,0.02130,-0.04131,-0.01336,0.00000,0.00000,0.692,-0.051,0
890.1620,0.01934,-0.03968,-0.01331,0.00000,0.00000,0.671,-0.055,0
890.2140,0.01735,-0.03806,-0.01324,0.00000,0.00000,0.650,-0.058,0
890.2660,0.01534,-0.03645,-0.01315,0.00000,0.00000,0.628,-0.061,0
890.3180,0.01332,-0.03487,-0.01304,0.00000,0.00000,0.606,-0.064,0
890.3700,0.01128,-0.03329,-0.01292,0.00000,0.00000,0.584,-0.066,0
890.4220,0.00922,-0.03172,-0.01279,0.00000,0.00000,0.561,-0.068,0
890.4740,0.00716,-0.03017,-0.01264,0.00000,0.00000,0.538,-0.070,0
890.5260,0.00509,-0.02863,-0.01248,0.00000,0.00000,0.515,-0.071,0
890.5780,0.00303,-0.02711,-0.01230,0.00000,0.00000,0.492,-0.072,0
890.6300,0.00096,-0.02561,-0.01211,0.00000,0.00000,0.468,-0.072,0
890.6820,-0.00109,-0.02413,-0.01191,0.00000,0.00000,0.445,-0.072,0
890.7340,-0.00313,-0.02267,-0.01170,0.00000,0.00000,0.421,-0.072,0
890.7860,-0.00514,-0.02124,-0.01147,0.00000,0.00000,0.398,-0.072,0
890.8380,-0.00713,-0.01984,-0.01124,0.00000,0.00000,0.375,-0.071,0
890.8900,-0.00908,-0.01847,-0.01099,0.00000,0.00000,0.352,-0.069,0
890.9420,-0.01100,-0.01713,-0.01073,0.00000,0.00000,0.329,-0.068,0
890.9940,-0.01288,-0.01581,-0.01046,0.00000,0.00000,0.306,-0.066,0
891.0460,-0.01471,-0.01452,-0.01018,0.00000,0.00000,0.284,-0.064,0
891.0980,-0.01650,-0.01326,-0.00989,0.00000,0.00000,0.263,-0.062,0
891.1500,-0.01822,-0.01204,-0.00959,0.00000,0.00000,0.241,-0.059,0
891.2020,-0.01988,-0.01085,-0.00928,0.00000,0.00000,0.221,-0.056,0
891.2540,-0.02147,-0.00969,-0.00895,0.00000,0.00000,0.200,-0.053,0
891.3060,-0.02300,-0.00855,-0.00862,0.00000,0.00000,0.180,-0.050,0
891.3580,-0.02445,-0.00744,-0.00828,0.00000,0.00000,0.161,-0.047,0
891.4100,-0.02582,-0.00637,-0.00793,0.00000,0.00000,0.143,-0.043,0
891.4620,-0.02710,-0.00533,-0.00757,0.00000,0.00000,0.125,-0.040,0
891.5140,-0.02830,-0.00431,-0.00720,0.00000,0.00000,0.108,-0.036,0
891.5660,-0.02941,-0.00333,-0.00682,0.00000,0.00000,0.091,-0.032,0
891.6180,-0.03042,-0.00236,-0.00643,0.00000,0.00000,0.075,-0.028,0
891.6700,-0.03134,-0.00141,-0.00603,0.00000,0.00000,0.060,-0.025,0
891.7220,-0.03217,-0.00048,-0.00563,0.00000,0.00000,0.045,-0.021,0
891.7740,-0.03290,0.00042,-0.00521,0.00000,0.00000,0.031,-0.017,0
891.8260,-0.03352,0.00130,-0.00479,0.00000,0.00000,0.018,-0.013,0
891.8780,-0.03405,0.00215,-0.00435,0.00000,0.00000,0.006,-0.010,0
891.9300,-0.03448,0.00297,-0.00391,0.00000,0.00000,-0.005,-0.006,0
891.9820,-0.03482,0.00376,-0.00346,0.00000,0.00000,-0.015,-0.003,0
892.0340,-0.03505,0.00453,-0.00301,0.00000,0.00000,-0.025,0.000,0
892.0860,-0.03520,0.00526,-0.00255,0.00000,0.00000,-0.033,0.003,0
892.1380,-0.03526,0.00596,-0.00208,0.00000,0.00000,-0.041,0.006,0
892.1900,-0.03522,0.00664,-0.00160,0.00000,0.00000,-0.048,0.009,0
892.2420,-0.03511,0.00729,-0.00113,0.00000,0.00000,-0.054,0.011,0
892.2940,-0.03491,0.00791,-0.00064,0.00000,0.00000,-0.060,0.013,0
892.3460,-0.03463,0.00850,-0.00016,0.00000,0.00000,-0.064,0.015,0
892.3980,-0.03426,0.00906,0.00033,0.00000,0.00000,-0.068,0.016,0
892.4500,-0.03382,0.00958,0.00082,0.00000,0.00000,-0.071,0.017,0
892.5020,-0.03331,0.01008,0.00132,0.00000,0.00000,-0.074,0.018,0
892.5540,-0.03271,0.01053,0.00181,0.00000,0.00000,-0.075,0.019,0
892.6060,-0.03204,0.01095,0.00230,0.00000,0.00000,-0.076,0.019,0
892.6580,-0.03130,0.01133,0.00279,0.00000,0.00000,-0.077,0.019,0
892.7100,-0.03050,0.01169,0.00328,0.00000,0.00000,-0.077,0.019,0
892.7620,-0.02962,0.01201,0.00376,0.00000,0.00000,-0.077,0.018,0
892.8140,-0.02868,0.01230,0.00423,0.00000,0.00000,-0.076,0.017,0
892.8660,-0.02767,0.01254,0.00470,0.00000,0.00000,-0.074,0.016,0
892.9180,-0.02659,0.01275,0.00516,0.00000,0.00000,-0.072,0.015,0
892.9700,-0.02545,0.01292,0.00561,0.00000,0.00000,-0.070,0.013,0
893.0220,-0.02426,0.01305,0.00605,0.00000,0.00000,-0.068,0.012,0
893.0740,-0.02300,0.01315,0.00648,0.00000,0.00000,-0.065,0.010,0
893.1260,-0.02169,0.01322,0.00690,0.00000,0.00000,-0.063,0.008,0
893.1780,-0.02033,0.01324,0.00730,0.00000,0.00000,-0.060,0.006,0
893.2300,-0.01892,0.01324,0.00769,0.00000,0.00000,-0.057,0.003,0
893.2820,-0.01746,0.01319,0.00805,0.00000,0.00000,-0.053,0.001,0
893.3340,-0.01595,0.01310,0.00841,0.00000,0.00000,-0.050,-0.001,0
893.3860,-0.01440,0.01298,0.00874,0.00000,0.00000,-0.047,-0.004,0
893.4380,-0.01281,0.01282,0.00905,0.00000,0.00000,-0.044,-0.006,0
893.4900,-0.01119,0.01263,0.00934,0.00000,0.00000,-0.040,-0.009,0
893.5420,-0.00953,0.01240,0.00962,0.00000,0.00000,-0.037,-0.011,0
893.5940,-0.00784,0.01212,0.00986,0.00000,0.00000,-0.034,-0.013,0
893.6460,-0.00612,0.01180,0.01009,0.00000,0.00000,-0.031,-0.015,0
893.6980,-0.00438,0.01144,0.01029,0.00000,0.00000,-0.028,-0.017,0
893.7500,-0.00263,0.01104,0.01047,0.00000,0.00000,-0.025,-0.019,0
893.8020,-0.00086,0.01061,0.01062,0.00000,0.00000,-0.023,-0.021,0
893.8540,0.00092,0.01014,0.01075,0.00000,0.00000,-0.020,-0.022,0
893.9060,0.00271,0.00962,0.01086,0.00000,0.00000,-0.018,-0.023,0
893.9580,0.00450,0.00906,0.01094,0.00000,0.00000,-0.016,-0.024,0
894.0100,0.00628,0.00847,0.01099,0.00000,0.00000,-0.014,-0.025,0
894.0620,0.00806,0.00783,0.01102,0.00000,0.00000,-0.012,-0.025,0
894.1140,0.00981,0.00718,0.01102,0.00000,0.00000,-0.011,-0.025,0
894.1660,0.01154,0.00649,0.01100,0.00000,0.00000,-0.009,-0.025,0
894.2180,0.01324,0.00578,0.01095,0.00000,0.00000,-0.008,-0.025,0
894.2700,0.01492,0.00502,0.01088,0.00000,0.00000,-0.006,-0.024,0
894.3220,0.01656,0.00424,0.01078,0.00000,0.00000,-0.005,-0.023,0
894.3740,0.01817,0.00342,0.01066,0.00000,0.00000,-0.004,-0.021,0
894.4260,0.01972,0.00258,0.01052,0.00000,0.00000,-0.003,-0.020,0
894.4780,0.02123,0.00171,0.01036,0.00000,0.00000,-0.002,-0.018,0
894.5300,0.02269,0.00081,0.01018,0.00000,0.00000,-0.001,-0.015,0
894.5820,0.02409,-0.00010,0.00997,0.00000,0.00000,-0.000,-0.013,0
894.6340,0.02543,-0.00104,0.00975,0.00000,0.00000,0.001,-0.010,0
894.6860,0.02671,-0.00199,0.00951,0.00000,0.00000,0.002,-0.007,0
894.7380,0.02792,-0.00296,0.00926,0.00000,0.00000,0.003,-0.004,0
894.7900,0.02908,-0.00394,0.00899,0.00000,0.00000,0.005,-0.000,0
894.8420,0.03018,-0.00493,0.00870,0.00000,0.00000,0.006,0.003,0
894.8940,0.03121,-0.00593,0.00841,0.00000,0.00000,0.008,0.007,0
894.9460,0.03219,-0.00695,0.00810,0.00000,0.00000,0.010,0.011,0
894.9980,0.03312,-0.00796,0.00779,0.00000,0.00000,0.013,0.015,0
895.0500,0.03399,-0.00898,0.00746,0.00000,0.00000,0.015,0.019,0
895.1020,0.03481,-0.01000,0.00713,0.00000,0.00000,0.018,0.024,0
895.1540,0.03557,-0.01101,0.00680,0.00000,0.00000,0.022,0.028,0
895.2060,0.03630,-0.01201,0.00646,0.00000,0.00000,0.026,0.032,0
895.2580,0.03697,-0.01301,0.00613,0.00000,0.00000,0.030,0.036,0
895.3100,0.03761,-0.01400,0.00579,0.00000,0.00000,0.034,0.040,0
895.3620,0.03821,-0.01498,0.00545,0.00000,0.00000,0.039,0.045,0
895.4140,0.03879,-0.01597,0.00512,0.00000,0.00000,0.044,0.049,0
895.4660,0.03934,-0.01697,0.00480,0.00000,0.00000,0.050,0.053,0
895.5180,0.03987,-0.01796,0.00448,0.00000,0.00000,0.056,0.057,0
895.5700,0.04038,-0.01892,0.00416,0.00000,0.00000,0.062,0.060,0
895.6220,0.04086,-0.01986,0.00386,0.00000,0.00000,0.069,0.064,0
895.6740,0.04132,-0.02078,0.00357,0.00000,0.00000,0.076,0.067,0
895.7260,0.04177,-0.02170,0.00329,0.00000,0.00000,0.084,0.071,0
895.7780,0.04221,-0.02259,0.00302,0.00000,0.00000,0.092,0.074,0
895.8300,0.04266,-0.02349,0.00277,0.00000,0.00000,0.100,0.077,0
895.8820,0.04310,-0.02437,0.00253,0.00000,0.00000,0.109,0.080,0
895.9340,0.04355,-0.02525,0.00230,0.00000,0.00000,0.118,0.083,0
895.9860,0.04400,-0.02612,0.00209,0.00000,0.00000,0.128,0.086,0
896.0380,0.04446,-0.02697,0.00190,0.00000,0.00000,0.137,0.088,0
896.0900,0.04493,-0.02783,0.00173,0.00000,0.00000,0.148,0.091,0
896.1420,0.04543,-0.02867,0.00157,0.00000,0.00000,0.159,0.093,0
896.1940,0.04593,-0.02950,0.00143,0.00000,0.00000,0.170,0.096,0
896.2460,0.04646,-0.03033,0.00130,0.00000,0.00000,0.181,0.098,0
896.2980,0.04701,-0.03115,0.00120,0.00000,0.00000,0.193,0.100,0
896.3500,0.04758,-0.03196,0.00111,0.00000,0.00000,0.206,0.103,0
896.4020,0.04818,-0.03276,0.00103,0.00000,0.00000,0.218,0.105,0
896.4540,0.04881,-0.03356,0.00097,0.00000,0.00000,0.231,0.107,0
896.5060,0.04946,-0.03434,0.00093,0.00000,0.00000,0.245,0.109,0
896.5580,0.05013,-0.03510,0.00090,0.00000,0.00000,0.259,0.111,0
896.6100,0.05084,-0.03585,0.00088,0.00000,0.00000,0.273,0.113,0
896.6620,0.05157,-0.03660,0.00088,0.00000,0.00000,0.287,0.115,0
896.7140,0.05234,-0.03735,0.00088,0.00000,0.00000,0.302,0.118,0
896.7660,0.05315,-0.03809,0.00090,0.00000,0.00000,0.317,0.120,0
896.8180,0.05398,-0.03882,0.00092,0.00000,0.00000,0.333,0.122,0
896.8700,0.05483,-0.03953,0.00095,0.00000,0.00000,0.349,0.124,0
896.9220,0.05572,-0.04024,0.00098,0.00000,0.00000,0.365,0.126,0
896.9740,0.05664,-0.04095,0.00102,0.00000,0.00000,0.381,0.129,0
897.0260,0.05759,-0.04165,0.00105,0.00000,0.00000,0.398,0.131,0
897.0780,0.05856,-0.04233,0.00109,0.00000,0.00000,0.415,0.134,0
897.1300,0.05955,-0.04300,0.00112,0.00000,0.00000,0.433,0.136,0
897.1820,0.06056,-0.04365,0.00115,0.00000,0.00000,0.451,0.138,0
897.2340,0.06158,-0.04430,0.00117,0.00000,0.00000,0.469,0.141,0
897.2860,0.06263,-0.04495,0.00119,0.00000,0.00000,0.487,0.143,0
897.3380,0.06369,-0.04558,0.00119,0.00000,0.00000,0.505,0.146,0
897.3900,0.06476,-0.04620,0.00118,0.00000,0.00000,0.524,0.148,0
897.4420,0.06583,-0.04680,0.00116,0.00000,0.00000,0.543,0.151,0
897.4940,0.06689,-0.04737,0.00112,0.00000,0.00000,0.562,0.153,0
897.5460,0.06794,-0.04792,0.00106,0.00000,0.00000,0.582,0.156,0
897.5980,0.06898,-0.04845,0.00099,0.00000,0.00000,0.601,0.158,0
897.6500,0.07001,-0.04896,0.00089,0.00000,0.00000,0.620,0.160,0
897.7020,0.07101,-0.04945,0.00077,0.00000,0.00000,0.639,0.162,0
897.7540,0.07199,-0.04992,0.00063,0.00000,0.00000,0.658,0.163,0
897.8060,0.07293,-0.05037,0.00046,0.00000,0.00000,0.677,0.165,0
897.8580,0.07383,-0.05079,0.00026,0.00000,0.00000,0.696,0.166,0
897.9100,0.07469,-0.05119,0.00004,0.00000,0.00000,0.715,0.167,0
897.9620,0.07551,-0.05156,-0.00021,0.00000,0.00000,0.733,0.168,0
898.0140,0.07627,-0.05192,-0.00049,0.00000,0.00000,0.751,0.168,0
898.0660,0.07697,-0.05225,-0.00080,0.00000,0.00000,0.769,0.168,0
898.1180,0.07760,-0.05256,-0.00114,0.00000,0.00000,0.787,0.168,0
898.1700,0.07816,-0.05286,-0.00151,0.00000,0.00000,0.805,0.167,0
898.2220,0.07864,-0.05313,-0.00191,0.00000,0.00000,0.822,0.166,0
898.2740,0.07904,-0.05337,-0.00234,0.00000,0.00000,0.839,0.164,0
898.3260,0.07935,-0.05358,-0.00280,0.00000,0.00000,0.855,0.162,0
898.3780,0.07955,-0.05375,-0.00329,0.00000,0.00000,0.871,0.159,0
898.4300,0.07964,-0.05389,-0.00380,0.00000,0.00000,0.886,0.155,0
898.4820,0.07962,-0.05400,-0.00435,0.00000,0.00000,0.900,0.151,0
898.5340,0.07948,-0.05407,-0.00491,0.00000,0.00000,0.913,0.147,0
898.5860,0.07921,-0.05410,-0.00550,0.00000,0.00000,0.925,0.142,0
898.6380,0.07882,-0.05410,-0.00612,0.00000,0.00000,0.937,0.136,0
898.6900,0.07828,-0.05405,-0.00675,0.00000,0.00000,0.947,0.129,0
898.7420,0.07760,-0.05395,-0.00740,0.00000,0.00000,0.956,0.122,0
898.7940,0.07676,-0.05381,-0.00807,0.00000,0.00000,0.963,0.115,0
898.8460,0.07577,-0.05361,-0.00875,0.00000,0.00000,0.969,0.106,0
898.8980,0.07461,-0.05336,-0.00945,0.00000,0.00000,0.974,0.097,0
898.9500,0.07329,-0.05306,-0.01015,0.00000,0.00000,0.977,0.088,0
899.0020,0.07180,-0.05270,-0.01085,0.00000,0.00000,0.979,0.078,0
899.0540,0.07014,-0.05229,-0.01156,0.00000,0.00000,0.979,0.068,0
899.1060,0.06830,-0.05183,-0.01226,0.00000,0.00000,0.977,0.057,0
899.1580,0.06630,-0.05133,-0.01296,0.00000,0.00000,0.973,0.046,0
899.2100,0.06412,-0.05076,-0.01365,0.00000,0.00000,0.968,0.035,0
899.2620,0.06176,-0.05014,-0.01434,0.00000,0.00000,0.961,0.023,0
899.3140,0.05924,-0.04948,-0.01500,0.00000,0.00000,0.953,0.011,0
899.3660,0.05654,-0.04876,-0.01565,0.00000,0.00000,0.943,-0.001,0
899.4180,0.05367,-0.04798,-0.01628,0.00000,0.00000,0.930,-0.013,0
899.4700,0.05064,-0.04716,-0.01688,0.00000,0.00000,0.917,-0.024,0
899.5220,0.04745,-0.04629,-0.01746,0.00000,0.00000,0.901,-0.036,0
899.5740,0.04410,-0.04537,-0.01801,0.00000,0.00000,0.884,-0.047,0
899.6260,0.04061,-0.04440,-0.01852,0.00000,0.00000,0.865,-0.058,0
899.6780,0.03698,-0.04338,-0.01900,0.00000,0.00000,0.844,-0.069,0
899.7300,0.03321,-0.04231,-0.01944,0.00000,0.00000,0.822,-0.079,0
899.7820,0.02931,-0.04120,-0.01983,0.00000,0.00000,0.798,-0.088,0
899.8340,0.02531,-0.04003,-0.02019,0.00000,0.00000,0.773,-0.097,0
899.8860,0.02120,-0.03883,-0.02050,0.00000,0.00000,0.746,-0.105,0
899.9380,0.01700,-0.03759,-0.02076,0.00000,0.00000,0.718,-0.112,0
899.9900,0.01273,-0.03632,-0.02097,0.00000,0.00000,0.689,-0.118,0
900.0420,0.00841,-0.03501,-0.02113,0.00000,0.00000,0.659,-0.123,0
900.0940,0.00403,-0.03368,-0.02124,0.00000,0.00000,0.627,-0.127,0
900.1460,-0.00037,-0.03232,-0.02129,0.00000,0.00000,0.595,-0.130,0
900.1980,-0.00478,-0.03093,-0.02129,0.00000,0.00000,0.562,-0.132,0
900.2500,-0.00919,-0.02952,-0.02123,0.00000,0.00000,0.528,-0.133,0
900.3020,-0.01357,-0.02810,-0.02111,0.00000,0.00000,0.493,-0.132,0
900.3540,-0.01790,-0.02665,-0.02094,0.00000,0.00000,0.459,-0.131,0
900.4060,-0.02218,-0.02521,-0.02070,0.00000,0.00000,0.423,-0.128,0
900.4580,-0.02637,-0.02375,-0.02041,0.00000,0.00000,0.388,-0.124,0
900.5100,-0.03045,-0.02230,-0.02006,0.00000,0.00000,0.352,-0.120,0
900.5620,-0.03442,-0.02084,-0.01966,0.00000,0.00000,0.317,-0.114,0
900.6140,-0.03825,-0.01939,-0.01919,0.00000,0.00000,0.282,-0.107,0
900.6660,-0.04191,-0.01795,-0.01867,0.00000,0.00000,0.247,-0.099,0
900.7180,-0.04539,-0.01652,-0.01810,0.00000,0.00000,0.212,-0.090,0
900.7700,-0.04867,-0.01513,-0.01747,0.00000,0.00000,0.178,-0.081,0
900.8220,-0.05173,-0.01377,-0.01678,0.00000,0.00000,0.145,-0.071,0
900.8740,-0.05455,-0.01245,-0.01605,0.00000,0.00000,0.113,-0.060,0
900.9260,-0.05713,-0.01119,-0.01527,0.00000,0.00000,0.082,-0.049,0
900.9780,-0.05947,-0.00997,-0.01444,0.00000,0.00000,0.052,-0.038,0
901.0300,-0.06156,-0.00879,-0.01357,0.00000,0.00000,0.023,-0.026,0
901.0820,-0.06342,-0.00766,-0.01265,0.00000,0.00000,-0.005,-0.015,0
901.1340,-0.06505,-0.00657,-0.01170,0.00000,0.00000,-0.031,-0.003,0
901.1860,-0.06645,-0.00553,-0.01071,0.00000,0.00000,-0.056,0.008,0
901.2380,-0.06763,-0.00456,-0.00968,0.00000,0.00000,-0.079,0.019,0
901.2900,-0.06858,-0.00365,-0.00863,0.00000,0.00000,-0.100,0.030,0
901.3420,-0.06933,-0.00281,-0.00755,0.00000,0.00000,-0.120,0.039,0
901.3940,-0.06987,-0.00204,-0.00645,0.00000,0.00000,-0.138,0.049,0
901.4460,-0.07023,-0.00132,-0.00532,0.00000,0.00000,-0.155,0.057,0
901.4980,-0.07041,-0.00067,-0.00418,0.00000,0.00000,-0.169,0.065,0
901.5500,-0.07040,-0.00009,-0.00303,0.00000,0.00000,-0.182,0.071,0
901.6020,-0.07023,0.00042,-0.00187,0.00000,0.00000,-0.194,0.077,0
901.6540,-0.06989,0.00085,-0.00070,0.00000,0.00000,-0.204,0.081,0
901.7060,-0.06938,0.00120,0.00047,0.00000,0.00000,-0.212,0.085,0
901.7580,-0.06871,0.00147,0.00163,0.00000,0.00000,-0.220,0.087,0
901.8100,-0.06790,0.00167,0.00279,0.00000,0.00000,-0.226,0.088,0
901.8620,-0.06693,0.00178,0.00394,0.00000,0.00000,-0.231,0.088,0
901.9140,-0.06581,0.00182,0.00507,0.00000,0.00000,-0.234,0.087,0
901.9660,-0.06455,0.00177,0.00619,0.00000,0.00000,-0.237,0.085,0
902.0180,-0.06314,0.00165,0.00728,0.00000,0.00000,-0.239,0.082,0
902.0700,-0.06160,0.00146,0.00835,0.00000,0.00000,-0.241,0.078,0
902.1220,-0.05994,0.00121,0.00938,0.00000,0.00000,-0.241,0.073,0
902.1740,-0.05814,0.00090,0.01039,0.00000,0.00000,-0.242,0.067,0
902.2260,-0.05622,0.00053,0.01135,0.00000,0.00000,-0.241,0.061,0
902.2780,-0.05418,0.00009,0.01228,0.00000,0.00000,-0.240,0.053,0
902.3300,-0.05202,-0.00040,0.01317,0.00000,0.00000,-0.239,0.045,0
902.3820,-0.04975,-0.00094,0.01401,0.00000,0.00000,-0.237,0.037,0
902.4340,-0.04737,-0.00153,0.01480,0.00000,0.00000,-0.235,0.028,0
902.4860,-0.04488,-0.00217,0.01554,0.00000,0.00000,-0.232,0.019,0
902.5380,-0.04230,-0.00285,0.01623,0.00000,0.00000,-0.230,0.010,0
902.5900,-0.03962,-0.00356,0.01687,0.00000,0.00000,-0.227,0.000,0
902.6420,-0.03685,-0.00432,0.01745,0.00000,0.00000,-0.224,-0.009,0
902.6940,-0.03400,-0.00513,0.01798,0.00000,0.00000,-0.220,-0.019,0
902.7460,-0.03106,-0.00597,0.01845,0.00000,0.00000,-0.217,-0.028,0
902.7980,-0.02805,-0.00685,0.01886,0.00000,0.00000,-0.214,-0.037,0
902.8500,-0.02497,-0.00777,0.01922,0.00000,0.00000,-0.210,-0.045,0
902.9020,-0.02183,-0.00871,0.01953,0.00000,0.00000,-0.206,-0.053,0
902.9540,-0.01864,-0.00968,0.01978,0.00000,0.00000,-0.202,-0.061,0
903.0060,-0.01541,-0.01068,0.01997,0.00000,0.00000,-0.198,-0.068,0
903.0580,-0.01214,-0.01169,0.02011,0.00000,0.00000,-0.194,-0.074,0
903.1100,-0.00886,-0.01272,0.02019,0.00000,0.00000,-0.189,-0.080,0
903.1620,-0.00556,-0.01374,0.02023,0.00000,0.00000,-0.184,-0.085,0
903.2140,-0.00226,-0.01478,0.02021,0.00000,0.00000,-0.179,-0.089,0
903.2660,0.00104,-0.01582,0.02015,0.00000,0.00000,-0.173,-0.092,0
903.3180,0.00433,-0.01687,0.02003,0.00000,0.00000,-0.167,-0.095,0
903.3700,0.00759,-0.01793,0.01988,0.00000,0.00000,-0.161,-0.096,0
903.4220,0.01083,-0.01898,0.01968,0.00000,0.00000,-0.154,-0.097,0
903.4740,0.01402,-0.02005,0.01943,0.00000,0.00000,-0.147,-0.096,0
903.5260,0.01717,-0.02111,0.01915,0.00000,0.00000,-0.139,-0.095,0
903.5780,0.02026,-0.02218,0.01884,0.00000,0.00000,-0.131,-0.093,0
903.6300,0.02328,-0.02324,0.01849,0.00000,0.00000,-0.122,-0.090,0
903.6820,0.02623,-0.02429,0.01810,0.00000,0.00000,-0.112,-0.087,0
903.7340,0.02909,-0.02535,0.01769,0.00000,0.00000,-0.102,-0.082,0
903.7860,0.03185,-0.02640,0.01725,0.00000,0.00000,-0.091,-0.077,0
903.8380,0.03451,-0.02743,0.01678,0.00000,0.00000,-0.079,-0.071,0
903.8900,0.03705,-0.02844,0.01630,0.00000,0.00000,-0.067,-0.064,0
903.9420,0.03948,-0.02943,0.01579,0.00000,0.00000,-0.054,-0.057,0
903.9940,0.04178,-0.03041,0.01526,0.00000,0.00000,-0.040,-0.049,0
904.0460,0.04396,-0.03137,0.01472,0.00000,0.00000,-0.025,-0.041,0
904.0980,0.04602,-0.03232,0.01417,0.00000,0.00000,-0.009,-0.032,0
904.1500,0.04796,-0.03325,0.01361,0.00000,0.00000,0.007,-0.023,0
904.2020,0.04979,-0.03418,0.01304,0.00000,0.00000,0.024,-0.013,0
904.2540,0.05150,-0.03508,0.01246,0.00000,0.00000,0.042,-0.003,0
904.3060,0.05312,-0.03597,0.01188,0.00000,0.00000,0.061,0.007,0
904.3580,0.05464,-0.03684,0.01130,0.00000,0.00000,0.081,0.017,0
904.4100,0.05607,-0.03770,0.01071,0.00000,0.00000,0.101,0.028,0
904.4620,0.05741,-0.03852,0.01013,0.00000,0.00000,0.121,0.038,0
904.5140,0.05868,-0.03932,0.00956,0.00000,0.00000,0.142,0.048,0
904.5660,0.05988,-0.04009,0.00898,0.00000,0.00000,0.164,0.059,0
904.6180,0.06102,-0.04085,0.00842,0.00000,0.00000,0.186,0.069,0
904.6700,0.06212,-0.04160,0.00786,0.00000,0.00000,0.209,0.078,0
904.7220,0.06317,-0.04233,0.00731,0.00000,0.00000,0.232,0.088,0
904.7740,0.06420,-0.04305,0.00677,0.00000,0.00000,0.255,0.097,0
904.8260,0.06519,-0.04375,0.00624,0.00000,0.00000,0.279,0.106,0
904.8780,0.06615,-0.04443,0.00572,0.00000,0.00000,0.303,0.115,0
904.9300,0.06710,-0.04510,0.00521,0.00000,0.00000,0.327,0.123,0
904.9820,0.06803,-0.04573,0.00471,0.00000,0.00000,0.352,0.131,0
905.0340,0.06894,-0.04633,0.00423,0.00000,0.00000,0.377,0.139,0
905.0860,0.06984,-0.04692,0.00376,0.00000,0.00000,0.401,0.146,0
905.1380,0.07073,-0.04747,0.00330,0.00000,0.00000,0.426,0.152,0
905.1900,0.07161,-0.04800,0.00286,0.00000,0.00000,0.451,0.158,0
905.2420,0.07249,-0.04850,0.00242,0.00000,0.00000,0.475,0.164,0
905.2940,0.07337,-0.04897,0.00200,0.00000,0.00000,0.500,0.170,0
905.3460,0.07425,-0.04942,0.00159,0.00000,0.00000,0.525,0.174,0
905.3980,0.07513,-0.04986,0.00119,0.00000,0.00000,0.549,0.179,0
905.4500,0.07601,-0.05026,0.00080,0.00000,0.00000,0.574,0.183,0
905.5020,0.07688,-0.05063,0.00042,0.00000,0.00000,0.598,0.187,0
905.5540,0.07774,-0.05094,0.00005,0.00000,0.00000,0.622,0.190,0
905.6060,0.07859,-0.05122,-0.00032,0.00000,0.00000,0.646,0.193,0
905.6580,0.07943,-0.05146,-0.00067,0.00000,0.00000,0.669,0.195,0
905.7100,0.08027,-0.05167,-0.00102,0.00000,0.00000,0.691,0.197,0
905.7620,0.08109,-0.05184,-0.00137,0.00000,0.00000,0.714,0.199,0
905.8140,0.08190,-0.05197,-0.00171,0.00000,0.00000,0.735,0.200,0
905.8660,0.08270,-0.05207,-0.00205,0.00000,0.00000,0.757,0.201,0
905.9180,0.08348,-0.05215,-0.00238,0.00000,0.00000,0.778,0.201,0
905.9700,0.08425,-0.05219,-0.00272,0.00000,0.00000,0.799,0.201,0
906.0220,0.08499,-0.05219,-0.00305,0.00000,0.00000,0.819,0.201,0
906.0740,0.08571,-0.05216,-0.00338,0.00000,0.00000,0.839,0.200,0
906.1260,0.08640,-0.05209,-0.00372,0.00000,0.00000,0.858,0.199,0
906.1780,0.08705,-0.05197,-0.00405,0.00000,0.00000,0.877,0.197,0
906.2300,0.08767,-0.05181,-0.00439,0.00000,0.00000,0.895,0.195,0
906.2820,0.08824,-0.05160,-0.00473,0.00000,0.00000,0.912,0.193,0
906.3340,0.08877,-0.05133,-0.00508,0.00000,0.00000,0.928,0.190,0
906.3860,0.08924,-0.05101,-0.00542,0.00000,0.00000,0.943,0.187,0
906.4380,0.08965,-0.05064,-0.00578,0.00000,0.00000,0.957,0.183,0
906.4900,0.09000,-0.05022,-0.00613,0.00000,0.00000,0.970,0.179,0
906.5420,0.09029,-0.04975,-0.00649,0.00000,0.00000,0.982,0.174,0
906.5940,0.09051,-0.04922,-0.00686,0.00000,0.00000,0.993,0.170,0
906.6460,0.09066,-0.04863,-0.00723,0.00000,0.00000,1.003,0.164,0
906.6980,0.09074,-0.04800,-0.00761,0.00000,0.00000,1.012,0.158,0
906.7500,0.09073,-0.04731,-0.00798,0.00000,0.00000,1.019,0.152,0
906.8020,0.09065,-0.04657,-0.00836,0.00000,0.00000,1.026,0.146,0
906.8540,0.09047,-0.04578,-0.00875,0.00000,0.00000,1.031,0.139,0
906.9060,0.09021,-0.04493,-0.00913,0.00000,0.00000,1.035,0.131,0
906.9580,0.08985,-0.04402,-0.00952,0.00000,0.00000,1.037,0.123,0
907.0100,0.08938,-0.04303,-0.00991,0.00000,0.00000,1.038,0.115,0
907.0620,0.08880,-0.04198,-0.01030,0.00000,0.00000,1.037,0.107,0
907.1140,0.08812,-0.04088,-0.01068,0.00000,0.00000,1.035,0.098,0
907.1660,0.08734,-0.03973,-0.01106,0.00000,0.00000,1.031,0.089,0
907.2180,0.08644,-0.03853,-0.01144,0.00000,0.00000,1.026,0.079,0
907.2700,0.08543,-0.03727,-0.01181,0.00000,0.00000,1.020,0.069,0
907.3220,0.08430,-0.03595,-0.01217,0.00000,0.00000,1.012,0.059,0
907.3740,0.08306,-0.03459,-0.01253,0.00000,0.00000,1.002,0.049,0
907.4260,0.08170,-0.03318,-0.01287,0.00000,0.00000,0.991,0.039,0
907.4780,0.08023,-0.03173,-0.01321,0.00000,0.00000,0.979,0.028,0
907.5300,0.07865,-0.03024,-0.01353,0.00000,0.00000,0.965,0.018,0
907.5820,0.07694,-0.02872,-0.01383,0.00000,0.00000,0.950,0.007,0
907.6340,0.07513,-0.02715,-0.01412,0.00000,0.00000,0.933,-0.003,0
907.6860,0.07319,-0.02556,-0.01440,0.00000,0.00000,0.916,-0.014,0
907.7380,0.07115,-0.02393,-0.01465,0.00000,0.00000,0.897,-0.024,0
907.7900,0.06900,-0.02230,-0.01489,0.00000,0.00000,0.877,-0.034,0
907.8420,0.06675,-0.02065,-0.01510,0.00000,0.00000,0.856,-0.045,0
907.8940,0.06439,-0.01898,-0.01529,0.00000,0.00000,0.834,-0.054,0
907.9460,0.06194,-0.01731,-0.01546,0.00000,0.00000,0.811,-0.064,0
907.9980,0.05940,-0.01563,-0.01560,0.00000,0.00000,0.787,-0.073,0
908.0500,0.05676,-0.01395,-0.01572,0.00000,0.00000,0.763,-0.082,0
908.1020,0.05404,-0.01228,-0.01581,0.00000,0.00000,0.737,-0.090,0
908.1540,0.05123,-0.01060,-0.01588,0.00000,0.00000,0.711,-0.098,0
908.2060,0.04834,-0.00892,-0.01592,0.00000,0.00000,0.685,-0.106,0
908.2580,0.04537,-0.00725,-0.01592,0.00000,0.00000,0.657,-0.112,0
908.3100,0.04235,-0.00561,-0.01590,0.00000,0.00000,0.630,-0.119,0
908.3620,0.03927,-0.00399,-0.01586,0.00000,0.00000,0.602,-0.124,0
908.4140,0.03614,-0.00240,-0.01578,0.00000,0.00000,0.574,-0.129,0
908.4660,0.03298,-0.00085,-0.01567,0.00000,0.00000,0.546,-0.134,0
908.5180,0.02977,0.00066,-0.01553,0.00000,0.00000,0.517,-0.137,0
908.5700,0.02654,0.00213,-0.01536,0.00000,0.00000,0.489,-0.140,0
908.6220,0.02330,0.00356,-0.01517,0.00000,0.00000,0.462,-0.143,0
908.6740,0.02004,0.00494,-0.01494,0.00000,0.00000,0.434,-0.144,0
908.7260,0.01679,0.00624,-0.01469,0.00000,0.00000,0.407,-0.145,0
908.7780,0.01355,0.00749,-0.01440,0.00000,0.00000,0.380,-0.146,0
908.8300,0.01033,0.00866,-0.01410,0.00000,0.00000,0.354,-0.145,0
908.8820,0.00714,0.00976,-0.01376,0.00000,0.00000,0.329,-0.145,0
908.9340,0.00399,0.01080,-0.01340,0.00000,0.00000,0.304,-0.143,0
908.9860,0.00087,0.01177,-0.01302,0.00000,0.00000,0.281,-0.141,0
909.0380,-0.00219,0.01266,-0.01261,0.00000,0.00000,0.257,-0.138,0
909.0900,-0.00519,0.01348,-0.01218,0.00000,0.00000,0.235,-0.135,0
909.1420,-0.00812,0.01421,-0.01173,0.00000,0.00000,0.214,-0.131,0
909.1940,-0.01097,0.01485,-0.01127,0.00000,0.00000,0.194,-0.127,0
909.2460,-0.01374,0.01541,-0.01078,0.00000,0.00000,0.174,-0.122,0
909.2980,-0.01641,0.01588,-0.01028,0.00000,0.00000,0.156,-0.117,0
909.3500,-0.01897,0.01625,-0.00977,0.00000,0.00000,0.139,-0.111,0
909.4020,-0.02143,0.01654,-0.00925,0.00000,0.00000,0.123,-0.106,0
909.4540,-0.02379,0.01675,-0.00871,0.00000,0.00000,0.108,-0.100,0
909.5060,-0.02602,0.01687,-0.00817,0.00000,0.00000,0.094,-0.093,0
909.5580,-0.02813,0.01691,-0.00762,0.00000,0.00000,0.082,-0.087,0
909.6100,-0.03012,0.01686,-0.00706,0.00000,0.00000,0.070,-0.081,0
909.6620,-0.03197,0.01673,-0.00651,0.00000,0.00000,0.059,-0.074,0
909.7140,-0.03370,0.01652,-0.00595,0.00000,0.00000,0.049,-0.067,0
909.7660,-0.03528,0.01623,-0.00540,0.00000,0.00000,0.040,-0.061,0
909.8180,-0.03673,0.01586,-0.00484,0.00000,0.00000,0.032,-0.054,0
909.8700,-0.03805,0.01543,-0.00430,0.00000,0.00000,0.025,-0.048,0
909.9220,-0.03923,0.01493,-0.00376,0.00000,0.00000,0.019,-0.042,0
909.9740,-0.04027,0.01436,-0.00322,0.00000,0.00000,0.013,-0.035,0
910.0260,-0.04118,0.01373,-0.00270,0.00000,0.00000,0.008,-0.029,0
910.0780,-0.04196,0.01303,-0.00219,0.00000,0.00000,0.004,-0.024,0
910.1300,-0.04262,0.01227,-0.00169,0.00000,0.00000,0.000,-0.018,0
910.1820,-0.04317,0.01146,-0.00121,0.00000,0.00000,-0.003,-0.013,0
910.2340,-0.04362,0.01061,-0.00074,0.00000,0.00000,-0.006,-0.009,0
910.2860,-0.04397,0.00973,-0.00029,0.00000,0.00000,-0.008,-0.004,0
910.3380,-0.04424,0.00882,0.00015,0.00000,0.00000,-0.010,-0.000,0
910.3900,-0.04443,0.00787,0.00057,0.00000,0.00000,-0.012,0.003,0
910.4420,-0.04454,0.00689,0.00096,0.00000,0.00000,-0.014,0.007,0
910.4940,-0.04459,0.00588,0.00134,0.00000,0.00000,-0.016,0.010,0
910.5460,-0.04458,0.00486,0.00170,0.00000,0.00000,-0.017,0.012,0
910.5980,-0.04452,0.00383,0.00204,0.00000,0.00000,-0.019,0.014,0
910.6500,-0.04441,0.00278,0.00236,0.00000,0.00000,-0.021,0.016,0
910.7020,-0.04426,0.00172,0.00266,0.00000,0.00000,-0.022,0.017,0
910.7540,-0.04407,0.00064,0.00294,0.00000,0.00000,-0.024,0.018,0
910.8060,-0.04385,-0.00044,0.00319,0.00000,0.00000,-0.026,0.019,0
910.8580,-0.04359,-0.00152,0.00343,0.00000,0.00000,-0.029,0.020,0
910.9100,-0.04331,-0.00260,0.00366,0.00000,0.00000,-0.031,0.020,0
910.9620,-0.04301,-0.00368,0.00386,0.00000,0.00000,-0.034,0.020,0
911.0140,-0.04268,-0.00476,0.00404,0.00000,0.00000,-0.037,0.019,0
911.0660,-0.04234,-0.00582,0.00421,0.00000,0.00000,-0.040,0.018,0
911.1180,-0.04198,-0.00685,0.00437,0.00000,0.00000,-0.043,0.018,0
911.1700,-0.04161,-0.00786,0.00451,0.00000,0.00000,-0.047,0.017,0
911.2220,-0.04122,-0.00887,0.00463,0.00000,0.00000,-0.051,0.015,0
911.2740,-0.04081,-0.00984,0.00475,0.00000,0.00000,-0.055,0.014,0
911.3260,-0.04039,-0.01079,0.00485,0.00000,0.00000,-0.060,0.012,0
911.3780,-0.03996,-0.01172,0.00495,0.00000,0.00000,-0.065,0.010,0
911.4300,-0.03951,-0.01261,0.00504,0.00000,0.00000,-0.070,0.009,0
911.4820,-0.03904,-0.01347,0.00512,0.00000,0.00000,-0.075,0.007,0
911.5340,-0.03855,-0.01431,0.00520,0.00000,0.00000,-0.080,0.004,0
911.5860,-0.03804,-0.01513,0.00527,0.00000,0.00000,-0.085,0.002,0
911.6380,-0.03749,-0.01594,0.00534,0.00000,0.00000,-0.091,0.000,0
911.6900,-0.03691,-0.01672,0.00542,0.00000,0.00000,-0.096,-0.002,0
911.7420,-0.03631,-0.01747,0.00549,0.00000,0.00000,-0.102,-0.005,0
911.7940,-0.03566,-0.01821,0.00556,0.00000,0.00000,-0.108,-0.007,0
911.8460,-0.03498,-0.01894,0.00564,0.00000,0.00000,-0.114,-0.010,0
911.8980,-0.03426,-0.01963,0.00573,0.00000,0.00000,-0.120,-0.012,0
911.9500,-0.03350,-0.02031,0.00582,0.00000,0.00000,-0.125,-0.015,0
912.0020,-0.03269,-0.02096,0.00592,0.00000,0.00000,-0.131,-0.017,0
912.0540,-0.03184,-0.02159,0.00602,0.00000,0.00000,-0.137,-0.020,0
912.1060,-0.03094,-0.02219,0.00614,0.00000,0.00000,-0.143,-0.023,0
912.1580,-0.02998,-0.02279,0.00626,0.00000,0.00000,-0.148,-0.025,0
912.2100,-0.02897,-0.02336,0.00640,0.00000,0.00000,-0.153,-0.028,0
912.2620,-0.02790,-0.02392,0.00655,0.00000,0.00000,-0.158,-0.031,0
912.3140,-0.02677,-0.02448,0.00671,0.00000,0.00000,-0.163,-0.033,0
912.3660,-0.02557,-0.02501,0.00688,0.00000,0.00000,-0.168,-0.036,0
912.4180,-0.02431,-0.02555,0.00706,0.00000,0.00000,-0.172,-0.038,0
912.4700,-0.02297,-0.02608,0.00725,0.00000,0.00000,-0.176,-0.041,0
912.5220,-0.02157,-0.02660,0.00746,0.00000,0.00000,-0.180,-0.044,0
912.5740,-0.02010,-0.02711,0.00767,0.00000,0.00000,-0.183,-0.046,0
912.6260,-0.01855,-0.02763,0.00790,0.00000,0.00000,-0.186,-0.049,0
912.6780,-0.01693,-0.02815,0.00814,0.00000,0.00000,-0.188,-0.051,0
912.7300,-0.01523,-0.02867,0.00839,0.00000,0.00000,-0.190,-0.053,0
912.7820,-0.01346,-0.02920,0.00864,0.00000,0.00000,-0.192,-0.055,0
912.8340,-0.01161,-0.02972,0.00891,0.00000,0.00000,-0.193,-0.057,0
912.8860,-0.00969,-0.03025,0.00918,0.00000,0.00000,-0.193,-0.059,0
912.9380,-0.00769,-0.03080,0.00945,0.00000,0.00000,-0.193,-0.061,0
912.9900,-0.00562,-0.03135,0.00973,0.00000,0.00000,-0.193,-0.063,0
913.0420,-0.00349,-0.03191,0.01002,0.00000,0.00000,-0.191,-0.064,0
913.0940,-0.00128,-0.03249,0.01030,0.00000,0.00000,-0.189,-0.065,0
913.1460,0.00100,-0.03308,0.01058,0.00000,0.00000,-0.187,-0.066,0
913.1980,0.00334,-0.03369,0.01086,0.00000,0.00000,-0.183,-0.066,0
913.2500,0.00573,-0.03431,0.01114,0.00000,0.00000,-0.179,-0.066,0
913.3020,0.00819,-0.03496,0.01141,0.00000,0.00000,-0.174,-0.066,0
913.3540,0.01070,-0.03563,0.01167,0.00000,0.00000,-0.168,-0.065,0
913.4060,0.01326,-0.03632,0.01193,0.00000,0.00000,-0.161,-0.064,0
913.4580,0.01585,-0.03703,0.01217,0.00000,0.00000,-0.153,-0.062,0
913.5100,0.01848,-0.03777,0.01240,0.00000,0.00000,-0.145,-0.060,0
913.5620,0.02114,-0.03853,0.01261,0.00000,0.00000,-0.135,-0.058,0
913.6140,0.02381,-0.03930,0.01280,0.00000,0.00000,-0.124,-0.055,0
913.6660,0.02649,-0.04009,0.01298,0.00000,0.00000,-0.112,-0.051,0
913.7180,0.02916,-0.04088,0.01314,0.00000,0.00000,-0.099,-0.047,0
913.7700,0.03183,-0.04170,0.01327,0.00000,0.00000,-0.085,-0.042,0
913.8220,0.03447,-0.04252,0.01338,0.00000,0.00000,-0.069,-0.036,0
913.8740,0.03709,-0.04337,0.01346,0.00000,0.00000,-0.052,-0.030,0
913.9260,0.03967,-0.04421,0.01351,0.00000,0.00000,-0.035,-0.023,0
913.9780,0.04220,-0.04505,0.01354,0.00000,0.00000,-0.015,-0.016,0
914.0300,0.04469,-0.04590,0.01353,0.00000,0.00000,0.005,-0.008,0
914.0820,0.04713,-0.04675,0.01349,0.00000,0.00000,0.027,0.000,0
914.1340,0.04952,-0.04761,0.01342,0.00000,0.00000,0.050,0.009,0
914.1860,0.05185,-0.04845,0.01332,0.00000,0.00000,0.074,0.019,0
914.2380,0.05413,-0.04928,0.01318,0.00000,0.00000,0.099,0.029,0
914.2900,0.05636,-0.05011,0.01301,0.00000,0.00000,0.126,0.039,0
914.3420,0.05855,-0.05094,0.01280,0.00000,0.00000,0.153,0.050,0
914.3940,0.06068,-0.05175,0.01255,0.00000,0.00000,0.182,0.062,0
914.4460,0.06277,-0.05255,0.01227,0.00000,0.00000,0.212,0.073,0
914.4980,0.06481,-0.05334,0.01195,0.00000,0.00000,0.242,0.085,0
914.5500,0.06680,-0.05411,0.01160,0.00000,0.00000,0.274,0.097,0
914.6020,0.06874,-0.05484,0.01121,0.00000,0.00000,0.306,0.108,0
914.6540,0.07064,-0.05555,0.01079,0.00000,0.00000,0.339,0.120,0
914.7060,0.07249,-0.05622,0.01032,0.00000,0.00000,0.372,0.132,0
914.7580,0.07429,-0.05687,0.00983,0.00000,0.00000,0.406,0.143,0
914.8100,0.07606,-0.05749,0.00930,0.00000,0.00000,0.440,0.155,0
914.8620,0.07778,-0.05807,0.00874,0.00000,0.00000,0.474,0.166,0
914.9140,0.07945,-0.05861,0.00815,0.00000,0.00000,0.509,0.176,0
914.9660,0.08108,-0.05911,0.00753,0.00000,0.00000,0.544,0.186,0
915.0180,0.08266,-0.05957,0.00688,0.00000,0.00000,0.579,0.196,0
915.0700,0.08418,-0.05998,0.00621,0.00000,0.00000,0.614,0.205,0
915.1220,0.08566,-0.06034,0.00551,0.00000,0.00000,0.648,0.213,0
915.1740,0.08708,-0.06065,0.00479,0.00000,0.00000,0.683,0.221,0
915.2260,0.08844,-0.06090,0.00405,0.00000,0.00000,0.717,0.228,0
915.2780,0.08974,-0.06110,0.00329,0.00000,0.00000,0.750,0.234,0
915.3300,0.09098,-0.06124,0.00252,0.00000,0.00000,0.783,0.239,0
915.3820,0.09215,-0.06132,0.00173,0.00000,0.00000,0.815,0.243,0
915.4340,0.09326,-0.06134,0.00094,0.00000,0.00000,0.846,0.247,0
915.4860,0.09430,-0.06130,0.00013,0.00000,0.00000,0.876,0.249,0
915.5380,0.09526,-0.06120,-0.00068,0.00000,0.00000,0.905,0.251,0
915.5900,0.09615,-0.06105,-0.00149,0.00000,0.00000,0.934,0.252,0
915.6420,0.09696,-0.06083,-0.00230,0.00000,0.00000,0.961,0.251,0
915.6940,0.09769,-0.06055,-0.00311,0.00000,0.00000,0.987,0.250,0
915.7460,0.09834,-0.06021,-0.00391,0.00000,0.00000,1.011,0.248,0
915.7980,0.09889,-0.05981,-0.00470,0.00000,0.00000,1.034,0.245,0
915.8500,0.09936,-0.05934,-0.00548,0.00000,0.00000,1.056,0.241,0
915.9020,0.09973,-0.05880,-0.00625,0.00000,0.00000,1.076,0.236,0
915.9540,0.10001,-0.05820,-0.00700,0.00000,0.00000,1.095,0.230,0
916.0060,0.10019,-0.05753,-0.00773,0.00000,0.00000,1.111,0.223,0
916.0580,0.10027,-0.05680,-0.00843,0.00000,0.00000,1.126,0.216,0
916.1100,0.10025,-0.05600,-0.00911,0.00000,0.00000,1.139,0.208,0
916.1620,0.10012,-0.05515,-0.00976,0.00000,0.00000,1.150,0.199,0
916.2140,0.09991,-0.05426,-0.01038,0.00000,0.00000,1.159,0.189,0
916.2660,0.09959,-0.05331,-0.01097,0.00000,0.00000,1.167,0.179,0
916.3180,0.09918,-0.05232,-0.01153,0.00000,0.00000,1.173,0.169,0
916.3700,0.09867,-0.05129,-0.01205,0.00000,0.00000,1.177,0.158,0
916.4220,0.09805,-0.05020,-0.01253,0.00000,0.00000,1.179,0.146,0
916.4740,0.09734,-0.04906,-0.01297,0.00000,0.00000,1.179,0.135,0
916.5260,0.09652,-0.04787,-0.01337,0.00000,0.00000,1.178,0.123,0
916.5780,0.09560,-0.04666,-0.01373,0.00000,0.00000,1.175,0.111,0
916.6300,0.09460,-0.04542,-0.01404,0.00000,0.00000,1.169,0.098,0
916.6820,0.09352,-0.04417,-0.01432,0.00000,0.00000,1.163,0.086,0
916.7340,0.09234,-0.04290,-0.01454,0.00000,0.00000,1.155,0.074,0
916.7860,0.09109,-0.04163,-0.01473,0.00000,0.00000,1.146,0.061,0
916.8380,0.08977,-0.04035,-0.01487,0.00000,0.00000,1.135,0.049,0
916.8900,0.08837,-0.03908,-0.01497,0.00000,0.00000,1.124,0.038,0
916.9420,0.08689,-0.03780,-0.01503,0.00000,0.00000,1.111,0.026,0
916.9940,0.08534,-0.03651,-0.01504,0.00000,0.00000,1.097,0.015,0
917.0460,0.08372,-0.03522,-0.01501,0.00000,0.00000,1.081,0.004,0
917.0980,0.08204,-0.03395,-0.01495,0.00000,0.00000,1.065,-0.007,0
917.1500,0.08030,-0.03270,-0.01484,0.00000,0.00000,1.047,-0.017,0
917.2020,0.07852,-0.03148,-0.01470,0.00000,0.00000,1.029,-0.027,0
917.2540,0.07669,-0.03030,-0.01453,0.00000,0.00000,1.010,-0.036,0
917.3060,0.07482,-0.02915,-0.01432,0.00000,0.00000,0.991,-0.044,0
917.3580,0.07290,-0.02803,-0.01408,0.00000,0.00000,0.971,-0.052,0
917.4100,0.07095,-0.02694,-0.01381,0.00000,0.00000,0.950,-0.060,0
917.4620,0.06896,-0.02590,-0.01352,0.00000,0.00000,0.930,-0.067,0
917.5140,0.06695,-0.02491,-0.01320,0.00000,0.00000,0.908,-0.073,0
917.5660,0.06492,-0.02398,-0.01287,0.00000,0.00000,0.887,-0.078,0
917.6180,0.06288,-0.02312,-0.01251,0.00000,0.00000,0.866,-0.084,0
917.6700,0.06082,-0.02231,-0.01214,0.00000,0.00000,0.845,-0.088,0
917.7220,0.05875,-0.02156,-0.01175,0.00000,0.00000,0.824,-0.092,0
917.7740,0.05666,-0.02086,-0.01135,0.00000,0.00000,0.802,-0.095,0
917.8260,0.05456,-0.02021,-0.01094,0.00000,0.00000,0.781,-0.098,0
917.8780,0.05245,-0.01962,-0.01053,0.00000,0.00000,0.760,-0.100,0
917.9300,0.05035,-0.01909,-0.01011,0.00000,0.00000,0.739,-0.102,0
917.9820,0.04823,-0.01862,-0.00970,0.00000,0.00000,0.719,-0.103,0
918.0340,0.04613,-0.01823,-0.00928,0.00000,0.00000,0.698,-0.104,0
918.0860,0.04403,-0.01789,-0.00887,0.00000,0.00000,0.678,-0.104,0
918.1380,0.04193,-0.01762,-0.00846,0.00000,0.00000,0.659,-0.104,0
918.1900,0.03984,-0.01742,-0.00806,0.00000,0.00000,0.640,-0.104,0
918.2420,0.03777,-0.01728,-0.00767,0.00000,0.00000,0.621,-0.103,0
918.2940,0.03570,-0.01720,-0.00730,0.00000,0.00000,0.604,-0.102,0
918.3460,0.03364,-0.01716,-0.00694,0.00000,0.00000,0.586,-0.101,0
918.3980,0.03159,-0.01717,-0.00659,0.00000,0.00000,0.569,-0.100,0
918.4500,0.02953,-0.01722,-0.00626,0.00000,0.00000,0.552,-0.098,0
918.5020,0.02750,-0.01733,-0.00595,0.00000,0.00000,0.535,-0.096,0
918.5540,0.02547,-0.01748,-0.00566,0.00000,0.00000,0.519,-0.094,0
918.6060,0.02346,-0.01767,-0.00539,0.00000,0.00000,0.504,-0.092,0
918.6580,0.02146,-0.01790,-0.00514,0.00000,0.00000,0.488,-0.089,0
918.7100,0.01946,-0.01816,-0.00492,0.00000,0.00000,0.473,-0.087,0
918.7620,0.01748,-0.01844,-0.00471,0.00000,0.00000,0.459,-0.084,0
918.8140,0.01551,-0.01875,-0.00453,0.00000,0.00000,0.445,-0.082,0
918.8660,0.01354,-0.01907,-0.00437,0.00000,0.00000,0.431,-0.079,0
918.9180,0.01159,-0.01940,-0.00423,0.00000,0.00000,0.417,-0.077,0
918.9700,0.00965,-0.01976,-0.00412,0.00000,0.00000,0.404,-0.074,0
919.0220,0.00773,-0.02012,-0.00402,0.00000,0.00000,0.391,-0.072,0
919.0740,0.00582,-0.02050,-0.00395,0.00000,0.00000,0.378,-0.069,0
919.1260,0.00393,-0.02087,-0.00390,0.00000,0.00000,0.365,-0.067,0
919.1780,0.00205,-0.02123,-0.00386,0.00000,0.00000,0.353,-0.064,0
919.2300,0.00018,-0.02157,-0.00385,0.00000,0.00000,0.340,-0.062,0
919.2820,-0.00168,-0.02188,-0.00385,0.00000,0.00000,0.327,-0.059,0
919.3340,-0.00352,-0.02218,-0.00386,0.00000,0.00000,0.314,-0.057,0
919.3860,-0.00534,-0.02246,-0.00389,0.00000,0.00000,0.302,-0.055,0
919.4380,-0.00714,-0.02270,-0.00393,0.00000,0.00000,0.289,-0.052,0
919.4900,-0.00891,-0.02291,-0.00399,0.00000,0.00000,0.276,-0.050,0
919.5420,-0.01066,-0.02309,-0.00405,0.00000,0.00000,0.263,-0.048,0
919.5940,-0.01237,-0.02323,-0.00411,0.00000,0.00000,0.251,-0.046,0
919.6460,-0.01405,-0.02334,-0.00419,0.00000,0.00000,0.238,-0.043,0
919.6980,-0.01569,-0.02341,-0.00426,0.00000,0.00000,0.225,-0.041,0
919.7500,-0.01730,-0.02342,-0.00434,0.00000,0.00000,0.212,-0.039,0
919.8020,-0.01887,-0.02337,-0.00441,0.00000,0.00000,0.198,-0.037,0
919.8540,-0.02040,-0.02325,-0.00448,0.00000,0.00000,0.184,-0.035,0
919.9060,-0.02188,-0.02309,-0.00455,0.00000,0.00000,0.171,-0.032,0
919.9580,-0.02330,-0.02287,-0.00461,0.00000,0.00000,0.157,-0.030,0
920.0100,-0.02467,-0.02258,-0.00466,0.00000,0.00000,0.143,-0.028,0
920.0620,-0.02598,-0.02224,-0.00470,0.00000,0.00000,0.129,-0.026,0
920.1140,-0.02721,-0.02183,-0.00473,0.00000,0.00000,0.115,-0.023,0
920.1660,-0.02838,-0.02137,-0.00475,0.00000,0.00000,0.101,-0.021,0
920.2180,-0.02947,-0.02085,-0.00475,0.00000,0.00000,0.088,-0.019,0
920.2700,-0.03048,-0.02027,-0.00473,0.00000,0.00000,0.074,-0.016,0
920.3220,-0.03141,-0.01963,-0.00470,0.00000,0.00000,0.060,-0.014,0
920.3740,-0.03224,-0.01894,-0.00465,0.00000,0.00000,0.047,-0.011,0
920.4260,-0.03299,-0.01819,-0.00458,0.00000,0.00000,0.033,-0.009,0
920.4780,-0.03365,-0.01737,-0.00448,0.00000,0.00000,0.020,-0.006,0
920.5300,-0.03423,-0.01649,-0.00437,0.00000,0.00000,0.008,-0.004,0
920.5820,-0.03472,-0.01556,-0.00423,0.00000,0.00000,-0.005,-0.002,0
920.6340,-0.03511,-0.01458,-0.00407,0.00000,0.00000,-0.017,0.001,0
920.6860,-0.03542,-0.01356,-0.00389,0.00000,0.00000,-0.028,0.003,0
920.7380,-0.03562,-0.01252,-0.00369,0.00000,0.00000,-0.039,0.005,0
920.7900,-0.03574,-0.01145,-0.00346,0.00000,0.00000,-0.049,0.007,0
920.8420,-0.03576,-0.01035,-0.00321,0.00000,0.00000,-0.058,0.009,0
920.8940,-0.03569,-0.00922,-0.00294,0.00000,0.00000,-0.067,0.011,0
920.9460,-0.03554,-0.00806,-0.00264,0.00000,0.00000,-0.075,0.013,0
920.9980,-0.03531,-0.00688,-0.00233,0.00000,0.00000,-0.082,0.014,0
921.0500,-0.03500,-0.00567,-0.00199,0.00000,0.00000,-0.089,0.016,0
921.1020,-0.03461,-0.00444,-0.00164,0.00000,0.00000,-0.095,0.017,0
921.1540,-0.03414,-0.00320,-0.00126,0.00000,0.00000,-0.100,0.018,0
921.2060,-0.03359,-0.00197,-0.00087,0.00000,0.00000,-0.104,0.019,0
921.2580,-0.03295,-0.00074,-0.00047,0.00000,0.00000,-0.107,0.019,0
921.3100,-0.03225,0.00050,-0.00005,0.00000,0.00000,-0.110,0.020,0
921.3620,-0.03147,0.00173,0.00038,0.00000,0.00000,-0.111,0.020,0
921.4140,-0.03062,0.00295,0.00082,0.00000,0.00000,-0.112,0.020,0
921.4660,-0.02970,0.00415,0.00127,0.00000,0.00000,-0.113,0.019,0
921.5180,-0.02870,0.00531,0.00173,0.00000,0.00000,-0.112,0.019,0
921.5700,-0.02763,0.00643,0.00219,0.00000,0.00000,-0.111,0.018,0
921.6220,-0.02648,0.00750,0.00265,0.00000,0.00000,-0.109,0.017,0
921.6740,-0.02526,0.00853,0.00311,0.00000,0.00000,-0.107,0.016,0
921.7260,-0.02398,0.00951,0.00357,0.00000,0.00000,-0.104,0.014,0
921.7780,-0.02264,0.01043,0.00403,0.00000,0.00000,-0.101,0.013,0
921.8300,-0.02124,0.01130,0.00448,0.00000,0.00000,-0.097,0.011,0
921.8820,-0.01978,0.01211,0.00492,0.00000,0.00000,-0.093,0.009,0
921.9340,-0.01827,0.01284,0.00535,0.00000,0.00000,-0.088,0.007,0
921.9860,-0.01670,0.01351,0.00577,0.00000,0.00000,-0.084,0.005,0
922.0380,-0.01510,0.01411,0.00617,0.00000,0.00000,-0.079,0.003,0
922.0900,-0.01345,0.01463,0.00656,0.00000,0.00000,-0.074,0.001,0
922.1420,-0.01177,0.01508,0.00693,0.00000,0.00000,-0.069,-0.001,0
922.1940,-0.01007,0.01546,0.00728,0.00000,0.00000,-0.064,-0.003,0
922.2460,-0.00833,0.01576,0.00760,0.00000,0.00000,-0.058,-0.005,0
922.2980,-0.00658,0.01596,0.00790,0.00000,0.00000,-0.053,-0.007,0
922.3500,-0.00481,0.01609,0.00818,0.00000,0.00000,-0.048,-0.009,0
922.4020,-0.00304,0.01613,0.00843,0.00000,0.00000,-0.044,-0.011,0
922.4540,-0.00126,0.01610,0.00865,0.00000,0.00000,-0.039,-0.013,0
922.5060,0.00051,0.01598,0.00885,0.00000,0.00000,-0.035,-0.014,0
922.5580,0.00227,0.01578,0.00901,0.00000,0.00000,-0.030,-0.016,0
922.6100,0.00400,0.01550,0.00914,0.00000,0.00000,-0.026,-0.017,0
922.6620,0.00572,0.01514,0.00925,0.00000,0.00000,-0.023,-0.018,0
922.7140,0.00740,0.01469,0.00932,0.00000,0.00000,-0.020,-0.019,0
922.7660,0.00905,0.01416,0.00936,0.00000,0.00000,-0.017,-0.019,0
922.8180,0.01066,0.01355,0.00937,0.00000,0.00000,-0.014,-0.019,0
922.8700,0.01221,0.01288,0.00934,0.00000,0.00000,-0.011,-0.019,0
922.9220,0.01371,0.01212,0.00929,0.00000,0.00000,-0.009,-0.019,0
922.9740,0.01515,0.01129,0.00920,0.00000,0.00000,-0.007,-0.019,0
923.0260,0.01652,0.01040,0.00909,0.00000,0.00000,-0.006,-0.018,0
923.0780,0.01782,0.00944,0.00894,0.00000,0.00000,-0.004,-0.017,0
923.1300,0.01904,0.00841,0.00877,0.00000,0.00000,-0.003,-0.016,0
923.1820,0.02018,0.00733,0.00856,0.00000,0.00000,-0.002,-0.014,0
923.2340,0.02123,0.00620,0.00833,0.00000,0.00000,-0.001,-0.013,0
923.2860,0.02219,0.00502,0.00807,0.00000,0.00000,-0.000,-0.011,0
923.3380,0.02306,0.00379,0.00779,0.00000,0.00000,0.000,-0.009,0
923.3900,0.02384,0.00251,0.00749,0.00000,0.00000,0.001,-0.007,0
923.4420,0.02453,0.00118,0.00716,0.00000,0.00000,0.002,-0.005,0
923.4940,0.02513,-0.00017,0.00682,0.00000,0.00000,0.003,-0.002,0
923.5460,0.02563,-0.00155,0.00646,0.00000,0.00000,0.004,0.000,0
923.5980,0.02604,-0.00296,0.00608,0.00000,0.00000,0.005,0.003,0
923.6500,0.02636,-0.00438,0.00568,0.00000,0.00000,0.006,0.005,0
923.7020,0.02659,-0.00581,0.00527,0.00000,0.00000,0.007,0.008,0
923.7540,0.02673,-0.00724,0.00486,0.00000,0.00000,0.009,0.010,0
923.8060,0.02679,-0.00868,0.00443,0.00000,0.00000,0.011,0.012,0
923.8580,0.02676,-0.01011,0.00400,0.00000,0.00000,0.013,0.015,0
923.9100,0.02666,-0.01155,0.00356,0.00000,0.00000,0.015,0.017,0
923.9620,0.02649,-0.01299,0.00312,0.00000,0.00000,0.017,0.019,0
924.0140,0.02626,-0.01443,0.00269,0.00000,0.00000,0.020,0.021,0
924.0660,0.02596,-0.01587,0.00225,0.00000,0.00000,0.023,0.023,0
924.1180,0.02561,-0.01729,0.00182,0.00000,0.00000,0.027,0.025,0
924.1700,0.02521,-0.01871,0.00139,0.00000,0.00000,0.031,0.026,0
924.2220,0.02475,-0.02010,0.00097,0.00000,0.00000,0.035,0.028,0
924.2740,0.02425,-0.02148,0.00057,0.00000,0.00000,0.039,0.029,0
924.3260,0.02371,-0.02284,0.00017,0.00000,0.00000,0.043,0.030,0
924.3780,0.02314,-0.02418,-0.00021,0.00000,0.00000,0.048,0.031,0
924.4300,0.02252,-0.02548,-0.00058,0.00000,0.00000,0.053,0.032,0
924.4820,0.02189,-0.02676,-0.00093,0.00000,0.00000,0.058,0.032,0
924.5340,0.02123,-0.02801,-0.00126,0.00000,0.00000,0.063,0.033,0
924.5860,0.02054,-0.02921,-0.00157,0.00000,0.00000,0.068,0.033,0
924.6380,0.01984,-0.03038,-0.00186,0.00000,0.00000,0.073,0.033,0
924.6900,0.01913,-0.03151,-0.00212,0.00000,0.00000,0.079,0.033,0
924.7420,0.01842,-0.03261,-0.00237,0.00000,0.00000,0.084,0.033,0
924.7940,0.01771,-0.03367,-0.00258,0.00000,0.00000,0.089,0.033,0
924.8460,0.01700,-0.03469,-0.00278,0.00000,0.00000,0.094,0.032,0
924.8980,0.01630,-0.03566,-0.00295,0.00000,0.00000,0.100,0.032,0
924.9500,0.01561,-0.03660,-0.00309,0.00000,0.00000,0.105,0.031,0
925.0020,0.01495,-0.03751,-0.00321,0.00000,0.00000,0.110,0.031,0
925.0540,0.01432,-0.03838,-0.00330,0.00000,0.00000,0.115,0.030,0
925.1060,0.01370,-0.03920,-0.00336,0.00000,0.00000,0.119,0.030,0
925.1580,0.01312,-0.03999,-0.00340,0.00000,0.00000,0.124,0.029,0
925.2100,0.01258,-0.04074,-0.00341,0.00000,0.00000,0.128,0.028,0
925.2620,0.01208,-0.04145,-0.00340,0.00000,0.00000,0.133,0.028,0
925.3140,0.01162,-0.04213,-0.00336,0.00000,0.00000,0.137,0.027,0
925.3660,0.01121,-0.04278,-0.00330,0.00000,0.00000,0.141,0.027,0
925.4180,0.01085,-0.04338,-0.00322,0.00000,0.00000,0.145,0.026,0
925.4700,0.01054,-0.04396,-0.00311,0.00000,0.00000,0.149,0.025,0
925.5220,0.01029,-0.04449,-0.00299,0.00000,0.00000,0.153,0.025,0
925.5740,0.01010,-0.04499,-0.00284,0.00000,0.00000,0.157,0.025,0
925.6260,0.00997,-0.04547,-0.00267,0.00000,0.00000,0.160,0.024,0
925.6780,0.00990,-0.04591,-0.00249,0.00000,0.00000,0.164,0.024,0
925.7300,0.00989,-0.04632,-0.00229,0.00000,0.00000,0.168,0.024,0
925.7820,0.00995,-0.04671,-0.00208,0.00000,0.00000,0.172,0.024,0
925.8340,0.01007,-0.04707,-0.00186,0.00000,0.00000,0.176,0.024,0
925.8860,0.01026,-0.04739,-0.00162,0.00000,0.00000,0.179,0.024,0
925.9380,0.01051,-0.04771,-0.00138,0.00000,0.00000,0.184,0.024,0
925.9900,0.01083,-0.04798,-0.00113,0.00000,0.00000,0.188,0.024,0
926.0420,0.01120,-0.04822,-0.00087,0.00000,0.00000,0.192,0.024,0
926.0940,0.01163,-0.04844,-0.00061,0.00000,0.00000,0.196,0.025,0
926.1460,0.01213,-0.04863,-0.00035,0.00000,0.00000,0.201,0.025,0
926.1980,0.01268,-0.04880,-0.00009,0.00000,0.00000,0.206,0.026,0
926.2500,0.01329,-0.04894,0.00017,0.00000,0.00000,0.211,0.026,0
926.3020,0.01395,-0.04906,0.00043,0.00000,0.00000,0.216,0.027,0
926.3540,0.01466,-0.04916,0.00068,0.00000,0.00000,0.222,0.028,0
926.4060,0.01541,-0.04921,0.00093,0.00000,0.00000,0.228,0.029,0
926.4580,0.01620,-0.04924,0.00117,0.00000,0.00000,0.234,0.030,0
926.5100,0.01704,-0.04925,0.00139,0.00000,0.00000,0.240,0.031,0
926.5620,0.01791,-0.04924,0.00161,0.00000,0.00000,0.246,0.033,0
926.6140,0.01883,-0.04921,0.00181,0.00000,0.00000,0.253,0.034,0
926.6660,0.01977,-0.04916,0.00200,0.00000,0.00000,0.260,0.035,0
926.7180,0.02074,-0.04909,0.00217,0.00000,0.00000,0.268,0.037,0
926.7700,0.02174,-0.04902,0.00233,0.00000,0.00000,0.275,0.039,0
926.8220,0.02277,-0.04893,0.00247,0.00000,0.00000,0.284,0.040,0
926.8740,0.02382,-0.04883,0.00259,0.00000,0.00000,0.292,0.042,0
926.9260,0.02488,-0.04872,0.00269,0.00000,0.00000,0.301,0.044,0
926.9780,0.02595,-0.04860,0.00277,0.00000,0.00000,0.310,0.046,0
927.0300,0.02704,-0.04847,0.00283,0.00000,0.00000,0.320,0.048,0
927.0820,0.02813,-0.04834,0.00287,0.00000,0.00000,0.330,0.050,0
927.1340,0.02923,-0.04819,0.00289,0.00000,0.00000,0.340,0.052,0
927.1860,0.03032,-0.04803,0.00289,0.00000,0.00000,0.350,0.054,0
927.2380,0.03140,-0.04787,0.00287,0.00000,0.00000,0.361,0.056,0
927.2900,0.03248,-0.04770,0.00283,0.00000,0.00000,0.372,0.058,0
927.3420,0.03354,-0.04751,0.00276,0.00000,0.00000,0.383,0.060,0
927.3940,0.03458,-0.04731,0.00267,0.00000,0.00000,0.394,0.063,0
927.4460,0.03560,-0.04711,0.00257,0.00000,0.00000,0.405,0.065,0
927.4980,0.03660,-0.04688,0.00244,0.00000,0.00000,0.416,0.067,0
927.5500,0.03756,-0.04665,0.00229,0.00000,0.00000,0.427,0.069,0
927.6020,0.03850,-0.04640,0.00213,0.00000,0.00000,0.438,0.070,0
927.6540,0.03941,-0.04614,0.00194,0.00000,0.00000,0.449,0.072,0
927.7060,0.04027,-0.04586,0.00174,0.00000,0.00000,0.460,0.074,0
927.7580,0.04110,-0.04558,0.00152,0.00000,0.00000,0.470,0.075,0
927.8100,0.04190,-0.04530,0.00129,0.00000,0.00000,0.481,0.077,0
927.8620,0.04266,-0.04502,0.00104,0.00000,0.00000,0.491,0.078,0
927.9140,0.04337,-0.04472,0.00078,0.00000,0.00000,0.501,0.079,0
927.9660,0.04405,-0.04443,0.00050,0.00000,0.00000,0.512,0.080,0
928.0180,0.04468,-0.04413,0.00021,0.00000,0.00000,0.521,0.081,0
928.0700,0.04526,-0.04382,-0.00008,0.00000,0.00000,0.531,0.081,0
928.1220,0.04580,-0.04350,-0.00039,0.00000,0.00000,0.540,0.082,0
928.1740,0.04628,-0.04318,-0.00070,0.00000,0.00000,0.549,0.082,0
928.2260,0.04672,-0.04284,-0.00102,0.00000,0.00000,0.558,0.082,0
928.2780,0.04709,-0.04249,-0.00134,0.00000,0.00000,0.566,0.081,0
928.3300,0.04741,-0.04212,-0.00166,0.00000,0.00000,0.574,0.081,0
928.3820,0.04768,-0.04174,-0.00199,0.00000,0.00000,0.581,0.080,0
928.4340,0.04790,-0.04137,-0.00232,0.00000,0.00000,0.587,0.079,0
928.4860,0.04806,-0.04098,-0.00265,0.00000,0.00000,0.594,0.078,0
928.5380,0.04816,-0.04058,-0.00297,0.00000,0.00000,0.599,0.076,0
928.5900,0.04821,-0.04017,-0.00330,0.00000,0.00000,0.604,0.075,0
928.6420,0.04821,-0.03975,-0.00361,0.00000,0.00000,0.609,0.073,0
928.6940,0.04815,-0.03932,-0.00392,0.00000,0.00000,0.613,0.071,0
928.7460,0.04804,-0.03890,-0.00423,0.00000,0.00000,0.617,0.069,0
928.7980,0.04788,-0.03847,-0.00452,0.00000,0.00000,0.620,0.066,0
928.8500,0.04767,-0.03802,-0.00481,0.00000,0.00000,0.622,0.064,0
928.9020,0.04741,-0.03757,-0.00509,0.00000,0.00000,0.624,0.061,0
928.9540,0.04709,-0.03711,-0.00535,0.00000,0.00000,0.626,0.058,0
929.0060,0.04673,-0.03665,-0.00560,0.00000,0.00000,0.627,0.055,0
929.0580,0.04632,-0.03618,-0.00584,0.00000,0.00000,0.627,0.052,0
929.1100,0.04586,-0.03570,-0.00607,0.00000,0.00000,0.627,0.049,0
929.1620,0.04536,-0.03521,-0.00628,0.00000,0.00000,0.626,0.045,0
929.2140,0.04482,-0.03474,-0.00647,0.00000,0.00000,0.625,0.042,0
929.2660,0.04424,-0.03425,-0.00665,0.00000,0.00000,0.623,0.039,0
929.3180,0.04362,-0.03376,-0.00682,0.00000,0.00000,0.621,0.035,0
929.3700,0.04295,-0.03326,-0.00696,0.00000,0.00000,0.618,0.032,0
929.4220,0.04225,-0.03275,-0.00709,0.00000,0.00000,0.614,0.028,0
929.4740,0.04151,-0.03223,-0.00720,0.00000,0.00000,0.610,0.025,0
929.5260,0.04074,-0.03170,-0.00729,0.00000,0.00000,0.606,0.021,0
929.5780,0.03994,-0.03119,-0.00737,0.00000,0.00000,0.601,0.018,0
929.6300,0.03912,-0.03068,-0.00743,0.00000,0.00000,0.595,0.014,0
929.6820,0.03827,-0.03017,-0.00747,0.00000,0.00000,0.590,0.011,0
929.7340,0.03740,-0.02965,-0.00749,0.00000,0.00000,0.584,0.008,0
929.7860,0.03650,-0.02913,-0.00750,0.00000,0.00000,0.577,0.005,0
929.8380,0.03559,-0.02861,-0.00749,0.00000,0.00000,0.570,0.002,0
929.8900,0.03466,-0.02810,-0.00746,0.00000,0.00000,0.563,-0.001,0
929.9420,0.03372,-0.02760,-0.00742,0.00000,0.00000,0.555,-0.004,0
929.9940,0.03277,-0.02710,-0.00736,0.00000,0.00000,0.547,-0.006,0
930.0460,0.03180,-0.02661,-0.00728,0.00000,0.00000,0.539,-0.009,0
930.0980,0.03083,-0.02612,-0.00720,0.00000,0.00000,0.531,-0.011,0
930.1500,0.02985,-0.02564,-0.00710,0.00000,0.00000,0.522,-0.013,0
930.2020,0.02888,-0.02518,-0.00698,0.00000,0.00000,0.514,-0.015,0
930.2540,0.02791,-0.02473,-0.00686,0.00000,0.00000,0.505,-0.017,0
930.3060,0.02695,-0.02431,-0.00672,0.00000,0.00000,0.496,-0.019,0
930.3580,0.02599,-0.02390,-0.00658,0.00000,0.00000,0.487,-0.020,0
930.4100,0.02503,-0.02350,-0.00642,0.00000,0.00000,0.478,-0.021,0
930.4620,0.02409,-0.02311,-0.00626,0.00000,0.00000,0.469,-0.023,0
930.5140,0.02314,-0.02273,-0.00608,0.00000,0.00000,0.460,-0.024,0
930.5660,0.02221,-0.02237,-0.00591,0.00000,0.00000,0.450,-0.024,0
930.6180,0.02128,-0.02202,-0.00572,0.00000,0.00000,0.441,-0.025,0
930.6700,0.02038,-0.02168,-0.00553,0.00000,0.00000,0.432,-0.026,0
930.7220,0.01948,-0.02137,-0.00534,0.00000,0.00000,0.422,-0.026,0
930.7740,0.01860,-0.02108,-0.00515,0.00000,0.00000,0.413,-0.026,0
930.8260,0.01774,-0.02081,-0.00495,0.00000,0.00000,0.404,-0.027,0
930.8780,0.01690,-0.02058,-0.00475,0.00000,0.00000,0.395,-0.027,0
930.9300,0.01609,-0.02037,-0.00455,0.00000,0.00000,0.387,-0.026,0
930.9820,0.01529,-0.02019,-0.00435,0.00000,0.00000,0.378,-0.026,0
931.0340,0.01451,-0.02001,-0.00416,0.00000,0.00000,0.369,-0.026,0
931.0860,0.01374,-0.01984,-0.00396,0.00000,0.00000,0.361,-0.026,0
931.1380,0.01298,-0.01970,-0.00377,0.00000,0.00000,0.352,-0.025,0
931.1900,0.01225,-0.01958,-0.00359,0.00000,0.00000,0.344,-0.025,0
931.2420,0.01154,-0.01947,-0.00341,0.00000,0.00000,0.336,-0.024,0
931.2940,0.01084,-0.01939,-0.00323,0.00000,0.00000,0.328,-0.023,0
931.3460,0.01016,-0.01932,-0.00306,0.00000,0.00000,0.320,-0.023,0
931.3980,0.00949,-0.01926,-0.00290,0.00000,0.00000,0.312,-0.022,0
931.4500,0.00885,-0.01924,-0.00274,0.00000,0.00000,0.305,-0.021,0
931.5020,0.00823,-0.01925,-0.00260,0.00000,0.00000,0.298,-0.020,0
931.5540,0.00762,-0.01925,-0.00246,0.00000,0.00000,0.291,-0.020,0
931.6060,0.00702,-0.01928,-0.00233,0.00000,0.00000,0.284,-0.019,0
931.6580,0.00643,-0.01931,-0.00221,0.00000,0.00000,0.277,-0.018,0
931.7100,0.00586,-0.01936,-0.00210,0.00000,0.00000,0.270,-0.017,0
931.7620,0.00530,-0.01942,-0.00200,0.00000,0.00000,0.264,-0.016,0
931.8140,0.00475,-0.01949,-0.00190,0.00000,0.00000,0.257,-0.015,0
931.8660,0.00421,-0.01957,-0.00182,0.00000,0.00000,0.251,-0.015,0
931.9180,0.00369,-0.01968,-0.00175,0.00000,0.00000,0.245,-0.014,0
931.9700,0.00317,-0.01979,-0.00169,0.00000,0.00000,0.239,-0.013,0
932.0220,0.00266,-0.01989,-0.00164,0.00000,0.00000,0.234,-0.012,0
932.0740,0.00215,-0.02001,-0.00160,0.00000,0.00000,0.228,-0.012,0
932.1260,0.00165,-0.02012,-0.00157,0.00000,0.00000,0.222,-0.011,0
932.1780,0.00115,-0.02023,-0.00156,0.00000,0.00000,0.217,-0.010,0
932.2300,0.00065,-0.02033,-0.00155,0.00000,0.00000,0.211,-0.010,0
932.2820,0.00015,-0.02042,-0.00155,0.00000,0.00000,0.206,-0.009,0
932.3340,-0.00035,-0.02050,-0.00156,0.00000,0.00000,0.201,-0.009,0
932.3860,-0.00086,-0.02058,-0.00158,0.00000,0.00000,0.195,-0.008,0
932.4380,-0.00136,-0.02064,-0.00161,0.00000,0.00000,0.190,-0.008,0
932.4900,-0.00187,-0.02070,-0.00164,0.00000,0.00000,0.184,-0.007,0
932.5420,-0.00237,-0.02075,-0.00169,0.00000,0.00000,0.179,-0.007,0
932.5940,-0.00288,-0.02079,-0.00174,0.00000,0.00000,0.174,-0.006,0
932.6460,-0.00339,-0.02081,-0.00179,0.00000,0.00000,0.169,-0.006,0
932.6980,-0.00390,-0.02082,-0.00186,0.00000,0.00000,0.163,-0.006,0
932.7500,-0.00442,-0.02080,-0.00193,0.00000,0.00000,0.158,-0.006,0
932.8020,-0.00495,-0.02076,-0.00200,0.00000,0.00000,0.153,-0.005,0
932.8540,-0.00548,-0.02068,-0.00208,0.00000,0.00000,0.147,-0.005,0
932.9060,-0.00602,-0.02059,-0.00216,0.00000,0.00000,0.142,-0.005,0
932.9580,-0.00656,-0.02046,-0.00224,0.00000,0.00000,0.136,-0.005,0
933.0100,-0.00711,-0.02031,-0.00233,0.00000,0.00000,0.130,-0.005,0
933.0620,-0.00767,-0.02013,-0.00241,0.00000,0.00000,0.125,-0.004,0
933.1140,-0.00822,-0.01992,-0.00250,0.00000,0.00000,0.119,-0.004,0
933.1660,-0.00878,-0.01968,-0.00258,0.00000,0.00000,0.113,-0.004,0
933.2180,-0.00933,-0.01942,-0.00266,0.00000,0.00000,0.107,-0.004,0
933.2700,-0.00988,-0.01914,-0.00274,0.00000,0.00000,0.101,-0.004,0
933.3220,-0.01043,-0.01882,-0.00282,0.00000,0.00000,0.095,-0.004,0
933.3740,-0.01098,-0.01847,-0.00289,0.00000,0.00000,0.089,-0.004,0
933.4260,-0.01153,-0.01810,-0.00296,0.00000,0.00000,0.083,-0.004,0
933.4780,-0.01207,-0.01769,-0.00302,0.00000,0.00000,0.076,-0.003,0
933.5300,-0.01259,-0.01726,-0.00307,0.00000,0.00000,0.070,-0.003,0
933.5820,-0.01311,-0.01680,-0.00311,0.00000,0.00000,0.064,-0.003,0
933.6340,-0.01361,-0.01633,-0.00315,0.00000,0.00000,0.058,-0.003,0
933.6860,-0.01410,-0.01583,-0.00318,0.00000,0.00000,0.051,-0.003,0
933.7380,-0.01457,-0.01530,-0.00319,0.00000,0.00000,0.045,-0.002,0
933.7900,-0.01501,-0.01476,-0.00320,0.00000,0.00000,0.039,-0.002,0
933.8420,-0.01544,-0.01420,-0.00319,0.00000,0.00000,0.033,-0.002,0
933.8940,-0.01584,-0.01362,-0.00317,0.00000,0.00000,0.027,-0.001,0
933.9460,-0.01620,-0.01304,-0.00313,0.00000,0.00000,0.021,-0.001,0
933.9980,-0.01653,-0.01245,-0.00308,0.00000,0.00000,0.015,-0.001,0
934.0500,-0.01683,-0.01187,-0.00302,0.00000,0.00000,0.010,-0.000,0
934.1020,-0.01709,-0.01127,-0.00294,0.00000,0.00000,0.005,-0.000,0
934.1540,-0.01731,-0.01067,-0.00284,0.00000,0.00000,-0.001,0.000,0
934.2060,-0.01750,-0.01006,-0.00273,0.00000,0.00000,-0.006,0.001,0
934.2580,-0.01765,-0.00945,-0.00260,0.00000,0.00000,-0.011,0.001,0
934.3100,-0.01776,-0.00884,-0.00245,0.00000,0.00000,-0.015,0.001,0
934.3620,-0.01783,-0.00824,-0.00228,0.00000,0.00000,-0.020,0.002,0
934.4140,-0.01785,-0.00765,-0.00210,0.00000,0.00000,-0.024,0.002,0
934.4660,-0.01782,-0.00706,-0.00190,0.00000,0.00000,-0.028,0.002,0
934.5180,-0.01775,-0.00648,-0.00168,0.00000,0.00000,-0.032,0.002,0
934.5700,-0.01763,-0.00592,-0.00144,0.00000,0.00000,-0.035,0.002,0
934.6220,-0.01746,-0.00538,-0.00118,0.00000,0.00000,-0.038,0.003,0
934.6740,-0.01723,-0.00486,-0.00091,0.00000,0.00000,-0.041,0.003,0
934.7260,-0.01694,-0.00438,-0.00061,0.00000,0.00000,-0.044,0.003,0
934.7780,-0.01658,-0.00395,-0.00030,0.00000,0.00000,-0.046,0.003,0
934.8300,-0.01616,-0.00355,0.00002,0.00000,0.00000,-0.048,0.003,0
934.8820,-0.01568,-0.00319,0.00037,0.00000,0.00000,-0.049,0.003,0
934.9340,-0.01513,-0.00286,0.00072,0.00000,0.00000,-0.051,0.002,0
934.9860,-0.01453,-0.00255,0.00110,0.00000,0.00000,-0.052,0.002,0
935.0380,-0.01386,-0.00229,0.00148,0.00000,0.00000,-0.053,0.002,0
935.0900,-0.01313,-0.00206,0.00188,0.00000,0.00000,-0.053,0.001,0
935.1420,-0.01233,-0.00188,0.00229,0.00000,0.00000,-0.053,0.001,0
935.1940,-0.01146,-0.00174,0.00272,0.00000,0.00000,-0.054,0.000,0
935.2460,-0.01051,-0.00166,0.00315,0.00000,0.00000,-0.053,-0.000,0
935.2980,-0.00950,-0.00162,0.00359,0.00000,0.00000,-0.053,-0.001,0
935.3500,-0.00842,-0.00163,0.00404,0.00000,0.00000,-0.052,-0.001,0
935.4020,-0.00727,-0.00168,0.00449,0.00000,0.00000,-0.051,-0.002,0
935.4540,-0.00605,-0.00179,0.00495,0.00000,0.00000,-0.050,-0.003,0
935.5060,-0.00476,-0.00195,0.00541,0.00000,0.00000,-0.049,-0.003,0
935.5580,-0.00340,-0.00215,0.00587,0.00000,0.00000,-0.047,-0.004,0
935.6100,-0.00197,-0.00241,0.00634,0.00000,0.00000,-0.045,-0.005,0
935.6620,-0.00047,-0.00273,0.00680,0.00000,0.00000,-0.043,-0.005,0
935.7140,0.00109,-0.00310,0.00725,0.00000,0.00000,-0.041,-0.005,0
935.7660,0.00271,-0.00352,0.00770,0.00000,0.00000,-0.038,-0.006,0
935.8180,0.00440,-0.00398,0.00814,0.00000,0.00000,-0.036,-0.006,0
935.8700,0.00613,-0.00448,0.00858,0.00000,0.00000,-0.033,-0.006,0
935.9220,0.00792,-0.00503,0.00900,0.00000,0.00000,-0.030,-0.006,0
935.9740,0.00976,-0.00563,0.00941,0.00000,0.00000,-0.026,-0.005,0
936.0260,0.01164,-0.00626,0.00980,0.00000,0.00000,-0.023,-0.005,0
936.0780,0.01356,-0.00694,0.01018,0.00000,0.00000,-0.019,-0.004,0
936.1300,0.01552,-0.00767,0.01054,0.00000,0.00000,-0.015,-0.002,0
936.1820,0.01751,-0.00843,0.01088,0.00000,0.00000,-0.010,-0.001,0
936.2340,0.01952,-0.00923,0.01120,0.00000,0.00000,-0.005,0.001,0
936.2860,0.02155,-0.01004,0.01149,0.00000,0.00000,0.000,0.003,0
936.3380,0.02359,-0.01088,0.01176,0.00000,0.00000,0.006,0.006,0
936.3900,0.02565,-0.01175,0.01200,0.00000,0.00000,0.012,0.009,0
936.4420,0.02770,-0.01263,0.01222,0.00000,0.00000,0.018,0.013,0
936.4940,0.02976,-0.01353,0.01240,0.00000,0.00000,0.025,0.017,0
936.5460,0.03182,-0.01444,0.01255,0.00000,0.00000,0.033,0.021,0
936.5980,0.03388,-0.01536,0.01267,0.00000,0.00000,0.041,0.026,0
936.6500,0.03592,-0.01627,0.01275,0.00000,0.00000,0.049,0.031,0
936.7020,0.03795,-0.01717,0.01280,0.00000,0.00000,0.058,0.037,0
936.7540,0.03997,-0.01809,0.01282,0.00000,0.00000,0.068,0.043,0
936.8060,0.04198,-0.01901,0.01280,0.00000,0.00000,0.078,0.049,0
936.8580,0.04398,-0.01994,0.01273,0.00000,0.00000,0.088,0.056,0
936.9100,0.04597,-0.02087,0.01263,0.00000,0.00000,0.100,0.063,0
936.9620,0.04793,-0.02180,0.01250,0.00000,0.00000,0.112,0.071,0
937.0140,0.04988,-0.02271,0.01232,0.00000,0.00000,0.125,0.079,0
937.0660,0.05179,-0.02361,0.01210,0.00000,0.00000,0.138,0.087,0
937.1180,0.05368,-0.02448,0.01184,0.00000,0.00000,0.152,0.095,0
937.1700,0.05553,-0.02533,0.01154,0.00000,0.00000,0.167,0.103,0
937.2220,0.05734,-0.02615,0.01121,0.00000,0.00000,0.182,0.111,0
937.2740,0.05912,-0.02695,0.01083,0.00000,0.00000,0.197,0.120,0
937.3260,0.06086,-0.02772,0.01041,0.00000,0.00000,0.213,0.128,0
937.3780,0.06255,-0.02846,0.00996,0.00000,0.00000,0.230,0.136,0
937.4300,0.06420,-0.02916,0.00946,0.00000,0.00000,0.247,0.144,0
937.4820,0.06580,-0.02984,0.00893,0.00000,0.00000,0.265,0.152,0
937.5340,0.06735,-0.03049,0.00837,0.00000,0.00000,0.283,0.160,0
937.5860,0.06883,-0.03109,0.00777,0.00000,0.00000,0.301,0.167,0
937.6380,0.07026,-0.03165,0.00713,0.00000,0.00000,0.320,0.174,0
937.6900,0.07161,-0.03215,0.00647,0.00000,0.00000,0.339,0.180,0
937.7420,0.07289,-0.03260,0.00577,0.00000,0.00000,0.358,0.186,0
937.7940,0.07410,-0.03302,0.00505,0.00000,0.00000,0.377,0.191,0
937.8460,0.07522,-0.03338,0.00429,0.00000,0.00000,0.395,0.196,0
937.8980,0.07626,-0.03369,0.00352,0.00000,0.00000,0.414,0.200,0
937.9500,0.07722,-0.03397,0.00272,0.00000,0.00000,0.433,0.203,0
938.0020,0.07809,-0.03420,0.00190,0.00000,0.00000,0.451,0.205,0
938.0540,0.07886,-0.03438,0.00107,0.00000,0.00000,0.469,0.207,0
938.1060,0.07953,-0.03450,0.00022,0.00000,0.00000,0.487,0.207,0
938.1580,0.08009,-0.03457,-0.00064,0.00000,0.00000,0.504,0.207,0
938.2100,0.08055,-0.03460,-0.00151,0.00000,0.00000,0.521,0.206,0
938.2620,0.08090,-0.03460,-0.00238,0.00000,0.00000,0.537,0.205,0
938.3140,0.08113,-0.03454,-0.00326,0.00000,0.00000,0.552,0.202,0
938.3660,0.08125,-0.03444,-0.00414,0.00000,0.00000,0.567,0.198,0
938.4180,0.08125,-0.03431,-0.00501,0.00000,0.00000,0.581,0.194,0
938.4700,0.08113,-0.03412,-0.00588,0.00000,0.00000,0.594,0.189,0
938.5220,0.08088,-0.03390,-0.00674,0.00000,0.00000,0.606,0.183,0
938.5740,0.08049,-0.03361,-0.00758,0.00000,0.00000,0.617,0.176,0
938.6260,0.07996,-0.03327,-0.00841,0.00000,0.00000,0.627,0.168,0
938.6780,0.07929,-0.03288,-0.00922,0.00000,0.00000,0.635,0.160,0
938.7300,0.07848,-0.03246,-0.01000,0.00000,0.00000,0.642,0.151,0
938.7820,0.07754,-0.03200,-0.01077,0.00000,0.00000,0.648,0.141,0
938.8340,0.07646,-0.03151,-0.01150,0.00000,0.00000,0.652,0.131,0
938.8860,0.07526,-0.03100,-0.01220,0.00000,0.00000,0.655,0.120,0
938.9380,0.07392,-0.03046,-0.01286,0.00000,0.00000,0.658,0.109,0
938.9900,0.07245,-0.02990,-0.01349,0.00000,0.00000,0.659,0.097,0
939.0420,0.07084,-0.02931,-0.01408,0.00000,0.00000,0.658,0.086,0
939.0940,0.06910,-0.02871,-0.01462,0.00000,0.00000,0.657,0.074,0
939.1460,0.06725,-0.02809,-0.01513,0.00000,0.00000,0.654,0.061,0
939.1980,0.06528,-0.02747,-0.01558,0.00000,0.00000,0.650,0.049,0
939.2500,0.06319,-0.02684,-0.01599,0.00000,0.00000,0.645,0.037,0
939.3020,0.06100,-0.02622,-0.01634,0.00000,0.00000,0.639,0.025,0
939.3540,0.05870,-0.02559,-0.01665,0.00000,0.00000,0.632,0.013,0
939.4060,0.05630,-0.02496,-0.01691,0.00000,0.00000,0.623,0.002,0
939.4580,0.05381,-0.02433,-0.01711,0.00000,0.00000,0.614,-0.010,0
939.5100,0.05123,-0.02370,-0.01726,0.00000,0.00000,0.604,-0.020,0
939.5620,0.04857,-0.02308,-0.01736,0.00000,0.00000,0.592,-0.031,0
939.6140,0.04585,-0.02248,-0.01740,0.00000,0.00000,0.580,-0.041,0
939.6660,0.04306,-0.02190,-0.01740,0.00000,0.00000,0.567,-0.050,0
939.7180,0.04023,-0.02135,-0.01734,0.00000,0.00000,0.554,-0.058,0
939.7700,0.03737,-0.02083,-0.01723,0.00000,0.00000,0.540,-0.066,0
939.8220,0.03449,-0.02036,-0.01707,0.00000,0.00000,0.526,-0.073,0
939.8740,0.03159,-0.01994,-0.01686,0.00000,0.00000,0.511,-0.080,0
939.9260,0.02870,-0.01957,-0.01661,0.00000,0.00000,0.497,-0.086,0
939.9780,0.02581,-0.01925,-0.01630,0.00000,0.00000,0.482,-0.091,0
940.0300,0.02293,-0.01896,-0.01596,0.00000,0.00000,0.467,-0.095,0
940.0820,0.02008,-0.01872,-0.01557,0.00000,0.00000,0.451,-0.098,0
940.1340,0.01726,-0.01852,-0.01514,0.00000,0.00000,0.436,-0.101,0
940.1860,0.01448,-0.01838,-0.01467,0.00000,0.00000,0.421,-0.103,0
940.2380,0.01176,-0.01828,-0.01417,0.00000,0.00000,0.405,-0.104,0
940.2900,0.00910,-0.01824,-0.01363,0.00000,0.00000,0.390,-0.105,0
940.3420,0.00652,-0.01826,-0.01307,0.00000,0.00000,0.374,-0.105,0
940.3940,0.00402,-0.01832,-0.01247,0.00000,0.00000,0.359,-0.104,0
940.4460,0.00160,-0.01844,-0.01185,0.00000,0.00000,0.344,-0.103,0
940.4980,-0.00072,-0.01862,-0.01121,0.00000,0.00000,0.330,-0.101,0
940.5500,-0.00293,-0.01885,-0.01055,0.00000,0.00000,0.315,-0.099,0
940.6020,-0.00503,-0.01912,-0.00987,0.00000,0.00000,0.301,-0.097,0
940.6540,-0.00703,-0.01946,-0.00918,0.00000,0.00000,0.287,-0.093,0
940.7060,-0.00890,-0.01983,-0.00849,0.00000,0.00000,0.273,-0.090,0
940.7580,-0.01066,-0.02024,-0.00778,0.00000,0.00000,0.260,-0.086,0
940.8100,-0.01230,-0.02070,-0.00707,0.00000,0.00000,0.246,-0.082,0
940.8620,-0.01380,-0.02120,-0.00636,0.00000,0.00000,0.233,-0.078,0
940.9140,-0.01517,-0.02176,-0.00566,0.00000,0.00000,0.221,-0.074,0
940.9660,-0.01642,-0.02234,-0.00496,0.00000,0.00000,0.209,-0.069,0
941.0180,-0.01754,-0.02297,-0.00427,0.00000,0.00000,0.197,-0.065,0
941.0700,-0.01852,-0.02363,-0.00359,0.00000,0.00000,0.185,-0.060,0
941.1220,-0.01938,-0.02432,-0.00292,0.00000,0.00000,0.174,-0.056,0
941.1740,-0.02012,-0.02503,-0.00228,0.00000,0.00000,0.163,-0.051,0
941.2260,-0.02074,-0.02576,-0.00165,0.00000,0.00000,0.152,-0.047,0
941.2780,-0.02125,-0.02651,-0.00105,0.00000,0.00000,0.142,-0.043,0
941.3300,-0.02165,-0.02727,-0.00047,0.00000,0.00000,0.132,-0.038,0
941.3820,-0.02194,-0.02805,0.00008,0.00000,0.00000,0.122,-0.035,0
941.4340,-0.02213,-0.02882,0.00060,0.00000,0.00000,0.112,-0.031,0
941.4860,-0.02222,-0.02961,0.00109,0.00000,0.00000,0.103,-0.027,0
941.5380,-0.02223,-0.03039,0.00154,0.00000,0.00000,0.094,-0.024,0
941.5900,-0.02216,-0.03117,0.00196,0.00000,0.00000,0.086,-0.021,0
941.6420,-0.02201,-0.03195,0.00235,0.00000,0.00000,0.077,-0.018,0
941.6940,-0.02179,-0.03272,0.00270,0.00000,0.00000,0.069,-0.015,0
941.7460,-0.02151,-0.03347,0.00302,0.00000,0.00000,0.061,-0.013,0
941.7980,-0.02118,-0.03421,0.00329,0.00000,0.00000,0.053,-0.011,0
941.8500,-0.02080,-0.03492,0.00353,0.00000,0.00000,0.046,-0.009,0
941.9020,-0.02037,-0.03563,0.00373,0.00000,0.00000,0.039,-0.007,0
941.9540,-0.01992,-0.03631,0.00390,0.00000,0.00000,0.032,-0.006,0
942.0060,-0.01944,-0.03695,0.00402,0.00000,0.00000,0.025,-0.004,0
942.0580,-0.01895,-0.03756,0.00411,0.00000,0.00000,0.019,-0.003,0
942.1100,-0.01844,-0.03814,0.00417,0.00000,0.00000,0.012,-0.002,0
942.1620,-0.01793,-0.03869,0.00419,0.00000,0.00000,0.006,-0.002,0
942.2140,-0.01741,-0.03921,0.00418,0.00000,0.00000,0.000,-0.001,0
942.2660,-0.01689,-0.03970,0.00413,0.00000,0.00000,-0.005,-0.001,0
942.3180,-0.01639,-0.04016,0.00406,0.00000,0.00000,-0.010,-0.000,0
942.3700,-0.01590,-0.04057,0.00395,0.00000,0.00000,-0.016,0.000,0
942.4220,-0.01543,-0.04094,0.00383,0.00000,0.00000,-0.021,0.000,0
942.4740,-0.01498,-0.04127,0.00367,0.00000,0.00000,-0.025,0.000,0
942.5260,-0.01456,-0.04155,0.00350,0.00000,0.00000,-0.030,0.000,0
942.5780,-0.01417,-0.04179,0.00331,0.00000,0.00000,-0.035,0.000,0
942.6300,-0.01380,-0.04199,0.00309,0.00000,0.00000,-0.039,-0.000,0
942.6820,-0.01347,-0.04215,0.00287,0.00000,0.00000,-0.043,-0.000,0
942.7340,-0.01317,-0.04227,0.00263,0.00000,0.00000,-0.048,-0.000,0
942.7860,-0.01290,-0.04233,0.00238,0.00000,0.00000,-0.052,-0.001,0
942.8380,-0.01267,-0.04235,0.00213,0.00000,0.00000,-0.056,-0.001,0
942.8900,-0.01248,-0.04232,0.00187,0.00000,0.00000,-0.060,-0.001,0
942.9420,-0.01231,-0.04225,0.00161,0.00000,0.00000,-0.064,-0.001,0
942.9940,-0.01218,-0.04214,0.00135,0.00000,0.00000,-0.068,-0.001,0
943.0460,-0.01207,-0.04199,0.00110,0.00000,0.00000,-0.072,-0.002,0
943.0980,-0.01199,-0.04180,0.00085,0.00000,0.00000,-0.075,-0.002,0
943.1500,-0.01193,-0.04157,0.00060,0.00000,0.00000,-0.079,-0.002,0
943.2020,-0.01189,-0.04131,0.00037,0.00000,0.00000,-0.083,-0.002,0
943.2540,-0.01186,-0.04102,0.00015,0.00000,0.00000,-0.086,-0.002,0
943.3060,-0.01186,-0.04069,-0.00005,0.00000,0.00000,-0.090,-0.002,0
943.3580,-0.01186,-0.04033,-0.00024,0.00000,0.00000,-0.094,-0.002,0
943.4100,-0.01188,-0.03992,-0.00041,0.00000,0.00000,-0.097,-0.003,0
943.4620,-0.01191,-0.03947,-0.00056,0.00000,0.00000,-0.101,-0.003,0
943.5140,-0.01193,-0.03899,-0.00068,0.00000,0.00000,-0.105,-0.003,0
943.5660,-0.01195,-0.03849,-0.00079,0.00000,0.00000,-0.108,-0.003,0
943.6180,-0.01197,-0.03796,-0.00087,0.00000,0.00000,-0.111,-0.003,0
943.6700,-0.01197,-0.03741,-0.00093,0.00000,0.00000,-0.115,-0.003,0
943.7220,-0.01195,-0.03684,-0.00096,0.00000,0.00000,-0.118,-0.003,0
943.7740,-0.01190,-0.03626,-0.00096,0.00000,0.00000,-0.121,-0.003,0
943.8260,-0.01183,-0.03567,-0.00094,0.00000,0.00000,-0.124,-0.003,0
943.8780,-0.01173,-0.03507,-0.00088,0.00000,0.00000,-0.126,-0.003,0
943.9300,-0.01158,-0.03447,-0.00081,0.00000,0.00000,-0.129,-0.003,0
943.9820,-0.01140,-0.03386,-0.00070,0.00000,0.00000,-0.131,-0.003,0
944.0340,-0.01117,-0.03326,-0.00057,0.00000,0.00000,-0.133,-0.003,0
944.0860,-0.01090,-0.03264,-0.00042,0.00000,0.00000,-0.135,-0.003,0
944.1380,-0.01059,-0.03201,-0.00023,0.00000,0.00000,-0.136,-0.004,0
944.1900,-0.01022,-0.03139,-0.00003,0.00000,0.00000,-0.137,-0.004,0
944.2420,-0.00978,-0.03080,0.00020,0.00000,0.00000,-0.138,-0.004,0
944.2940,-0.00929,-0.03020,0.00045,0.00000,0.00000,-0.139,-0.004,0
944.3460,-0.00874,-0.02961,0.00072,0.00000,0.00000,-0.139,-0.005,0
944.3980,-0.00812,-0.02904,0.00101,0.00000,0.00000,-0.138,-0.005,0
944.4500,-0.00745,-0.02847,0.00132,0.00000,0.00000,-0.138,-0.005,0
944.5020,-0.00670,-0.02793,0.00164,0.00000,0.00000,-0.136,-0.006,0
944.5540,-0.00589,-0.02740,0.00197,0.00000,0.00000,-0.135,-0.006,0
944.6060,-0.00502,-0.02688,0.00232,0.00000,0.00000,-0.133,-0.007,0
944.6580,-0.00408,-0.02638,0.00267,0.00000,0.00000,-0.130,-0.007,0
944.7100,-0.00308,-0.02588,0.00303,0.00000,0.00000,-0.128,-0.007,0
944.7620,-0.00201,-0.02542,0.00339,0.00000,0.00000,-0.124,-0.008,0
944.8140,-0.00087,-0.02500,0.00376,0.00000,0.00000,-0.120,-0.008,0
944.8660,0.00033,-0.02459,0.00412,0.00000,0.00000,-0.116,-0.008,0
944.9180,0.00159,-0.02420,0.00448,0.00000,0.00000,-0.111,-0.009,0
944.9700,0.00290,-0.02384,0.00483,0.00000,0.00000,-0.106,-0.009,0
945.0220,0.00426,-0.02350,0.00518,0.00000,0.00000,-0.100,-0.009,0
945.0740,0.00567,-0.02317,0.00551,0.00000,0.00000,-0.094,-0.009,0
945.1260,0.00712,-0.02286,0.00583,0.00000,0.00000,-0.087,-0.009,0
945.1780,0.00861,-0.02257,0.00613,0.00000,0.00000,-0.080,-0.009,0
945.2300,0.01013,-0.02229,0.00642,0.00000,0.00000,-0.072,-0.008,0
945.2820,0.01168,-0.02205,0.00668,0.00000,0.00000,-0.064,-0.008,0
945.3340,0.01325,-0.02181,0.00692,0.00000,0.00000,-0.056,-0.007,0
945.3860,0.01483,-0.02158,0.00714,0.00000,0.00000,-0.047,-0.006,0
945.4380,0.01641,-0.02135,0.00733,0.00000,0.00000,-0.037,-0.005,0
945.4900,0.01798,-0.02112,0.00750,0.00000,0.00000,-0.028,-0.003,0
945.5420,0.01954,-0.02089,0.00763,0.00000,0.00000,-0.018,-0.002,0
945.5940,0.02109,-0.02066,0.00773,0.00000,0.00000,-0.007,0.000,0
945.6460,0.02262,-0.02044,0.00781,0.00000,0.00000,0.003,0.002,0
945.6980,0.02414,-0.02024,0.00784,0.00000,0.00000,0.014,0.005,0
945.7500,0.02562,-0.02003,0.00785,0.00000,0.00000,0.025,0.007,0
945.8020,0.02708,-0.01984,0.00782,0.00000,0.00000,0.036,0.010,0
945.8540,0.02850,-0.01963,0.00775,0.00000,0.00000,0.048,0.013,0
945.9060,0.02987,-0.01941,0.00765,0.00000,0.00000,0.060,0.016,0
945.9580,0.03120,-0.01919,0.00752,0.00000,0.00000,0.071,0.020,0
946.0100,0.03248,-0.01896,0.00735,0.00000,0.00000,0.083,0.023,0
946.0620,0.03371,-0.01871,0.00714,0.00000,0.00000,0.095,0.027,0
946.1140,0.03488,-0.01846,0.00690,0.00000,0.00000,0.106,0.031,0
946.1660,0.03599,-0.01818,0.00663,0.00000,0.00000,0.118,0.034,0
946.2180,0.03704,-0.01790,0.00632,0.00000,0.00000,0.129,0.038,0
946.2700,0.03804,-0.01762,0.00599,0.00000,0.00000,0.140,0.042,0
946.3220,0.03898,-0.01732,0.00562,0.00000,0.00000,0.151,0.046,0
946.3740,0.03985,-0.01702,0.00523,0.00000,0.00000,0.162,0.049,0
946.4260,0.04066,-0.01670,0.00480,0.00000,0.00000,0.172,0.053,0
946.4780,0.04140,-0.01636,0.00436,0.00000,0.00000,0.182,0.057,0
946.5300,0.04206,-0.01600,0.00389,0.00000,0.00000,0.192,0.060,0
946.5820,0.04264,-0.01559,0.00339,0.00000,0.00000,0.201,0.063,0
946.6340,0.04314,-0.01516,0.00288,0.00000,0.00000,0.210,0.066,0
946.6860,0.04356,-0.01470,0.00236,0.00000,0.00000,0.218,0.068,0
946.7380,0.04391,-0.01422,0.00182,0.00000,0.00000,0.225,0.071,0
946.7900,0.04418,-0.01372,0.00127,0.00000,0.00000,0.232,0.073,0
946.8420,0.04438,-0.01321,0.00071,0.00000,0.00000,0.238,0.074,0
946.8940,0.04450,-0.01268,0.00014,0.00000,0.00000,0.244,0.076,0
946.9460,0.04454,-0.01213,-0.00043,0.00000,0.00000,0.249,0.077,0
946.9980,0.04451,-0.01158,-0.00099,0.00000,0.00000,0.253,0.077,0
947.0500,0.04442,-0.01102,-0.00156,0.00000,0.00000,0.257,0.077,0
947.1020,0.04424,-0.01044,-0.00212,0.00000,0.00000,0.260,0.077,0
947.1540,0.04400,-0.00987,-0.00267,0.00000,0.00000,0.263,0.077,0
947.2060,0.04369,-0.00928,-0.00321,0.00000,0.00000,0.265,0.076,0
947.2580,0.04331,-0.00869,-0.00373,0.00000,0.00000,0.266,0.075,0
947.3100,0.04287,-0.00809,-0.00424,0.00000,0.00000,0.266,0.073,0
947.3620,0.04237,-0.00750,-0.00472,0.00000,0.00000,0.266,0.072,0
947.4140,0.04181,-0.00692,-0.00518,0.00000,0.00000,0.266,0.069,0
947.4660,0.04120,-0.00635,-0.00562,0.00000,0.00000,0.265,0.067,0
947.5180,0.04053,-0.00579,-0.00603,0.00000,0.00000,0.263,0.064,0
947.5700,0.03983,-0.00525,-0.00641,0.00000,0.00000,0.261,0.062,0
947.6220,0.03909,-0.00473,-0.00676,0.00000,0.00000,0.259,0.059,0
947.6740,0.03830,-0.00423,-0.00707,0.00000,0.00000,0.256,0.055,0
947.7260,0.03749,-0.00376,-0.00735,0.00000,0.00000,0.253,0.052,0
947.7780,0.03666,-0.00331,-0.00759,0.00000,0.00000,0.249,0.049,0
947.8300,0.03580,-0.00288,-0.00779,0.00000,0.00000,0.245,0.045,0
947.8820,0.03492,-0.00249,-0.00795,0.00000,0.00000,0.241,0.042,0
947.9340,0.03403,-0.00212,-0.00807,0.00000,0.00000,0.237,0.039,0
947.9860,0.03314,-0.00179,-0.00815,0.00000,0.00000,0.232,0.035,0
948.0380,0.03225,-0.00148,-0.00819,0.00000,0.00000,0.227,0.032,0
948.0900,0.03136,-0.00122,-0.00818,0.00000,0.00000,0.222,0.029,0
948.1420,0.03050,-0.00102,-0.00813,0.00000,0.00000,0.217,0.025,0
948.1940,0.02966,-0.00085,-0.00804,0.00000,0.00000,0.212,0.022,0
948.2460,0.02884,-0.00072,-0.00791,0.00000,0.00000,0.207,0.020,0
948.2980,0.02806,-0.00064,-0.00773,0.00000,0.00000,0.202,0.017,0
948.3500,0.02731,-0.00060,-0.00752,0.00000,0.00000,0.197,0.015,0
948.4020,0.02661,-0.00061,-0.00726,0.00000,0.00000,0.193,0.012,0
948.4540,0.02595,-0.00066,-0.00697,0.00000,0.00000,0.188,0.011,0
948.5060,0.02536,-0.00076,-0.00664,0.00000,0.00000,0.183,0.009,0
948.5580,0.02482,-0.00091,-0.00627,0.00000,0.00000,0.179,0.007,0
948.6100,0.02436,-0.00111,-0.00587,0.00000,0.00000,0.175,0.006,0
948.6620,0.02396,-0.00137,-0.00545,0.00000,0.00000,0.171,0.006,0
948.7140,0.02364,-0.00168,-0.00499,0.00000,0.00000,0.168,0.005,0
948.7660,0.02341,-0.00206,-0.00450,0.00000,0.00000,0.164,0.005,0
948.8180,0.02326,-0.00248,-0.00400,0.00000,0.00000,0.162,0.005,0
948.8700,0.02319,-0.00294,-0.00347,0.00000,0.00000,0.159,0.005,0
948.9220,0.02321,-0.00343,-0.00292,0.00000,0.00000,0.157,0.006,0
948.9740,0.02330,-0.00396,-0.00236,0.00000,0.00000,0.155,0.007,0
949.0260,0.02349,-0.00453,-0.00179,0.00000,0.00000,0.154,0.008,0
949.0780,0.02377,-0.00516,-0.00121,0.00000,0.00000,0.153,0.009,0
949.1300,0.02415,-0.00584,-0.00062,0.00000,0.00000,0.152,0.011,0
949.1820,0.02463,-0.00657,-0.00003,0.00000,0.00000,0.152,0.013,0
949.2340,0.02519,-0.00732,0.00055,0.00000,0.00000,0.153,0.015,0
949.2860,0.02585,-0.00812,0.00114,0.00000,0.00000,0.154,0.018,0
949.3380,0.02659,-0.00894,0.00172,0.00000,0.00000,0.156,0.021,0
949.3900,0.02743,-0.00980,0.00228,0.00000,0.00000,0.158,0.024,0
949.4420,0.02835,-0.01070,0.00284,0.00000,0.00000,0.160,0.027,0
949.4940,0.02936,-0.01163,0.00338,0.00000,0.00000,0.163,0.031,0
949.5460,0.03045,-0.01259,0.00390,0.00000,0.00000,0.167,0.035,0
949.5980,0.03162,-0.01357,0.00439,0.00000,0.00000,0.172,0.039,0
949.6500,0.03286,-0.01459,0.00487,0.00000,0.00000,0.177,0.043,0
949.7020,0.03418,-0.01561,0.00531,0.00000,0.00000,0.183,0.047,0
949.7540,0.03555,-0.01666,0.00573,0.00000,0.00000,0.189,0.052,0
949.8060,0.03698,-0.01771,0.00612,0.00000,0.00000,0.196,0.057,0
949.8580,0.03847,-0.01877,0.00647,0.00000,0.00000,0.204,0.062,0
949.9100,0.04001,-0.01985,0.00679,0.00000,0.00000,0.212,0.067,0
949.9620,0.04159,-0.02093,0.00707,0.00000,0.00000,0.221,0.072,0
950.0140,0.04320,-0.02201,0.00731,0.00000,0.00000,0.231,0.078,0
950.0660,0.04485,-0.02308,0.00751,0.00000,0.00000,0.241,0.083,0
950.1180,0.04652,-0.02416,0.00767,0.00000,0.00000,0.252,0.089,0
950.1700,0.04821,-0.02522,0.00779,0.00000,0.00000,0.264,0.095,0
950.2220,0.04991,-0.02629,0.00787,0.00000,0.00000,0.276,0.101,0
950.2740,0.05163,-0.02736,0.00790,0.00000,0.00000,0.289,0.106,0
950.3260,0.05335,-0.02842,0.00789,0.00000,0.00000,0.303,0.112,0
950.3780,0.05506,-0.02945,0.00784,0.00000,0.00000,0.318,0.118,0
950.4300,0.05676,-0.03048,0.00774,0.00000,0.00000,0.333,0.124,0
950.4820,0.05844,-0.03148,0.00760,0.00000,0.00000,0.349,0.129,0
950.5340,0.06011,-0.03247,0.00742,0.00000,0.00000,0.365,0.135,0
950.5860,0.06174,-0.03344,0.00720,0.00000,0.00000,0.382,0.140,0
950.6380,0.06333,-0.03438,0.00693,0.00000,0.00000,0.399,0.145,0
950.6900,0.06488,-0.03530,0.00663,0.00000,0.00000,0.417,0.150,0
950.7420,0.06638,-0.03618,0.00629,0.00000,0.00000,0.435,0.154,0
950.7940,0.06782,-0.03703,0.00591,0.00000,0.00000,0.454,0.158,0
950.8460,0.06919,-0.03783,0.00549,0.00000,0.00000,0.472,0.162,0
950.8980,0.07050,-0.03861,0.00504,0.00000,0.00000,0.491,0.165,0
950.9500,0.07174,-0.03936,0.00455,0.00000,0.00000,0.510,0.168,0
951.0020,0.07290,-0.04007,0.00404,0.00000,0.00000,0.529,0.170,0
951.0540,0.07397,-0.04075,0.00350,0.00000,0.00000,0.548,0.172,0
951.1060,0.07497,-0.04140,0.00293,0.00000,0.00000,0.567,0.173,0
951.1580,0.07587,-0.04201,0.00233,0.00000,0.00000,0.586,0.174,0
951.2100,0.07668,-0.04260,0.00172,0.00000,0.00000,0.605,0.174,0
951.2620,0.07739,-0.04314,0.00108,0.00000,0.00000,0.624,0.174,0
951.3140,0.07799,-0.04364,0.00043,0.00000,0.00000,0.642,0.173,0
951.3660,0.07848,-0.04410,-0.00024,0.00000,0.00000,0.660,0.171,0
951.4180,0.07886,-0.04451,-0.00092,0.00000,0.00000,0.677,0.169,0
951.4700,0.07912,-0.04489,-0.00160,0.00000,0.00000,0.694,0.166,0
951.5220,0.07926,-0.04522,-0.00230,0.00000,0.00000,0.710,0.162,0
951.5740,0.07928,-0.04551,-0.00300,0.00000,0.00000,0.725,0.158,0
951.6260,0.07917,-0.04576,-0.00369,0.00000,0.00000,0.740,0.153,0
951.6780,0.07894,-0.04598,-0.00439,0.00000,0.00000,0.754,0.148,0
951.7300,0.07859,-0.04616,-0.00508,0.00000,0.00000,0.767,0.142,0
951.7820,0.07809,-0.04629,-0.00577,0.00000,0.00000,0.779,0.135,0
951.8340,0.07747,-0.04638,-0.00645,0.00000,0.00000,0.789,0.128,0
951.8860,0.07672,-0.04642,-0.00711,0.00000,0.00000,0.799,0.120,0
951.9380,0.07583,-0.04644,-0.00776,0.00000,0.00000,0.808,0.112,0
951.9900,0.07482,-0.04641,-0.00839,0.00000,0.00000,0.815,0.104,0
952.0420,0.07368,-0.04636,-0.00900,0.00000,0.00000,0.822,0.095,0
952.0940,0.07241,-0.04627,-0.00959,0.00000,0.00000,0.827,0.086,0
952.1460,0.07101,-0.04613,-0.01016,0.00000,0.00000,0.831,0.076,0
952.1980,0.06947,-0.04594,-0.01070,0.00000,0.00000,0.833,0.067,0
952.2500,0.06782,-0.04573,-0.01121,0.00000,0.00000,0.835,0.057,0
952.3020,0.06605,-0.04549,-0.01170,0.00000,0.00000,0.835,0.047,0
952.3540,0.06416,-0.04522,-0.01215,0.00000,0.00000,0.834,0.037,0
952.4060,0.06216,-0.04491,-0.01257,0.00000,0.00000,0.831,0.027,0
952.4580,0.06005,-0.04458,-0.01296,0.00000,0.00000,0.828,0.017,0
952.5100,0.05784,-0.04422,-0.01331,0.00000,0.00000,0.823,0.007,0
952.5620,0.05553,-0.04383,-0.01363,0.00000,0.00000,0.817,-0.003,0
952.6140,0.05313,-0.04342,-0.01391,0.00000,0.00000,0.810,-0.012,0
952.6660,0.05064,-0.04298,-0.01416,0.00000,0.00000,0.801,-0.021,0
952.7180,0.04807,-0.04250,-0.01437,0.00000,0.00000,0.791,-0.030,0
952.7700,0.04542,-0.04200,-0.01454,0.00000,0.00000,0.781,-0.039,0
952.8220,0.04269,-0.04147,-0.01468,0.00000,0.00000,0.769,-0.047,0
952.8740,0.03991,-0.04092,-0.01479,0.00000,0.00000,0.755,-0.054,0
952.9260,0.03706,-0.04033,-0.01486,0.00000,0.00000,0.741,-0.061,0
952.9780,0.03416,-0.03972,-0.01489,0.00000,0.00000,0.726,-0.068,0
953.0300,0.03122,-0.03909,-0.01489,0.00000,0.00000,0.709,-0.074,0
953.0820,0.02824,-0.03843,-0.01486,0.00000,0.00000,0.692,-0.080,0
953.1340,0.02524,-0.03776,-0.01480,0.00000,0.00000,0.674,-0.084,0
953.1860,0.02223,-0.03707,-0.01470,0.00000,0.00000,0.655,-0.089,0
953.2380,0.01919,-0.03636,-0.01458,0.00000,0.00000,0.635,-0.092,0
953.2900,0.01616,-0.03564,-0.01442,0.00000,0.00000,0.615,-0.096,0
953.3420,0.01313,-0.03490,-0.01424,0.00000,0.00000,0.594,-0.098,0
953.3940,0.01012,-0.03415,-0.01403,0.00000,0.00000,0.572,-0.100,0
953.4460,0.00713,-0.03340,-0.01380,0.00000,0.00000,0.550,-0.101,0
953.4980,0.00417,-0.03264,-0.01354,0.00000,0.00000,0.528,-0.102,0
953.5500,0.00124,-0.03185,-0.01327,0.00000,0.00000,0.505,-0.102,0
953.6020,-0.00165,-0.03106,-0.01297,0.00000,0.00000,0.481,-0.101,0
953.6540,-0.00448,-0.03028,-0.01265,0.00000,0.00000,0.458,-0.100,0
953.7060,-0.00725,-0.02950,-0.01231,0.00000,0.00000,0.434,-0.099,0
953.7580,-0.00995,-0.02873,-0.01196,0.00000,0.00000,0.411,-0.097,0
953.8100,-0.01257,-0.02797,-0.01159,0.00000,0.00000,0.387,-0.094,0
953.8620,-0.01511,-0.02721,-0.01121,0.00000,0.00000,0.363,-0.092,0
953.9140,-0.01757,-0.02645,-0.01082,0.00000,0.00000,0.340,-0.088,0
953.9660,-0.01995,-0.02570,-0.01041,0.00000,0.00000,0.316,-0.085,0
954.0180,-0.02222,-0.02497,-0.01000,0.00000,0.00000,0.292,-0.081,0
954.0700,-0.02439,-0.02426,-0.00958,0.00000,0.00000,0.269,-0.077,0
954.1220,-0.02646,-0.02356,-0.00915,0.00000,0.00000,0.246,-0.072,0
954.1740,-0.02842,-0.02287,-0.00872,0.00000,0.00000,0.223,-0.068,0
954.2260,-0.03027,-0.02220,-0.00828,0.00000,0.00000,0.201,-0.063,0
954.2780,-0.03200,-0.02155,-0.00785,0.00000,0.00000,0.179,-0.058,0
954.3300,-0.03363,-0.02091,-0.00741,0.00000,0.00000,0.157,-0.053,0
954.3820,-0.03514,-0.02028,-0.00696,0.00000,0.00000,0.136,-0.047,0
954.4340,-0.03654,-0.01967,-0.00652,0.00000,0.00000,0.114,-0.042,0
954.4860,-0.03781,-0.01909,-0.00608,0.00000,0.00000,0.094,-0.037,0
954.5380,-0.03896,-0.01853,-0.00565,0.00000,0.00000,0.074,-0.032,0
954.5900,-0.04000,-0.01800,-0.00521,0.00000,0.00000,0.055,-0.027,0
954.6420,-0.04093,-0.01749,-0.00478,0.00000,0.00000,0.036,-0.022,0
954.6940,-0.04175,-0.01701,-0.00436,0.00000,0.00000,0.017,-0.017,0
954.7460,-0.04247,-0.01657,-0.00394,0.00000,0.00000,-0.000,-0.012,0
954.7980,-0.04309,-0.01616,-0.00352,0.00000,0.00000,-0.017,-0.007,0
954.8500,-0.04362,-0.01578,-0.00311,0.00000,0.00000,-0.034,-0.003,0
954.9020,-0.04406,-0.01544,-0.00271,0.00000,0.00000,-0.049,0.001,0
954.9540,-0.04442,-0.01515,-0.00231,0.00000,0.00000,-0.064,0.005,0
955.0060,-0.04470,-0.01490,-0.00192,0.00000,0.00000,-0.079,0.009,0
955.0580,-0.04492,-0.01469,-0.00154,0.00000,0.00000,-0.092,0.012,0
955.1100,-0.04507,-0.01452,-0.00116,0.00000,0.00000,-0.105,0.015,0
955.1620,-0.04517,-0.01438,-0.00080,0.00000,0.00000,-0.118,0.017,0
955.2140,-0.04522,-0.01428,-0.00044,0.00000,0.00000,-0.129,0.020,0
955.2660,-0.04523,-0.01422,-0.00008,0.00000,0.00000,-0.140,0.022,0
955.3180,-0.04520,-0.01418,0.00026,0.00000,0.00000,-0.151,0.024,0
955.3700,-0.04513,-0.01418,0.00060,0.00000,0.00000,-0.161,0.025,0
955.4220,-0.04502,-0.01422,0.00093,0.00000,0.00000,-0.170,0.026,0
955.4740,-0.04488,-0.01429,0.00125,0.00000,0.00000,-0.179,0.027,0
955.5260,-0.04471,-0.01439,0.00156,0.00000,0.00000,-0.188,0.028,0
955.5780,-0.04452,-0.01451,0.00187,0.00000,0.00000,-0.196,0.028,0
955.6300,-0.04430,-0.01466,0.00217,0.00000,0.00000,-0.204,0.028,0
955.6820,-0.04405,-0.01484,0.00246,0.00000,0.00000,-0.211,0.027,0
955.7340,-0.04377,-0.01506,0.00274,0.00000,0.00000,-0.218,0.027,0
955.7860,-0.04345,-0.01532,0.00302,0.00000,0.00000,-0.224,0.026,0
955.8380,-0.04311,-0.01560,0.00329,0.00000,0.00000,-0.231,0.025,0
955.8900,-0.04274,-0.01591,0.00355,0.00000,0.00000,-0.237,0.024,0
955.9420,-0.04234,-0.01623,0.00380,0.00000,0.00000,-0.242,0.022,0
955.9940,-0.04191,-0.01658,0.00405,0.00000,0.00000,-0.248,0.021,0
956.0460,-0.04145,-0.01694,0.00429,0.00000,0.00000,-0.253,0.019,0
956.0980,-0.04096,-0.01733,0.00452,0.00000,0.00000,-0.258,0.017,0
956.1500,-0.04043,-0.01773,0.00475,0.00000,0.00000,-0.263,0.014,0
956.2020,-0.03988,-0.01813,0.00496,0.00000,0.00000,-0.267,0.012,0
956.2540,-0.03928,-0.01853,0.00517,0.00000,0.00000,-0.271,0.009,0
956.3060,-0.03867,-0.01893,0.00538,0.00000,0.00000,-0.275,0.007,0
956.3580,-0.03801,-0.01933,0.00557,0.00000,0.00000,-0.279,0.004,0
956.4100,-0.03731,-0.01973,0.00576,0.00000,0.00000,-0.283,0.001,0
956.4620,-0.03657,-0.02014,0.00594,0.00000,0.00000,-0.286,-0.002,0
956.5140,-0.03579,-0.02055,0.00611,0.00000,0.00000,-0.289,-0.005,0
956.5660,-0.03496,-0.02095,0.00627,0.00000,0.00000,-0.292,-0.008,0
956.6180,-0.03410,-0.02133,0.00643,0.00000,0.00000,-0.294,-0.012,0
956.6700,-0.03318,-0.02172,0.00657,0.00000,0.00000,-0.297,-0.015,0
956.7220,-0.03221,-0.02209,0.00671,0.00000,0.00000,-0.299,-0.018,0
956.7740,-0.03120,-0.02245,0.00684,0.00000,0.00000,-0.300,-0.021,0
956.8260,-0.03014,-0.02280,0.00696,0.00000,0.00000,-0.302,-0.025,0
956.8780,-0.02903,-0.02313,0.00707,0.00000,0.00000,-0.303,-0.028,0
956.9300,-0.02787,-0.02344,0.00717,0.00000,0.00000,-0.303,-0.031,0
956.9820,-0.02667,-0.02372,0.00727,0.00000,0.00000,-0.303,-0.034,0
957.0340,-0.02543,-0.02396,0.00735,0.00000,0.00000,-0.303,-0.037,0
957.0860,-0.02414,-0.02417,0.00742,0.00000,0.00000,-0.303,-0.040,0
957.1380,-0.02281,-0.02434,0.00748,0.00000,0.00000,-0.302,-0.042,0
957.1900,-0.02143,-0.02450,0.00753,0.00000,0.00000,-0.300,-0.045,0
957.2420,-0.02000,-0.02462,0.00758,0.00000,0.00000,-0.298,-0.048,0
957.2940,-0.01853,-0.02472,0.00761,0.00000,0.00000,-0.296,-0.050,0
957.3460,-0.01702,-0.02479,0.00763,0.00000,0.00000,-0.293,-0.052,0
957.3980,-0.01546,-0.02482,0.00764,0.00000,0.00000,-0.290,-0.054,0
957.4500,-0.01389,-0.02479,0.00763,0.00000,0.00000,-0.286,-0.056,0
957.5020,-0.01227,-0.02473,0.00762,0.00000,0.00000,-0.282,-0.057,0
957.5540,-0.01063,-0.02462,0.00760,0.00000,0.00000,-0.277,-0.059,0
957.6060,-0.00896,-0.02447,0.00757,0.00000,0.00000,-0.271,-0.060,0
957.6580,-0.00726,-0.02429,0.00752,0.00000,0.00000,-0.266,-0.061,0
957.7100,-0.00553,-0.02407,0.00746,0.00000,0.00000,-0.259,-0.061,0
957.7620,-0.00380,-0.02381,0.00740,0.00000,0.00000,-0.252,-0.062,0
957.8140,-0.00203,-0.02352,0.00732,0.00000,0.00000,-0.245,-0.062,0
957.8660,-0.00026,-0.02319,0.00724,0.00000,0.00000,-0.237,-0.062,0
957.9180,0.00152,-0.02282,0.00714,0.00000,0.00000,-0.229,-0.062,0
957.9700,0.00331,-0.02242,0.00703,0.00000,0.00000,-0.220,-0.061,0
958.0220,0.00510,-0.02198,0.00692,0.00000,0.00000,-0.211,-0.060,0
958.0740,0.00688,-0.02150,0.00679,0.00000,0.00000,-0.201,-0.059,0
958.1260,0.00865,-0.02098,0.00666,0.00000,0.00000,-0.191,-0.058,0
958.1780,0.01041,-0.02044,0.00652,0.00000,0.00000,-0.181,-0.057,0
958.2300,0.01215,-0.01987,0.00637,0.00000,0.00000,-0.171,-0.055,0
958.2820,0.01387,-0.01927,0.00621,0.00000,0.00000,-0.160,-0.053,0
958.3340,0.01556,-0.01864,0.00604,0.00000,0.00000,-0.149,-0.051,0
958.3860,0.01722,-0.01798,0.00587,0.00000,0.00000,-0.137,-0.048,0
958.4380,0.01884,-0.01729,0.00570,0.00000,0.00000,-0.126,-0.046,0
958.4900,0.02042,-0.01657,0.00552,0.00000,0.00000,-0.114,-0.043,0
958.5420,0.02195,-0.01584,0.00533,0.00000,0.00000,-0.103,-0.040,0
958.5940,0.02344,-0.01509,0.00514,0.00000,0.00000,-0.091,-0.037,0
958.6460,0.02488,-0.01434,0.00495,0.00000,0.00000,-0.080,-0.034,0
958.6980,0.02626,-0.01358,0.00476,0.00000,0.00000,-0.068,-0.031,0
958.7500,0.02759,-0.01283,0.00456,0.00000,0.00000,-0.056,-0.027,0
958.8020,0.02886,-0.01209,0.00436,0.00000,0.00000,-0.045,-0.023,0
958.8540,0.03008,-0.01137,0.00416,0.00000,0.00000,-0.033,-0.020,0
958.9060,0.03125,-0.01066,0.00396,0.00000,0.00000,-0.022,-0.016,0
958.9580,0.03235,-0.00998,0.00376,0.00000,0.00000,-0.011,-0.012,0
959.0100,0.03340,-0.00932,0.00356,0.00000,0.00000,-0.000,-0.008,0
959.0620,0.03439,-0.00868,0.00337,0.00000,0.00000,0.011,-0.004,0
959.1140,0.03531,-0.00805,0.00318,0.00000,0.00000,0.021,0.000,0
959.1660,0.03618,-0.00744,0.00298,0.00000,0.00000,0.031,0.004,0
959.2180,0.03699,-0.00686,0.00280,0.00000,0.00000,0.040,0.008,0
959.2700,0.03776,-0.00632,0.00261,0.00000,0.00000,0.049,0.012,0
959.3220,0.03847,-0.00580,0.00243,0.00000,0.00000,0.058,0.016,0
959.3740,0.03915,-0.00533,0.00226,0.00000,0.00000,0.066,0.020,0
959.4260,0.03978,-0.00490,0.00209,0.00000,0.00000,0.074,0.024,0
959.4780,0.04038,-0.00452,0.00192,0.00000,0.00000,0.081,0.028,0
959.5300,0.04095,-0.00421,0.00176,0.00000,0.00000,0.088,0.031,0
959.5820,0.04150,-0.00395,0.00161,0.00000,0.00000,0.095,0.035,0
959.6340,0.04202,-0.00376,0.00146,0.00000,0.00000,0.101,0.039,0
959.6860,0.04252,-0.00363,0.00132,0.00000,0.00000,0.107,0.042,0
959.7380,0.04300,-0.00357,0.00118,0.00000,0.00000,0.113,0.046,0
959.7900,0.04345,-0.00356,0.00105,0.00000,0.00000,0.119,0.049,0
959.8420,0.04389,-0.00362,0.00092,0.00000,0.00000,0.124,0.052,0
959.8940,0.04431,-0.00373,0.00080,0.00000,0.00000,0.129,0.055,0
959.9460,0.04471,-0.00390,0.00069,0.00000,0.00000,0.134,0.058,0
959.9980,0.04509,-0.00412,0.00058,0.00000,0.00000,0.139,0.061,0
960.0500,0.04545,-0.00439,0.00048,0.00000,0.00000,0.143,0.064,0
960.1020,0.04580,-0.00473,0.00038,0.00000,0.00000,0.148,0.066,0
960.1540,0.04614,-0.00514,0.00029,0.00000,0.00000,0.152,0.069,0
960.2060,0.04647,-0.00560,0.00020,0.00000,0.00000,0.156,0.071,0
960.2580,0.04679,-0.00612,0.00011,0.00000,0.00000,0.160,0.073,0
960.3100,0.04710,-0.00670,0.00003,0.00000,0.00000,0.165,0.075,0
960.3620,0.04740,-0.00732,-0.00004,0.00000,0.00000,0.169,0.077,0
960.4140,0.04769,-0.00800,-0.00012,0.00000,0.00000,0.174,0.079,0
960.4660,0.04796,-0.00872,-0.00019,0.00000,0.00000,0.179,0.081,0
960.5180,0.04823,-0.00949,-0.00026,0.00000,0.00000,0.184,0.083,0
960.5700,0.04848,-0.01030,-0.00033,0.00000,0.00000,0.189,0.084,0
960.6220,0.04873,-0.01116,-0.00040,0.00000,0.00000,0.194,0.086,0
960.6740,0.04897,-0.01205,-0.00047,0.00000,0.00000,0.200,0.087,0
960.7260,0.04919,-0.01298,-0.00054,0.00000,0.00000,0.206,0.089,0
960.7780,0.04941,-0.01395,-0.00060,0.00000,0.00000,0.212,0.090,0
960.8300,0.04962,-0.01495,-0.00067,0.00000,0.00000,0.219,0.091,0
960.8820,0.04983,-0.01599,-0.00074,0.00000,0.00000,0.226,0.092,0
960.9340,0.05002,-0.01704,-0.00082,0.00000,0.00000,0.233,0.093,0
960.9860,0.05021,-0.01812,-0.00089,0.00000,0.00000,0.241,0.094,0
961.0380,0.05039,-0.01921,-0.00096,0.00000,0.00000,0.249,0.094,0
961.0900,0.05055,-0.02032,-0.00104,0.00000,0.00000,0.258,0.095,0
961.1420,0.05071,-0.02144,-0.00112,0.00000,0.00000,0.267,0.095,0
961.1940,0.05086,-0.02255,-0.00121,0.00000,0.00000,0.277,0.096,0
961.2460,0.05099,-0.02367,-0.00130,0.00000,0.00000,0.287,0.096,0
961.2980,0.05112,-0.02480,-0.00139,0.00000,0.00000,0.297,0.096,0
961.3500,0.05123,-0.02591,-0.00148,0.00000,0.00000,0.307,0.096,0
961.4020,0.05133,-0.02700,-0.00158,0.00000,0.00000,0.318,0.096,0
961.4540,0.05142,-0.02809,-0.00168,0.00000,0.00000,0.329,0.096,0
961.5060,0.05149,-0.02916,-0.00179,0.00000,0.00000,0.341,0.096,0
961.5580,0.05155,-0.03019,-0.00190,0.00000,0.00000,0.352,0.095,0
961.6100,0.05158,-0.03119,-0.00201,0.00000,0.00000,0.364,0.095,0
961.6620,0.05160,-0.03216,-0.00212,0.00000,0.00000,0.376,0.094,0
961.7140,0.05161,-0.03308,-0.00224,0.00000,0.00000,0.387,0.094,0
961.7660,0.05159,-0.03396,-0.00236,0.00000,0.00000,0.399,0.093,0
961.8180,0.05155,-0.03480,-0.00248,0.00000,0.00000,0.411,0.092,0
961.8700,0.05149,-0.03559,-0.00260,0.00000,0.00000,0.422,0.091,0
961.9220,0.05141,-0.03631,-0.00272,0.00000,0.00000,0.433,0.089,0
961.9740,0.05130,-0.03698,-0.00285,0.00000,0.00000,0.444,0.088,0
962.0260,0.05118,-0.03760,-0.00297,0.00000,0.00000,0.455,0.087,0
962.0780,0.05105,-0.03818,-0.00310,0.00000,0.00000,0.466,0.085,0
962.1300,0.05090,-0.03872,-0.00322,0.00000,0.00000,0.476,0.084,0
962.1820,0.05073,-0.03919,-0.00334,0.00000,0.00000,0.486,0.082,0
962.2340,0.05056,-0.03962,-0.00345,0.00000,0.00000,0.496,0.080,0
962.2860,0.05037,-0.04000,-0.00357,0.00000,0.00000,0.506,0.078,0
962.3380,0.05016,-0.04032,-0.00368,0.00000,0.00000,0.515,0.076,0
962.3900,0.04994,-0.04059,-0.00378,0.00000,0.00000,0.524,0.074,0
962.4420,0.04971,-0.04080,-0.00388,0.00000,0.00000,0.532,0.072,0
962.4940,0.04946,-0.04095,-0.00397,0.00000,0.00000,0.540,0.070,0
962.5460,0.04920,-0.04104,-0.00406,0.00000,0.00000,0.547,0.068,0
962.5980,0.04893,-0.04108,-0.00413,0.00000,0.00000,0.554,0.066,0
962.6500,0.04866,-0.04108,-0.00420,0.00000,0.00000,0.560,0.064,0
962.7020,0.04839,-0.04105,-0.00426,0.00000,0.00000,0.566,0.062,0
962.7540,0.04811,-0.04095,-0.00431,0.00000,0.00000,0.572,0.059,0
962.8060,0.04782,-0.04081,-0.00435,0.00000,0.00000,0.577,0.057,0
962.8580,0.04753,-0.04063,-0.00438,0.00000,0.00000,0.581,0.055,0
962.9100,0.04724,-0.04040,-0.00439,0.00000,0.00000,0.585,0.053,0
962.9620,0.04695,-0.04013,-0.00439,0.00000,0.00000,0.588,0.051,0
963.0140,0.04667,-0.03983,-0.00439,0.00000,0.00000,0.591,0.049,0
963.0660,0.04640,-0.03951,-0.00436,0.00000,0.00000,0.594,0.047,0
963.1180,0.04613,-0.03915,-0.00433,0.00000,0.00000,0.596,0.045,0
963.1700,0.04586,-0.03875,-0.00428,0.00000,0.00000,0.597,0.043,0
963.2220,0.04560,-0.03833,-0.00422,0.00000,0.00000,0.598,0.042,0
963.2740,0.04535,-0.03789,-0.00414,0.00000,0.00000,0.599,0.040,0
963.3260,0.04512,-0.03743,-0.00405,0.00000,0.00000,0.599,0.038,0
963.3780,0.04490,-0.03696,-0.00395,0.00000,0.00000,0.599,0.037,0
963.4300,0.04470,-0.03647,-0.00384,0.00000,0.00000,0.598,0.036,0
963.4820,0.04453,-0.03599,-0.00371,0.00000,0.00000,0.597,0.035,0
963.5340,0.04437,-0.03551,-0.00357,0.00000,0.00000,0.596,0.034,0
963.5860,0.04423,-0.03502,-0.00341,0.00000,0.00000,0.595,0.033,0
963.6380,0.04412,-0.03455,-0.00325,0.00000,0.00000,0.594,0.032,0
963.6900,0.04404,-0.03408,-0.00307,0.00000,0.00000,0.592,0.032,0
963.7420,0.04398,-0.03362,-0.00289,0.00000,0.00000,0.590,0.031,0
963.7940,0.04394,-0.03318,-0.00269,0.00000,0.00000,0.589,0.031,0
963.8460,0.04395,-0.03277,-0.00249,0.00000,0.00000,0.587,0.031,0
963.8980,0.04398,-0.03238,-0.00227,0.00000,0.00000,0.585,0.031,0
963.9500,0.04405,-0.03202,-0.00206,0.00000,0.00000,0.583,0.031,0
964.0020,0.04414,-0.03169,-0.00183,0.00000,0.00000,0.582,0.032,0
964.0540,0.04427,-0.03138,-0.00161,0.00000,0.00000,0.580,0.032,0
964.1060,0.04442,-0.03111,-0.00137,0.00000,0.00000,0.578,0.033,0
964.1580,0.04462,-0.03088,-0.00114,0.00000,0.00000,0.577,0.034,0
964.2100,0.04484,-0.03068,-0.00091,0.00000,0.00000,0.576,0.035,0
964.2620,0.04508,-0.03051,-0.00067,0.00000,0.00000,0.575,0.036,0
964.3140,0.04535,-0.03037,-0.00044,0.00000,0.00000,0.574,0.037,0
964.3660,0.04566,-0.03028,-0.00022,0.00000,0.00000,0.573,0.039,0
964.4180,0.04599,-0.03024,0.00001,0.00000,0.00000,0.573,0.040,0
964.4700,0.04636,-0.03026,0.00022,0.00000,0.00000,0.573,0.042,0
964.5220,0.04677,-0.03032,0.00043,0.00000,0.00000,0.573,0.044,0
964.5740,0.04719,-0.03043,0.00063,0.00000,0.00000,0.574,0.046,0
964.6260,0.04764,-0.03059,0.00082,0.00000,0.00000,0.575,0.048,0
964.6780,0.04812,-0.03079,0.00100,0.00000,0.00000,0.577,0.050,0
964.7300,0.04861,-0.03103,0.00116,0.00000,0.00000,0.579,0.052,0
964.7820,0.04912,-0.03132,0.00131,0.00000,0.00000,0.582,0.054,0
964.8340,0.04966,-0.03165,0.00145,0.00000,0.00000,0.585,0.056,0
964.8860,0.05020,-0.03202,0.00157,0.00000,0.00000,0.588,0.059,0
964.9380,0.05075,-0.03243,0.00167,0.00000,0.00000,0.592,0.061,0
964.9900,0.05130,-0.03287,0.00176,0.00000,0.00000,0.596,0.063,0
965.0420,0.05187,-0.03334,0.00182,0.00000,0.00000,0.600,0.066,0
965.0940,0.05244,-0.03386,0.00187,0.00000,0.00000,0.606,0.068,0
965.1460,0.05300,-0.03440,0.00189,0.00000,0.00000,0.611,0.070,0
965.1980,0.05356,-0.03495,0.00189,0.00000,0.00000,0.617,0.072,0
965.2500,0.05411,-0.03554,0.00187,0.00000,0.00000,0.623,0.074,0
965.3020,0.05464,-0.03615,0.00183,0.00000,0.00000,0.629,0.076,0
965.3540,0.05517,-0.03678,0.00177,0.00000,0.00000,0.636,0.078,0
965.4060,0.05568,-0.03743,0.00168,0.00000,0.00000,0.644,0.080,0
965.4580,0.05617,-0.03809,0.00157,0.00000,0.00000,0.651,0.081,0
965.5100,0.05663,-0.03876,0.00144,0.00000,0.00000,0.659,0.083,0
965.5620,0.05706,-0.03943,0.00128,0.00000,0.00000,0.667,0.084,0
965.6140,0.05744,-0.04008,0.00110,0.00000,0.00000,0.675,0.085,0
965.6660,0.05779,-0.04073,0.00090,0.00000,0.00000,0.684,0.086,0
965.7180,0.05811,-0.04139,0.00068,0.00000,0.00000,0.692,0.086,0
965.7700,0.05838,-0.04204,0.00043,0.00000,0.00000,0.700,0.086,0
965.8220,0.05860,-0.04267,0.00017,0.00000,0.00000,0.709,0.086,0
965.8740,0.05877,-0.04329,-0.00012,0.00000,0.00000,0.717,0.086,0
965.9260,0.05889,-0.04388,-0.00042,0.00000,0.00000,0.725,0.086,0
965.9780,0.05894,-0.04444,-0.00074,0.00000,0.00000,0.733,0.085,0
966.0300,0.05892,-0.04496,-0.00108,0.00000,0.00000,0.741,0.084,0
966.0820,0.05883,-0.04545,-0.00144,0.00000,0.00000,0.748,0.082,0
966.1340,0.05868,-0.04591,-0.00180,0.00000,0.00000,0.755,0.080,0
966.1860,0.05846,-0.04634,-0.00219,0.00000,0.00000,0.761,0.078,0
966.2380,0.05816,-0.04672,-0.00258,0.00000,0.00000,0.767,0.076,0
966.2900,0.05779,-0.04706,-0.00299,0.00000,0.00000,0.773,0.073,0
966.3420,0.05733,-0.04735,-0.00340,0.00000,0.00000,0.778,0.070,0
966.3940,0.05679,-0.04759,-0.00382,0.00000,0.00000,0.782,0.067,0
966.4460,0.05617,-0.04780,-0.00425,0.00000,0.00000,0.786,0.063,0
966.4980,0.05548,-0.04797,-0.00468,0.00000,0.00000,0.789,0.059,0
966.5500,0.05471,-0.04810,-0.00511,0.00000,0.00000,0.791,0.055,0
966.6020,0.05385,-0.04818,-0.00555,0.00000,0.00000,0.793,0.051,0
966.6540,0.05290,-0.04820,-0.00598,0.00000,0.00000,0.794,0.046,0
966.7060,0.05186,-0.04817,-0.00641,0.00000,0.00000,0.794,0.041,0
966.7580,0.05074,-0.04808,-0.00683,0.00000,0.00000,0.793,0.036,0
966.8100,0.04953,-0.04795,-0.00725,0.00000,0.00000,0.792,0.031,0
966.8620,0.04824,-0.04777,-0.00767,0.00000,0.00000,0.789,0.025,0
966.9140,0.04687,-0.04755,-0.00807,0.00000,0.00000,0.786,0.020,0
966.9660,0.04542,-0.04728,-0.00846,0.00000,0.00000,0.782,0.014,0
967.0180,0.04389,-0.04696,-0.00884,0.00000,0.00000,0.777,0.008,0
967.0700,0.04228,-0.04660,-0.00920,0.00000,0.00000,0.771,0.003,0
967.1220,0.04059,-0.04619,-0.00955,0.00000,0.00000,0.764,-0.003,0
967.1740,0.03882,-0.04572,-0.00988,0.00000,0.00000,0.756,-0.009,0
967.2260,0.03698,-0.04520,-0.01020,0.00000,0.00000,0.747,-0.014,0
967.2780,0.03506,-0.04463,-0.01049,0.00000,0.00000,0.737,-0.020,0
967.3300,0.03306,-0.04401,-0.01077,0.00000,0.00000,0.725,-0.025,0
967.3820,0.03101,-0.04334,-0.01102,0.00000,0.00000,0.713,-0.031,0
967.4340,0.02887,-0.04261,-0.01126,0.00000,0.00000,0.700,-0.036,0
967.4860,0.02668,-0.04184,-0.01147,0.00000,0.00000,0.686,-0.041,0
967.5380,0.02443,-0.04103,-0.01166,0.00000,0.00000,0.671,-0.045,0
967.5900,0.02213,-0.04017,-0.01182,0.00000,0.00000,0.654,-0.050,0
967.6420,0.01978,-0.03927,-0.01196,0.00000,0.00000,0.638,-0.054,0
967.6940,0.01739,-0.03834,-0.01208,0.00000,0.00000,0.620,-0.057,0
967.7460,0.01497,-0.03739,-0.01218,0.00000,0.00000,0.601,-0.061,0
967.7980,0.01250,-0.03639,-0.01225,0.00000,0.00000,0.582,-0.064,0
967.8500,0.01001,-0.03535,-0.01230,0.00000,0.00000,0.562,-0.066,0
967.9020,0.00749,-0.03429,-0.01232,0.00000,0.00000,0.541,-0.069,0
967.9540,0.00496,-0.03321,-0.01232,0.00000,0.00000,0.520,-0.071,0
968.0060,0.00242,-0.03210,-0.01230,0.00000,0.00000,0.499,-0.072,0
968.0580,-0.00012,-0.03097,-0.01225,0.00000,0.00000,0.476,-0.073,0
968.1100,-0.00267,-0.02982,-0.01218,0.00000,0.00000,0.454,-0.074,0
968.1620,-0.00521,-0.02866,-0.01210,0.00000,0.00000,0.431,-0.074,0
968.2140,-0.00772,-0.02750,-0.01199,0.00000,0.00000,0.408,-0.074,0
968.2660,-0.01021,-0.02633,-0.01186,0.00000,0.00000,0.384,-0.073,0
968.3180,-0.01267,-0.02516,-0.01171,0.00000,0.00000,0.361,-0.072,0
968.3700,-0.01510,-0.02400,-0.01154,0.00000,0.00000,0.337,-0.070,0
968.4220,-0.01749,-0.02281,-0.01135,0.00000,0.00000,0.314,-0.068,0
968.4740,-0.01984,-0.02164,-0.01115,0.00000,0.00000,0.290,-0.066,0
968.5260,-0.02213,-0.02046,-0.01094,0.00000,0.00000,0.267,-0.064,0
968.5780,-0.02436,-0.01930,-0.01070,0.00000,0.00000,0.243,-0.061,0
968.6300,-0.02652,-0.01815,-0.01046,0.00000,0.00000,0.220,-0.058,0
968.6820,-0.02862,-0.01701,-0.01020,0.00000,0.00000,0.198,-0.054,0
968.7340,-0.03064,-0.01588,-0.00993,0.00000,0.00000,0.175,-0.050,0
968.7860,-0.03258,-0.01477,-0.00965,0.00000,0.00000,0.153,-0.046,0
968.8380,-0.03442,-0.01370,-0.00936,0.00000,0.00000,0.131,-0.042,0
968.8900,-0.03618,-0.01264,-0.00906,0.00000,0.00000,0.110,-0.037,0
968.9420,-0.03784,-0.01159,-0.00876,0.00000,0.00000,0.090,-0.033,0
968.9940,-0.03940,-0.01057,-0.00844,0.00000,0.00000,0.069,-0.028,0
969.0460,-0.04087,-0.00957,-0.00812,0.00000,0.00000,0.050,-0.023,0
969.0980,-0.04225,-0.00860,-0.00780,0.00000,0.00000,0.031,-0.018,0
969.1500,-0.04352,-0.00766,-0.00747,0.00000,0.00000,0.013,-0.013,0
969.2020,-0.04471,-0.00674,-0.00714,0.00000,0.00000,-0.005,-0.008,0
969.2540,-0.04581,-0.00586,-0.00681,0.00000,0.00000,-0.021,-0.003,0
969.3060,-0.04683,-0.00500,-0.00648,0.00000,0.00000,-0.037,0.002,0
969.3580,-0.04778,-0.00417,-0.00614,0.00000,0.00000,-0.052,0.007,0
969.4100,-0.04865,-0.00336,-0.00581,0.00000,0.00000,-0.066,0.012,0
969.4620,-0.04947,-0.00257,-0.00547,0.00000,0.00000,-0.079,0.017,0
969.5140,-0.05023,-0.00179,-0.00514,0.00000,0.00000,-0.092,0.021,0
969.5660,-0.05094,-0.00104,-0.00480,0.00000,0.00000,-0.103,0.025,0
969.6180,-0.05159,-0.00032,-0.00447,0.00000,0.00000,-0.114,0.030,0
969.6700,-0.05219,0.00037,-0.00413,0.00000,0.00000,-0.123,0.034,0
969.7220,-0.05276,0.00105,-0.00380,0.00000,0.00000,-0.132,0.037,0
969.7740,-0.05328,0.00170,-0.00347,0.00000,0.00000,-0.140,0.041,0
969.8260,-0.05377,0.00231,-0.00315,0.00000,0.00000,-0.147,0.044,0
969.8780,-0.05421,0.00290,-0.00282,0.00000,0.00000,-0.153,0.047,0
969.9300,-0.05462,0.00345,-0.00249,0.00000,0.00000,-0.158,0.050,0
969.9820,-0.05499,0.00397,-0.00217,0.00000,0.00000,-0.162,0.052,0
970.0340,-0.05532,0.00446,-0.00185,0.00000,0.00000,-0.166,0.054,0
970.0860,-0.05563,0.00493,-0.00152,0.00000,0.00000,-0.169,0.056,0
970.1380,-0.05590,0.00537,-0.00120,0.00000,0.00000,-0.172,0.057,0
970.1900,-0.05615,0.00580,-0.00088,0.00000,0.00000,-0.173,0.059,0
970.2420,-0.05636,0.00619,-0.00056,0.00000,0.00000,-0.175,0.059,0
970.2940,-0.05654,0.00657,-0.00023,0.00000,0.00000,-0.175,0.060,0
970.3460,-0.05669,0.00693,0.00009,0.00000,0.00000,-0.175,0.060,0
970.3980,-0.05680,0.00725,0.00042,0.00000,0.00000,-0.174,0.060,0
970.4500,-0.05687,0.00756,0.00075,0.00000,0.00000,-0.173,0.060,0
970.5020,-0.05691,0.00784,0.00108,0.00000,0.00000,-0.171,0.059,0
970.5540,-0.05689,0.00808,0.00141,0.00000,0.00000,-0.169,0.058,0
970.6060,-0.05682,0.00828,0.00174,0.00000,0.00000,-0.167,0.057,0
970.6580,-0.05670,0.00845,0.00208,0.00000,0.00000,-0.164,0.056,0
970.7100,-0.05653,0.00859,0.00243,0.00000,0.00000,-0.161,0.054,0
970.7620,-0.05630,0.00871,0.00277,0.00000,0.00000,-0.157,0.051,0
970.8140,-0.05601,0.00878,0.00312,0.00000,0.00000,-0.154,0.049,0
970.8660,-0.05565,0.00883,0.00348,0.00000,0.00000,-0.150,0.046,0
970.9180,-0.05523,0.00884,0.00384,0.00000,0.00000,-0.146,0.043,0
970.9700,-0.05474,0.00882,0.00420,0.00000,0.00000,-0.142,0.040,0
971.0220,-0.05417,0.00876,0.00457,0.00000,0.00000,-0.137,0.036,0
971.0740,-0.05353,0.00866,0.00495,0.00000,0.00000,-0.133,0.032,0
971.1260,-0.05281,0.00853,0.00532,0.00000,0.00000,-0.128,0.028,0
971.1780,-0.05200,0.00837,0.00570,0.00000,0.00000,-0.124,0.023,0
971.2300,-0.05111,0.00816,0.00609,0.00000,0.00000,-0.120,0.018,0
971.2820,-0.05012,0.00790,0.00648,0.00000,0.00000,-0.115,0.014,0
971.3340,-0.04905,0.00761,0.00687,0.00000,0.00000,-0.111,0.008,0
971.3860,-0.04788,0.00728,0.00727,0.00000,0.00000,-0.107,0.003,0
971.4380,-0.04661,0.00691,0.00766,0.00000,0.00000,-0.103,-0.003,0
971.4900,-0.04525,0.00649,0.00806,0.00000,0.00000,-0.100,-0.008,0
971.5420,-0.04379,0.00604,0.00846,0.00000,0.00000,-0.096,-0.014,0
971.5940,-0.04223,0.00554,0.00886,0.00000,0.00000,-0.093,-0.020,0
971.6460,-0.04056,0.00500,0.00926,0.00000,0.00000,-0.090,-0.026,0
971.6980,-0.03880,0.00442,0.00965,0.00000,0.00000,-0.087,-0.032,0
971.7500,-0.03693,0.00379,0.01005,0.00000,0.00000,-0.084,-0.038,0
971.8020,-0.03496,0.00311,0.01044,0.00000,0.00000,-0.082,-0.044,0
971.8540,-0.03289,0.00241,0.01082,0.00000,0.00000,-0.080,-0.050,0
971.9060,-0.03073,0.00168,0.01121,0.00000,0.00000,-0.078,-0.056,0
971.9580,-0.02847,0.00090,0.01158,0.00000,0.00000,-0.077,-0.062,0
972.0100,-0.02612,0.00008,0.01195,0.00000,0.00000,-0.075,-0.067,0
972.0620,-0.02367,-0.00078,0.01230,0.00000,0.00000,-0.074,-0.072,0
972.1140,-0.02113,-0.00168,0.01265,0.00000,0.00000,-0.074,-0.077,0
972.1660,-0.01850,-0.00263,0.01298,0.00000,0.00000,-0.073,-0.082,0
972.2180,-0.01579,-0.00362,0.01331,0.00000,0.00000,-0.073,-0.086,0
972.2700,-0.01300,-0.00464,0.01361,0.00000,0.00000,-0.073,-0.090,0
972.3220,-0.01014,-0.00569,0.01391,0.00000,0.00000,-0.073,-0.094,0
972.3740,-0.00723,-0.00675,0.01418,0.00000,0.00000,-0.072,-0.097,0
972.4260,-0.00426,-0.00783,0.01444,0.00000,0.00000,-0.072,-0.099,0
972.4780,-0.00124,-0.00894,0.01468,0.00000,0.00000,-0.072,-0.102,0
972.5300,0.00182,-0.01007,0.01489,0.00000,0.00000,-0.072,-0.103,0
972.5820,0.00492,-0.01123,0.01509,0.00000,0.00000,-0.072,-0.104,0
972.6340,0.00805,-0.01242,0.01526,0.00000,0.00000,-0.071,-0.104,0
972.6860,0.01120,-0.01362,0.01541,0.00000,0.00000,-0.070,-0.104,0
972.7380,0.01435,-0.01483,0.01553,0.00000,0.00000,-0.069,-0.102,0
972.7900,0.01751,-0.01607,0.01563,0.00000,0.00000,-0.068,-0.101,0
972.8420,0.02066,-0.01733,0.01570,0.00000,0.00000,-0.066,-0.098,0
972.8940,0.02380,-0.01861,0.01574,0.00000,0.00000,-0.063,-0.095,0
972.9460,0.02691,-0.01990,0.01575,0.00000,0.00000,-0.060,-0.090,0
972.9980,0.02999,-0.02122,0.01574,0.00000,0.00000,-0.056,-0.085,0
973.0500,0.03301,-0.02253,0.01569,0.00000,0.00000,-0.052,-0.080,0
973.1020,0.03596,-0.02384,0.01561,0.00000,0.00000,-0.046,-0.073,0
973.1540,0.03883,-0.02514,0.01551,0.00000,0.00000,-0.039,-0.066,0
973.2060,0.04161,-0.02643,0.01537,0.00000,0.00000,-0.032,-0.058,0
973.2580,0.04429,-0.02771,0.01520,0.00000,0.00000,-0.023,-0.050,0
973.3100,0.04688,-0.02900,0.01499,0.00000,0.00000,-0.014,-0.041,0
973.3620,0.04936,-0.03027,0.01476,0.00000,0.00000,-0.003,-0.031,0
973.4140,0.05173,-0.03153,0.01450,0.00000,0.00000,0.009,-0.020,0
973.4660,0.05399,-0.03278,0.01420,0.00000,0.00000,0.022,-0.009,0
973.5180,0.05613,-0.03399,0.01388,0.00000,0.00000,0.036,0.002,0
973.5700,0.05817,-0.03519,0.01352,0.00000,0.00000,0.052,0.014,0
973.6220,0.06012,-0.03638,0.01314,0.00000,0.00000,0.069,0.026,0
973.6740,0.06196,-0.03754,0.01272,0.00000,0.00000,0.087,0.038,0
973.7260,0.06371,-0.03868,0.01228,0.00000,0.00000,0.106,0.051,0
973.7780,0.06538,-0.03980,0.01181,0.00000,0.00000,0.126,0.063,0
973.8300,0.06696,-0.04089,0.01132,0.00000,0.00000,0.147,0.076,0
973.8820,0.06846,-0.04196,0.01080,0.00000,0.00000,0.170,0.089,0
973.9340,0.06989,-0.04300,0.01026,0.00000,0.00000,0.193,0.101,0
973.9860,0.07124,-0.04400,0.00969,0.00000,0.00000,0.217,0.113,0
974.0380,0.07254,-0.04498,0.00911,0.00000,0.00000,0.242,0.125,0
974.0900,0.07377,-0.04594,0.00851,0.00000,0.00000,0.268,0.136,0
974.1420,0.07495,-0.04688,0.00789,0.00000,0.00000,0.295,0.147,0
974.1940,0.07607,-0.04779,0.00725,0.00000,0.00000,0.322,0.158,0
974.2460,0.07714,-0.04866,0.00660,0.00000,0.00000,0.350,0.168,0
974.2980,0.07814,-0.04948,0.00594,0.00000,0.00000,0.378,0.177,0
974.3500,0.07909,-0.05027,0.00526,0.00000,0.00000,0.407,0.186,0
974.4020,0.07998,-0.05100,0.00458,0.00000,0.00000,0.436,0.194,0
974.4540,0.08081,-0.05168,0.00389,0.00000,0.00000,0.464,0.201,0
974.5060,0.08158,-0.05231,0.00320,0.00000,0.00000,0.493,0.207,0
974.5580,0.08230,-0.05290,0.00251,0.00000,0.00000,0.521,0.213,0
974.6100,0.08296,-0.05347,0.00181,0.00000,0.00000,0.549,0.218,0
974.6620,0.08357,-0.05398,0.00112,0.00000,0.00000,0.577,0.222,0
974.7140,0.08412,-0.05445,0.00043,0.00000,0.00000,0.604,0.225,0
974.7660,0.08461,-0.05488,-0.00025,0.00000,0.00000,0.631,0.227,0
974.8180,0.08505,-0.05527,-0.00093,0.00000,0.00000,0.658,0.229,0
974.8700,0.08544,-0.05563,-0.00160,0.00000,0.00000,0.684,0.230,0
974.9220,0.08576,-0.05595,-0.00225,0.00000,0.00000,0.709,0.230,0
974.9740,0.08603,-0.05623,-0.00289,0.00000,0.00000,0.734,0.229,0
975.0260,0.08623,-0.05648,-0.00352,0.00000,0.00000,0.758,0.228,0
975.0780,0.08638,-0.05668,-0.00412,0.00000,0.00000,0.781,0.226,0
975.1300,0.08646,-0.05686,-0.00471,0.00000,0.00000,0.803,0.223,0
975.1820,0.08648,-0.05699,-0.00528,0.00000,0.00000,0.825,0.219,0
975.2340,0.08644,-0.05708,-0.00583,0.00000,0.00000,0.845,0.215,0
975.2860,0.08633,-0.05714,-0.00635,0.00000,0.00000,0.864,0.211,0
975.3380,0.08616,-0.05716,-0.00685,0.00000,0.00000,0.883,0.206,0
975.3900,0.08593,-0.05714,-0.00732,0.00000,0.00000,0.900,0.200,0
975.4420,0.08563,-0.05709,-0.00777,0.00000,0.00000,0.915,0.194,0
975.4940,0.08528,-0.05702,-0.00818,0.00000,0.00000,0.930,0.187,0
975.5460,0.08488,-0.05692,-0.00857,0.00000,0.00000,0.944,0.180,0
975.5980,0.08442,-0.05681,-0.00893,0.00000,0.00000,0.957,0.173,0
975.6500,0.08391,-0.05668,-0.00926,0.00000,0.00000,0.969,0.166,0
975.7020,0.08335,-0.05652,-0.00956,0.00000,0.00000,0.980,0.158,0
975.7540,0.08273,-0.05634,-0.00983,0.00000,0.00000,0.989,0.150,0
975.8060,0.08207,-0.05613,-0.01006,0.00000,0.00000,0.998,0.142,0
975.8580,0.08136,-0.05590,-0.01027,0.00000,0.00000,1.006,0.134,0
975.9100,0.08060,-0.05565,-0.01045,0.00000,0.00000,1.012,0.126,0
975.9620,0.07981,-0.05538,-0.01059,0.00000,0.00000,1.017,0.118,0
976.0140,0.07897,-0.05509,-0.01071,0.00000,0.00000,1.022,0.110,0
976.0660,0.07809,-0.05479,-0.01079,0.00000,0.00000,1.025,0.102,0
976.1180,0.07718,-0.05446,-0.01085,0.00000,0.00000,1.027,0.094,0
976.1700,0.07624,-0.05412,-0.01088,0.00000,0.00000,1.029,0.086,0
976.2220,0.07527,-0.05376,-0.01089,0.00000,0.00000,1.029,0.078,0
976.2740,0.07428,-0.05340,-0.01086,0.00000,0.00000,1.029,0.071,0
976.3260,0.07327,-0.05302,-0.01082,0.00000,0.00000,1.028,0.063,0
976.3780,0.07223,-0.05262,-0.01075,0.00000,0.00000,1.026,0.056,0
976.4300,0.07119,-0.05222,-0.01065,0.00000,0.00000,1.023,0.049,0
976.4820,0.07013,-0.05181,-0.01054,0.00000,0.00000,1.020,0.043,0
976.5340,0.06906,-0.05139,-0.01041,0.00000,0.00000,1.016,0.036,0
976.5860,0.06799,-0.05097,-0.01026,0.00000,0.00000,1.012,0.030,0
976.6380,0.06693,-0.05057,-0.01010,0.00000,0.00000,1.007,0.025,0
976.6900,0.06587,-0.05015,-0.00992,0.00000,0.00000,1.002,0.019,0
976.7420,0.06480,-0.04971,-0.00973,0.00000,0.00000,0.996,0.014,0
976.7940,0.06373,-0.04926,-0.00953,0.00000,0.00000,0.990,0.009,0
976.8460,0.06267,-0.04880,-0.00931,0.00000,0.00000,0.983,0.005,0
976.8980,0.06161,-0.04832,-0.00910,0.00000,0.00000,0.976,0.001,0
976.9500,0.06055,-0.04782,-0.00887,0.00000,0.00000,0.968,-0.003,0
977.0020,0.05950,-0.04730,-0.00864,0.00000,0.00000,0.959,-0.007,0
977.0540,0.05846,-0.04678,-0.00841,0.00000,0.00000,0.950,-0.010,0
977.1060,0.05743,-0.04624,-0.00818,0.00000,0.00000,0.941,-0.013,0
977.1580,0.05641,-0.04569,-0.00794,0.00000,0.00000,0.932,-0.016,0
977.2100,0.05541,-0.04512,-0.00771,0.00000,0.00000,0.922,-0.019,0
977.2620,0.05442,-0.04454,-0.00748,0.00000,0.00000,0.912,-0.021,0
977.3140,0.05345,-0.04396,-0.00726,0.00000,0.00000,0.902,-0.023,0
977.3660,0.05250,-0.04337,-0.00704,0.00000,0.00000,0.892,-0.025,0
977.4180,0.05156,-0.04277,-0.00683,0.00000,0.00000,0.882,-0.027,0
977.4700,0.05064,-0.04215,-0.00662,0.00000,0.00000,0.871,-0.028,0
977.5220,0.04974,-0.04153,-0.00643,0.00000,0.00000,0.861,-0.029,0
977.5740,0.04887,-0.04090,-0.00624,0.00000,0.00000,0.850,-0.031,0
977.6260,0.04801,-0.04026,-0.00606,0.00000,0.00000,0.840,-0.032,0
977.6780,0.04717,-0.03961,-0.00589,0.00000,0.00000,0.829,-0.033,0
977.7300,0.04634,-0.03894,-0.00573,0.00000,0.00000,0.819,-0.034,0
977.7820,0.04552,-0.03824,-0.00558,0.00000,0.00000,0.808,-0.034,0
977.8340,0.04471,-0.03753,-0.00544,0.00000,0.00000,0.797,-0.035,0
977.8860,0.04391,-0.03679,-0.00531,0.00000,0.00000,0.786,-0.036,0
977.9380,0.04311,-0.03603,-0.00520,0.00000,0.00000,0.774,-0.036,0
977.9900,0.04233,-0.03525,-0.00509,0.00000,0.00000,0.763,-0.037,0
978.0420,0.04155,-0.03445,-0.00499,0.00000,0.00000,0.751,-0.037,0
978.0940,0.04078,-0.03364,-0.00491,0.00000,0.00000,0.739,-0.037,0
978.1460,0.04001,-0.03279,-0.00483,0.00000,0.00000,0.727,-0.038,0
978.1980,0.03924,-0.03192,-0.00476,0.00000,0.00000,0.715,-0.038,0
978.2500,0.03847,-0.03104,-0.00470,0.00000,0.00000,0.702,-0.038,0
978.3020,0.03771,-0.03014,-0.00465,0.00000,0.00000,0.690,-0.039,0
978.3540,0.03694,-0.02922,-0.00461,0.00000,0.00000,0.677,-0.039,0
978.4060,0.03616,-0.02826,-0.00457,0.00000,0.00000,0.664,-0.039,0
978.4580,0.03538,-0.02728,-0.00454,0.00000,0.00000,0.651,-0.040,0
978.5100,0.03460,-0.02629,-0.00451,0.00000,0.00000,0.638,-0.040,0
978.5620,0.03381,-0.02529,-0.00449,0.00000,0.00000,0.624,-0.040,0
978.6140,0.03302,-0.02427,-0.00447,0.00000,0.00000,0.611,-0.040,0
978.6660,0.03223,-0.02325,-0.00445,0.00000,0.00000,0.597,-0.041,0
978.7180,0.03143,-0.02221,-0.00443,0.00000,0.00000,0.584,-0.041,0
978.7700,0.03063,-0.02118,-0.00441,0.00000,0.00000,0.570,-0.041,0
978.8220,0.02983,-0.02015,-0.00440,0.00000,0.00000,0.556,-0.041,0
978.8740,0.02903,-0.01912,-0.00438,0.00000,0.00000,0.542,-0.041,0
978.9260,0.02822,-0.01809,-0.00436,0.00000,0.00000,0.529,-0.041,0
978.9780,0.02741,-0.01707,-0.00434,0.00000,0.00000,0.515,-0.042,0
979.0300,0.02661,-0.01606,-0.00431,0.00000,0.00000,0.501,-0.042,0
979.0820,0.02580,-0.01506,-0.00428,0.00000,0.00000,0.487,-0.042,0
979.1340,0.02498,-0.01407,-0.00424,0.00000,0.00000,0.474,-0.042,0
979.1860,0.02417,-0.01309,-0.00420,0.00000,0.00000,0.460,-0.042,0
979.2380,0.02336,-0.01215,-0.00415,0.00000,0.00000,0.446,-0.042,0
979.2900,0.02255,-0.01121,-0.00410,0.00000,0.00000,0.433,-0.042,0
979.3420,0.02174,-0.01029,-0.00404,0.00000,0.00000,0.420,-0.041,0
979.3940,0.02092,-0.00940,-0.00397,0.00000,0.00000,0.406,-0.041,0
979.4460,0.02011,-0.00852,-0.00389,0.00000,0.00000,0.393,-0.041,0
979.4980,0.01930,-0.00768,-0.00381,0.00000,0.00000,0.380,-0.041,0
979.5500,0.01849,-0.00687,-0.00372,0.00000,0.00000,0.366,-0.040,0
979.6020,0.01768,-0.00609,-0.00362,0.00000,0.00000,0.354,-0.040,0
979.6540,0.01689,-0.00536,-0.00352,0.00000,0.00000,0.341,-0.039,0
979.7060,0.01610,-0.00466,-0.00341,0.00000,0.00000,0.328,-0.039,0
979.7580,0.01532,-0.00402,-0.00329,0.00000,0.00000,0.316,-0.038,0
979.8100,0.01454,-0.00341,-0.00316,0.00000,0.00000,0.304,-0.037,0
979.8620,0.01378,-0.00285,-0.00303,0.00000,0.00000,0.293,-0.036,0
979.9140,0.01302,-0.00233,-0.00289,0.00000,0.00000,0.281,-0.036,0
979.9660,0.01227,-0.00187,-0.00275,0.00000,0.00000,0.270,-0.035,0
980.0180,0.01154,-0.00146,-0.00260,0.00000,0.00000,0.259,-0.034,0
980.0700,0.01081,-0.00110,-0.00245,0.00000,0.00000,0.249,-0.033,0
980.1220,0.01010,-0.00080,-0.00229,0.00000,0.00000,0.239,-0.032,0
980.1740,0.00940,-0.00055,-0.00213,0.00000,0.00000,0.229,-0.031,0
980.2260,0.00872,-0.00036,-0.00198,0.00000,0.00000,0.219,-0.029,0
980.2780,0.00805,-0.00024,-0.00182,0.00000,0.00000,0.210,-0.028,0
980.3300,0.00740,-0.00017,-0.00166,0.00000,0.00000,0.202,-0.027,0
980.3820,0.00675,-0.00015,-0.00150,0.00000,0.00000,0.194,-0.026,0
980.4340,0.00612,-0.00018,-0.00134,0.00000,0.00000,0.186,-0.024,0
980.4860,0.00549,-0.00026,-0.00119,0.00000,0.00000,0.178,-0.023,0
980.5380,0.00487,-0.00039,-0.00104,0.00000,0.00000,0.171,-0.022,0
980.5900,0.00426,-0.00056,-0.00089,0.00000,0.00000,0.164,-0.021,0
980.6420,0.00367,-0.00080,-0.00076,0.00000,0.00000,0.157,-0.019,0
980.6940,0.00309,-0.00110,-0.00062,0.00000,0.00000,0.151,-0.018,0
980.7460,0.00252,-0.00145,-0.00050,0.00000,0.00000,0.145,-0.017,0
980.7980,0.00196,-0.00185,-0.00038,0.00000,0.00000,0.140,-0.015,0
980.8500,0.00141,-0.00229,-0.00027,0.00000,0.00000,0.135,-0.014,0
980.9020,0.00086,-0.00278,-0.00017,0.00000,0.00000,0.130,-0.013,0
980.9540,0.00032,-0.00330,-0.00009,0.00000,0.00000,0.125,-0.012,0
981.0060,-0.00022,-0.00388,-0.00001,0.00000,0.00000,0.121,-0.011,0
981.0580,-0.00074,-0.00449,0.00006,0.00000,0.00000,0.117,-0.010,0
981.1100,-0.00127,-0.00512,0.00011,0.00000,0.00000,0.113,-0.009,0
981.1620,-0.00180,-0.00579,0.00016,0.00000,0.00000,0.110,-0.008,0
981.2140,-0.00233,-0.00649,0.00019,0.00000,0.00000,0.107,-0.007,0
981.2660,-0.00286,-0.00721,0.00020,0.00000,0.00000,0.103,-0.006,0
981.3180,-0.00339,-0.00794,0.00021,0.00000,0.00000,0.100,-0.005,0
981.3700,-0.00393,-0.00869,0.00020,0.00000,0.00000,0.097,-0.004,0
981.4220,-0.00448,-0.00945,0.00018,0.00000,0.00000,0.095,-0.004,0
981.4740,-0.00503,-0.01022,0.00015,0.00000,0.00000,0.092,-0.003,0
981.5260,-0.00558,-0.01101,0.00011,0.00000,0.00000,0.089,-0.002,0
981.5780,-0.00614,-0.01182,0.00005,0.00000,0.00000,0.087,-0.002,0
981.6300,-0.00670,-0.01262,-0.00002,0.00000,0.00000,0.084,-0.001,0
981.6820,-0.00727,-0.01342,-0.00009,0.00000,0.00000,0.081,-0.001,0
981.7340,-0.00784,-0.01422,-0.00018,0.00000,0.00000,0.079,-0.001,0
981.7860,-0.00842,-0.01502,-0.00028,0.00000,0.00000,0.076,-0.000,0
981.8380,-0.00901,-0.01580,-0.00038,0.00000,0.00000,0.074,-0.000,0
981.8900,-0.00961,-0.01657,-0.00049,0.00000,0.00000,0.071,0.000,0
981.9420,-0.01022,-0.01733,-0.00061,0.00000,0.00000,0.068,0.000,0
981.9940,-0.01082,-0.01807,-0.00074,0.00000,0.00000,0.065,0.000,0
982.0460,-0.01143,-0.01881,-0.00087,0.00000,0.00000,0.062,0.001,0
982.0980,-0.01204,-0.01953,-0.00100,0.00000,0.00000,0.059,0.001,0
982.1500,-0.01264,-0.02025,-0.00114,0.00000,0.00000,0.055,0.001,0
982.2020,-0.01324,-0.02095,-0.00128,0.00000,0.00000,0.052,0.001,0
982.2540,-0.01383,-0.02164,-0.00142,0.00000,0.00000,0.048,0.001,0
982.3060,-0.01442,-0.02229,-0.00155,0.00000,0.00000,0.044,0.001,0
982.3580,-0.01500,-0.02294,-0.00169,0.00000,0.00000,0.040,0.001,0
982.4100,-0.01557,-0.02357,-0.00182,0.00000,0.00000,0.036,0.001,0
982.4620,-0.01613,-0.02417,-0.00195,0.00000,0.00000,0.032,0.001,0
982.5140,-0.01667,-0.02475,-0.00207,0.00000,0.00000,0.028,0.001,0
982.5660,-0.01720,-0.02530,-0.00219,0.00000,0.00000,0.023,0.001,0
982.6180,-0.01771,-0.02582,-0.00230,0.00000,0.00000,0.018,0.001,0
982.6700,-0.01821,-0.02631,-0.00240,0.00000,0.00000,0.013,0.001,0
982.7220,-0.01869,-0.02675,-0.00249,0.00000,0.00000,0.007,0.001,0
982.7740,-0.01916,-0.02715,-0.00256,0.00000,0.00000,0.002,0.001,0
982.8260,-0.01960,-0.02753,-0.00263,0.00000,0.00000,-0.004,0.001,0
982.8780,-0.02000,-0.02790,-0.00268,0.00000,0.00000,-0.010,0.001,0
982.9300,-0.02038,-0.02823,-0.00272,0.00000,0.00000,-0.016,0.001,0
982.9820,-0.02072,-0.02855,-0.00275,0.00000,0.00000,-0.022,0.001,0
983.0340,-0.02103,-0.02884,-0.00276,0.00000,0.00000,-0.029,0.002,0
983.0860,-0.02131,-0.02910,-0.00275,0.00000,0.00000,-0.035,0.002,0
983.1380,-0.02156,-0.02933,-0.00273,0.00000,0.00000,-0.042,0.002,0
983.1900,-0.02178,-0.02952,-0.00270,0.00000,0.00000,-0.048,0.002,0
983.2420,-0.02196,-0.02969,-0.00264,0.00000,0.00000,-0.055,0.002,0
983.2940,-0.02210,-0.02984,-0.00257,0.00000,0.00000,-0.062,0.002,0
983.3460,-0.02221,-0.02996,-0.00248,0.00000,0.00000,-0.068,0.002,0
983.3980,-0.02227,-0.03005,-0.00237,0.00000,0.00000,-0.075,0.002,0
983.4500,-0.02229,-0.03012,-0.00225,0.00000,0.00000,-0.081,0.003,0
983.5020,-0.02227,-0.03017,-0.00211,0.00000,0.00000,-0.088,0.003,0
983.5540,-0.02220,-0.03021,-0.00195,0.00000,0.00000,-0.094,0.003,0
983.6060,-0.02208,-0.03022,-0.00178,0.00000,0.00000,-0.100,0.003,0
983.6580,-0.02192,-0.03021,-0.00159,0.00000,0.00000,-0.106,0.003,0
983.7100,-0.02171,-0.03018,-0.00138,0.00000,0.00000,-0.112,0.003,0
983.7620,-0.02145,-0.03016,-0.00116,0.00000,0.00000,-0.117,0.002,0
983.8140,-0.02112,-0.03013,-0.00093,0.00000,0.00000,-0.122,0.002,0
983.8660,-0.02075,-0.03008,-0.00068,0.00000,0.00000,-0.127,0.002,0
983.9180,-0.02033,-0.03001,-0.00042,0.00000,0.00000,-0.132,0.002,0
983.9700,-0.01985,-0.02993,-0.00015,0.00000,0.00000,-0.136,0.001,0
984.0220,-0.01932,-0.02985,0.00014,0.00000,0.00000,-0.140,0.001,0
984.0740,-0.01874,-0.02976,0.00043,0.00000,0.00000,-0.144,0.000,0
984.1260,-0.01809,-0.02967,0.00073,0.00000,0.00000,-0.147,-0.000,0
984.1780,-0.01739,-0.02958,0.00104,0.00000,0.00000,-0.150,-0.001,0
984.2300,-0.01664,-0.02949,0.00135,0.00000,0.00000,-0.153,-0.002,0
984.2820,-0.01582,-0.02941,0.00167,0.00000,0.00000,-0.155,-0.003,0
984.3340,-0.01494,-0.02934,0.00199,0.00000,0.00000,-0.157,-0.003,0
984.3860,-0.01401,-0.02927,0.00231,0.00000,0.00000,-0.158,-0.004,0
984.4380,-0.01303,-0.02919,0.00264,0.00000,0.00000,-0.159,-0.005,0
984.4900,-0.01199,-0.02912,0.00296,0.00000,0.00000,-0.159,-0.006,0
984.5420,-0.01091,-0.02906,0.00328,0.00000,0.00000,-0.159,-0.007,0
984.5940,-0.00978,-0.02898,0.00360,0.00000,0.00000,-0.158,-0.008,0
984.6460,-0.00860,-0.02892,0.00392,0.00000,0.00000,-0.157,-0.009,0
984.6980,-0.00738,-0.02886,0.00423,0.00000,0.00000,-0.155,-0.010,0
984.7500,-0.00611,-0.02882,0.00453,0.00000,0.00000,-0.153,-0.011,0
984.8020,-0.00479,-0.02879,0.00482,0.00000,0.00000,-0.151,-0.012,0
984.8540,-0.00344,-0.02876,0.00511,0.00000,0.00000,-0.148,-0.013,0
984.9060,-0.00205,-0.02875,0.00539,0.00000,0.00000,-0.144,-0.014,0
984.9580,-0.00063,-0.02875,0.00565,0.00000,0.00000,-0.140,-0.014,0
985.0100,0.00083,-0.02878,0.00590,0.00000,0.00000,-0.136,-0.015,0
985.0620,0.00233,-0.02884,0.00615,0.00000,0.00000,-0.130,-0.015,0
985.1140,0.00384,-0.02890,0.00637,0.00000,0.00000,-0.125,-0.016,0
985.1660,0.00538,-0.02897,0.00659,0.00000,0.00000,-0.119,-0.016,0
985.2180,0.00693,-0.02907,0.00679,0.00000,0.00000,-0.112,-0.016,0
985.2700,0.00850,-0.02918,0.00697,0.00000,0.00000,-0.105,-0.016,0
985.3220,0.01007,-0.02930,0.00714,0.00000,0.00000,-0.098,-0.016,0
985.3740,0.01165,-0.02943,0.00729,0.00000,0.00000,-0.090,-0.015,0
985.4260,0.01323,-0.02958,0.00742,0.00000,0.00000,-0.082,-0.014,0
985.4780,0.01480,-0.02975,0.00754,0.00000,0.00000,-0.073,-0.014,0
985.5300,0.01637,-0.02994,0.00764,0.00000,0.00000,-0.063,-0.012,0
985.5820,0.01793,-0.03015,0.00773,0.00000,0.00000,-0.054,-0.011,0
985.6340,0.01947,-0.03039,0.00780,0.00000,0.00000,-0.043,-0.010,0
985.6860,0.02100,-0.03064,0.00785,0.00000,0.00000,-0.033,-0.008,0
985.7380,0.02250,-0.03092,0.00788,0.00000,0.00000,-0.021,-0.006,0
985.7900,0.02398,-0.03122,0.00790,0.00000,0.00000,-0.010,-0.003,0
985.8420,0.02543,-0.03154,0.00791,0.00000,0.00000,0.002,-0.001,0
985.8940,0.02686,-0.03186,0.00789,0.00000,0.00000,0.015,0.002,0
985.9460,0.02825,-0.03220,0.00786,0.00000,0.00000,0.028,0.005,0
985.9980,0.02961,-0.03256,0.00782,0.00000,0.00000,0.041,0.008,0
986.0500,0.03095,-0.03294,0.00777,0.00000,0.00000,0.054,0.012,0
986.1020,0.03226,-0.03335,0.00769,0.00000,0.00000,0.068,0.015,0
986.1540,0.03355,-0.03379,0.00761,0.00000,0.00000,0.083,0.019,0
986.2060,0.03482,-0.03425,0.00751,0.00000,0.00000,0.097,0.023,0
986.2580,0.03607,-0.03473,0.00741,0.00000,0.00000,0.113,0.028,0
986.3100,0.03729,-0.03522,0.00729,0.00000,0.00000,0.128,0.032,0
986.3620,0.03849,-0.03574,0.00716,0.00000,0.00000,0.144,0.036,0
986.4140,0.03967,-0.03627,0.00702,0.00000,0.00000,0.160,0.041,0
986.4660,0.04082,-0.03680,0.00687,0.00000,0.00000,0.176,0.046,0
986.5180,0.04195,-0.03734,0.00671,0.00000,0.00000,0.193,0.050,0
986.5700,0.04306,-0.03789,0.00655,0.00000,0.00000,0.209,0.055,0
986.6220,0.04416,-0.03846,0.00638,0.00000,0.00000,0.226,0.060,0
986.6740,0.04526,-0.03906,0.00620,0.00000,0.00000,0.244,0.065,0
986.7260,0.04634,-0.03966,0.00602,0.00000,0.00000,0.261,0.070,0
986.7780,0.04741,-0.04028,0.00583,0.00000,0.00000,0.279,0.075,0
986.8300,0.04848,-0.04092,0.00563,0.00000,0.00000,0.297,0.080,0
986.8820,0.04953,-0.04156,0.00543,0.00000,0.00000,0.316,0.085,0
986.9340,0.05058,-0.04221,0.00523,0.00000,0.00000,0.334,0.090,0
986.9860,0.05162,-0.04287,0.00502,0.00000,0.00000,0.353,0.094,0
987.0380,0.05267,-0.04356,0.00481,0.00000,0.00000,0.372,0.099,0
987.0900,0.05372,-0.04425,0.00460,0.00000,0.00000,0.392,0.104,0
987.1420,0.05477,-0.04496,0.00439,0.00000,0.00000,0.412,0.109,0
987.1940,0.05581,-0.04567,0.00417,0.00000,0.00000,0.432,0.113,0
987.2460,0.05685,-0.04640,0.00395,0.00000,0.00000,0.452,0.117,0
987.2980,0.05789,-0.04711,0.00372,0.00000,0.00000,0.473,0.122,0
987.3500,0.05892,-0.04781,0.00350,0.00000,0.00000,0.494,0.126,0
987.4020,0.05994,-0.04851,0.00327,0.00000,0.00000,0.514,0.130,0
987.4540,0.06096,-0.04921,0.00304,0.00000,0.00000,0.535,0.134,0
987.5060,0.06197,-0.04989,0.00281,0.00000,0.00000,0.556,0.137,0
987.5580,0.06297,-0.05056,0.00257,0.00000,0.00000,0.577,0.141,0
987.6100,0.06397,-0.05123,0.00234,0.00000,0.00000,0.598,0.144,0
987.6620,0.06496,-0.05188,0.00209,0.00000,0.00000,0.620,0.147,0
987.7140,0.06594,-0.05251,0.00185,0.00000,0.00000,0.641,0.150,0
987.7660,0.06691,-0.05313,0.00160,0.00000,0.00000,0.662,0.153,0
987.8180,0.06786,-0.05373,0.00134,0.00000,0.00000,0.684,0.156,0
987.8700,0.06878,-0.05428,0.00108,0.00000,0.00000,0.705,0.158,0
987.9220,0.06969,-0.05480,0.00082,0.00000,0.00000,0.726,0.160,0
987.9740,0.07057,-0.05530,0.00055,0.00000,0.00000,0.746,0.162,0
988.0260,0.07143,-0.05575,0.00027,0.00000,0.00000,0.767,0.163,0
988.0780,0.07225,-0.05617,-0.00001,0.00000,0.00000,0.786,0.164,0
988.1300,0.07305,-0.05654,-0.00030,0.00000,0.00000,0.806,0.165,0
988.1820,0.07381,-0.05687,-0.00060,0.00000,0.00000,0.825,0.166,0
988.2340,0.07454,-0.05716,-0.00090,0.00000,0.00000,0.844,0.166,0
988.2860,0.07523,-0.05741,-0.00122,0.00000,0.00000,0.862,0.166,0
988.3380,0.07589,-0.05763,-0.00154,0.00000,0.00000,0.881,0.166,0
988.3900,0.07650,-0.05779,-0.00187,0.00000,0.00000,0.898,0.165,0
988.4420,0.07707,-0.05791,-0.00221,0.00000,0.00000,0.915,0.164,0
988.4940,0.07758,-0.05797,-0.00256,0.00000,0.00000,0.932,0.163,0
988.5460,0.07805,-0.05797,-0.00292,0.00000,0.00000,0.948,0.161,0
988.5980,0.07845,-0.05792,-0.00329,0.00000,0.00000,0.963,0.159,0
988.6500,0.07879,-0.05780,-0.00367,0.00000,0.00000,0.977,0.157,0
988.7020,0.07908,-0.05764,-0.00405,0.00000,0.00000,0.990,0.154,0
988.7540,0.07930,-0.05741,-0.00445,0.00000,0.00000,1.003,0.151,0
988.8060,0.07945,-0.05712,-0.00485,0.00000,0.00000,1.015,0.147,0
988.8580,0.07951,-0.05674,-0.00527,0.00000,0.00000,1.025,0.143,0
988.9100,0.07950,-0.05630,-0.00569,0.00000,0.00000,1.035,0.139,0
988.9620,0.07941,-0.05579,-0.00612,0.00000,0.00000,1.043,0.134,0
989.0140,0.07923,-0.05520,-0.00656,0.00000,0.00000,1.050,0.128,0
989.0660,0.07897,-0.05454,-0.00700,0.00000,0.00000,1.056,0.123,0
989.1180,0.07861,-0.05380,-0.00745,0.00000,0.00000,1.060,0.116,0
989.1700,0.07815,-0.05298,-0.00790,0.00000,0.00000,1.063,0.110,0
989.2220,0.07759,-0.05209,-0.00835,0.00000,0.00000,1.065,0.103,0
989.2740,0.07694,-0.05112,-0.00881,0.00000,0.00000,1.065,0.096,0
989.3260,0.07618,-0.05008,-0.00926,0.00000,0.00000,1.064,0.088,0
989.3780,0.07531,-0.04895,-0.00972,0.00000,0.00000,1.061,0.080,0
989.4300,0.07433,-0.04773,-0.01017,0.00000,0.00000,1.057,0.072,0
989.4820,0.07324,-0.04644,-0.01062,0.00000,0.00000,1.051,0.063,0
989.5340,0.07203,-0.04506,-0.01106,0.00000,0.00000,1.043,0.054,0
989.5860,0.07071,-0.04360,-0.01150,0.00000,0.00000,1.033,0.045,0
989.6380,0.06927,-0.04207,-0.01193,0.00000,0.00000,1.022,0.036,0
989.6900,0.06771,-0.04046,-0.01234,0.00000,0.00000,1.010,0.027,0
989.7420,0.06605,-0.03879,-0.01275,0.00000,0.00000,0.996,0.017,0
989.7940,0.06428,-0.03706,-0.01314,0.00000,0.00000,0.980,0.008,0
989.8460,0.06239,-0.03526,-0.01351,0.00000,0.00000,0.963,-0.002,0
989.8980,0.06039,-0.03340,-0.01386,0.00000,0.00000,0.944,-0.012,0
989.9500,0.05829,-0.03148,-0.01420,0.00000,0.00000,0.924,-0.021,0
990.0020,0.05608,-0.02953,-0.01452,0.00000,0.00000,0.903,-0.031,0
990.0540,0.05378,-0.02753,-0.01481,0.00000,0.00000,0.881,-0.040,0
990.1060,0.05138,-0.02548,-0.01508,0.00000,0.00000,0.857,-0.049,0
990.1580,0.04889,-0.02340,-0.01532,0.00000,0.00000,0.833,-0.058,0
990.2100,0.04630,-0.02128,-0.01553,0.00000,0.00000,0.807,-0.066,0
990.2620,0.04363,-0.01913,-0.01572,0.00000,0.00000,0.780,-0.074,0
990.3140,0.04088,-0.01696,-0.01587,0.00000,0.00000,0.752,-0.082,0
990.3660,0.03806,-0.01478,-0.01599,0.00000,0.00000,0.723,-0.089,0
990.4180,0.03518,-0.01258,-0.01608,0.00000,0.00000,0.694,-0.095,0
990.4700,0.03224,-0.01039,-0.01614,0.00000,0.00000,0.664,-0.101,0
990.5220,0.02925,-0.00821,-0.01616,0.00000,0.00000,0.634,-0.107,0
990.5740,0.02622,-0.00602,-0.01614,0.00000,0.00000,0.603,-0.112,0
990.6260,0.02316,-0.00386,-0.01609,0.00000,0.00000,0.572,-0.116,0
990.6780,0.02008,-0.00173,-0.01600,0.00000,0.00000,0.541,-0.120,0
990.7300,0.01699,0.00036,-0.01587,0.00000,0.00000,0.510,-0.123,0
990.7820,0.01390,0.00241,-0.01571,0.00000,0.00000,0.479,-0.125,0
990.8340,0.01081,0.00441,-0.01550,0.00000,0.00000,0.449,-0.127,0
990.8860,0.00774,0.00636,-0.01525,0.00000,0.00000,0.418,-0.128,0
990.9380,0.00470,0.00825,-0.01497,0.00000,0.00000,0.389,-0.128,0
990.9900,0.00170,0.01008,-0.01465,0.00000,0.00000,0.360,-0.127,0
991.0420,-0.00125,0.01183,-0.01429,0.00000,0.00000,0.331,-0.126,0
991.0940,-0.00415,0.01350,-0.01389,0.00000,0.00000,0.303,-0.125,0
991.1460,-0.00697,0.01509,-0.01345,0.00000,0.00000,0.276,-0.122,0
991.1980,-0.00972,0.01659,-0.01298,0.00000,0.00000,0.251,-0.119,0
991.2500,-0.01237,0.01798,-0.01248,0.00000,0.00000,0.226,-0.116,0
991.3020,-0.01491,0.01925,-0.01193,0.00000,0.00000,0.202,-0.112,0
991.3540,-0.01734,0.02042,-0.01136,0.00000,0.00000,0.180,-0.107,0
991.4060,-0.01964,0.02147,-0.01076,0.00000,0.00000,0.159,-0.102,0
991.4580,-0.02181,0.02239,-0.01012,0.00000,0.00000,0.140,-0.097,0
991.5100,-0.02385,0.02319,-0.00946,0.00000,0.00000,0.121,-0.092,0
991.5620,-0.02573,0.02386,-0.00877,0.00000,0.00000,0.105,-0.086,0
991.6140,-0.02747,0.02441,-0.00806,0.00000,0.00000,0.089,-0.080,0
991.6660,-0.02905,0.02484,-0.00733,0.00000,0.00000,0.075,-0.074,0
991.7180,-0.03047,0.02513,-0.00658,0.00000,0.00000,0.062,-0.068,0
991.7700,-0.03171,0.02528,-0.00581,0.00000,0.00000,0.051,-0.062,0
991.8220,-0.03279,0.02531,-0.00503,0.00000,0.00000,0.041,-0.055,0
991.8740,-0.03369,0.02520,-0.00424,0.00000,0.00000,0.032,-0.049,0
991.9260,-0.03442,0.02497,-0.00344,0.00000,0.00000,0.024,-0.043,0
991.9780,-0.03499,0.02463,-0.00264,0.00000,0.00000,0.017,-0.038,0
992.0300,-0.03538,0.02416,-0.00184,0.00000,0.00000,0.012,-0.032,0
992.0820,-0.03561,0.02357,-0.00104,0.00000,0.00000,0.007,-0.027,0
992.1340,-0.03569,0.02287,-0.00024,0.00000,0.00000,0.004,-0.022,0
992.1860,-0.03561,0.02207,0.00055,0.00000,0.00000,0.001,-0.017,0
992.2380,-0.03538,0.02116,0.00133,0.00000,0.00000,-0.001,-0.013,0
992.2900,-0.03501,0.02015,0.00210,0.00000,0.00000,-0.003,-0.009,0
992.3420,-0.03452,0.01906,0.00285,0.00000,0.00000,-0.003,-0.006,0
992.3940,-0.03390,0.01787,0.00357,0.00000,0.00000,-0.004,-0.003,0
992.4460,-0.03317,0.01660,0.00428,0.00000,0.00000,-0.004,-0.001,0
992.4980,-0.03234,0.01525,0.00496,0.00000,0.00000,-0.004,0.001,0
992.5500,-0.03140,0.01383,0.00561,0.00000,0.00000,-0.004,0.003,0
992.6020,-0.03039,0.01236,0.00622,0.00000,0.00000,-0.003,0.004,0
992.6540,-0.02930,0.01084,0.00681,0.00000,0.00000,-0.003,0.005,0
992.7060,-0.02813,0.00926,0.00735,0.00000,0.00000,-0.003,0.005,0
992.7580,-0.02690,0.00764,0.00786,0.00000,0.00000,-0.002,0.005,0
992.8100,-0.02562,0.00598,0.00833,0.00000,0.00000,-0.002,0.005,0
992.8620,-0.02429,0.00429,0.00875,0.00000,0.00000,-0.002,0.004,0
992.9140,-0.02292,0.00256,0.00913,0.00000,0.00000,-0.002,0.003,0
992.9660,-0.02151,0.00082,0.00946,0.00000,0.00000,-0.003,0.002,0
993.0180,-0.02009,-0.00092,0.00975,0.00000,0.00000,-0.003,0.001,0
993.0700,-0.01866,-0.00264,0.00999,0.00000,0.00000,-0.004,-0.000,0
993.1220,-0.01723,-0.00436,0.01018,0.00000,0.00000,-0.005,-0.002,0
993.1740,-0.01580,-0.00606,0.01032,0.00000,0.00000,-0.006,-0.003,0
993.2260,-0.01437,-0.00775,0.01041,0.00000,0.00000,-0.007,-0.005,0
993.2780,-0.01297,-0.00940,0.01045,0.00000,0.00000,-0.009,-0.006,0
993.3300,-0.01159,-0.01101,0.01045,0.00000,0.00000,-0.011,-0.008,0
993.3820,-0.01023,-0.01259,0.01040,0.00000,0.00000,-0.012,-0.009,0
993.4340,-0.00892,-0.01413,0.01029,0.00000,0.00000,-0.014,-0.011,0
993.4860,-0.00764,-0.01562,0.01015,0.00000,0.00000,-0.016,-0.012,0
993.5380,-0.00641,-0.01706,0.00996,0.00000,0.00000,-0.018,-0.013,0
993.5900,-0.00523,-0.01845,0.00972,0.00000,0.00000,-0.020,-0.014,0
993.6420,-0.00410,-0.01979,0.00944,0.00000,0.00000,-0.021,-0.015,0
993.6940,-0.00304,-0.02105,0.00913,0.00000,0.00000,-0.023,-0.016,0
993.7460,-0.00204,-0.02225,0.00877,0.00000,0.00000,-0.025,-0.017,0
993.7980,-0.00111,-0.02339,0.00838,0.00000,0.00000,-0.026,-0.018,0
993.8500,-0.00025,-0.02448,0.00795,0.00000,0.00000,-0.028,-0.018,0
993.9020,0.00054,-0.02549,0.00749,0.00000,0.00000,-0.029,-0.018,0
993.9540,0.00125,-0.02644,0.00701,0.00000,0.00000,-0.030,-0.018,0
994.0060,0.00189,-0.02733,0.00650,0.00000,0.00000,-0.031,-0.018,0
994.0580,0.00244,-0.02814,0.00596,0.00000,0.00000,-0.032,-0.018,0
994.1100,0.00291,-0.02887,0.00541,0.00000,0.00000,-0.032,-0.018,0
994.1620,0.00329,-0.02953,0.00483,0.00000,0.00000,-0.033,-0.018,0
994.2140,0.00360,-0.03012,0.00425,0.00000,0.00000,-0.033,-0.017,0
994.2660,0.00382,-0.03063,0.00365,0.00000,0.00000,-0.033,-0.017,0
994.3180,0.00396,-0.03108,0.00305,0.00000,0.00000,-0.034,-0.016,0
994.3700,0.00401,-0.03145,0.00244,0.00000,0.00000,-0.034,-0.016,0
994.4220,0.00398,-0.03175,0.00184,0.00000,0.00000,-0.034,-0.015,0
994.4740,0.00388,-0.03198,0.00124,0.00000,0.00000,-0.034,-0.015,0
994.5260,0.00372,-0.03216,0.00064,0.00000,0.00000,-0.033,-0.014,0
994.5780,0.00349,-0.03228,0.00005,0.00000,0.00000,-0.033,-0.013,0
994.6300,0.00319,-0.03235,-0.00052,0.00000,0.00000,-0.033,-0.013,0
994.6820,0.00284,-0.03236,-0.00107,0.00000,0.00000,-0.033,-0.012,0
994.7340,0.00244,-0.03233,-0.00161,0.00000,0.00000,-0.033,-0.011,0
994.7860,0.00198,-0.03225,-0.00212,0.00000,0.00000,-0.033,-0.010,0
994.8380,0.00149,-0.03213,-0.00261,0.00000,0.00000,-0.033,-0.010,0
994.8900,0.00096,-0.03196,-0.00306,0.00000,0.00000,-0.033,-0.009,0
994.9420,0.00039,-0.03175,-0.00348,0.00000,0.00000,-0.034,-0.009,0
994.9940,-0.00020,-0.03150,-0.00387,0.00000,0.00000,-0.034,-0.008,0
995.0460,-0.00080,-0.03122,-0.00422,0.00000,0.00000,-0.035,-0.007,0
995.0980,-0.00143,-0.03090,-0.00454,0.00000,0.00000,-0.036,-0.007,0
995.1500,-0.00205,-0.03056,-0.00480,0.00000,0.00000,-0.037,-0.006,0
995.2020,-0.00268,-0.03019,-0.00503,0.00000,0.00000,-0.038,-0.006,0
995.2540,-0.00330,-0.02979,-0.00521,0.00000,0.00000,-0.039,-0.005,0
995.3060,-0.00391,-0.02937,-0.00534,0.00000,0.00000,-0.041,-0.005,0
995.3580,-0.00450,-0.02893,-0.00543,0.00000,0.00000,-0.042,-0.004,0
995.4100,-0.00506,-0.02849,-0.00546,0.00000,0.00000,-0.044,-0.004,0
995.4620,-0.00558,-0.02805,-0.00545,0.00000,0.00000,-0.046,-0.003,0
995.5140,-0.00605,-0.02762,-0.00539,0.00000,0.00000,-0.048,-0.003,0
995.5660,-0.00646,-0.02721,-0.00527,0.00000,0.00000,-0.050,-0.003,0
995.6180,-0.00680,-0.02682,-0.00510,0.00000,0.00000,-0.053,-0.002,0
995.6700,-0.00707,-0.02646,-0.00489,0.00000,0.00000,-0.055,-0.002,0
995.7220,-0.00726,-0.02613,-0.00462,0.00000,0.00000,-0.057,-0.002,0
995.7740,-0.00737,-0.02584,-0.00430,0.00000,0.00000,-0.058,-0.001,0
995.8260,-0.00738,-0.02560,-0.00394,0.00000,0.00000,-0.060,-0.001,0
995.8780,-0.00730,-0.02541,-0.00353,0.00000,0.00000,-0.062,-0.001,0
995.9300,-0.00712,-0.02525,-0.00307,0.00000,0.00000,-0.063,-0.001,0
995.9820,-0.00683,-0.02515,-0.00257,0.00000,0.00000,-0.065,-0.001,0
996.0340,-0.00644,-0.02510,-0.00202,0.00000,0.00000,-0.066,-0.001,0
996.0860,-0.00593,-0.02511,-0.00144,0.00000,0.00000,-0.067,-0.001,0
996.1380,-0.00532,-0.02516,-0.00082,0.00000,0.00000,-0.067,-0.001,0
996.1900,-0.00458,-0.02527,-0.00016,0.00000,0.00000,-0.067,-0.001,0
996.2420,-0.00372,-0.02546,0.00053,0.00000,0.00000,-0.067,-0.001,0
996.2940,-0.00274,-0.02572,0.00125,0.00000,0.00000,-0.067,-0.001,0
996.3460,-0.00163,-0.02604,0.00199,0.00000,0.00000,-0.066,-0.002,0
996.3980,-0.00039,-0.02644,0.00276,0.00000,0.00000,-0.064,-0.002,0
996.4500,0.00098,-0.02692,0.00355,0.00000,0.00000,-0.062,-0.002,0
996.5020,0.00248,-0.02748,0.00436,0.00000,0.00000,-0.060,-0.002,0
996.5540,0.00410,-0.02811,0.00518,0.00000,0.00000,-0.056,-0.002,0
996.6060,0.00585,-0.02882,0.00601,0.00000,0.00000,-0.052,-0.002,0
996.6580,0.00771,-0.02959,0.00685,0.00000,0.00000,-0.048,-0.001,0
996.7100,0.00970,-0.03044,0.00769,0.00000,0.00000,-0.042,-0.001,0
996.7620,0.01179,-0.03137,0.00853,0.00000,0.00000,-0.036,0.000,0
996.8140,0.01401,-0.03238,0.00937,0.00000,0.00000,-0.029,0.001,0
996.8660,0.01632,-0.03345,0.01019,0.00000,0.00000,-0.020,0.003,0
996.9180,0.01873,-0.03460,0.01101,0.00000,0.00000,-0.011,0.005,0
996.9700,0.02124,-0.03583,0.01181,0.00000,0.00000,-0.000,0.007,0
997.0220,0.02385,-0.03714,0.01260,0.00000,0.00000,0.011,0.010,0
997.0740,0.02654,-0.03852,0.01336,0.00000,0.00000,0.025,0.014,0
997.1260,0.02931,-0.03996,0.01410,0.00000,0.00000,0.039,0.018,0
997.1780,0.03215,-0.04146,0.01481,0.00000,0.00000,0.056,0.023,0
997.2300,0.03507,-0.04302,0.01549,0.00000,0.00000,0.073,0.028,0
997.2820,0.03806,-0.04465,0.01613,0.00000,0.00000,0.093,0.035,0
997.3340,0.04111,-0.04634,0.01674,0.00000,0.00000,0.114,0.042,0
997.3860,0.04423,-0.04809,0.01731,0.00000,0.00000,0.137,0.051,0
997.4380,0.04741,-0.04989,0.01784,0.00000,0.00000,0.162,0.060,0
997.4900,0.05065,-0.05175,0.01832,0.00000,0.00000,0.189,0.070,0
997.5420,0.05394,-0.05364,0.01876,0.00000,0.00000,0.218,0.082,0
997.5940,0.05728,-0.05557,0.01915,0.00000,0.00000,0.250,0.094,0
997.6460,0.06066,-0.05755,0.01949,0.00000,0.00000,0.283,0.107,0
997.6980,0.06409,-0.05955,0.01977,0.00000,0.00000,0.319,0.121,0
997.7500,0.06756,-0.06158,0.02001,0.00000,0.00000,0.357,0.136,0
997.8020,0.07107,-0.06364,0.02018,0.00000,0.00000,0.397,0.152,0
997.8540,0.07464,-0.06572,0.02031,0.00000,0.00000,0.440,0.169,0
997.9060,0.07830,-0.06780,0.02037,0.00000,0.00000,0.485,0.187,0
997.9580,0.08209,-0.06988,0.02038,0.00000,0.00000,0.532,0.205,0
998.0100,0.08604,-0.07197,0.02033,0.00000,0.00000,0.582,0.225,0
998.0620,0.09020,-0.07406,0.02022,0.00000,0.00000,0.634,0.245,0
998.1140,0.09459,-0.07614,0.02004,0.00000,0.00000,0.689,0.265,0
998.1660,0.09923,-0.07822,0.01981,0.00000,0.00000,0.749,0.287,0
998.2180,0.10416,-0.08027,0.01952,0.00000,0.00000,0.814,0.310,0
998.2700,0.10939,-0.08230,0.01916,0.00000,0.00000,0.884,0.333,0
998.3220,0.11494,-0.08431,0.01875,0.00000,0.00000,0.963,0.358,0
998.3740,0.12084,-0.08630,0.01827,0.00000,0.00000,1.049,0.385,0
998.4260,0.12708,-0.08825,0.01774,0.00000,0.00000,1.146,0.413,0
998.4780,0.13369,-0.09016,0.01714,0.00000,0.00000,1.255,0.442,0
998.5300,0.14067,-0.09204,0.01648,0.00000,0.00000,1.376,0.473,0
998.5820,0.14801,-0.09387,0.01577,0.00000,0.00000,1.511,0.506,0
998.6340,0.15574,-0.09565,0.01500,0.00000,0.00000,1.662,0.541,0
998.6860,0.16383,-0.09738,0.01416,0.00000,0.00000,1.830,0.577,0
998.7380,0.17229,-0.09904,0.01327,0.00000,0.00000,2.016,0.614,0
998.7900,0.18110,-0.10063,0.01233,0.00000,0.00000,2.222,0.652,0
998.8420,0.19026,-0.10215,0.01133,0.00000,0.00000,2.448,0.690,0
998.8940,0.19974,-0.10357,0.01027,0.00000,0.00000,2.696,0.729,0
998.9460,0.20952,-0.10488,0.00916,0.00000,0.00000,2.966,0.767,0
998.9980,0.21959,-0.10608,0.00799,0.00000,0.00000,3.257,0.805,0
999.0500,0.22991,-0.10716,0.00677,0.00000,0.00000,3.570,0.840,0
999.1020,0.24047,-0.10811,0.00550,0.00000,0.00000,3.905,0.873,0
999.1540,0.25124,-0.10892,0.00417,0.00000,0.00000,4.262,0.903,0
999.2060,0.26217,-0.10955,0.00279,0.00000,0.00000,4.640,0.927,0
999.2580,0.27323,-0.11001,0.00136,0.00000,0.00000,5.037,0.947,0
999.3100,0.28440,-0.11029,-0.00012,0.00000,0.00000,5.451,0.959,0
999.3620,0.29563,-0.11037,-0.00165,0.00000,0.00000,5.878,0.962,0
999.4140,0.30689,-0.11024,-0.00322,0.00000,0.00000,6.318,0.955,0
999.4660,0.31812,-0.10987,-0.00484,0.00000,0.00000,6.767,0.937,0
999.5180,0.32929,-0.10924,-0.00650,0.00000,0.00000,7.218,0.904,0
999.5700,0.34035,-0.10834,-0.00820,0.00000,0.00000,7.662,0.856,0
999.6220,0.35124,-0.10715,-0.00994,0.00000,0.00000,8.091,0.790,0
999.6740,0.36192,-0.10565,-0.01171,0.00000,0.00000,8.495,0.704,0
999.7260,0.37232,-0.10382,-0.01350,0.00000,0.00000,8.864,0.596,0
999.7780,0.38241,-0.10166,-0.01530,0.00000,0.00000,9.184,0.466,0
999.8300,0.39212,-0.09913,-0.01711,0.00000,0.00000,9.440,0.312,0
999.8820,0.40139,-0.09626,-0.01892,0.00000,0.00000,9.620,0.135,0
999.9340,0.41018,-0.09303,-0.02071,0.00000,0.00000,9.710,-0.064,0
999.9860,0.41843,-0.08946,-0.02246,0.00000,0.00000,9.699,-0.282,0
